In Polygon:
(60,131)(77,131)(77,129)(68,129)(68,123)(60,123)
Out Polygon:
(0,0)(0,17)(2,17)(2,8)(8,8)(8,0)
In Polygon:
(47,99)(49,99)(49,89)(40,89)(40,91)(47,91)
Out Polygon:
(8,0)(8,9)(10,9)(10,2)(18,2)(18,0)
In Polygon:
(105,100)(103,100)(103,95)(100,95)(100,89)(109,89)(109,95)(105,95)
Out Polygon:
(18,0)(18,6)(21,6)(21,11)(23,11)(23,6)(27,6)(27,0)
In Polygon:
(68,89)(68,97)(66,97)(66,91)(60,91)(60,89)
Out Polygon:
(27,0)(27,8)(29,8)(29,2)(35,2)(35,0)
In Polygon:
(104,119)(106,119)(106,113)(109,113)(109,106)(100,106)(100,113)(104,113)
Out Polygon:
(35,0)(35,7)(39,7)(39,13)(41,13)(41,7)(44,7)(44,0)
In Polygon:
(86,63)(80,63)(80,55)(86,55)
Out Polygon:
(44,0)(44,8)(50,8)(50,0)
In Polygon:
(20,79)(20,72)(29,72)(29,77)(36,77)(36,79)
Out Polygon:
(10,2)(10,18)(12,18)(12,11)(17,11)(17,2)
In Polygon:
(90,107)(80,107)(80,106)(90,106)
Out Polygon:
(17,2)(17,12)(18,12)(18,2)
In Polygon:
(85,95)(80,95)(80,89)(85,89)
Out Polygon:
(29,2)(29,7)(35,7)(35,2)
In Polygon:
(60,58)(65,58)(65,55)(60,55)
Out Polygon:
(18,6)(18,11)(21,11)(21,6)
In Polygon:
(80,72)(82,72)(82,79)(80,79)
Out Polygon:
(23,6)(23,13)(25,13)(25,6)
In Polygon:
(55,72)(55,81)(50,81)(50,75)(40,75)(40,72)
Out Polygon:
(29,7)(29,22)(32,22)(32,12)(38,12)(38,7)
In Polygon:
(29,95)(20,95)(20,89)(29,89)
Out Polygon:
(2,8)(2,17)(8,17)(8,8)
In Polygon:
(86,156)(89,156)(89,140)(80,140)(80,146)(86,146)
Out Polygon:
(50,8)(41,8)(41,14)(47,14)(47,24)(50,24)
In Polygon:
(65,140)(60,140)(60,148)(65,148)
Out Polygon:
(12,11)(12,19)(17,19)(17,11)
In Polygon:
(40,111)(45,111)(45,106)(40,106)
Out Polygon:
(18,11)(18,16)(23,16)(23,11)
In Polygon:
(40,55)(47,55)(47,67)(40,67)
Out Polygon:
(32,12)(32,24)(39,24)(39,12)
In Polygon:
(48,131)(40,131)(40,123)(48,123)
Out Polygon:
(39,14)(39,22)(47,22)(47,14)
In Polygon:
(60,72)(60,84)(69,84)(69,72)
Out Polygon:
(17,16)(17,25)(29,25)(29,16)
