In Polygon:
(28,440)(18,440)(18,455)(28,455)(28,450)(33,450)(33,446)(28,446)
Out Polygon:
(0,0)(0,10)(5,10)(5,15)(9,15)(9,10)(15,10)(15,0)
In Polygon:
(204,344)(206,344)(206,339)(210,339)(210,326)(198,326)(198,336)(204,336)
Out Polygon:
(15,0)(15,10)(21,10)(21,18)(23,18)(23,13)(27,13)(27,0)
In Polygon:
(288,268)(302,268)(302,261)(292,261)(292,250)(288,250)
Out Polygon:
(27,0)(27,14)(34,14)(34,4)(45,4)(45,0)
In Polygon:
(180,358)(180,362)(162,362)(162,345)(167,345)(167,358)
Out Polygon:
(63,0)(45,0)(45,4)(58,4)(58,17)(63,17)
In Polygon:
(288,217)(288,222)(270,222)(270,212)(278,212)(278,217)
Out Polygon:
(63,0)(63,18)(68,18)(68,8)(73,8)(73,0)
In Polygon:
(16,312)(16,307)(0,307)(0,320)(6,320)(6,312)
Out Polygon:
(73,0)(73,13)(79,13)(79,5)(89,5)(89,0)
In Polygon:
(198,427)(198,433)(214,433)(214,421)(209,421)(209,427)
Out Polygon:
(101,0)(89,0)(89,5)(95,5)(95,16)(101,16)
In Polygon:
(90,388)(90,393)(72,393)(72,383)(79,383)(79,388)
Out Polygon:
(101,0)(101,18)(106,18)(106,7)(111,7)(111,0)
In Polygon:
(46,337)(46,341)(36,341)(36,326)(41,326)(41,337)
Out Polygon:
(121,0)(111,0)(111,4)(116,4)(116,15)(121,15)
In Polygon:
(298,207)(302,207)(302,193)(288,193)(288,199)(298,199)
Out Polygon:
(34,4)(34,18)(40,18)(40,8)(48,8)(48,4)
In Polygon:
(144,332)(144,330)(151,330)(151,326)(161,326)(161,337)(153,337)(153,332)
Out Polygon:
(58,4)(48,4)(48,8)(41,8)(41,10)(50,10)(50,15)(58,15)
In Polygon:
(239,276)(237,276)(237,274)(234,274)(234,269)(244,269)(244,274)(239,274)
Out Polygon:
(116,4)(111,4)(111,7)(109,7)(109,9)(111,9)(111,14)(116,14)
In Polygon:
(49,161)(49,164)(43,164)(43,169)(36,169)(36,155)(43,155)(43,161)
Out Polygon:
(79,5)(79,12)(84,12)(84,18)(87,18)(87,12)(93,12)(93,5)
In Polygon:
(170,155)(170,162)(169,162)(169,156)(162,156)(162,155)
Out Polygon:
(94,13)(94,5)(93,5)(93,12)(87,12)(87,13)
In Polygon:
(315,212)(306,212)(306,213)(314,213)(314,219)(315,219)
Out Polygon:
(95,14)(95,5)(94,5)(94,13)(88,13)(88,14)
In Polygon:
(22,329)(23,329)(23,328)(25,328)(25,326)(18,326)(18,328)(22,328)
Out Polygon:
(107,14)(109,14)(109,10)(110,10)(110,9)(109,9)(109,7)(107,7)
In Polygon:
(288,346)(288,345)(295,345)(295,346)
Out Polygon:
(106,7)(106,14)(107,14)(107,7)
In Polygon:
(126,212)(126,214)(127,214)(127,212)
Out Polygon:
(40,8)(40,10)(41,10)(41,8)
In Polygon:
(113,345)(118,345)(118,355)(108,355)(108,351)(113,351)
Out Polygon:
(69,18)(79,18)(79,13)(73,13)(73,8)(69,8)
In Polygon:
(81,155)(72,155)(72,161)(80,161)(80,171)(81,171)
Out Polygon:
(68,24)(77,24)(77,18)(69,18)(69,8)(68,8)
In Polygon:
(101,327)(101,326)(90,326)(90,327)(94,327)(94,328)(96,328)(96,327)
Out Polygon:
(110,20)(111,20)(111,16)(112,16)(112,14)(111,14)(111,9)(110,9)
In Polygon:
(236,412)(240,412)(240,402)(236,402)(236,406)(234,406)(234,407)(236,407)
Out Polygon:
(1,20)(5,20)(5,16)(7,16)(7,15)(5,15)(5,10)(1,10)
In Polygon:
(57,250)(54,250)(54,251)(57,251)
Out Polygon:
(0,10)(0,13)(1,13)(1,10)
In Polygon:
(60,173)(65,173)(65,155)(54,155)(54,159)(60,159)
Out Polygon:
(20,10)(9,10)(9,14)(15,14)(15,28)(20,28)
In Polygon:
(306,402)(306,403)(313,403)(313,402)
Out Polygon:
(20,10)(20,17)(21,17)(21,10)
In Polygon:
(5,305)(0,305)(0,288)(6,288)(6,293)(11,293)(11,297)(5,297)
Out Polygon:
(45,10)(40,10)(40,18)(34,18)(34,22)(39,22)(39,27)(45,27)
In Polygon:
(270,426)(270,431)(279,431)(279,421)(275,421)(275,426)
Out Polygon:
(45,19)(55,19)(55,15)(50,15)(50,10)(45,10)
In Polygon:
(37,212)(36,212)(36,216)(37,216)
Out Polygon:
(109,10)(109,14)(110,14)(110,10)
In Polygon:
(258,295)(260,295)(260,293)(263,293)(263,288)(252,288)(252,293)(258,293)
Out Polygon:
(84,12)(79,12)(79,18)(77,18)(77,20)(79,20)(79,23)(84,23)
In Polygon:
(37,181)(36,181)(36,174)(37,174)
Out Polygon:
(0,13)(0,20)(1,20)(1,13)
In Polygon:
(42,307)(40,307)(40,309)(36,309)(36,313)(47,313)(47,309)(42,309)
Out Polygon:
(27,13)(23,13)(23,18)(21,18)(21,20)(23,20)(23,24)(27,24)
In Polygon:
(36,269)(36,270)(37,270)(37,269)
Out Polygon:
(87,13)(87,14)(88,14)(88,13)
In Polygon:
(18,345)(19,345)(19,351)(18,351)
Out Polygon:
(9,14)(9,15)(15,15)(15,14)
In Polygon:
(25,174)(18,174)(18,179)(24,179)(24,189)(25,189)
Out Polygon:
(34,14)(27,14)(27,19)(33,19)(33,29)(34,29)
In Polygon:
(43,193)(36,193)(36,205)(43,205)(43,201)(46,201)(46,199)(43,199)
Out Polygon:
(94,14)(87,14)(87,18)(84,18)(84,20)(87,20)(87,26)(94,26)
In Polygon:
(162,421)(163,421)(163,423)(162,423)
Out Polygon:
(94,14)(94,16)(95,16)(95,14)
In Polygon:
(282,273)(282,269)(270,269)(270,273)(274,273)(274,277)(276,277)(276,273)
Out Polygon:
(110,14)(106,14)(106,18)(102,18)(102,20)(106,20)(106,26)(110,26)
In Polygon:
(126,178)(128,178)(128,174)(126,174)
Out Polygon:
(112,14)(112,16)(116,16)(116,14)
In Polygon:
(16,273)(16,274)(10,274)(10,277)(0,277)(0,269)(10,269)(10,273)
Out Polygon:
(7,15)(7,25)(10,25)(10,31)(11,31)(11,25)(15,25)(15,15)
In Polygon:
(180,158)(180,155)(184,155)(184,158)
Out Polygon:
(55,15)(55,19)(58,19)(58,15)
In Polygon:
(90,212)(90,217)(102,217)(102,212)
Out Polygon:
(116,15)(116,27)(121,27)(121,15)
In Polygon:
(306,345)(306,349)(308,349)(308,345)
Out Polygon:
(5,16)(5,20)(7,20)(7,16)
In Polygon:
(97,174)(101,174)(101,188)(90,188)(90,184)(97,184)
Out Polygon:
(98,30)(98,16)(94,16)(94,26)(87,26)(87,30)
In Polygon:
(129,383)(129,385)(126,385)(126,383)
Out Polygon:
(98,16)(98,18)(101,18)(101,16)
In Polygon:
(22,256)(24,256)(24,255)(27,255)(27,250)(18,250)(18,255)(22,255)
Out Polygon:
(116,16)(111,16)(111,20)(110,20)(110,22)(111,22)(111,25)(116,25)
In Polygon:
(288,367)(289,367)(289,364)(288,364)
Out Polygon:
(20,17)(20,20)(21,20)(21,17)
In Polygon:
(236,364)(236,369)(234,369)(234,364)
Out Polygon:
(58,17)(58,19)(63,19)(63,17)
In Polygon:
(261,337)(265,337)(265,326)(252,326)(252,331)(261,331)
Out Polygon:
(64,29)(77,29)(77,24)(68,24)(68,18)(64,18)
In Polygon:
(108,383)(109,383)(109,384)(108,384)
Out Polygon:
(63,18)(63,19)(64,19)(64,18)
In Polygon:
(58,189)(54,189)(54,174)(67,174)(67,177)(58,177)
Out Polygon:
(102,33)(102,18)(98,18)(98,30)(89,30)(89,33)
In Polygon:
(236,288)(242,288)(242,298)(236,298)(236,294)(234,294)(234,293)(236,293)
Out Polygon:
(33,19)(27,19)(27,24)(25,24)(25,25)(27,25)(27,29)(33,29)
In Polygon:
(0,212)(12,212)(12,219)(3,219)(3,229)(0,229)
Out Polygon:
(45,19)(45,36)(48,36)(48,26)(57,26)(57,19)
In Polygon:
(126,421)(140,421)(140,425)(130,425)(130,436)(126,436)
Out Polygon:
(60,33)(75,33)(75,29)(64,29)(64,19)(60,19)
In Polygon:
(153,276)(153,279)(144,279)(144,269)(146,269)(146,276)
Out Polygon:
(60,28)(60,19)(57,19)(57,26)(50,26)(50,28)
In Polygon:
(270,365)(270,371)(280,371)(280,365)(276,365)(276,364)(275,364)(275,365)
Out Polygon:
(1,30)(7,30)(7,26)(8,26)(8,25)(7,25)(7,20)(1,20)
In Polygon:
(216,422)(219,422)(219,421)(216,421)
Out Polygon:
(0,20)(0,23)(1,23)(1,20)
In Polygon:
(181,250)(184,250)(184,262)(181,262)(181,258)(180,258)(180,256)(181,256)
Out Polygon:
(20,32)(23,32)(23,26)(24,26)(24,24)(23,24)(23,20)(20,20)
In Polygon:
(234,217)(234,219)(235,219)(235,222)(237,222)(237,212)(235,212)(235,217)
Out Polygon:
(77,30)(79,30)(79,25)(80,25)(80,23)(79,23)(79,20)(77,20)
In Polygon:
(144,345)(147,345)(147,348)(144,348)
Out Polygon:
(84,20)(84,23)(87,23)(87,20)
In Polygon:
(258,402)(260,402)(260,404)(263,404)(263,408)(252,408)(252,404)(258,404)
Out Polygon:
(102,31)(106,31)(106,28)(108,28)(108,26)(106,26)(106,20)(102,20)
In Polygon:
(187,185)(192,185)(192,174)(180,174)(180,178)(187,178)
Out Polygon:
(38,34)(38,22)(34,22)(34,29)(27,29)(27,34)
In Polygon:
(37,443)(36,443)(36,440)(37,440)
Out Polygon:
(38,22)(38,25)(39,25)(39,22)
In Polygon:
(164,213)(164,212)(162,212)(162,213)
Out Polygon:
(110,22)(110,24)(111,24)(111,22)
In Polygon:
(216,271)(216,269)(217,269)(217,271)
Out Polygon:
(0,23)(0,25)(1,25)(1,23)
In Polygon:
(110,307)(108,307)(108,323)(110,323)(110,318)(112,318)(112,314)(110,314)
Out Polygon:
(85,39)(87,39)(87,34)(89,34)(89,30)(87,30)(87,23)(85,23)
In Polygon:
(208,459)(208,464)(198,464)(198,459)
Out Polygon:
(80,23)(80,33)(85,33)(85,23)
In Polygon:
(181,402)(181,403)(180,403)(180,402)
Out Polygon:
(24,24)(24,25)(25,25)(25,24)
In Polygon:
(54,237)(54,231)(56,231)(56,237)
Out Polygon:
(8,25)(8,31)(10,31)(10,25)
In Polygon:
(204,371)(206,371)(206,368)(210,368)(210,364)(198,364)(198,368)(204,368)
Out Polygon:
(15,25)(11,25)(11,31)(8,31)(8,33)(11,33)(11,37)(15,37)
In Polygon:
(9,402)(13,402)(13,414)(0,414)(0,411)(9,411)
Out Polygon:
(24,38)(36,38)(36,34)(27,34)(27,25)(24,25)
In Polygon:
(92,161)(90,161)(90,155)(92,155)
Out Polygon:
(110,25)(110,27)(116,27)(116,25)
In Polygon:
(54,366)(54,364)(56,364)(56,366)
Out Polygon:
(48,26)(48,28)(50,28)(50,26)
In Polygon:
(126,252)(126,250)(128,250)(128,252)
Out Polygon:
(108,26)(108,28)(110,28)(110,26)
In Polygon:
(222,358)(216,358)(216,345)(222,345)(222,349)(224,349)(224,351)(222,351)
Out Polygon:
(44,27)(38,27)(38,34)(36,34)(36,36)(38,36)(38,40)(44,40)
In Polygon:
(54,291)(54,288)(70,288)(70,297)(63,297)(63,291)
Out Polygon:
(110,27)(110,43)(113,43)(113,34)(119,34)(119,27)
In Polygon:
(0,258)(0,250)(2,250)(2,258)
Out Polygon:
(119,27)(119,35)(121,35)(121,27)
In Polygon:
(90,196)(90,200)(99,200)(99,196)(95,196)(95,193)(94,193)(94,196)
Out Polygon:
(16,37)(20,37)(20,33)(23,33)(23,32)(20,32)(20,28)(16,28)
In Polygon:
(141,369)(141,364)(126,364)(126,376)(130,376)(130,369)
Out Polygon:
(60,28)(48,28)(48,32)(55,32)(55,43)(60,43)
In Polygon:
(42,421)(44,421)(44,422)(47,422)(47,426)(36,426)(36,422)(42,422)
Out Polygon:
(110,28)(106,28)(106,31)(105,31)(105,33)(106,33)(106,39)(110,39)
In Polygon:
(164,326)(164,330)(162,330)(162,326)
Out Polygon:
(75,29)(75,33)(77,33)(77,29)
In Polygon:
(256,376)(255,376)(255,372)(252,372)(252,364)(260,364)(260,372)(256,372)
Out Polygon:
(0,30)(0,38)(3,38)(3,42)(4,42)(4,38)(8,38)(8,30)
In Polygon:
(18,367)(18,373)(31,373)(31,367)(27,367)(27,364)(24,364)(24,367)
Out Polygon:
(84,39)(84,33)(80,33)(80,30)(77,30)(77,33)(71,33)(71,39)
In Polygon:
(288,174)(288,177)(290,177)(290,174)
Out Polygon:
(102,31)(102,33)(105,33)(105,31)
In Polygon:
(168,174)(162,174)(162,183)(168,183)(168,179)(171,179)(171,178)(168,178)
Out Polygon:
(54,32)(48,32)(48,36)(45,36)(45,37)(48,37)(48,41)(54,41)
In Polygon:
(216,369)(216,364)(225,364)(225,373)(223,373)(223,369)
Out Polygon:
(9,42)(18,42)(18,37)(11,37)(11,33)(9,33)
In Polygon:
(72,262)(72,250)(73,250)(73,259)(80,259)(80,262)
Out Polygon:
(8,45)(16,45)(16,42)(9,42)(9,33)(8,33)
In Polygon:
(219,440)(216,440)(216,449)(225,449)(225,445)(219,445)
Out Polygon:
(21,42)(30,42)(30,38)(24,38)(24,33)(21,33)
In Polygon:
(152,193)(156,193)(156,204)(144,204)(144,199)(152,199)
Out Polygon:
(71,33)(60,33)(60,37)(66,37)(66,45)(71,45)
In Polygon:
(72,231)(81,231)(81,232)(73,232)(73,238)(72,238)
Out Polygon:
(85,40)(85,33)(84,33)(84,39)(76,39)(76,40)
In Polygon:
(144,216)(144,212)(158,212)(158,225)(152,225)(152,216)
Out Polygon:
(93,33)(93,47)(97,47)(97,39)(106,39)(106,33)
In Polygon:
(288,440)(292,440)(292,448)(288,448)
Out Polygon:
(89,33)(89,41)(93,41)(93,33)
In Polygon:
(56,201)(56,193)(54,193)(54,201)
Out Polygon:
(87,34)(87,42)(89,42)(89,34)
In Polygon:
(258,278)(258,269)(252,269)(252,278)
Out Polygon:
(113,34)(113,43)(119,43)(119,34)
In Polygon:
(162,193)(162,204)(164,204)(164,196)(171,196)(171,193)
Out Polygon:
(121,46)(121,35)(119,35)(119,43)(112,43)(112,46)
In Polygon:
(274,307)(270,307)(270,309)(274,309)
Out Polygon:
(36,36)(36,40)(38,40)(38,36)
In Polygon:
(23,236)(25,236)(25,234)(28,234)(28,231)(18,231)(18,234)(23,234)
Out Polygon:
(21,37)(18,37)(18,42)(16,42)(16,44)(18,44)(18,47)(21,47)
In Polygon:
(126,292)(130,292)(130,288)(126,288)
Out Polygon:
(44,37)(44,41)(48,41)(48,37)
In Polygon:
(293,307)(291,307)(291,309)(288,309)(288,312)(299,312)(299,309)(293,309)
Out Polygon:
(63,37)(60,37)(60,43)(58,43)(58,45)(60,45)(60,48)(63,48)
In Polygon:
(93,231)(90,231)(90,239)(93,239)
Out Polygon:
(63,37)(63,45)(66,45)(66,37)
In Polygon:
(170,272)(170,269)(162,269)(162,272)
Out Polygon:
(0,38)(0,46)(3,46)(3,38)
In Polygon:
(154,181)(154,187)(144,187)(144,174)(147,174)(147,181)
Out Polygon:
(5,51)(15,51)(15,45)(8,45)(8,38)(5,38)
In Polygon:
(132,408)(132,409)(131,409)(131,413)(126,413)(126,402)(131,402)(131,408)
Out Polygon:
(35,38)(30,38)(30,42)(29,42)(29,43)(30,43)(30,49)(35,49)
In Polygon:
(44,250)(47,250)(47,261)(36,261)(36,256)(44,256)
Out Polygon:
(74,50)(74,39)(71,39)(71,45)(63,45)(63,50)
In Polygon:
(270,299)(286,299)(286,297)(275,297)(275,288)(270,288)
Out Polygon:
(76,55)(76,39)(74,39)(74,50)(65,50)(65,55)
In Polygon:
(36,288)(36,291)(38,291)(38,288)
Out Polygon:
(85,39)(85,42)(87,42)(87,39)
In Polygon:
(288,408)(288,414)(303,414)(303,402)(301,402)(301,408)
Out Polygon:
(109,39)(97,39)(97,41)(103,41)(103,54)(109,54)
In Polygon:
(288,392)(288,383)(294,383)(294,390)(306,390)(306,392)
Out Polygon:
(35,40)(35,58)(37,58)(37,46)(44,46)(44,40)
In Polygon:
(234,313)(234,307)(243,307)(243,320)(240,320)(240,313)
Out Polygon:
(85,40)(76,40)(76,46)(82,46)(82,53)(85,53)
In Polygon:
(82,223)(82,227)(72,227)(72,212)(76,212)(76,223)
Out Polygon:
(54,41)(44,41)(44,45)(50,45)(50,56)(54,56)
In Polygon:
(18,406)(24,406)(24,402)(18,402)
Out Polygon:
(89,41)(89,47)(93,47)(93,41)
In Polygon:
(205,250)(207,250)(207,260)(198,260)(198,256)(205,256)
Out Polygon:
(99,51)(99,41)(97,41)(97,47)(90,47)(90,51)
In Polygon:
(306,193)(318,193)(318,197)(309,197)(309,207)(306,207)
Out Polygon:
(102,55)(102,41)(99,41)(99,51)(90,51)(90,55)
In Polygon:
(288,421)(301,421)(301,423)(292,423)(292,430)(288,430)
Out Polygon:
(3,55)(12,55)(12,51)(5,51)(5,42)(3,42)
In Polygon:
(252,212)(252,227)(253,227)(253,217)(260,217)(260,212)
Out Polygon:
(21,42)(21,57)(22,57)(22,47)(29,47)(29,42)
In Polygon:
(148,293)(144,293)(144,288)(148,288)
Out Polygon:
(85,42)(85,47)(89,47)(89,42)
In Polygon:
(54,271)(58,271)(58,269)(54,269)
Out Polygon:
(54,43)(54,45)(58,45)(58,43)
In Polygon:
(288,234)(288,231)(291,231)(291,234)
Out Polygon:
(109,43)(109,46)(112,46)(112,43)
In Polygon:
(144,385)(147,385)(147,383)(144,383)
Out Polygon:
(16,44)(16,47)(18,47)(18,44)
In Polygon:
(306,421)(316,421)(316,427)(306,427)
Out Polygon:
(44,45)(44,55)(50,55)(50,45)
In Polygon:
(90,444)(90,440)(100,440)(100,444)(97,444)(97,447)(95,447)(95,444)
Out Polygon:
(56,55)(60,55)(60,50)(63,50)(63,48)(60,48)(60,45)(56,45)
In Polygon:
(144,307)(144,309)(150,309)(150,307)
Out Polygon:
(54,45)(54,51)(56,51)(56,45)
In Polygon:
(13,177)(13,174)(0,174)(0,185)(4,185)(4,177)
Out Polygon:
(0,59)(11,59)(11,55)(3,55)(3,46)(0,46)
In Polygon:
(119,445)(119,440)(108,440)(108,450)(110,450)(110,445)
Out Polygon:
(39,57)(49,57)(49,55)(44,55)(44,46)(39,46)
In Polygon:
(234,257)(234,259)(247,259)(247,250)(245,250)(245,257)
Out Polygon:
(37,59)(46,59)(46,57)(39,57)(39,46)(37,46)
In Polygon:
(63,436)(67,436)(67,421)(54,421)(54,425)(63,425)
Out Polygon:
(80,59)(80,46)(76,46)(76,55)(65,55)(65,59)
In Polygon:
(204,176)(198,176)(198,174)(204,174)
Out Polygon:
(80,46)(80,52)(82,52)(82,46)
In Polygon:
(224,224)(229,224)(229,212)(216,212)(216,215)(224,215)
Out Polygon:
(109,46)(109,59)(112,59)(112,51)(121,51)(121,46)
In Polygon:
(216,406)(222,406)(222,402)(216,402)
Out Polygon:
(15,47)(15,51)(21,51)(21,47)
In Polygon:
(252,207)(252,193)(253,193)(253,203)(259,203)(259,207)
Out Polygon:
(29,47)(22,47)(22,51)(28,51)(28,61)(29,61)
In Polygon:
(242,421)(244,421)(244,434)(234,434)(234,430)(242,430)
Out Polygon:
(86,57)(99,57)(99,55)(90,55)(90,47)(86,47)
In Polygon:
(222,231)(222,240)(216,240)(216,231)
Out Polygon:
(29,49)(29,58)(35,58)(35,49)
In Polygon:
(12,167)(0,167)(0,164)(9,164)(9,155)(12,155)
Out Polygon:
(62,62)(74,62)(74,59)(65,59)(65,50)(62,50)
In Polygon:
(0,421)(2,421)(2,427)(0,427)
Out Polygon:
(60,50)(60,56)(62,56)(62,50)
In Polygon:
(270,329)(270,326)(283,326)(283,335)(278,335)(278,329)
Out Polygon:
(12,51)(12,64)(15,64)(15,56)(21,56)(21,51)
In Polygon:
(258,391)(258,383)(252,383)(252,391)
Out Polygon:
(22,51)(22,59)(28,59)(28,51)
In Polygon:
(276,155)(270,155)(270,157)(276,157)
Out Polygon:
(54,51)(54,57)(56,57)(56,51)
In Polygon:
(21,164)(18,164)(18,155)(31,155)(31,159)(21,159)
Out Polygon:
(121,51)(112,51)(112,54)(117,54)(117,64)(121,64)
In Polygon:
(310,383)(316,383)(316,396)(310,396)(310,392)(306,392)(306,390)(310,390)
Out Polygon:
(80,66)(86,66)(86,59)(90,59)(90,57)(86,57)(86,53)(80,53)
In Polygon:
(306,257)(311,257)(311,250)(306,250)
Out Polygon:
(102,54)(102,59)(109,59)(109,54)
In Polygon:
(113,167)(117,167)(117,155)(108,155)(108,157)(113,157)
Out Polygon:
(114,63)(114,54)(112,54)(112,59)(102,59)(102,63)
In Polygon:
(198,453)(198,440)(202,440)(202,450)(211,450)(211,453)
Out Polygon:
(117,67)(117,54)(114,54)(114,63)(104,63)(104,67)
In Polygon:
(76,269)(72,269)(72,276)(76,276)
Out Polygon:
(56,55)(56,62)(60,62)(60,55)
In Polygon:
(116,212)(108,212)(108,215)(116,215)
Out Polygon:
(99,55)(99,63)(102,63)(102,55)
In Polygon:
(78,372)(72,372)(72,364)(78,364)
Out Polygon:
(15,56)(15,64)(21,64)(21,56)
In Polygon:
(216,202)(221,202)(221,193)(216,193)
Out Polygon:
(49,56)(49,65)(54,65)(54,56)
In Polygon:
(162,234)(162,231)(171,231)(171,240)(169,240)(169,234)
Out Polygon:
(60,65)(69,65)(69,62)(62,62)(62,56)(60,56)
In Polygon:
(207,193)(207,202)(205,202)(205,194)(198,194)(198,193)
Out Polygon:
(22,66)(22,57)(21,57)(21,64)(13,64)(13,66)
In Polygon:
(219,155)(216,155)(216,163)(219,163)
Out Polygon:
(46,57)(46,65)(49,65)(49,57)
In Polygon:
(72,174)(72,184)(74,184)(74,176)(81,176)(81,174)
Out Polygon:
(56,67)(56,57)(54,57)(54,65)(47,65)(47,67)
In Polygon:
(216,272)(216,269)(198,269)(198,278)(200,278)(200,272)
Out Polygon:
(99,57)(90,57)(90,59)(96,59)(96,75)(99,75)
In Polygon:
(242,330)(242,334)(234,334)(234,330)(237,330)(237,326)(238,326)(238,330)
Out Polygon:
(29,58)(29,62)(33,62)(33,66)(34,66)(34,62)(37,62)(37,58)
In Polygon:
(148,453)(144,453)(144,440)(154,440)(154,444)(148,444)
Out Polygon:
(0,59)(0,72)(4,72)(4,63)(10,63)(10,59)
In Polygon:
(144,471)(153,471)(153,468)(146,468)(146,459)(144,459)
Out Polygon:
(25,68)(25,59)(22,59)(22,66)(13,66)(13,68)
In Polygon:
(137,242)(126,242)(126,240)(134,240)(134,231)(137,231)
Out Polygon:
(28,70)(28,59)(25,59)(25,68)(17,68)(17,70)
In Polygon:
(197,440)(197,449)(191,449)(191,441)(180,441)(180,440)
Out Polygon:
(37,59)(37,76)(38,76)(38,65)(46,65)(46,59)
In Polygon:
(36,370)(36,373)(45,373)(45,364)(43,364)(43,370)
Out Polygon:
(77,68)(86,68)(86,66)(80,66)(80,59)(77,59)
In Polygon:
(57,212)(54,212)(54,224)(63,224)(63,221)(57,221)
Out Polygon:
(74,71)(83,71)(83,68)(77,68)(77,59)(74,59)
In Polygon:
(90,307)(90,317)(95,317)(95,309)(105,309)(105,307)
Out Polygon:
(96,59)(86,59)(86,64)(94,64)(94,74)(96,74)
In Polygon:
(108,278)(121,278)(121,277)(112,277)(112,269)(108,269)
Out Polygon:
(29,74)(29,61)(28,61)(28,70)(20,70)(20,74)
In Polygon:
(94,250)(94,254)(90,254)(90,250)
Out Polygon:
(29,62)(29,66)(33,66)(33,62)
In Polygon:
(43,348)(43,345)(36,345)(36,348)
Out Polygon:
(34,62)(34,69)(37,69)(37,62)
In Polygon:
(90,421)(94,421)(94,426)(90,426)
Out Polygon:
(56,62)(56,67)(60,67)(60,62)
In Polygon:
(317,374)(317,364)(315,364)(315,372)(306,372)(306,374)
Out Polygon:
(72,73)(82,73)(82,71)(74,71)(74,62)(72,62)
In Polygon:
(54,329)(54,326)(61,326)(61,329)
Out Polygon:
(69,62)(69,69)(72,69)(72,62)
In Polygon:
(18,204)(26,204)(26,201)(19,201)(19,193)(18,193)
Out Polygon:
(12,63)(4,63)(4,66)(11,66)(11,74)(12,74)
In Polygon:
(293,155)(288,155)(288,159)(293,159)
Out Polygon:
(99,63)(99,67)(104,67)(104,63)
In Polygon:
(188,318)(188,307)(187,307)(187,316)(180,316)(180,318)
Out Polygon:
(86,64)(86,75)(87,75)(87,66)(94,66)(94,64)
In Polygon:
(313,155)(313,159)(306,159)(306,155)
Out Polygon:
(117,64)(117,71)(121,71)(121,64)
In Polygon:
(144,259)(144,250)(150,250)(150,258)(161,258)(161,259)
Out Polygon:
(38,65)(38,82)(39,82)(39,71)(47,71)(47,65)
In Polygon:
(114,288)(117,288)(117,300)(108,300)(108,296)(114,296)
Out Polygon:
(60,65)(60,77)(63,77)(63,69)(69,69)(69,65)
In Polygon:
(144,421)(152,421)(152,428)(144,428)
Out Polygon:
(4,66)(4,74)(11,74)(11,66)
In Polygon:
(298,212)(288,212)(288,213)(296,213)(296,221)(298,221)
Out Polygon:
(30,76)(30,66)(29,66)(29,74)(21,74)(21,76)
In Polygon:
(0,335)(15,335)(15,334)(5,334)(5,326)(0,326)
Out Polygon:
(31,81)(31,66)(30,66)(30,76)(22,76)(22,81)
In Polygon:
(222,329)(216,329)(216,326)(222,326)
Out Polygon:
(31,66)(31,72)(34,72)(34,66)
In Polygon:
(115,259)(115,250)(108,250)(108,259)
Out Polygon:
(87,66)(87,75)(94,75)(94,66)
In Polygon:
(100,288)(104,288)(104,299)(90,299)(90,296)(100,296)
Out Polygon:
(58,67)(47,67)(47,71)(55,71)(55,81)(58,81)
In Polygon:
(216,462)(216,459)(234,459)(234,476)(232,476)(232,462)
Out Polygon:
(117,67)(99,67)(99,70)(115,70)(115,84)(117,84)
In Polygon:
(234,386)(234,383)(243,383)(243,392)(240,392)(240,386)
Out Polygon:
(15,77)(15,68)(12,68)(12,74)(6,74)(6,77)
In Polygon:
(180,373)(180,364)(184,364)(184,372)(193,372)(193,373)
Out Polygon:
(16,81)(16,68)(15,68)(15,77)(7,77)(7,81)
In Polygon:
(27,288)(18,288)(18,290)(26,290)(26,297)(27,297)
Out Polygon:
(85,77)(94,77)(94,75)(86,75)(86,68)(85,68)
In Polygon:
(119,366)(119,364)(108,364)(108,373)(110,373)(110,366)
Out Polygon:
(83,79)(92,79)(92,77)(85,77)(85,68)(83,68)
In Polygon:
(21,466)(18,466)(18,459)(21,459)
Out Polygon:
(34,69)(34,76)(37,76)(37,69)
In Polygon:
(241,358)(243,358)(243,345)(234,345)(234,348)(241,348)
Out Polygon:
(72,69)(63,69)(63,72)(70,72)(70,82)(72,82)
In Polygon:
(180,212)(184,212)(184,219)(180,219)
Out Polygon:
(16,70)(16,77)(20,77)(20,70)
In Polygon:
(111,245)(108,245)(108,231)(123,231)(123,234)(111,234)
Out Polygon:
(99,70)(99,84)(102,84)(102,73)(114,73)(114,70)
In Polygon:
(18,383)(18,394)(22,394)(22,386)(32,386)(32,383)
Out Polygon:
(39,71)(39,82)(43,82)(43,74)(53,74)(53,71)
In Polygon:
(180,231)(180,240)(182,240)(182,232)(190,232)(190,231)
Out Polygon:
(82,81)(91,81)(91,79)(83,79)(83,71)(82,71)
In Polygon:
(270,390)(274,390)(274,383)(270,383)
Out Polygon:
(117,71)(117,78)(121,78)(121,71)
In Polygon:
(184,332)(180,332)(180,326)(184,326)
Out Polygon:
(0,72)(0,78)(4,78)(4,72)
In Polygon:
(146,166)(144,166)(144,155)(154,155)(154,157)(146,157)
Out Polygon:
(33,83)(33,72)(31,72)(31,81)(23,81)(23,83)
In Polygon:
(23,212)(23,219)(18,219)(18,212)
Out Polygon:
(63,72)(63,77)(70,77)(70,72)
In Polygon:
(8,193)(10,193)(10,202)(0,202)(0,200)(8,200)
Out Polygon:
(72,73)(72,82)(74,82)(74,75)(82,75)(82,73)
In Polygon:
(252,425)(252,421)(264,421)(264,432)(261,432)(261,425)
Out Polygon:
(115,73)(103,73)(103,77)(112,77)(112,84)(115,84)
In Polygon:
(216,288)(216,301)(218,301)(218,291)(227,291)(227,288)
Out Polygon:
(43,74)(43,87)(45,87)(45,77)(54,77)(54,74)
In Polygon:
(242,203)(234,203)(234,201)(241,201)(241,193)(242,193)
Out Polygon:
(74,75)(74,85)(75,85)(75,77)(82,77)(82,75)
In Polygon:
(180,459)(180,464)(188,464)(188,459)
Out Polygon:
(94,75)(94,83)(99,83)(99,75)
In Polygon:
(0,353)(9,353)(9,352)(2,352)(2,345)(0,345)
Out Polygon:
(34,85)(34,76)(33,76)(33,83)(26,83)(26,85)
In Polygon:
(90,468)(101,468)(101,467)(92,467)(92,459)(90,459)
Out Polygon:
(35,87)(35,76)(34,76)(34,85)(26,85)(26,87)
In Polygon:
(183,199)(180,199)(180,193)(183,193)
Out Polygon:
(35,76)(35,82)(38,82)(38,76)
In Polygon:
(204,383)(198,383)(198,386)(204,386)
Out Polygon:
(4,77)(4,83)(7,83)(7,77)
In Polygon:
(310,313)(310,307)(306,307)(306,313)
Out Polygon:
(16,77)(16,81)(22,81)(22,77)
In Polygon:
(90,374)(99,374)(99,372)(91,372)(91,364)(90,364)
Out Polygon:
(45,77)(45,86)(47,86)(47,78)(55,78)(55,77)
In Polygon:
(297,288)(297,296)(295,296)(295,289)(288,289)(288,288)
Out Polygon:
(58,77)(58,86)(59,86)(59,79)(66,79)(66,77)
In Polygon:
(90,345)(90,348)(96,348)(96,345)
Out Polygon:
(67,77)(67,83)(70,83)(70,77)
In Polygon:
(170,440)(170,447)(162,447)(162,440)
Out Polygon:
(75,77)(75,85)(82,85)(82,77)
In Polygon:
(81,297)(72,297)(72,296)(80,296)(80,288)(81,288)
Out Polygon:
(102,77)(102,86)(103,86)(103,78)(111,78)(111,77)
In Polygon:
(225,307)(225,315)(224,315)(224,308)(216,308)(216,307)
Out Polygon:
(47,78)(47,87)(48,87)(48,79)(55,79)(55,78)
In Polygon:
(0,364)(0,372)(1,372)(1,365)(9,365)(9,364)
Out Polygon:
(103,78)(103,86)(104,86)(104,79)(112,79)(112,78)
In Polygon:
(144,239)(144,231)(151,231)(151,239)
Out Polygon:
(48,79)(48,87)(55,87)(55,79)
In Polygon:
(207,307)(198,307)(198,308)(206,308)(206,315)(207,315)
Out Polygon:
(59,79)(59,88)(60,88)(60,80)(67,80)(67,79)
In Polygon:
(126,277)(126,269)(127,269)(127,276)(134,276)(134,277)
Out Polygon:
(104,79)(104,87)(105,87)(105,80)(112,80)(112,79)
In Polygon:
(126,307)(134,307)(134,314)(126,314)
Out Polygon:
(60,80)(60,88)(67,88)(67,80)
In Polygon:
(61,390)(54,390)(54,383)(61,383)
Out Polygon:
(105,80)(105,87)(112,87)(112,80)
In Polygon:
(229,383)(229,396)(216,396)(216,383)
Out Polygon:
(7,81)(7,94)(20,94)(20,81)
In Polygon:
(173,288)(173,300)(162,300)(162,288)
Out Polygon:
(82,81)(82,92)(94,92)(94,81)
In Polygon:
(18,307)(23,307)(23,315)(18,315)
Out Polygon:
(35,82)(35,87)(43,87)(43,82)
In Polygon:
(108,326)(115,326)(115,333)(108,333)
Out Polygon:
(0,83)(0,90)(7,90)(7,83)
In Polygon:
(306,326)(306,333)(312,333)(312,326)
Out Polygon:
(20,83)(20,90)(26,90)(26,83)
In Polygon:
(252,255)(252,250)(259,250)(259,255)
Out Polygon:
(67,83)(67,88)(74,88)(74,83)
In Polygon:
(185,277)(185,269)(180,269)(180,277)
Out Polygon:
(94,83)(94,91)(99,91)(99,83)
In Polygon:
(180,435)(189,435)(189,421)(180,421)
Out Polygon:
(112,84)(112,98)(121,98)(121,84)
In Polygon:
(247,182)(247,174)(234,174)(234,182)
Out Polygon:
(74,85)(74,98)(82,98)(82,85)
In Polygon:
(18,274)(23,274)(23,269)(18,269)
Out Polygon:
(99,86)(99,91)(104,91)(104,86)
In Polygon:
(47,398)(36,398)(36,383)(47,383)
Out Polygon:
(26,87)(26,102)(37,102)(37,87)
In Polygon:
(105,269)(90,269)(90,279)(105,279)
Out Polygon:
(37,87)(37,102)(47,102)(47,87)
In Polygon:
(47,471)(36,471)(36,459)(47,459)
Out Polygon:
(47,87)(47,98)(59,98)(59,87)
In Polygon:
(101,391)(101,383)(90,383)(90,391)
Out Polygon:
(104,87)(104,98)(112,98)(112,87)
In Polygon:
(270,250)(280,250)(280,263)(270,263)
Out Polygon:
(59,88)(59,98)(72,98)(72,88)
In Polygon:
(258,155)(252,155)(252,162)(258,162)
Out Polygon:
(0,90)(0,96)(7,96)(7,90)
In Polygon:
(72,421)(79,421)(79,427)(72,427)
Out Polygon:
(20,90)(20,97)(26,97)(26,90)
In Polygon:
(298,269)(298,281)(288,281)(288,269)
Out Polygon:
(94,91)(94,103)(104,103)(104,91)
In Polygon:
(120,204)(108,204)(108,193)(120,193)
Out Polygon:
(82,92)(82,103)(94,103)(94,92)
In Polygon:
(306,288)(306,299)(319,299)(319,288)
Out Polygon:
(7,94)(7,105)(20,105)(20,94)
In Polygon:
(72,199)(72,193)(79,193)(79,199)
Out Polygon:
(0,96)(0,102)(7,102)(7,96)
In Polygon:
(185,383)(180,383)(180,389)(185,389)
Out Polygon:
(20,97)(20,102)(26,102)(26,97)
In Polygon:
(257,448)(257,440)(252,440)(252,448)
Out Polygon:
(74,98)(74,103)(82,103)(82,98)
In Polygon:
(288,326)(293,326)(293,334)(288,334)
Out Polygon:
(66,98)(66,103)(74,103)(74,98)
In Polygon:
(206,231)(206,236)(198,236)(198,231)
Out Polygon:
(58,98)(58,103)(66,103)(66,98)
In Polygon:
(270,451)(284,451)(284,440)(270,440)
Out Polygon:
(47,98)(47,112)(58,112)(58,98)
In Polygon:
(162,402)(167,402)(167,410)(162,410)
Out Polygon:
(104,98)(104,103)(112,103)(112,98)
In Polygon:
(63,358)(54,358)(54,345)(63,345)
Out Polygon:
(112,98)(112,111)(121,111)(121,98)
In Polygon:
(72,345)(72,352)(78,352)(78,345)
Out Polygon:
(0,102)(0,108)(7,108)(7,102)
In Polygon:
(198,165)(198,155)(210,155)(210,165)
Out Polygon:
(35,102)(35,112)(47,112)(47,102)
In Polygon:
(126,459)(126,469)(138,469)(138,459)
Out Polygon:
(23,102)(23,112)(35,112)(35,102)
In Polygon:
(126,206)(135,206)(135,193)(126,193)
Out Polygon:
(58,103)(58,112)(71,112)(71,103)
In Polygon:
(234,164)(234,155)(247,155)(247,164)
Out Polygon:
(71,103)(71,112)(84,112)(84,103)
In Polygon:
(84,459)(72,459)(72,468)(84,468)
Out Polygon:
(84,103)(84,112)(96,112)(96,103)
In Polygon:
(162,392)(162,383)(174,383)(174,392)
Out Polygon:
(96,103)(96,112)(108,112)(108,103)
In Polygon:
(306,181)(306,174)(311,174)(311,181)
Out Polygon:
(18,105)(18,112)(23,112)(23,105)
In Polygon:
(155,416)(144,416)(144,402)(155,402)
Out Polygon:
(7,105)(7,119)(18,119)(18,105)
In Polygon:
(203,295)(198,295)(198,288)(203,288)
Out Polygon:
(0,108)(0,113)(7,113)(7,108)
In Polygon:
(306,231)(306,242)(319,242)(319,231)
Out Polygon:
(108,111)(108,122)(121,122)(121,111)
In Polygon:
(64,451)(64,440)(54,440)(54,451)
Out Polygon:
(97,112)(97,122)(108,122)(108,112)
In Polygon:
(162,459)(162,470)(172,470)(172,459)
Out Polygon:
(86,112)(86,122)(97,122)(97,112)
In Polygon:
(82,451)(72,451)(72,440)(82,440)
Out Polygon:
(75,112)(75,122)(86,122)(86,112)
In Polygon:
(173,260)(173,250)(162,250)(162,260)
Out Polygon:
(64,112)(64,122)(75,122)(75,112)
In Polygon:
(18,421)(18,431)(29,431)(29,421)
Out Polygon:
(53,112)(53,122)(64,122)(64,112)
In Polygon:
(208,222)(208,212)(198,212)(198,222)
Out Polygon:
(43,112)(43,122)(53,122)(53,112)
In Polygon:
(126,345)(126,355)(136,355)(136,345)
Out Polygon:
(33,112)(33,122)(43,122)(43,112)
In Polygon:
(252,174)(252,184)(261,184)(261,174)
Out Polygon:
(24,112)(24,122)(33,122)(33,112)
In Polygon:
(169,364)(162,364)(162,369)(169,369)
Out Polygon:
(18,112)(18,119)(23,119)(23,112)
In Polygon:
(54,402)(59,402)(59,408)(54,408)
Out Polygon:
(2,113)(2,119)(7,119)(7,113)
In Polygon:
(317,451)(306,451)(306,440)(317,440)
Out Polygon:
(0,119)(0,130)(11,130)(11,119)
In Polygon:
(47,231)(36,231)(36,242)(47,242)
Out Polygon:
(11,119)(11,130)(22,130)(22,119)
In Polygon:
(116,402)(108,402)(108,415)(116,415)
Out Polygon:
(22,122)(22,130)(35,130)(35,122)
In Polygon:
(82,334)(82,326)(72,326)(72,334)
Out Polygon:
(35,122)(35,130)(45,130)(45,122)
In Polygon:
(134,335)(134,326)(126,326)(126,335)
Out Polygon:
(45,122)(45,130)(54,130)(54,122)
In Polygon:
(278,354)(270,354)(270,345)(278,345)
Out Polygon:
(54,122)(54,130)(63,130)(63,122)
In Polygon:
(80,312)(80,307)(72,307)(72,312)
Out Polygon:
(63,122)(63,130)(68,130)(68,122)
In Polygon:
(54,307)(54,312)(62,312)(62,307)
Out Polygon:
(68,122)(68,130)(73,130)(73,122)
In Polygon:
(0,383)(11,383)(11,394)(0,394)
Out Polygon:
(110,122)(110,133)(121,133)(121,122)
In Polygon:
(198,413)(198,402)(209,402)(209,413)
Out Polygon:
(99,122)(99,133)(110,133)(110,122)
In Polygon:
(281,242)(270,242)(270,231)(281,231)
Out Polygon:
(88,122)(88,133)(99,133)(99,122)
In Polygon:
(162,307)(162,316)(173,316)(173,307)
Out Polygon:
(79,122)(79,133)(88,133)(88,122)
In Polygon:
(252,236)(258,236)(258,231)(252,231)
Out Polygon:
(73,122)(73,127)(79,127)(79,122)
In Polygon:
(113,465)(113,459)(108,459)(108,465)
Out Polygon:
(74,127)(74,133)(79,133)(79,127)
In Polygon:
(234,449)(246,449)(246,440)(234,440)
Out Polygon:
(0,130)(0,139)(12,139)(12,130)
In Polygon:
(270,174)(282,174)(282,183)(270,183)
Out Polygon:
(12,130)(12,139)(24,139)(24,130)
In Polygon:
(54,468)(54,459)(65,459)(65,468)
Out Polygon:
(24,130)(24,139)(35,139)(35,130)
In Polygon:
(126,440)(137,440)(137,449)(126,449)
Out Polygon:
(35,130)(35,139)(46,139)(46,130)
In Polygon:
(153,364)(144,364)(144,375)(153,375)
Out Polygon:
(46,130)(46,139)(57,139)(57,130)
In Polygon:
(190,297)(190,288)(180,288)(180,297)
Out Polygon:
(57,130)(57,139)(67,139)(67,130)
In Polygon:
(216,257)(221,257)(221,250)(216,250)
Out Polygon:
(67,130)(67,135)(74,135)(74,130)
In Polygon:
(108,183)(108,174)(117,174)(117,183)
Out Polygon:
(112,133)(112,142)(121,142)(121,133)
In Polygon:
(270,402)(270,411)(279,411)(279,402)
Out Polygon:
(103,133)(103,142)(112,142)(112,133)
In Polygon:
(234,231)(234,240)(243,240)(243,231)
Out Polygon:
(94,133)(94,142)(103,142)(103,133)
In Polygon:
(9,459)(9,468)(0,468)(0,459)
Out Polygon:
(85,133)(85,142)(94,142)(94,133)
In Polygon:
(315,269)(315,278)(306,278)(306,269)
Out Polygon:
(76,133)(76,142)(85,142)(85,133)
In Polygon:
(90,411)(90,402)(99,402)(99,411)
Out Polygon:
(67,135)(67,144)(76,144)(76,135)
In Polygon:
(113,427)(113,421)(108,421)(108,427)
Out Polygon:
(61,139)(61,144)(67,144)(67,139)
In Polygon:
(0,236)(6,236)(6,231)(0,231)
Out Polygon:
(55,139)(55,144)(61,144)(61,139)
In Polygon:
(78,407)(78,402)(72,402)(72,407)
Out Polygon:
(49,139)(49,144)(55,144)(55,139)
In Polygon:
(185,345)(180,345)(180,350)(185,350)
Out Polygon:
(44,139)(44,144)(49,144)(49,139)
In Polygon:
(126,155)(131,155)(131,160)(126,160)
Out Polygon:
(39,139)(39,144)(44,144)(44,139)
In Polygon:
(36,407)(36,402)(41,402)(41,407)
Out Polygon:
(34,139)(34,144)(39,144)(39,139)
In Polygon:
(198,350)(198,345)(203,345)(203,350)
Out Polygon:
(29,139)(29,144)(34,144)(34,139)
In Polygon:
(252,307)(257,307)(257,312)(252,312)
Out Polygon:
(24,139)(24,144)(29,144)(29,139)
In Polygon:
(275,198)(270,198)(270,193)(275,193)
Out Polygon:
(19,139)(19,144)(24,144)(24,139)
In Polygon:
(252,345)(252,350)(257,350)(257,345)
Out Polygon:
(14,139)(14,144)(19,144)(19,139)
In Polygon:
(0,445)(0,440)(5,440)(5,445)
Out Polygon:
(9,139)(9,144)(14,144)(14,139)
In Polygon:
(221,174)(221,179)(216,179)(216,174)
Out Polygon:
(4,139)(4,144)(9,144)(9,139)
