In Polygon:
(52,108)(47,108)(47,105)(44,105)(44,101)(59,101)(59,105)(52,105)
Out Polygon:
(0,0)(0,4)(3,4)(3,7)(8,7)(8,4)(15,4)(15,0)
In Polygon:
(186,149)(181,149)(181,158)(176,158)(176,162)(192,162)(192,153)(186,153)
Out Polygon:
(15,0)(15,9)(21,9)(21,13)(26,13)(26,4)(31,4)(31,0)
In Polygon:
(167,139)(167,133)(154,133)(154,149)(160,149)(160,139)
Out Polygon:
(31,0)(31,16)(37,16)(37,6)(44,6)(44,0)
In Polygon:
(73,97)(66,97)(66,85)(74,85)(74,88)(80,88)(80,92)(73,92)
Out Polygon:
(44,0)(44,7)(49,7)(49,14)(53,14)(53,8)(56,8)(56,0)
In Polygon:
(154,85)(162,85)(162,88)(154,88)
Out Polygon:
(56,0)(56,8)(59,8)(59,0)
In Polygon:
(44,165)(54,165)(54,168)(44,168)
Out Polygon:
(0,4)(0,14)(3,14)(3,4)
In Polygon:
(110,108)(110,101)(117,101)(117,118)(114,118)(114,108)
Out Polygon:
(15,4)(8,4)(8,11)(12,11)(12,21)(15,21)
In Polygon:
(88,206)(88,197)(93,197)(93,206)
Out Polygon:
(26,4)(26,13)(31,13)(31,4)
In Polygon:
(54,154)(54,149)(44,149)(44,164)(48,164)(48,154)
Out Polygon:
(41,21)(41,6)(37,6)(37,16)(31,16)(31,21)
In Polygon:
(179,198)(176,198)(176,197)(179,197)
Out Polygon:
(41,6)(41,7)(44,7)(44,6)
In Polygon:
(71,204)(71,197)(66,197)(66,204)
Out Polygon:
(3,7)(3,14)(8,14)(8,7)
In Polygon:
(30,88)(30,85)(22,85)(22,101)(26,101)(26,88)
Out Polygon:
(41,7)(41,23)(45,23)(45,10)(49,10)(49,7)
In Polygon:
(43,155)(22,155)(22,154)(32,154)(32,149)(43,149)
Out Polygon:
(59,8)(53,8)(53,19)(58,19)(58,29)(59,29)
In Polygon:
(4,117)(0,117)(0,124)(16,124)(16,120)(4,120)
Out Polygon:
(19,25)(19,9)(15,9)(15,21)(12,21)(12,25)
In Polygon:
(66,133)(72,133)(72,135)(66,135)
Out Polygon:
(19,9)(19,15)(21,15)(21,9)
In Polygon:
(176,194)(176,181)(180,181)(180,194)
Out Polygon:
(45,10)(45,23)(49,23)(49,10)
In Polygon:
(208,121)(198,121)(198,117)(208,117)
Out Polygon:
(8,11)(8,21)(12,21)(12,11)
In Polygon:
(208,196)(208,181)(204,181)(204,188)(198,188)(198,196)
Out Polygon:
(21,13)(21,28)(25,28)(25,21)(31,21)(31,13)
In Polygon:
(8,203)(8,197)(0,197)(0,211)(3,211)(3,203)
Out Polygon:
(0,14)(0,28)(3,28)(3,20)(8,20)(8,14)
In Polygon:
(33,180)(33,165)(30,165)(30,174)(22,174)(22,180)
Out Polygon:
(52,29)(52,14)(49,14)(49,23)(41,23)(41,29)
In Polygon:
(51,133)(44,133)(44,134)(51,134)
Out Polygon:
(52,14)(52,21)(53,21)(53,14)
In Polygon:
(98,188)(104,188)(104,181)(88,181)(88,183)(98,183)
Out Polygon:
(21,31)(21,15)(19,15)(19,25)(14,25)(14,31)
In Polygon:
(2,85)(2,90)(0,90)(0,85)
Out Polygon:
(53,19)(53,21)(58,21)(58,19)
In Polygon:
(140,117)(132,117)(132,122)(140,122)
Out Polygon:
(3,20)(3,28)(8,28)(8,20)
In Polygon:
(165,192)(165,181)(162,181)(162,188)(154,188)(154,192)
Out Polygon:
(11,32)(11,21)(8,21)(8,28)(0,28)(0,32)
In Polygon:
(22,146)(34,146)(34,141)(27,141)(27,133)(22,133)
Out Polygon:
(36,34)(48,34)(48,29)(41,29)(41,21)(36,21)
In Polygon:
(200,197)(198,197)(198,212)(209,212)(209,207)(200,207)
Out Polygon:
(36,21)(25,21)(25,26)(34,26)(34,36)(36,36)
In Polygon:
(198,101)(198,114)(199,114)(199,107)(204,107)(204,101)
Out Polygon:
(52,21)(52,34)(53,34)(53,27)(58,27)(58,21)
In Polygon:
(138,172)(132,172)(132,165)(144,165)(144,167)(138,167)
Out Polygon:
(12,37)(19,37)(19,31)(14,31)(14,25)(12,25)
In Polygon:
(30,106)(30,113)(22,113)(22,104)(24,104)(24,101)(26,101)(26,106)
Out Polygon:
(25,26)(25,33)(29,33)(29,38)(31,38)(31,35)(33,35)(33,26)
In Polygon:
(88,92)(88,85)(93,85)(93,92)
Out Polygon:
(53,27)(53,34)(58,34)(58,27)
In Polygon:
(198,139)(198,143)(199,143)(199,148)(203,148)(203,133)(199,133)(199,139)
Out Polygon:
(21,43)(25,43)(25,37)(26,37)(26,33)(25,33)(25,28)(21,28)
In Polygon:
(159,156)(159,163)(157,163)(157,168)(154,168)(154,149)(157,149)(157,156)
Out Polygon:
(51,29)(48,29)(48,34)(46,34)(46,41)(48,41)(48,48)(51,48)
In Polygon:
(44,224)(60,224)(60,221)(47,221)(47,213)(44,213)
Out Polygon:
(0,32)(0,48)(3,48)(3,35)(11,35)(11,32)
In Polygon:
(3,101)(3,106)(0,106)(0,101)
Out Polygon:
(26,33)(26,38)(29,38)(29,33)
In Polygon:
(8,138)(8,145)(0,145)(0,140)(2,140)(2,133)(4,133)(4,138)
Out Polygon:
(36,34)(36,41)(40,41)(40,46)(42,46)(42,39)(44,39)(44,34)
In Polygon:
(110,201)(110,197)(118,197)(118,212)(116,212)(116,201)
Out Polygon:
(59,34)(51,34)(51,38)(57,38)(57,49)(59,49)
In Polygon:
(8,152)(8,149)(0,149)(0,162)(3,162)(3,152)
Out Polygon:
(3,35)(3,48)(6,48)(6,38)(11,38)(11,35)
In Polygon:
(97,101)(88,101)(88,104)(97,104)
Out Polygon:
(31,35)(31,44)(34,44)(34,35)
In Polygon:
(70,111)(66,111)(66,101)(80,101)(80,103)(70,103)
Out Polygon:
(21,37)(11,37)(11,41)(19,41)(19,51)(21,51)
In Polygon:
(44,95)(44,98)(51,98)(51,85)(49,85)(49,95)
Out Polygon:
(8,51)(8,38)(6,38)(6,48)(1,48)(1,51)
In Polygon:
(3,188)(3,181)(0,181)(0,188)
Out Polygon:
(8,38)(8,45)(11,45)(11,38)
In Polygon:
(138,181)(138,193)(137,193)(137,185)(132,185)(132,181)
Out Polygon:
(31,38)(25,38)(25,42)(30,42)(30,50)(31,50)
In Polygon:
(110,143)(110,133)(114,133)(114,143)
Out Polygon:
(51,38)(51,48)(55,48)(55,38)
In Polygon:
(164,105)(154,105)(154,101)(164,101)
Out Polygon:
(42,39)(42,49)(46,49)(46,39)
In Polygon:
(121,125)(110,125)(110,123)(116,123)(116,117)(121,117)
Out Polygon:
(19,41)(11,41)(11,46)(17,46)(17,52)(19,52)
In Polygon:
(74,155)(66,155)(66,149)(74,149)
Out Polygon:
(34,41)(34,49)(40,49)(40,41)
In Polygon:
(76,220)(66,220)(66,219)(73,219)(73,213)(76,213)
Out Polygon:
(47,51)(54,51)(54,48)(48,48)(48,41)(47,41)
In Polygon:
(132,85)(132,90)(140,90)(140,85)
Out Polygon:
(25,42)(25,50)(30,50)(30,42)
In Polygon:
(154,169)(163,169)(163,165)(154,165)
Out Polygon:
(21,43)(21,52)(25,52)(25,43)
In Polygon:
(25,218)(22,218)(22,213)(25,213)
Out Polygon:
(31,44)(31,49)(34,49)(34,44)
In Polygon:
(47,204)(47,197)(44,197)(44,204)
Out Polygon:
(8,45)(8,52)(11,52)(11,45)
In Polygon:
(26,123)(26,117)(22,117)(22,123)
Out Polygon:
(11,46)(11,52)(15,52)(15,46)
In Polygon:
(176,85)(181,85)(181,88)(176,88)
Out Polygon:
(54,48)(54,53)(57,53)(57,48)
In Polygon:
(145,114)(132,114)(132,111)(140,111)(140,101)(145,101)
Out Polygon:
(31,49)(31,62)(36,62)(36,52)(44,52)(44,49)
In Polygon:
(202,171)(202,165)(198,165)(198,171)
Out Polygon:
(25,50)(25,54)(31,54)(31,50)
In Polygon:
(183,109)(183,114)(176,114)(176,101)(178,101)(178,109)
Out Polygon:
(7,51)(0,51)(0,56)(5,56)(5,64)(7,64)
In Polygon:
(88,180)(88,165)(89,165)(89,174)(95,174)(95,180)
Out Polygon:
(51,51)(44,51)(44,57)(50,57)(50,66)(51,66)
In Polygon:
(191,141)(191,153)(176,153)(176,143)(180,143)(180,133)(184,133)(184,141)
Out Polygon:
(7,52)(7,64)(14,64)(14,72)(18,72)(18,62)(22,62)(22,52)
In Polygon:
(66,181)(66,194)(67,194)(67,186)(73,186)(73,181)
Out Polygon:
(37,52)(37,65)(38,65)(38,57)(44,57)(44,52)
In Polygon:
(69,165)(66,165)(66,172)(80,172)(80,170)(69,170)
Out Polygon:
(51,53)(51,67)(53,67)(53,56)(58,56)(58,53)
In Polygon:
(176,174)(176,165)(184,165)(184,174)
Out Polygon:
(22,54)(22,62)(31,62)(31,54)
In Polygon:
(93,124)(93,117)(88,117)(88,124)
Out Polygon:
(0,56)(0,63)(5,63)(5,56)
In Polygon:
(22,181)(22,186)(27,186)(27,181)
Out Polygon:
(54,56)(54,61)(59,61)(59,56)
In Polygon:
(0,222)(0,224)(10,224)(10,213)(7,213)(7,222)
Out Polygon:
(38,57)(38,68)(41,68)(41,59)(48,59)(48,57)
In Polygon:
(132,158)(141,158)(141,149)(132,149)
Out Polygon:
(41,59)(41,68)(50,68)(50,59)
In Polygon:
(132,201)(137,201)(137,197)(132,197)
Out Polygon:
(54,61)(54,65)(59,65)(59,61)
In Polygon:
(110,95)(110,89)(115,89)(115,85)(119,85)(119,104)(113,104)(113,95)
Out Polygon:
(18,62)(18,66)(22,66)(22,71)(28,71)(28,68)(37,68)(37,62)
In Polygon:
(203,85)(198,85)(198,89)(203,89)
Out Polygon:
(0,63)(0,67)(5,67)(5,63)
In Polygon:
(162,126)(162,117)(154,117)(154,126)
Out Polygon:
(5,64)(5,72)(14,72)(14,64)
In Polygon:
(44,186)(44,181)(48,181)(48,186)
Out Polygon:
(54,65)(54,69)(59,69)(59,65)
In Polygon:
(136,138)(136,133)(132,133)(132,138)
Out Polygon:
(18,66)(18,71)(22,71)(22,66)
In Polygon:
(198,153)(198,149)(202,149)(202,153)
Out Polygon:
(0,67)(0,71)(4,71)(4,67)
In Polygon:
(154,208)(168,208)(168,197)(154,197)
Out Polygon:
(28,68)(28,79)(42,79)(42,68)
In Polygon:
(22,197)(32,197)(32,208)(22,208)
Out Polygon:
(42,68)(42,79)(52,79)(52,68)
In Polygon:
(88,149)(98,149)(98,156)(88,156)
Out Polygon:
(52,69)(52,79)(59,79)(59,69)
In Polygon:
(52,125)(44,125)(44,117)(52,117)
Out Polygon:
(20,71)(20,79)(28,79)(28,71)
In Polygon:
(121,188)(110,188)(110,181)(121,181)
Out Polygon:
(9,72)(9,79)(20,79)(20,72)
In Polygon:
(110,149)(110,158)(117,158)(117,149)
Out Polygon:
(0,72)(0,79)(9,79)(9,72)
In Polygon:
(188,126)(176,126)(176,117)(188,117)
Out Polygon:
(0,79)(0,88)(12,88)(12,79)
In Polygon:
(9,165)(0,165)(0,177)(9,177)
Out Polygon:
(12,79)(12,88)(24,88)(24,79)
In Polygon:
(110,165)(110,176)(119,176)(119,165)
Out Polygon:
(24,79)(24,88)(35,88)(35,79)
In Polygon:
(97,142)(88,142)(88,133)(97,133)
Out Polygon:
(35,79)(35,88)(44,88)(44,79)
In Polygon:
(66,117)(75,117)(75,124)(66,124)
Out Polygon:
(44,79)(44,88)(51,88)(51,79)
In Polygon:
(97,213)(97,221)(88,221)(88,213)
Out Polygon:
(51,79)(51,88)(59,88)(59,79)
