In Polygon:
(28,150)(20,150)(20,140)(39,140)(39,145)(28,145)
Out Polygon:
(0,0)(0,10)(8,10)(8,5)(19,5)(19,0)
In Polygon:
(68,116)(68,111)(66,111)(66,106)(60,106)(60,123)(65,123)(65,116)
Out Polygon:
(19,0)(19,5)(26,5)(26,8)(31,8)(31,6)(36,6)(36,0)
In Polygon:
(86,156)(89,156)(89,140)(80,140)(80,146)(86,146)
Out Polygon:
(45,0)(36,0)(36,6)(42,6)(42,16)(45,16)
In Polygon:
(30,128)(20,128)(20,123)(30,123)
Out Polygon:
(45,0)(45,10)(50,10)(50,0)
In Polygon:
(0,63)(0,58)(4,58)(4,55)(9,55)(9,71)(6,71)(6,63)
Out Polygon:
(8,5)(8,10)(11,10)(11,14)(16,14)(16,8)(24,8)(24,5)
In Polygon:
(80,72)(82,72)(82,79)(80,79)
Out Polygon:
(24,5)(24,12)(26,12)(26,5)
In Polygon:
(60,131)(77,131)(77,129)(68,129)(68,123)(60,123)
Out Polygon:
(31,6)(31,23)(33,23)(33,14)(39,14)(39,6)
In Polygon:
(90,107)(80,107)(80,106)(90,106)
Out Polygon:
(41,6)(41,16)(42,16)(42,6)
In Polygon:
(80,128)(82,128)(82,123)(80,123)
Out Polygon:
(39,6)(39,11)(41,11)(41,6)
In Polygon:
(20,79)(20,72)(29,72)(29,77)(36,77)(36,79)
Out Polygon:
(16,8)(16,24)(18,24)(18,17)(23,17)(23,8)
In Polygon:
(5,131)(5,123)(0,123)(0,131)
Out Polygon:
(26,8)(26,16)(31,16)(31,8)
In Polygon:
(55,72)(55,81)(50,81)(50,75)(40,75)(40,72)
Out Polygon:
(0,10)(0,25)(3,25)(3,15)(9,15)(9,10)
In Polygon:
(85,95)(80,95)(80,89)(85,89)
Out Polygon:
(45,10)(45,16)(50,16)(50,10)
In Polygon:
(0,111)(0,106)(3,106)(3,111)
Out Polygon:
(23,12)(23,17)(26,17)(26,12)
In Polygon:
(40,55)(47,55)(47,67)(40,67)
Out Polygon:
(9,14)(9,26)(16,26)(16,14)
In Polygon:
(108,129)(108,123)(100,123)(100,129)(102,129)(102,139)(104,139)(104,129)
Out Polygon:
(33,14)(33,20)(35,20)(35,30)(37,30)(37,20)(41,20)(41,14)
In Polygon:
(29,95)(20,95)(20,89)(29,89)
Out Polygon:
(3,15)(3,24)(9,24)(9,15)
In Polygon:
(7,72)(0,72)(0,77)(7,77)
Out Polygon:
(26,16)(26,23)(31,23)(31,16)
In Polygon:
(104,119)(106,119)(106,113)(109,113)(109,106)(100,106)(100,113)(104,113)
Out Polygon:
(41,16)(41,23)(45,23)(45,29)(47,29)(47,23)(50,23)(50,16)
In Polygon:
(108,86)(100,86)(100,81)(106,81)(106,72)(108,72)
Out Polygon:
(18,17)(18,31)(20,31)(20,22)(26,22)(26,17)
In Polygon:
(3,140)(3,146)(0,146)(0,140)
Out Polygon:
(37,20)(37,26)(40,26)(40,20)
In Polygon:
(86,63)(80,63)(80,55)(86,55)
Out Polygon:
(20,22)(20,30)(26,30)(26,22)
In Polygon:
(105,100)(103,100)(103,95)(100,95)(100,89)(109,89)(109,95)(105,95)
Out Polygon:
(26,23)(26,29)(29,29)(29,34)(31,34)(31,29)(35,29)(35,23)
In Polygon:
(60,58)(65,58)(65,55)(60,55)
Out Polygon:
(40,23)(40,26)(45,26)(45,23)
In Polygon:
(65,140)(60,140)(60,148)(65,148)
Out Polygon:
(4,24)(4,32)(9,32)(9,24)
In Polygon:
(20,64)(20,55)(23,55)(23,61)(29,61)(29,64)
Out Polygon:
(9,26)(9,35)(12,35)(12,29)(18,29)(18,26)
In Polygon:
(68,89)(68,97)(66,97)(66,91)(60,91)(60,89)
Out Polygon:
(37,26)(37,34)(39,34)(39,28)(45,28)(45,26)
In Polygon:
(40,111)(45,111)(45,106)(40,106)
Out Polygon:
(39,28)(39,33)(44,33)(44,28)
In Polygon:
(27,115)(29,115)(29,106)(20,106)(20,109)(27,109)
Out Polygon:
(20,30)(20,39)(23,39)(23,32)(29,32)(29,30)
In Polygon:
(48,131)(40,131)(40,123)(48,123)
Out Polygon:
(12,31)(12,39)(20,39)(20,31)
In Polygon:
(47,99)(49,99)(49,89)(40,89)(40,91)(47,91)
Out Polygon:
(9,32)(0,32)(0,34)(7,34)(7,42)(9,42)
In Polygon:
(60,72)(60,84)(69,84)(69,72)
Out Polygon:
(41,33)(41,45)(50,45)(50,33)
In Polygon:
(40,148)(47,148)(47,140)(40,140)
Out Polygon:
(0,34)(0,42)(7,42)(7,34)
In Polygon:
(12,89)(12,97)(0,97)(0,89)
Out Polygon:
(33,34)(33,46)(41,46)(41,34)
In Polygon:
(108,63)(100,63)(100,55)(108,55)
Out Polygon:
(25,34)(25,42)(33,42)(33,34)
