In Polygon:
(29,91)(29,85)(19,85)(19,100)(23,100)(23,91)
Out Polygon:
(0,0)(0,15)(4,15)(4,6)(10,6)(10,0)
In Polygon:
(98,125)(95,125)(95,135)(107,135)(107,131)(98,131)
Out Polygon:
(10,0)(10,12)(14,12)(14,3)(20,3)(20,0)
In Polygon:
(63,105)(66,105)(66,115)(57,115)(57,112)(63,112)
Out Polygon:
(30,0)(20,0)(20,3)(27,3)(27,9)(30,9)
In Polygon:
(102,205)(95,205)(95,207)(100,207)(100,213)(102,213)
Out Polygon:
(30,0)(30,7)(32,7)(32,2)(38,2)(38,0)
In Polygon:
(114,211)(114,208)(118,208)(118,205)(124,205)(124,216)(118,216)(118,211)
Out Polygon:
(38,0)(38,6)(41,6)(41,10)(44,10)(44,6)(49,6)(49,0)
In Polygon:
(152,109)(152,105)(161,105)(161,123)(159,123)(159,109)
Out Polygon:
(49,0)(49,9)(53,9)(53,2)(67,2)(67,0)
In Polygon:
(152,128)(152,131)(161,131)(161,128)(158,128)(158,125)(156,125)(156,128)
Out Polygon:
(35,11)(38,11)(38,8)(41,8)(41,6)(38,6)(38,2)(35,2)
In Polygon:
(117,190)(117,185)(114,185)(114,190)
Out Polygon:
(32,2)(32,7)(35,7)(35,2)
In Polygon:
(199,245)(190,245)(190,248)(196,248)(196,254)(199,254)
Out Polygon:
(53,2)(53,11)(56,11)(56,5)(62,5)(62,2)
In Polygon:
(119,125)(114,125)(114,135)(119,135)(119,132)(122,132)(122,129)(119,129)
Out Polygon:
(67,2)(62,2)(62,5)(59,5)(59,8)(62,8)(62,12)(67,12)
In Polygon:
(95,258)(95,245)(98,245)(98,253)(104,253)(104,258)
Out Polygon:
(14,3)(14,12)(19,12)(19,6)(27,6)(27,3)
In Polygon:
(196,205)(196,208)(190,208)(190,205)
Out Polygon:
(56,5)(56,11)(59,11)(59,5)
In Polygon:
(19,139)(19,125)(25,125)(25,131)(33,131)(33,139)
Out Polygon:
(4,20)(18,20)(18,12)(10,12)(10,6)(4,6)
In Polygon:
(190,92)(190,85)(199,85)(199,92)(196,92)(196,95)(194,95)(194,92)
Out Polygon:
(20,15)(27,15)(27,11)(30,11)(30,9)(27,9)(27,6)(20,6)
In Polygon:
(104,169)(104,173)(95,173)(95,169)(98,169)(98,165)(100,165)(100,169)
Out Polygon:
(45,15)(49,15)(49,11)(53,11)(53,9)(49,9)(49,6)(45,6)
In Polygon:
(156,150)(156,145)(152,145)(152,150)
Out Polygon:
(30,7)(30,11)(35,11)(35,7)
In Polygon:
(193,145)(193,148)(190,148)(190,145)
Out Polygon:
(38,8)(38,11)(41,11)(41,8)
In Polygon:
(137,208)(133,208)(133,205)(137,205)
Out Polygon:
(59,8)(59,12)(62,12)(62,8)
In Polygon:
(27,174)(27,170)(23,170)(23,165)(19,165)(19,180)(24,180)(24,174)
Out Polygon:
(41,25)(46,25)(46,19)(49,19)(49,15)(45,15)(45,10)(41,10)
In Polygon:
(5,96)(0,96)(0,85)(15,85)(15,88)(5,88)
Out Polygon:
(38,11)(27,11)(27,16)(35,16)(35,26)(38,26)
In Polygon:
(0,147)(3,147)(3,145)(0,145)
Out Polygon:
(38,11)(38,13)(41,13)(41,11)
In Polygon:
(28,223)(28,205)(25,205)(25,215)(19,215)(19,223)
Out Polygon:
(49,11)(49,29)(52,29)(52,19)(58,19)(58,11)
In Polygon:
(192,129)(192,125)(190,125)(190,129)
Out Polygon:
(18,12)(18,16)(20,16)(20,12)
In Polygon:
(157,243)(155,243)(155,231)(152,231)(152,225)(161,225)(161,238)(157,238)
Out Polygon:
(58,12)(58,18)(61,18)(61,30)(63,30)(63,25)(67,25)(67,12)
In Polygon:
(95,108)(95,105)(107,105)(107,108)
Out Polygon:
(38,13)(38,25)(41,25)(41,13)
In Polygon:
(180,147)(180,145)(171,145)(171,161)(175,161)(175,147)
Out Polygon:
(2,24)(18,24)(18,20)(4,20)(4,15)(2,15)
In Polygon:
(47,125)(50,125)(50,134)(38,134)(38,132)(47,132)
Out Polygon:
(0,27)(9,27)(9,24)(2,24)(2,15)(0,15)
In Polygon:
(200,165)(200,172)(196,172)(196,166)(190,166)(190,165)
Out Polygon:
(20,15)(20,25)(21,25)(21,19)(27,19)(27,15)
In Polygon:
(95,185)(95,187)(99,187)(99,185)
Out Polygon:
(18,16)(18,20)(20,20)(20,16)
In Polygon:
(133,85)(133,95)(135,95)(135,89)(141,89)(141,85)
Out Polygon:
(27,16)(27,26)(29,26)(29,20)(35,20)(35,16)
In Polygon:
(41,210)(41,205)(38,205)(38,210)
Out Polygon:
(58,18)(58,23)(61,23)(61,18)
In Polygon:
(180,185)(171,185)(171,191)(180,191)
Out Polygon:
(21,19)(21,28)(27,28)(27,19)
In Polygon:
(133,185)(133,199)(136,199)(136,193)(143,193)(143,185)
Out Polygon:
(49,33)(49,19)(46,19)(46,25)(39,25)(39,33)
In Polygon:
(194,185)(190,185)(190,191)(194,191)
Out Polygon:
(52,19)(52,23)(58,23)(58,19)
In Polygon:
(57,205)(59,205)(59,210)(57,210)
Out Polygon:
(18,20)(18,25)(20,25)(20,20)
In Polygon:
(19,111)(19,105)(24,105)(24,111)
Out Polygon:
(29,20)(29,26)(34,26)(34,20)
In Polygon:
(161,249)(161,245)(152,245)(152,254)(154,254)(154,249)
Out Polygon:
(52,23)(52,32)(54,32)(54,27)(61,27)(61,23)
In Polygon:
(76,87)(76,85)(85,85)(85,94)(81,94)(81,87)
Out Polygon:
(9,24)(9,33)(11,33)(11,28)(18,28)(18,24)
In Polygon:
(0,232)(0,225)(11,225)(11,232)(8,232)(8,235)(5,235)(5,232)
Out Polygon:
(26,35)(26,28)(21,28)(21,25)(18,25)(18,28)(15,28)(15,35)
In Polygon:
(24,185)(19,185)(19,189)(24,189)
Out Polygon:
(63,25)(63,30)(67,30)(67,25)
In Polygon:
(104,225)(107,225)(107,234)(95,234)(95,232)(104,232)
Out Polygon:
(27,26)(27,35)(30,35)(30,28)(39,28)(39,26)
In Polygon:
(59,236)(57,236)(57,225)(66,225)(66,229)(59,229)
Out Polygon:
(0,27)(0,38)(2,38)(2,31)(9,31)(9,27)
In Polygon:
(171,111)(171,105)(180,105)(180,111)(177,111)(177,114)(175,114)(175,111)
Out Polygon:
(55,36)(61,36)(61,32)(64,32)(64,30)(61,30)(61,27)(55,27)
In Polygon:
(154,205)(152,205)(152,216)(162,216)(162,212)(154,212)
Out Polygon:
(13,39)(23,39)(23,35)(15,35)(15,28)(13,28)
In Polygon:
(78,227)(76,227)(76,225)(78,225)
Out Polygon:
(11,28)(11,30)(13,30)(13,28)
In Polygon:
(199,105)(199,114)(196,114)(196,108)(190,108)(190,105)
Out Polygon:
(30,28)(30,37)(33,37)(33,31)(39,31)(39,28)
In Polygon:
(133,129)(133,133)(136,133)(136,136)(140,136)(140,125)(137,125)(137,129)
Out Polygon:
(52,29)(49,29)(49,33)(45,33)(45,37)(48,37)(48,40)(52,40)
In Polygon:
(171,129)(171,125)(173,125)(173,129)
Out Polygon:
(11,30)(11,34)(13,34)(13,30)
In Polygon:
(24,148)(19,148)(19,145)(24,145)
Out Polygon:
(64,30)(64,35)(67,35)(67,30)
In Polygon:
(73,252)(73,245)(65,245)(65,250)(57,250)(57,252)
Out Polygon:
(9,31)(2,31)(2,39)(7,39)(7,47)(9,47)
In Polygon:
(114,91)(114,85)(118,85)(118,91)
Out Polygon:
(33,31)(33,37)(37,37)(37,31)
In Polygon:
(103,148)(103,145)(95,145)(95,148)
Out Polygon:
(52,32)(52,40)(55,40)(55,32)
In Polygon:
(80,148)(80,145)(76,145)(76,148)
Out Polygon:
(61,32)(61,36)(64,36)(64,32)
In Polygon:
(152,188)(152,197)(166,197)(166,191)(162,191)(162,185)(158,185)(158,188)
Out Polygon:
(43,33)(37,33)(37,37)(31,37)(31,41)(34,41)(34,47)(43,47)
In Polygon:
(118,105)(114,105)(114,110)(118,110)
Out Polygon:
(9,34)(9,39)(13,39)(13,34)
In Polygon:
(140,109)(140,105)(133,105)(133,109)
Out Polygon:
(23,35)(23,39)(30,39)(30,35)
In Polygon:
(3,128)(0,128)(0,125)(3,125)
Out Polygon:
(64,35)(64,38)(67,38)(67,35)
In Polygon:
(114,225)(123,225)(123,232)(117,232)(117,240)(114,240)
Out Polygon:
(55,36)(55,51)(58,51)(58,43)(64,43)(64,36)
In Polygon:
(174,100)(171,100)(171,85)(183,85)(183,90)(174,90)
Out Polygon:
(46,52)(46,37)(43,37)(43,47)(34,47)(34,52)
In Polygon:
(42,165)(42,168)(38,168)(38,165)
Out Polygon:
(64,38)(64,42)(67,42)(67,38)
In Polygon:
(64,145)(57,145)(57,153)(64,153)
Out Polygon:
(0,39)(0,47)(7,47)(7,39)
In Polygon:
(19,208)(19,205)(0,205)(0,221)(2,221)(2,208)
Out Polygon:
(9,39)(9,55)(11,55)(11,42)(28,42)(28,39)
In Polygon:
(57,128)(57,125)(60,125)(60,128)
Out Polygon:
(28,39)(28,42)(31,42)(31,39)
In Polygon:
(38,85)(49,85)(49,94)(38,94)
Out Polygon:
(46,40)(46,51)(55,51)(55,40)
In Polygon:
(76,209)(76,205)(79,205)(79,209)
Out Polygon:
(31,41)(31,45)(34,45)(34,41)
In Polygon:
(133,245)(133,260)(141,260)(141,251)(152,251)(152,245)
Out Polygon:
(11,42)(11,57)(19,57)(19,48)(30,48)(30,42)
In Polygon:
(66,173)(66,165)(57,165)(57,173)
Out Polygon:
(58,43)(58,51)(67,51)(67,43)
In Polygon:
(190,232)(190,225)(194,225)(194,232)
Out Polygon:
(30,45)(30,52)(34,52)(34,45)
In Polygon:
(180,165)(180,173)(171,173)(171,165)
Out Polygon:
(0,47)(0,55)(9,55)(9,47)
In Polygon:
(23,245)(26,245)(26,253)(29,253)(29,259)(19,259)(19,249)(23,249)
Out Polygon:
(20,58)(26,58)(26,55)(34,55)(34,52)(30,52)(30,48)(20,48)
In Polygon:
(42,239)(38,239)(38,225)(42,225)(42,229)(46,229)(46,233)(42,233)
Out Polygon:
(46,51)(46,55)(52,55)(52,59)(56,59)(56,55)(60,55)(60,51)
In Polygon:
(109,92)(95,92)(95,85)(109,85)
Out Polygon:
(60,51)(60,65)(67,65)(67,51)
In Polygon:
(121,176)(125,176)(125,165)(114,165)(114,167)(121,167)
Out Polygon:
(34,52)(34,63)(36,63)(36,56)(45,56)(45,52)
In Polygon:
(157,95)(164,95)(164,85)(155,85)(155,88)(152,88)(152,91)(157,91)
Out Polygon:
(0,55)(0,64)(3,64)(3,67)(6,67)(6,62)(10,62)(10,55)
In Polygon:
(84,134)(76,134)(76,125)(84,125)
Out Polygon:
(26,55)(26,64)(34,64)(34,55)
In Polygon:
(114,145)(125,145)(125,152)(114,152)
Out Polygon:
(45,55)(45,66)(52,66)(52,55)
In Polygon:
(152,165)(152,169)(156,169)(156,165)
Out Polygon:
(56,55)(56,59)(60,59)(60,55)
In Polygon:
(171,205)(171,214)(181,214)(181,205)
Out Polygon:
(36,56)(36,66)(45,66)(45,56)
In Polygon:
(181,225)(181,233)(171,233)(171,225)
Out Polygon:
(10,57)(10,65)(20,65)(20,57)
In Polygon:
(76,105)(76,111)(81,111)(81,105)
Out Polygon:
(21,58)(21,64)(26,64)(26,58)
In Polygon:
(7,201)(12,201)(12,185)(0,185)(0,193)(7,193)
Out Polygon:
(60,71)(60,59)(52,59)(52,66)(44,66)(44,71)
In Polygon:
(38,145)(38,150)(42,150)(42,145)
Out Polygon:
(6,62)(6,67)(10,67)(10,62)
In Polygon:
(8,281)(11,281)(11,265)(0,265)(0,267)(8,267)
Out Polygon:
(20,64)(20,75)(22,75)(22,67)(36,67)(36,64)
In Polygon:
(38,190)(47,190)(47,185)(38,185)
Out Polygon:
(11,65)(11,70)(20,70)(20,65)
In Polygon:
(7,174)(0,174)(0,165)(7,165)
Out Polygon:
(60,65)(60,74)(67,74)(67,65)
In Polygon:
(133,150)(133,145)(141,145)(141,150)
Out Polygon:
(36,66)(36,71)(44,71)(44,66)
In Polygon:
(133,165)(144,165)(144,177)(133,177)
Out Polygon:
(0,67)(0,79)(11,79)(11,67)
In Polygon:
(57,185)(57,193)(71,193)(71,185)
Out Polygon:
(22,67)(22,75)(36,75)(36,67)
In Polygon:
(38,114)(47,114)(47,105)(38,105)
Out Polygon:
(11,70)(11,79)(20,79)(20,70)
In Polygon:
(38,245)(46,245)(46,249)(38,249)
Out Polygon:
(36,71)(36,75)(44,75)(44,71)
In Polygon:
(130,258)(130,245)(114,245)(114,258)
Out Polygon:
(44,71)(44,84)(60,84)(60,71)
In Polygon:
(83,253)(76,253)(76,245)(83,245)
Out Polygon:
(60,74)(60,82)(67,82)(67,74)
In Polygon:
(85,165)(76,165)(76,170)(85,170)
Out Polygon:
(39,75)(39,84)(44,84)(44,75)
In Polygon:
(178,245)(178,254)(171,254)(171,245)
Out Polygon:
(32,75)(32,84)(39,84)(39,75)
In Polygon:
(0,250)(9,250)(9,245)(0,245)
Out Polygon:
(27,75)(27,84)(32,84)(32,75)
In Polygon:
(82,185)(76,185)(76,189)(82,189)
Out Polygon:
(20,75)(20,79)(26,79)(26,75)
In Polygon:
(133,225)(139,225)(139,230)(133,230)
Out Polygon:
(21,79)(21,84)(27,84)(27,79)
In Polygon:
(19,225)(19,230)(24,230)(24,225)
Out Polygon:
(16,79)(16,84)(21,84)(21,79)
In Polygon:
(57,85)(68,85)(68,89)(57,89)
Out Polygon:
(0,79)(0,83)(11,83)(11,79)
In Polygon:
(0,105)(0,109)(4,109)(4,105)
Out Polygon:
(11,79)(11,83)(15,83)(15,79)
