In Polygon:
(169,441)(160,441)(160,425)(184,425)(184,429)(169,429)
Out Polygon:
(0,0)(0,16)(9,16)(9,4)(24,4)(24,0)
In Polygon:
(320,365)(320,399)(326,399)(326,378)(340,378)(340,365)
Out Polygon:
(24,0)(24,34)(30,34)(30,13)(44,13)(44,0)
In Polygon:
(172,290)(160,290)(160,275)(195,275)(195,282)(172,282)
Out Polygon:
(44,0)(44,15)(56,15)(56,7)(79,7)(79,0)
In Polygon:
(80,469)(80,455)(95,455)(95,493)(90,493)(90,469)
Out Polygon:
(79,0)(79,15)(93,15)(93,5)(117,5)(117,0)
In Polygon:
(301,405)(301,395)(280,395)(280,422)(287,422)(287,405)
Out Polygon:
(117,0)(117,27)(124,27)(124,10)(138,10)(138,0)
In Polygon:
(400,515)(400,540)(407,540)(407,524)(424,524)(424,515)
Out Polygon:
(138,0)(138,25)(145,25)(145,9)(162,9)(162,0)
In Polygon:
(440,403)(440,395)(456,395)(456,419)(449,419)(449,403)
Out Polygon:
(170,16)(170,0)(162,0)(162,9)(146,9)(146,16)
In Polygon:
(132,386)(137,386)(137,377)(143,377)(143,365)(120,365)(120,377)(132,377)
Out Polygon:
(21,4)(9,4)(9,16)(0,16)(0,21)(9,21)(9,27)(21,27)
In Polygon:
(474,245)(440,245)(440,247)(463,247)(463,259)(474,259)
Out Polygon:
(23,38)(23,4)(21,4)(21,27)(9,27)(9,38)
In Polygon:
(485,478)(498,478)(498,455)(485,455)(485,462)(480,462)(480,467)(485,467)
Out Polygon:
(93,5)(93,18)(100,18)(100,23)(105,23)(105,18)(116,18)(116,5)
In Polygon:
(90,362)(80,362)(80,335)(90,335)(90,343)(97,343)(97,350)(90,350)
Out Polygon:
(69,34)(79,34)(79,22)(86,22)(86,15)(79,15)(79,7)(69,7)
In Polygon:
(400,215)(435,215)(435,216)(414,216)(414,225)(400,225)
Out Polygon:
(66,7)(56,7)(56,21)(65,21)(65,42)(66,42)
In Polygon:
(288,308)(280,308)(280,305)(288,305)
Out Polygon:
(66,7)(66,15)(69,15)(69,7)
In Polygon:
(0,387)(0,376)(3,376)(3,365)(9,365)(9,402)(3,402)(3,387)
Out Polygon:
(132,47)(138,47)(138,36)(141,36)(141,25)(138,25)(138,10)(132,10)
In Polygon:
(120,305)(120,322)(128,322)(128,305)
Out Polygon:
(124,10)(124,27)(132,27)(132,10)
In Polygon:
(14,308)(14,275)(11,275)(11,295)(0,295)(0,308)
Out Polygon:
(30,13)(30,46)(33,46)(33,26)(44,26)(44,13)
In Polygon:
(89,185)(86,185)(86,189)(80,189)(80,194)(98,194)(98,189)(89,189)
Out Polygon:
(51,33)(56,33)(56,24)(60,24)(60,21)(56,21)(56,15)(51,15)
In Polygon:
(120,556)(133,556)(133,555)(122,555)(122,545)(120,545)
Out Polygon:
(45,28)(45,15)(44,15)(44,26)(34,26)(34,28)
In Polygon:
(218,305)(200,305)(200,307)(213,307)(213,318)(218,318)
Out Polygon:
(47,33)(47,15)(45,15)(45,28)(34,28)(34,33)
In Polygon:
(490,309)(490,305)(480,305)(480,309)
Out Polygon:
(47,15)(47,25)(51,25)(51,15)
In Polygon:
(0,185)(0,193)(3,193)(3,185)
Out Polygon:
(66,15)(66,23)(69,23)(69,15)
In Polygon:
(120,282)(136,282)(136,275)(120,275)
Out Polygon:
(86,15)(86,31)(93,31)(93,15)
In Polygon:
(400,191)(400,185)(429,185)(429,205)(419,205)(419,191)
Out Polygon:
(145,16)(145,45)(151,45)(151,26)(165,26)(165,16)
In Polygon:
(63,519)(63,525)(40,525)(40,519)(47,519)(47,515)(53,515)(53,519)
Out Polygon:
(171,16)(165,16)(165,26)(161,26)(161,32)(165,32)(165,39)(171,39)
In Polygon:
(327,438)(327,425)(320,425)(320,438)
Out Polygon:
(93,18)(93,31)(100,31)(100,18)
In Polygon:
(455,350)(463,350)(463,335)(440,335)(440,341)(455,341)
Out Polygon:
(109,33)(132,33)(132,27)(117,27)(117,18)(109,18)
In Polygon:
(160,305)(181,305)(181,309)(166,309)(166,321)(160,321)
Out Polygon:
(105,39)(121,39)(121,33)(109,33)(109,18)(105,18)
In Polygon:
(283,473)(280,473)(280,455)(300,455)(300,462)(283,462)
Out Polygon:
(2,41)(20,41)(20,38)(9,38)(9,21)(2,21)
In Polygon:
(49,277)(40,277)(40,275)(49,275)
Out Polygon:
(0,21)(0,30)(2,30)(2,21)
In Polygon:
(80,527)(85,527)(85,515)(80,515)
Out Polygon:
(60,21)(60,33)(65,33)(65,21)
In Polygon:
(480,369)(480,375)(497,375)(497,369)(492,369)(492,365)(489,365)(489,369)
Out Polygon:
(80,39)(86,39)(86,34)(90,34)(90,31)(86,31)(86,22)(80,22)
In Polygon:
(215,335)(200,335)(200,336)(212,336)(212,345)(215,345)
Out Polygon:
(80,37)(80,22)(79,22)(79,34)(70,34)(70,37)
In Polygon:
(280,221)(280,215)(283,215)(283,221)
Out Polygon:
(66,23)(66,29)(69,29)(69,23)
In Polygon:
(303,503)(303,485)(296,485)(296,498)(280,498)(280,503)
Out Polygon:
(100,46)(118,46)(118,39)(105,39)(105,23)(100,23)
In Polygon:
(80,315)(80,311)(81,311)(81,305)(84,305)(84,324)(81,324)(81,315)
Out Polygon:
(57,43)(60,43)(60,37)(61,37)(61,33)(60,33)(60,24)(57,24)
In Polygon:
(324,515)(324,528)(320,528)(320,515)
Out Polygon:
(47,25)(47,38)(51,38)(51,25)
In Polygon:
(484,406)(480,406)(480,395)(484,395)
Out Polygon:
(141,25)(141,36)(145,36)(145,25)
In Polygon:
(320,504)(320,485)(321,485)(321,499)(330,499)(330,504)
Out Polygon:
(161,26)(151,26)(151,31)(160,31)(160,45)(161,45)
In Polygon:
(480,245)(480,251)(483,251)(483,245)
Out Polygon:
(66,29)(66,35)(69,35)(69,29)
In Polygon:
(453,529)(440,529)(440,527)(451,527)(451,515)(453,515)
Out Polygon:
(0,43)(14,43)(14,41)(2,41)(2,30)(0,30)
In Polygon:
(105,365)(105,387)(97,387)(97,372)(80,372)(80,365)
Out Polygon:
(92,53)(117,53)(117,46)(100,46)(100,31)(92,31)
In Polygon:
(400,293)(400,295)(426,295)(426,275)(422,275)(422,293)
Out Polygon:
(90,57)(110,57)(110,53)(92,53)(92,31)(90,31)
In Polygon:
(400,485)(400,499)(409,499)(409,485)
Out Polygon:
(151,31)(151,45)(160,45)(160,31)
In Polygon:
(93,485)(80,485)(80,489)(93,489)
Out Polygon:
(161,32)(161,45)(165,45)(165,32)
In Polygon:
(200,425)(200,458)(202,458)(202,439)(214,439)(214,425)
Out Polygon:
(33,33)(33,66)(35,66)(35,47)(47,47)(47,33)
In Polygon:
(43,380)(48,380)(48,365)(43,365)(43,370)(40,370)(40,372)(43,372)
Out Polygon:
(56,33)(51,33)(51,38)(48,38)(48,40)(51,40)(51,48)(56,48)
In Polygon:
(366,459)(366,455)(360,455)(360,459)
Out Polygon:
(61,33)(61,39)(65,39)(65,33)
In Polygon:
(40,263)(40,245)(41,245)(41,259)(51,259)(51,263)
Out Polygon:
(132,33)(121,33)(121,37)(131,37)(131,51)(132,51)
In Polygon:
(167,515)(167,527)(160,527)(160,515)
Out Polygon:
(23,34)(23,46)(30,46)(30,34)
In Polygon:
(120,189)(120,185)(123,185)(123,189)
Out Polygon:
(86,34)(86,37)(90,37)(90,34)
In Polygon:
(360,342)(360,335)(362,335)(362,342)
Out Polygon:
(66,35)(66,42)(68,42)(68,35)
In Polygon:
(7,215)(0,215)(0,217)(7,217)
Out Polygon:
(68,35)(68,42)(70,42)(70,35)
In Polygon:
(124,425)(120,425)(120,440)(139,440)(139,434)(124,434)
Out Polygon:
(141,51)(160,51)(160,45)(145,45)(145,36)(141,36)
In Polygon:
(40,215)(40,221)(43,221)(43,215)
Out Polygon:
(138,36)(138,42)(141,42)(141,36)
In Polygon:
(80,399)(80,409)(95,409)(95,399)(90,399)(90,395)(87,395)(87,399)
Out Polygon:
(80,37)(70,37)(70,42)(66,42)(66,45)(70,45)(70,52)(80,52)
In Polygon:
(200,485)(200,499)(210,499)(210,485)
Out Polygon:
(121,37)(121,51)(131,51)(131,37)
In Polygon:
(200,515)(205,515)(205,525)(200,525)
Out Polygon:
(60,39)(60,49)(65,49)(65,39)
In Polygon:
(377,493)(377,485)(360,485)(360,506)(367,506)(367,493)
Out Polygon:
(87,60)(87,39)(80,39)(80,52)(70,52)(70,60)
In Polygon:
(246,335)(246,341)(240,341)(240,335)
Out Polygon:
(165,39)(165,45)(171,45)(171,39)
In Polygon:
(86,275)(95,275)(95,291)(86,291)(86,286)(80,286)(80,284)(86,284)
Out Polygon:
(14,57)(23,57)(23,48)(29,48)(29,46)(23,46)(23,41)(14,41)
In Polygon:
(494,287)(494,295)(480,295)(480,275)(487,275)(487,287)
Out Polygon:
(14,43)(0,43)(0,51)(7,51)(7,63)(14,63)
In Polygon:
(240,245)(261,245)(261,250)(246,250)(246,264)(240,264)
Out Polygon:
(65,66)(84,66)(84,60)(70,60)(70,45)(65,45)
In Polygon:
(420,344)(420,335)(400,335)(400,344)(406,344)(406,351)(410,351)(410,344)
Out Polygon:
(169,45)(160,45)(160,51)(153,51)(153,55)(160,55)(160,65)(169,65)
In Polygon:
(320,254)(320,245)(335,245)(335,269)(328,269)(328,254)
Out Polygon:
(50,47)(35,47)(35,56)(43,56)(43,71)(50,71)
In Polygon:
(409,455)(409,480)(400,480)(400,455)
Out Polygon:
(132,47)(132,72)(141,72)(141,47)
In Polygon:
(450,383)(440,383)(440,365)(450,365)
Out Polygon:
(23,48)(23,66)(33,66)(33,48)
In Polygon:
(360,226)(370,226)(370,215)(360,215)
Out Polygon:
(50,48)(50,59)(60,59)(60,48)
In Polygon:
(127,527)(127,522)(125,522)(125,515)(120,515)(120,537)(125,537)(125,527)
Out Polygon:
(65,49)(60,49)(60,59)(58,59)(58,64)(60,64)(60,71)(65,71)
In Polygon:
(327,289)(320,289)(320,275)(327,275)
Out Polygon:
(0,51)(0,65)(7,65)(7,51)
In Polygon:
(453,470)(461,470)(461,455)(440,455)(440,462)(453,462)
Out Polygon:
(117,51)(117,72)(124,72)(124,59)(132,59)(132,51)
In Polygon:
(240,545)(240,565)(242,565)(242,550)(252,550)(252,545)
Out Polygon:
(141,51)(141,71)(143,71)(143,56)(153,56)(153,51)
In Polygon:
(40,185)(40,196)(47,196)(47,185)
Out Polygon:
(110,53)(110,64)(117,64)(117,53)
In Polygon:
(200,466)(213,466)(213,465)(202,465)(202,455)(200,455)
Out Polygon:
(158,66)(171,66)(171,65)(160,65)(160,55)(158,55)
In Polygon:
(280,379)(280,365)(283,365)(283,376)(295,376)(295,379)
Out Polygon:
(155,69)(170,69)(170,66)(158,66)(158,55)(155,55)
In Polygon:
(440,433)(455,433)(455,425)(440,425)
Out Polygon:
(35,56)(35,71)(43,71)(43,56)
In Polygon:
(120,411)(120,395)(122,395)(122,408)(134,408)(134,411)
Out Polygon:
(153,72)(167,72)(167,69)(155,69)(155,56)(153,56)
In Polygon:
(480,193)(480,185)(494,185)(494,209)(489,209)(489,193)
Out Polygon:
(148,80)(162,80)(162,72)(153,72)(153,56)(148,56)
In Polygon:
(485,335)(485,341)(480,341)(480,335)
Out Polygon:
(143,56)(143,62)(148,62)(148,56)
In Polygon:
(280,524)(289,524)(289,515)(280,515)
Out Polygon:
(14,57)(14,66)(23,66)(23,57)
In Polygon:
(240,496)(240,500)(245,500)(245,506)(258,506)(258,485)(245,485)(245,496)
Out Polygon:
(87,57)(87,70)(98,70)(98,75)(102,75)(102,70)(108,70)(108,57)
In Polygon:
(12,533)(20,533)(20,515)(0,515)(0,521)(12,521)
Out Polygon:
(56,79)(56,59)(50,59)(50,71)(38,71)(38,79)
In Polygon:
(413,253)(400,253)(400,245)(413,245)
Out Polygon:
(124,59)(124,72)(132,72)(132,59)
In Polygon:
(160,335)(160,340)(165,340)(165,335)
Out Polygon:
(143,62)(143,67)(148,67)(148,62)
In Polygon:
(447,305)(447,315)(440,315)(440,305)
Out Polygon:
(7,63)(7,73)(14,73)(14,63)
In Polygon:
(160,365)(160,385)(162,385)(162,370)(174,370)(174,365)
Out Polygon:
(58,84)(58,64)(56,64)(56,79)(44,79)(44,84)
In Polygon:
(44,305)(40,305)(40,322)(60,322)(60,313)(44,313)
Out Polygon:
(113,81)(133,81)(133,72)(117,72)(117,64)(113,64)
In Polygon:
(0,308)(0,315)(14,315)(14,308)(9,308)(9,305)(8,305)(8,308)
Out Polygon:
(0,79)(7,79)(7,74)(10,74)(10,73)(7,73)(7,65)(0,65)
In Polygon:
(265,403)(265,395)(240,395)(240,416)(246,416)(246,403)
Out Polygon:
(35,66)(14,66)(14,72)(27,72)(27,91)(35,91)
In Polygon:
(265,275)(240,275)(240,281)(256,281)(256,295)(265,295)
Out Polygon:
(65,66)(65,91)(71,91)(71,75)(85,75)(85,66)
In Polygon:
(120,455)(120,480)(133,480)(133,455)
Out Polygon:
(85,70)(85,95)(98,95)(98,70)
In Polygon:
(51,455)(56,455)(56,459)(63,459)(63,470)(40,470)(40,459)(51,459)
Out Polygon:
(102,93)(113,93)(113,86)(117,86)(117,81)(113,81)(113,70)(102,70)
In Polygon:
(360,305)(379,305)(379,308)(365,308)(365,321)(360,321)
Out Polygon:
(63,87)(63,71)(58,71)(58,84)(44,84)(44,87)
In Polygon:
(367,185)(360,185)(360,195)(367,195)
Out Polygon:
(141,71)(141,81)(148,81)(148,71)
In Polygon:
(240,185)(261,185)(261,198)(240,198)
Out Polygon:
(14,72)(14,93)(27,93)(27,72)
In Polygon:
(120,223)(120,215)(129,215)(129,223)
Out Polygon:
(133,72)(133,81)(141,81)(141,72)
In Polygon:
(368,260)(360,260)(360,245)(368,245)(368,250)(375,250)(375,252)(368,252)
Out Polygon:
(170,72)(162,72)(162,80)(155,80)(155,82)(162,82)(162,87)(170,87)
In Polygon:
(287,545)(280,545)(280,555)(287,555)
Out Polygon:
(7,74)(7,84)(14,84)(14,74)
In Polygon:
(206,204)(200,204)(200,185)(226,185)(226,192)(206,192)
Out Polygon:
(78,101)(97,101)(97,95)(85,95)(85,75)(78,75)
In Polygon:
(440,493)(440,485)(447,485)(447,493)
Out Polygon:
(71,75)(71,83)(78,83)(78,75)
In Polygon:
(88,545)(80,545)(80,552)(88,552)
Out Polygon:
(0,79)(0,87)(7,87)(7,79)
In Polygon:
(212,254)(200,254)(200,245)(212,245)
Out Polygon:
(35,79)(35,91)(44,91)(44,79)
In Polygon:
(400,395)(407,395)(407,401)(400,401)
Out Polygon:
(148,80)(148,86)(155,86)(155,80)
In Polygon:
(211,275)(206,275)(206,285)(200,285)(200,295)(220,295)(220,283)(211,283)
Out Polygon:
(117,81)(117,93)(126,93)(126,101)(131,101)(131,91)(137,91)(137,81)
In Polygon:
(371,395)(360,395)(360,413)(371,413)
Out Polygon:
(137,81)(137,99)(148,99)(148,81)
In Polygon:
(440,185)(440,209)(446,209)(446,185)
Out Polygon:
(156,82)(156,106)(162,106)(162,82)
In Polygon:
(160,191)(160,185)(168,185)(168,191)
Out Polygon:
(71,83)(71,91)(77,91)(77,83)
In Polygon:
(80,245)(80,259)(86,259)(86,245)
Out Polygon:
(8,84)(8,98)(14,98)(14,84)
In Polygon:
(0,440)(0,425)(8,425)(8,440)
Out Polygon:
(148,86)(148,101)(156,101)(156,86)
In Polygon:
(240,365)(240,376)(248,376)(248,365)
Out Polygon:
(0,87)(0,98)(8,98)(8,87)
In Polygon:
(258,449)(258,461)(240,461)(240,425)(242,425)(242,449)
Out Polygon:
(62,87)(44,87)(44,99)(60,99)(60,123)(62,123)
In Polygon:
(40,545)(40,556)(49,556)(49,545)
Out Polygon:
(162,87)(162,98)(171,98)(171,87)
In Polygon:
(120,253)(120,245)(137,245)(137,284)(133,284)(133,253)
Out Polygon:
(44,91)(27,91)(27,99)(40,99)(40,130)(44,130)
In Polygon:
(16,567)(16,545)(12,545)(12,561)(0,561)(0,567)
Out Polygon:
(62,91)(62,113)(66,113)(66,97)(78,97)(78,91)
In Polygon:
(80,215)(80,221)(92,221)(92,215)
Out Polygon:
(131,91)(131,103)(137,103)(137,91)
In Polygon:
(0,472)(0,455)(13,455)(13,472)
Out Polygon:
(14,93)(14,110)(27,110)(27,93)
In Polygon:
(16,363)(20,363)(20,335)(0,335)(0,344)(16,344)
Out Polygon:
(98,93)(98,113)(107,113)(107,97)(126,97)(126,93)
In Polygon:
(400,365)(400,377)(412,377)(412,365)
Out Polygon:
(66,97)(66,109)(78,109)(78,97)
In Polygon:
(66,485)(40,485)(40,490)(58,490)(58,504)(66,504)
Out Polygon:
(107,97)(107,123)(112,123)(112,105)(126,105)(126,97)
In Polygon:
(240,234)(254,234)(254,229)(243,229)(243,215)(240,215)
Out Polygon:
(14,98)(0,98)(0,103)(11,103)(11,117)(14,117)
In Polygon:
(440,215)(440,223)(449,223)(449,215)
Out Polygon:
(162,98)(162,106)(171,106)(171,98)
In Polygon:
(240,515)(253,515)(253,531)(240,531)
Out Polygon:
(27,99)(27,115)(40,115)(40,99)
In Polygon:
(336,551)(336,545)(320,545)(320,565)(322,565)(322,551)
Out Polygon:
(44,99)(44,119)(46,119)(46,105)(60,105)(60,99)
In Polygon:
(40,395)(51,395)(51,409)(40,409)
Out Polygon:
(137,99)(137,113)(148,113)(148,99)
In Polygon:
(297,425)(300,425)(300,449)(280,449)(280,443)(297,443)
Out Polygon:
(78,101)(78,125)(81,125)(81,107)(98,107)(98,101)
In Polygon:
(328,305)(328,317)(320,317)(320,305)
Out Polygon:
(148,101)(148,113)(156,113)(156,101)
In Polygon:
(400,437)(411,437)(411,425)(400,425)
Out Polygon:
(0,103)(0,115)(11,115)(11,103)
In Polygon:
(372,286)(360,286)(360,275)(372,275)
Out Polygon:
(126,103)(126,115)(137,115)(137,103)
In Polygon:
(502,439)(480,439)(480,425)(502,425)
Out Polygon:
(46,105)(46,127)(60,127)(60,105)
In Polygon:
(480,485)(499,485)(499,499)(480,499)
Out Polygon:
(112,105)(112,124)(126,124)(126,105)
In Polygon:
(160,410)(184,410)(184,395)(160,395)
Out Polygon:
(156,106)(156,130)(171,130)(171,106)
In Polygon:
(377,431)(377,425)(360,425)(360,445)(362,445)(362,431)
Out Polygon:
(81,107)(81,127)(83,127)(83,113)(98,113)(98,107)
In Polygon:
(172,545)(160,545)(160,553)(172,553)
Out Polygon:
(66,109)(66,117)(78,117)(78,109)
In Polygon:
(170,215)(170,225)(160,225)(160,215)
Out Polygon:
(14,110)(14,120)(24,120)(24,110)
In Polygon:
(360,520)(360,515)(379,515)(379,535)(374,535)(374,520)
Out Polygon:
(83,113)(83,132)(88,132)(88,118)(103,118)(103,113)
In Polygon:
(338,232)(340,232)(340,215)(320,215)(320,220)(338,220)
Out Polygon:
(137,113)(137,133)(142,133)(142,115)(154,115)(154,113)
In Polygon:
(11,395)(11,404)(0,404)(0,395)
Out Polygon:
(0,115)(0,124)(11,124)(11,115)
In Polygon:
(400,305)(400,321)(415,321)(415,305)
Out Polygon:
(24,115)(24,130)(40,130)(40,115)
In Polygon:
(451,284)(440,284)(440,275)(451,275)
Out Polygon:
(126,115)(126,124)(137,124)(137,115)
In Polygon:
(379,379)(360,379)(360,365)(379,365)
Out Polygon:
(142,115)(142,134)(156,134)(156,115)
In Polygon:
(56,425)(40,425)(40,439)(56,439)
Out Polygon:
(62,117)(62,131)(78,131)(78,117)
In Polygon:
(204,215)(200,215)(200,232)(221,232)(221,229)(204,229)
Out Polygon:
(88,118)(88,139)(91,139)(91,122)(105,122)(105,118)
In Polygon:
(170,455)(160,455)(160,464)(170,464)
Out Polygon:
(15,120)(15,130)(24,130)(24,120)
In Polygon:
(296,275)(296,301)(280,301)(280,275)
Out Polygon:
(91,122)(91,148)(107,148)(107,122)
In Polygon:
(240,320)(263,320)(263,305)(240,305)
Out Polygon:
(0,124)(0,147)(15,147)(15,124)
In Polygon:
(80,435)(80,425)(89,425)(89,435)
Out Polygon:
(127,124)(127,133)(137,133)(137,124)
In Polygon:
(307,205)(280,205)(280,185)(307,185)
Out Polygon:
(107,124)(107,151)(127,151)(127,124)
In Polygon:
(480,533)(480,515)(502,515)(502,533)
Out Polygon:
(44,127)(44,149)(62,149)(62,127)
In Polygon:
(200,395)(200,413)(219,413)(219,395)
Out Polygon:
(26,130)(26,149)(44,149)(44,130)
In Polygon:
(160,256)(168,256)(168,245)(160,245)
Out Polygon:
(15,130)(15,138)(26,138)(26,130)
In Polygon:
(259,455)(240,455)(240,470)(259,470)
Out Polygon:
(156,130)(156,149)(171,149)(171,130)
In Polygon:
(298,335)(298,352)(280,352)(280,335)
Out Polygon:
(62,131)(62,149)(79,149)(79,131)
In Polygon:
(320,185)(328,185)(328,196)(320,196)
Out Polygon:
(79,132)(79,143)(87,143)(87,132)
In Polygon:
(58,350)(58,335)(40,335)(40,350)
Out Polygon:
(127,133)(127,151)(142,151)(142,133)
In Polygon:
(480,232)(480,215)(494,215)(494,232)
Out Polygon:
(142,134)(142,151)(156,151)(156,134)
In Polygon:
(331,341)(331,335)(320,335)(320,341)
Out Polygon:
(20,138)(20,149)(26,149)(26,138)
In Polygon:
(200,551)(200,545)(211,545)(211,551)
Out Polygon:
(79,143)(79,149)(90,149)(90,143)
In Polygon:
(20,245)(0,245)(0,267)(20,267)
Out Polygon:
(0,147)(0,169)(20,169)(20,147)
In Polygon:
(17,505)(17,485)(0,485)(0,505)
Out Polygon:
(90,148)(90,168)(107,168)(107,148)
In Polygon:
(120,335)(120,355)(140,355)(140,335)
Out Polygon:
(20,149)(20,169)(40,169)(40,149)
In Polygon:
(136,504)(120,504)(120,485)(136,485)
Out Polygon:
(74,149)(74,168)(90,168)(90,149)
In Polygon:
(200,365)(200,388)(219,388)(219,365)
Out Polygon:
(51,149)(51,168)(74,168)(74,149)
In Polygon:
(280,245)(288,245)(288,253)(280,253)
Out Polygon:
(40,149)(40,157)(48,157)(48,149)
In Polygon:
(337,477)(337,455)(320,455)(320,477)
Out Polygon:
(107,151)(107,168)(129,168)(129,151)
In Polygon:
(160,485)(160,501)(176,501)(176,485)
Out Polygon:
(155,151)(155,167)(171,167)(171,151)
In Polygon:
(320,395)(336,395)(336,416)(320,416)
Out Polygon:
(134,151)(134,167)(155,167)(155,151)
