In Polygon:
(8,286)(12,286)(12,300)(0,300)(0,297)(8,297)
Out Polygon:
(0,0)(0,14)(4,14)(4,3)(12,3)(12,0)
In Polygon:
(47,194)(47,204)(46,204)(46,195)(38,195)(38,194)
Out Polygon:
(12,0)(12,9)(13,9)(13,1)(22,1)(22,0)
In Polygon:
(14,263)(14,269)(0,269)(0,263)(5,263)(5,265)(7,265)(7,263)
Out Polygon:
(22,0)(22,6)(29,6)(29,4)(31,4)(31,6)(36,6)(36,0)
In Polygon:
(178,217)(176,217)(176,218)(171,218)(171,225)(184,225)(184,218)(178,218)
Out Polygon:
(43,0)(36,0)(36,6)(35,6)(35,8)(36,8)(36,13)(43,13)
In Polygon:
(45,312)(43,312)(43,312)(38,312)(38,309)(52,309)(52,312)(45,312)
Out Polygon:
(43,0)(43,14)(46,14)(46,9)(46,9)(46,7)(46,7)(46,0)
In Polygon:
(209,249)(220,249)(220,248)(211,248)(211,240)(209,240)
Out Polygon:
(13,1)(13,12)(14,12)(14,3)(22,3)(22,1)
In Polygon:
(8,407)(8,401)(0,401)(0,407)
Out Polygon:
(4,3)(4,9)(12,9)(12,3)
In Polygon:
(153,355)(160,355)(160,365)(153,365)(153,362)(152,362)(152,361)(153,361)
Out Polygon:
(15,13)(22,13)(22,7)(23,7)(23,6)(22,6)(22,3)(15,3)
In Polygon:
(153,194)(153,200)(152,200)(152,194)
Out Polygon:
(14,3)(14,9)(15,9)(15,3)
In Polygon:
(209,171)(211,171)(211,173)(209,173)
Out Polygon:
(29,4)(29,6)(31,6)(31,4)
In Polygon:
(38,222)(50,222)(50,217)(38,217)
Out Polygon:
(46,4)(46,16)(51,16)(51,4)
In Polygon:
(29,413)(31,413)(31,401)(19,401)(19,404)(29,404)
Out Polygon:
(23,6)(23,18)(26,18)(26,8)(35,8)(35,6)
In Polygon:
(125,273)(114,273)(114,272)(124,272)(124,263)(125,263)
Out Polygon:
(36,8)(26,8)(26,9)(35,9)(35,19)(36,19)
In Polygon:
(171,341)(187,341)(187,340)(175,340)(175,332)(171,332)
Out Polygon:
(4,9)(4,25)(5,25)(5,13)(13,13)(13,9)
In Polygon:
(95,125)(104,125)(104,131)(95,131)
Out Polygon:
(26,9)(26,18)(32,18)(32,9)
In Polygon:
(44,335)(38,335)(38,332)(44,332)
Out Polygon:
(32,9)(32,15)(35,15)(35,9)
In Polygon:
(62,263)(62,265)(57,265)(57,263)
Out Polygon:
(13,12)(13,17)(15,17)(15,12)
In Polygon:
(45,378)(45,386)(38,386)(38,378)
Out Polygon:
(5,13)(5,20)(13,20)(13,13)
In Polygon:
(228,178)(233,178)(233,171)(228,171)
Out Polygon:
(16,13)(16,18)(23,18)(23,13)
In Polygon:
(159,384)(159,378)(152,378)(152,384)
Out Polygon:
(36,13)(36,19)(43,19)(43,13)
In Polygon:
(114,240)(117,240)(117,244)(114,244)
Out Polygon:
(0,14)(0,17)(4,17)(4,14)
In Polygon:
(76,217)(81,217)(81,220)(76,220)
Out Polygon:
(43,14)(43,19)(46,19)(46,14)
In Polygon:
(152,286)(152,289)(158,289)(158,286)
Out Polygon:
(32,15)(32,21)(35,21)(35,15)
In Polygon:
(233,131)(228,131)(228,125)(233,125)
Out Polygon:
(46,16)(46,22)(51,22)(51,16)
In Polygon:
(23,177)(23,171)(19,171)(19,177)
Out Polygon:
(0,17)(0,23)(4,23)(4,17)
In Polygon:
(152,178)(154,178)(154,171)(152,171)
Out Polygon:
(13,17)(13,24)(15,24)(15,17)
In Polygon:
(144,140)(144,125)(142,125)(142,137)(133,137)(133,140)
Out Polygon:
(21,18)(21,33)(23,33)(23,21)(32,21)(32,18)
In Polygon:
(234,292)(228,292)(228,286)(234,286)
Out Polygon:
(15,18)(15,24)(21,24)(21,18)
In Polygon:
(125,205)(114,205)(114,194)(125,194)
Out Polygon:
(35,19)(35,30)(46,30)(46,19)
In Polygon:
(0,177)(0,171)(7,171)(7,177)
Out Polygon:
(5,20)(5,27)(11,27)(11,20)
In Polygon:
(10,378)(12,378)(12,391)(0,391)(0,389)(10,389)
Out Polygon:
(23,21)(23,34)(25,34)(25,23)(35,23)(35,21)
In Polygon:
(27,355)(19,355)(19,368)(37,368)(37,362)(27,362)
Out Polygon:
(27,36)(45,36)(45,30)(35,30)(35,23)(27,23)
In Polygon:
(171,247)(177,247)(177,240)(171,240)
Out Polygon:
(15,24)(15,31)(21,31)(21,24)
In Polygon:
(243,263)(228,263)(228,275)(243,275)
Out Polygon:
(0,27)(0,39)(15,39)(15,27)
In Polygon:
(38,125)(38,131)(45,131)(45,125)
Out Polygon:
(45,30)(45,37)(51,37)(51,30)
In Polygon:
(125,378)(125,394)(114,394)(114,378)
Out Polygon:
(15,34)(15,50)(26,50)(26,34)
In Polygon:
(228,231)(228,217)(239,217)(239,231)
Out Polygon:
(26,36)(26,50)(37,50)(37,36)
In Polygon:
(222,230)(222,217)(209,217)(209,230)
Out Polygon:
(37,37)(37,50)(50,50)(50,37)
In Polygon:
(15,205)(0,205)(0,194)(15,194)
Out Polygon:
(0,39)(0,50)(15,50)(15,39)
