In Polygon:
(72,171)(72,161)(57,161)(57,170)(62,170)(62,176)(66,176)(66,171)
Out Polygon:
(0,0)(0,9)(5,9)(5,15)(9,15)(9,10)(15,10)(15,0)
In Polygon:
(76,203)(76,199)(85,199)(85,217)(81,217)(81,203)
Out Polygon:
(15,0)(15,9)(19,9)(19,4)(33,4)(33,0)
In Polygon:
(25,161)(19,161)(19,176)(37,176)(37,173)(25,173)
Out Polygon:
(33,0)(33,18)(36,18)(36,6)(48,6)(48,0)
In Polygon:
(5,218)(0,218)(0,233)(11,233)(11,230)(5,230)
Out Polygon:
(51,11)(51,0)(48,0)(48,6)(36,6)(36,11)
In Polygon:
(56,90)(56,95)(38,95)(38,85)(45,85)(45,90)
Out Polygon:
(56,18)(56,0)(51,0)(51,11)(46,11)(46,18)
In Polygon:
(127,199)(132,199)(132,210)(114,210)(114,205)(127,205)
Out Polygon:
(30,4)(19,4)(19,9)(25,9)(25,22)(30,22)
In Polygon:
(98,199)(95,199)(95,208)(98,208)
Out Polygon:
(30,4)(30,13)(33,13)(33,4)
In Polygon:
(152,85)(158,85)(158,90)(152,90)
Out Polygon:
(0,9)(0,15)(5,15)(5,9)
In Polygon:
(72,241)(72,240)(65,240)(65,237)(57,237)(57,246)(66,246)(66,241)
Out Polygon:
(15,9)(15,18)(20,18)(20,24)(21,24)(21,17)(24,17)(24,9)
In Polygon:
(19,85)(19,86)(27,86)(27,85)
Out Polygon:
(24,9)(24,17)(25,17)(25,9)
In Polygon:
(24,199)(19,199)(19,215)(24,215)(24,210)(27,210)(27,206)(24,206)
Out Polygon:
(14,10)(9,10)(9,15)(6,15)(6,19)(9,19)(9,26)(14,26)
In Polygon:
(96,161)(95,161)(95,169)(96,169)
Out Polygon:
(14,10)(14,18)(15,18)(15,10)
In Polygon:
(19,189)(19,185)(21,185)(21,180)(26,180)(26,196)(21,196)(21,189)
Out Polygon:
(41,27)(46,27)(46,22)(48,22)(48,18)(46,18)(46,11)(41,11)
In Polygon:
(95,92)(95,85)(100,85)(100,92)
Out Polygon:
(36,11)(36,18)(41,18)(41,11)
In Polygon:
(76,239)(76,237)(81,237)(81,239)
Out Polygon:
(31,13)(31,18)(33,18)(33,13)
In Polygon:
(24,238)(24,237)(19,237)(19,238)
Out Polygon:
(30,13)(30,18)(31,18)(31,13)
In Polygon:
(138,94)(139,94)(139,91)(143,91)(143,85)(133,85)(133,91)(138,91)
Out Polygon:
(0,25)(6,25)(6,20)(9,20)(9,19)(6,19)(6,15)(0,15)
In Polygon:
(5,142)(6,142)(6,144)(9,144)(9,148)(0,148)(0,144)(5,144)
Out Polygon:
(21,26)(25,26)(25,23)(27,23)(27,22)(25,22)(25,17)(21,17)
In Polygon:
(135,199)(140,199)(140,217)(135,217)(135,212)(133,212)(133,207)(135,207)
Out Polygon:
(19,18)(14,18)(14,26)(12,26)(12,31)(14,31)(14,36)(19,36)
In Polygon:
(114,143)(114,142)(120,142)(120,143)
Out Polygon:
(19,18)(19,24)(20,24)(20,18)
In Polygon:
(8,141)(11,141)(11,123)(0,123)(0,130)(8,130)
Out Polygon:
(41,18)(30,18)(30,25)(38,25)(38,36)(41,36)
In Polygon:
(27,142)(19,142)(19,150)(26,150)(26,160)(27,160)
Out Polygon:
(56,18)(48,18)(48,26)(55,26)(55,36)(56,36)
In Polygon:
(57,220)(57,223)(73,223)(73,220)(68,220)(68,218)(64,218)(64,220)
Out Polygon:
(9,20)(6,20)(6,25)(4,25)(4,29)(6,29)(6,36)(9,36)
In Polygon:
(96,107)(95,107)(95,104)(96,104)
Out Polygon:
(27,22)(27,23)(30,23)(30,22)
In Polygon:
(38,161)(38,163)(42,163)(42,161)
Out Polygon:
(46,22)(46,26)(48,26)(48,22)
In Polygon:
(76,108)(76,113)(85,113)(85,108)(82,108)(82,104)(81,104)(81,108)
Out Polygon:
(30,23)(25,23)(25,26)(21,26)(21,27)(25,27)(25,32)(30,32)
In Polygon:
(152,161)(154,161)(154,167)(152,167)
Out Polygon:
(19,24)(19,30)(21,30)(21,24)
In Polygon:
(95,222)(95,218)(99,218)(99,222)
Out Polygon:
(0,25)(0,29)(4,29)(4,25)
In Polygon:
(8,85)(0,85)(0,88)(7,88)(7,97)(8,97)
Out Polygon:
(38,25)(30,25)(30,28)(37,28)(37,37)(38,37)
In Polygon:
(61,123)(61,126)(57,126)(57,123)
Out Polygon:
(9,26)(9,30)(12,30)(12,26)
In Polygon:
(47,148)(47,152)(38,152)(38,142)(42,142)(42,148)
Out Polygon:
(55,26)(46,26)(46,30)(51,30)(51,36)(55,36)
In Polygon:
(28,108)(19,108)(19,104)(28,104)
Out Polygon:
(21,27)(21,36)(25,36)(25,27)
In Polygon:
(100,185)(102,185)(102,184)(105,184)(105,180)(95,180)(95,184)(100,184)
Out Polygon:
(42,37)(46,37)(46,32)(47,32)(47,30)(46,30)(46,27)(42,27)
In Polygon:
(4,181)(0,181)(0,180)(4,180)
Out Polygon:
(41,27)(41,31)(42,31)(42,27)
In Polygon:
(7,161)(7,170)(6,170)(6,162)(0,162)(0,161)
Out Polygon:
(37,28)(30,28)(30,29)(36,29)(36,37)(37,37)
In Polygon:
(121,167)(121,161)(114,161)(114,167)
Out Polygon:
(0,29)(0,36)(6,36)(6,29)
In Polygon:
(84,161)(76,161)(76,167)(84,167)
Out Polygon:
(30,29)(30,37)(36,37)(36,29)
In Polygon:
(0,104)(9,104)(9,105)(1,105)(1,111)(0,111)
Out Polygon:
(10,37)(10,30)(9,30)(9,36)(1,36)(1,37)
In Polygon:
(137,143)(137,142)(133,142)(133,143)
Out Polygon:
(10,30)(10,34)(11,34)(11,30)
In Polygon:
(152,184)(158,184)(158,180)(152,180)
Out Polygon:
(47,30)(47,36)(51,36)(51,30)
In Polygon:
(61,189)(57,189)(57,180)(66,180)(66,183)(61,183)
Out Polygon:
(11,40)(20,40)(20,36)(14,36)(14,31)(11,31)
In Polygon:
(42,199)(38,199)(38,209)(50,209)(50,204)(42,204)
Out Polygon:
(26,42)(38,42)(38,37)(30,37)(30,32)(26,32)
In Polygon:
(44,123)(38,123)(38,129)(44,129)
Out Polygon:
(20,36)(20,42)(26,42)(26,36)
In Polygon:
(82,123)(80,123)(80,126)(76,126)(76,130)(88,130)(88,126)(82,126)
Out Polygon:
(42,36)(38,36)(38,42)(35,42)(35,44)(38,44)(38,48)(42,48)
In Polygon:
(148,218)(148,228)(144,228)(144,220)(133,220)(133,218)
Out Polygon:
(46,36)(46,51)(48,51)(48,40)(56,40)(56,36)
In Polygon:
(42,218)(38,218)(38,232)(49,232)(49,228)(42,228)
Out Polygon:
(11,37)(0,37)(0,41)(7,41)(7,51)(11,51)
In Polygon:
(19,129)(23,129)(23,123)(19,123)
Out Polygon:
(42,37)(42,43)(46,43)(46,37)
In Polygon:
(95,142)(95,151)(99,151)(99,143)(108,143)(108,142)
Out Polygon:
(20,40)(11,40)(11,44)(19,44)(19,53)(20,53)
In Polygon:
(141,115)(141,104)(140,104)(140,112)(133,112)(133,115)
Out Polygon:
(48,40)(48,51)(49,51)(49,43)(56,43)(56,40)
In Polygon:
(86,142)(76,142)(76,147)(86,147)
Out Polygon:
(2,41)(2,51)(7,51)(7,41)
In Polygon:
(164,206)(164,199)(152,199)(152,217)(156,217)(156,206)
Out Polygon:
(20,42)(20,60)(24,60)(24,49)(32,49)(32,42)
In Polygon:
(142,168)(142,171)(133,171)(133,161)(135,161)(135,168)
Out Polygon:
(35,51)(35,42)(32,42)(32,49)(25,49)(25,51)
In Polygon:
(7,208)(7,199)(0,199)(0,208)
Out Polygon:
(49,43)(49,52)(56,52)(56,43)
In Polygon:
(114,112)(124,112)(124,111)(116,111)(116,104)(114,104)
Out Polygon:
(11,44)(11,54)(12,54)(12,46)(19,46)(19,44)
In Polygon:
(152,129)(152,123)(160,123)(160,129)
Out Polygon:
(12,46)(12,54)(18,54)(18,46)
In Polygon:
(34,229)(34,218)(19,218)(19,229)
Out Polygon:
(35,48)(35,63)(46,63)(46,48)
In Polygon:
(69,142)(69,153)(57,153)(57,142)
Out Polygon:
(0,51)(0,63)(11,63)(11,51)
In Polygon:
(9,248)(0,248)(0,237)(9,237)
Out Polygon:
(24,51)(24,60)(35,60)(35,51)
In Polygon:
(86,180)(86,191)(76,191)(76,180)
Out Polygon:
(46,52)(46,63)(56,63)(56,52)
In Polygon:
(49,180)(49,189)(38,189)(38,180)
Out Polygon:
(11,54)(11,65)(20,65)(20,54)
In Polygon:
(57,211)(57,199)(62,199)(62,208)(72,208)(72,211)
Out Polygon:
(35,60)(20,60)(20,63)(30,63)(30,72)(35,72)
In Polygon:
(114,218)(114,229)(125,229)(125,218)
Out Polygon:
(0,63)(0,74)(11,74)(11,63)
In Polygon:
(38,114)(38,104)(47,104)(47,114)
Out Polygon:
(20,63)(20,72)(30,72)(30,63)
In Polygon:
(166,104)(168,104)(168,122)(152,122)(152,116)(166,116)
Out Polygon:
(35,63)(35,81)(37,81)(37,69)(51,69)(51,63)
In Polygon:
(81,218)(76,218)(76,224)(81,224)
Out Polygon:
(51,63)(51,69)(56,69)(56,63)
In Polygon:
(66,115)(66,104)(57,104)(57,115)
Out Polygon:
(11,65)(11,76)(20,76)(20,65)
In Polygon:
(114,194)(128,194)(128,180)(114,180)
Out Polygon:
(42,69)(42,83)(56,83)(56,69)
In Polygon:
(119,85)(114,85)(114,90)(119,90)
Out Polygon:
(37,69)(37,74)(42,74)(42,69)
In Polygon:
(66,93)(57,93)(57,85)(66,85)
Out Polygon:
(27,72)(27,81)(35,81)(35,72)
In Polygon:
(114,128)(123,128)(123,123)(114,123)
Out Polygon:
(22,72)(22,81)(27,81)(27,72)
In Polygon:
(163,218)(152,218)(152,223)(163,223)
Out Polygon:
(0,74)(0,79)(11,79)(11,74)
In Polygon:
(142,180)(133,180)(133,185)(142,185)
Out Polygon:
(37,74)(37,83)(42,83)(42,74)
In Polygon:
(163,142)(163,152)(152,152)(152,142)
Out Polygon:
(11,76)(11,86)(22,86)(22,76)
In Polygon:
(102,129)(95,129)(95,123)(102,123)
Out Polygon:
(5,79)(5,86)(11,86)(11,79)
In Polygon:
(76,85)(76,90)(83,90)(83,85)
Out Polygon:
(0,79)(0,86)(5,86)(5,79)
In Polygon:
(38,237)(38,242)(43,242)(43,237)
Out Polygon:
(22,81)(22,86)(27,86)(27,81)
In Polygon:
(133,123)(133,128)(138,128)(138,123)
Out Polygon:
(27,81)(27,86)(32,86)(32,81)
