In Polygon:
(159,161)(152,161)(152,144)(169,144)(169,148)(159,148)
Out Polygon:
(0,0)(0,17)(7,17)(7,4)(17,4)(17,0)
In Polygon:
(0,188)(0,182)(18,182)(18,193)(12,193)(12,188)
Out Polygon:
(17,0)(17,18)(23,18)(23,6)(28,6)(28,0)
In Polygon:
(152,188)(152,192)(156,192)(156,196)(164,196)(164,182)(156,182)(156,188)
Out Polygon:
(36,0)(28,0)(28,6)(24,6)(24,10)(28,10)(28,14)(36,14)
In Polygon:
(12,277)(16,277)(16,294)(0,294)(0,290)(12,290)
Out Polygon:
(36,0)(36,17)(40,17)(40,4)(52,4)(52,0)
In Polygon:
(6,174)(0,174)(0,163)(17,163)(17,167)(6,167)
Out Polygon:
(52,0)(52,11)(58,11)(58,4)(69,4)(69,0)
In Polygon:
(29,189)(29,192)(26,192)(26,196)(19,196)(19,182)(26,182)(26,189)
Out Polygon:
(76,0)(69,0)(69,4)(66,4)(66,7)(69,7)(69,14)(76,14)
In Polygon:
(106,149)(106,144)(95,144)(95,149)
Out Polygon:
(76,0)(76,11)(81,11)(81,0)
In Polygon:
(25,239)(29,239)(29,255)(19,255)(19,251)(25,251)
Out Polygon:
(7,4)(7,20)(11,20)(11,8)(17,8)(17,4)
In Polygon:
(217,136)(209,136)(209,125)(217,125)(217,129)(219,129)(219,131)(217,131)
Out Polygon:
(40,4)(40,12)(45,12)(45,14)(47,14)(47,12)(51,12)(51,4)
In Polygon:
(83,145)(83,144)(76,144)(76,145)
Out Polygon:
(51,4)(51,11)(52,11)(52,4)
In Polygon:
(88,243)(88,242)(85,242)(85,239)(76,239)(76,247)(85,247)(85,243)
Out Polygon:
(58,4)(58,13)(62,13)(62,16)(63,16)(63,13)(66,13)(66,4)
In Polygon:
(191,277)(191,281)(190,281)(190,277)
Out Polygon:
(23,6)(23,10)(24,10)(24,6)
In Polygon:
(193,248)(190,248)(190,239)(200,239)(200,241)(193,241)
Out Polygon:
(67,17)(76,17)(76,14)(69,14)(69,7)(67,7)
In Polygon:
(190,353)(190,354)(196,354)(196,353)
Out Polygon:
(66,7)(66,13)(67,13)(67,7)
In Polygon:
(0,125)(7,125)(7,131)(0,131)
Out Polygon:
(11,8)(11,15)(17,15)(17,8)
In Polygon:
(255,170)(260,170)(260,168)(265,168)(265,163)(247,163)(247,168)(255,168)
Out Polygon:
(28,10)(23,10)(23,18)(21,18)(21,23)(23,23)(23,28)(28,28)
In Polygon:
(158,163)(152,163)(152,170)(158,170)(158,168)(159,168)(159,167)(158,167)
Out Polygon:
(51,11)(51,17)(53,17)(53,18)(54,18)(54,17)(58,17)(58,11)
In Polygon:
(152,264)(152,267)(154,267)(154,272)(159,272)(159,258)(154,258)(154,264)
Out Polygon:
(81,11)(76,11)(76,17)(74,17)(74,20)(76,20)(76,25)(81,25)
In Polygon:
(18,224)(18,220)(0,220)(0,224)(5,224)(5,227)(10,227)(10,224)
Out Polygon:
(44,12)(40,12)(40,17)(37,17)(37,22)(40,22)(40,30)(44,30)
In Polygon:
(40,354)(38,354)(38,353)(40,353)
Out Polygon:
(44,12)(44,14)(45,14)(45,12)
In Polygon:
(230,174)(233,174)(233,163)(230,163)(230,167)(228,167)(228,169)(230,169)
Out Polygon:
(48,23)(51,23)(51,19)(53,19)(53,17)(51,17)(51,12)(48,12)
In Polygon:
(95,182)(96,182)(96,184)(95,184)
Out Polygon:
(47,12)(47,14)(48,14)(48,12)
In Polygon:
(232,225)(232,223)(231,223)(231,220)(228,220)(228,232)(231,232)(231,225)
Out Polygon:
(59,25)(62,25)(62,18)(63,18)(63,16)(62,16)(62,13)(59,13)
In Polygon:
(152,296)(153,296)(153,300)(152,300)
Out Polygon:
(58,13)(58,17)(59,17)(59,13)
In Polygon:
(57,129)(57,125)(69,125)(69,129)(65,129)(65,131)(63,131)(63,129)
Out Polygon:
(63,25)(67,25)(67,19)(69,19)(69,17)(67,17)(67,13)(63,13)
In Polygon:
(133,205)(133,204)(136,204)(136,201)(142,201)(142,209)(136,209)(136,205)
Out Polygon:
(28,14)(28,20)(31,20)(31,23)(32,23)(32,20)(36,20)(36,14)
In Polygon:
(38,258)(38,267)(42,267)(42,258)
Out Polygon:
(44,14)(44,23)(48,23)(48,14)
In Polygon:
(52,224)(52,220)(38,220)(38,224)(43,224)(43,226)(46,226)(46,224)
Out Polygon:
(15,15)(11,15)(11,20)(9,20)(9,23)(11,23)(11,29)(15,29)
In Polygon:
(78,128)(76,128)(76,125)(78,125)
Out Polygon:
(15,15)(15,18)(17,18)(17,15)
In Polygon:
(141,145)(141,148)(133,148)(133,145)(136,145)(136,144)(137,144)(137,145)
Out Polygon:
(4,25)(7,25)(7,21)(8,21)(8,20)(7,20)(7,17)(4,17)
In Polygon:
(76,353)(84,353)(84,357)(76,357)
Out Polygon:
(0,17)(0,25)(4,25)(4,17)
In Polygon:
(195,145)(190,145)(190,144)(195,144)
Out Polygon:
(36,17)(36,22)(37,22)(37,17)
In Polygon:
(38,239)(38,247)(43,247)(43,239)
Out Polygon:
(54,17)(54,25)(59,25)(59,17)
In Polygon:
(117,130)(114,130)(114,125)(117,125)
Out Polygon:
(69,17)(69,20)(74,20)(74,17)
In Polygon:
(209,334)(209,339)(215,339)(215,334)
Out Polygon:
(15,18)(15,23)(21,23)(21,18)
In Polygon:
(38,277)(46,277)(46,278)(39,278)(39,284)(38,284)
Out Polygon:
(53,26)(60,26)(60,25)(54,25)(54,18)(53,18)
In Polygon:
(20,282)(20,277)(19,277)(19,282)
Out Polygon:
(62,18)(62,23)(63,23)(63,18)
In Polygon:
(209,246)(211,246)(211,239)(209,239)
Out Polygon:
(51,19)(51,26)(53,26)(53,19)
In Polygon:
(6,298)(0,298)(0,296)(6,296)
Out Polygon:
(67,19)(67,25)(69,25)(69,19)
In Polygon:
(247,144)(247,145)(250,145)(250,144)
Out Polygon:
(8,20)(8,23)(9,23)(9,20)
In Polygon:
(38,182)(38,185)(41,185)(41,182)
Out Polygon:
(28,20)(28,23)(31,23)(31,20)
In Polygon:
(82,169)(82,170)(80,170)(80,173)(76,173)(76,163)(80,163)(80,169)
Out Polygon:
(36,20)(32,20)(32,23)(30,23)(30,24)(32,24)(32,30)(36,30)
In Polygon:
(190,130)(190,134)(200,134)(200,125)(195,125)(195,130)
Out Polygon:
(72,30)(81,30)(81,25)(76,25)(76,20)(72,20)
In Polygon:
(162,334)(166,334)(166,344)(152,344)(152,341)(162,341)
Out Polygon:
(69,34)(79,34)(79,30)(72,30)(72,20)(69,20)
In Polygon:
(0,144)(1,144)(1,149)(0,149)
Out Polygon:
(7,21)(7,26)(8,26)(8,21)
In Polygon:
(65,357)(57,357)(57,353)(65,353)
Out Polygon:
(36,22)(36,30)(40,30)(40,22)
In Polygon:
(60,338)(60,339)(59,339)(59,342)(57,342)(57,334)(59,334)(59,338)
Out Polygon:
(10,23)(8,23)(8,26)(7,26)(7,27)(8,27)(8,31)(10,31)
In Polygon:
(57,144)(57,145)(60,145)(60,144)
Out Polygon:
(10,23)(10,26)(11,26)(11,23)
In Polygon:
(122,258)(118,258)(118,260)(114,260)(114,267)(128,267)(128,260)(122,260)
Out Polygon:
(22,23)(15,23)(15,29)(13,29)(13,33)(15,33)(15,37)(22,37)
In Polygon:
(1,261)(0,261)(0,258)(1,258)
Out Polygon:
(22,23)(22,26)(23,26)(23,23)
In Polygon:
(57,301)(59,301)(59,296)(57,296)
Out Polygon:
(28,23)(28,28)(30,28)(30,23)
In Polygon:
(95,206)(95,201)(105,201)(105,212)(102,212)(102,206)
Out Polygon:
(49,33)(49,23)(44,23)(44,30)(38,30)(38,33)
In Polygon:
(72,220)(72,229)(67,229)(67,222)(57,222)(57,220)
Out Polygon:
(51,38)(51,23)(49,23)(49,33)(42,33)(42,38)
In Polygon:
(174,182)(174,183)(171,183)(171,182)
Out Polygon:
(62,23)(62,26)(63,26)(63,23)
In Polygon:
(40,296)(38,296)(38,302)(40,302)
Out Polygon:
(30,24)(30,30)(32,30)(32,24)
In Polygon:
(28,315)(19,315)(19,316)(26,316)(26,322)(28,322)
Out Polygon:
(0,25)(0,34)(1,34)(1,27)(7,27)(7,25)
In Polygon:
(133,266)(133,258)(135,258)(135,266)
Out Polygon:
(60,25)(60,33)(62,33)(62,25)
In Polygon:
(247,324)(247,329)(258,329)(258,315)(256,315)(256,324)
Out Polygon:
(64,36)(78,36)(78,34)(69,34)(69,25)(64,25)
In Polygon:
(212,202)(209,202)(209,201)(212,201)
Out Polygon:
(63,25)(63,28)(64,28)(64,25)
In Polygon:
(76,296)(76,314)(78,314)(78,303)(85,303)(85,296)
Out Polygon:
(51,26)(51,44)(53,44)(53,33)(60,33)(60,26)
In Polygon:
(247,220)(256,220)(256,221)(248,221)(248,228)(247,228)
Out Polygon:
(63,34)(63,26)(62,26)(62,33)(54,33)(54,34)
In Polygon:
(122,150)(122,148)(120,148)(120,144)(114,144)(114,156)(120,156)(120,150)
Out Polygon:
(2,39)(8,39)(8,33)(10,33)(10,31)(8,31)(8,27)(2,27)
In Polygon:
(247,277)(255,277)(255,280)(248,280)(248,288)(247,288)
Out Polygon:
(22,28)(22,39)(23,39)(23,31)(30,31)(30,28)
In Polygon:
(180,144)(171,144)(171,146)(179,146)(179,154)(180,154)
Out Polygon:
(63,38)(72,38)(72,36)(64,36)(64,28)(63,28)
In Polygon:
(114,337)(114,334)(118,334)(118,337)
Out Polygon:
(10,29)(10,33)(13,33)(13,29)
In Polygon:
(251,239)(250,239)(250,243)(247,243)(247,249)(256,249)(256,243)(251,243)
Out Polygon:
(32,39)(38,39)(38,34)(42,34)(42,33)(38,33)(38,30)(32,30)
In Polygon:
(133,229)(133,220)(135,220)(135,229)
Out Polygon:
(30,30)(30,39)(32,39)(32,30)
In Polygon:
(173,258)(173,262)(171,262)(171,258)
Out Polygon:
(79,30)(79,34)(81,34)(81,30)
In Polygon:
(176,211)(181,211)(181,201)(171,201)(171,203)(176,203)
Out Polygon:
(25,41)(35,41)(35,39)(30,39)(30,31)(25,31)
In Polygon:
(261,127)(261,125)(247,125)(247,135)(251,135)(251,127)
Out Polygon:
(23,45)(33,45)(33,41)(25,41)(25,31)(23,31)
In Polygon:
(247,190)(247,182)(257,182)(257,189)(253,189)(253,195)(252,195)(252,190)
Out Polygon:
(8,43)(16,43)(16,38)(21,38)(21,37)(15,37)(15,33)(8,33)
In Polygon:
(190,315)(192,315)(192,323)(190,323)
Out Polygon:
(0,34)(0,42)(2,42)(2,34)
In Polygon:
(61,239)(57,239)(57,244)(61,244)
Out Polygon:
(38,34)(38,39)(42,39)(42,34)
In Polygon:
(95,361)(95,353)(105,353)(105,361)(101,361)(101,364)(100,364)(100,361)
Out Polygon:
(53,34)(53,42)(58,42)(58,45)(59,45)(59,42)(63,42)(63,34)
In Polygon:
(114,241)(117,241)(117,239)(114,239)
Out Polygon:
(78,34)(78,36)(81,36)(81,34)
In Polygon:
(231,334)(228,334)(228,345)(237,345)(237,339)(231,339)
Out Polygon:
(81,36)(72,36)(72,42)(78,42)(78,47)(81,47)
In Polygon:
(38,130)(38,134)(49,134)(49,125)(46,125)(46,130)
Out Polygon:
(19,47)(19,38)(16,38)(16,43)(8,43)(8,47)
In Polygon:
(107,277)(107,287)(104,287)(104,279)(95,279)(95,277)
Out Polygon:
(21,50)(21,38)(19,38)(19,47)(11,47)(11,50)
In Polygon:
(101,315)(103,315)(103,317)(106,317)(106,324)(95,324)(95,317)(101,317)
Out Polygon:
(44,49)(51,49)(51,46)(53,46)(53,44)(51,44)(51,38)(44,38)
In Polygon:
(228,317)(235,317)(235,315)(228,315)
Out Polygon:
(42,38)(42,45)(44,45)(44,38)
In Polygon:
(101,239)(104,239)(104,240)(108,240)(108,246)(95,246)(95,240)(101,240)
Out Polygon:
(69,38)(63,38)(63,42)(62,42)(62,45)(63,45)(63,51)(69,51)
In Polygon:
(137,334)(137,337)(133,337)(133,334)
Out Polygon:
(69,38)(69,42)(72,42)(72,38)
In Polygon:
(120,353)(120,356)(114,356)(114,353)
Out Polygon:
(2,39)(2,42)(8,42)(8,39)
In Polygon:
(28,220)(19,220)(19,221)(27,221)(27,227)(28,227)
Out Polygon:
(22,46)(31,46)(31,45)(23,45)(23,39)(22,39)
In Polygon:
(161,239)(161,247)(160,247)(160,240)(152,240)(152,239)
Out Polygon:
(21,47)(30,47)(30,46)(22,46)(22,39)(21,39)
In Polygon:
(216,229)(216,220)(215,220)(215,228)(209,228)(209,229)
Out Polygon:
(35,39)(35,48)(36,48)(36,40)(42,40)(42,39)
In Polygon:
(38,334)(43,334)(43,340)(38,340)
Out Polygon:
(36,40)(36,45)(42,45)(42,40)
In Polygon:
(171,317)(175,317)(175,315)(171,315)
Out Polygon:
(33,41)(33,45)(35,45)(35,41)
In Polygon:
(219,301)(219,296)(209,296)(209,301)(212,301)(212,304)(214,304)(214,301)
Out Polygon:
(3,52)(8,52)(8,49)(11,49)(11,47)(8,47)(8,42)(3,42)
In Polygon:
(254,337)(247,337)(247,334)(254,334)
Out Polygon:
(0,42)(0,49)(3,49)(3,42)
In Polygon:
(57,163)(61,163)(61,168)(57,168)
Out Polygon:
(53,42)(53,46)(58,46)(58,42)
In Polygon:
(196,182)(190,182)(190,185)(196,185)
Out Polygon:
(59,42)(59,48)(62,48)(62,42)
In Polygon:
(156,136)(152,136)(152,125)(161,125)(161,128)(156,128)
Out Polygon:
(69,42)(69,53)(73,53)(73,45)(78,45)(78,42)
In Polygon:
(99,223)(99,220)(95,220)(95,223)
Out Polygon:
(31,45)(31,48)(35,48)(35,45)
In Polygon:
(228,149)(228,147)(233,147)(233,144)(239,144)(239,155)(233,155)(233,149)
Out Polygon:
(42,45)(36,45)(36,48)(31,48)(31,50)(36,50)(36,56)(42,56)
In Polygon:
(190,203)(190,201)(196,201)(196,203)
Out Polygon:
(42,45)(42,51)(44,51)(44,45)
In Polygon:
(57,277)(65,277)(65,282)(57,282)
Out Polygon:
(73,45)(73,53)(78,53)(78,45)
In Polygon:
(232,288)(238,288)(238,277)(232,277)(232,280)(228,280)(228,282)(232,282)
Out Polygon:
(57,46)(51,46)(51,49)(47,49)(47,51)(51,51)(51,57)(57,57)
In Polygon:
(114,182)(116,182)(116,184)(114,184)
Out Polygon:
(57,46)(57,48)(59,48)(59,46)
In Polygon:
(63,315)(67,315)(67,331)(57,331)(57,328)(63,328)
Out Polygon:
(21,47)(21,63)(25,63)(25,50)(31,50)(31,47)
In Polygon:
(99,125)(95,125)(95,135)(105,135)(105,133)(99,133)
Out Polygon:
(80,57)(80,47)(78,47)(78,53)(70,53)(70,57)
In Polygon:
(38,168)(38,163)(47,163)(47,168)
Out Polygon:
(57,48)(57,57)(62,57)(62,48)
In Polygon:
(97,165)(95,165)(95,163)(97,163)
Out Polygon:
(0,49)(0,51)(2,51)(2,49)
In Polygon:
(171,355)(171,353)(173,353)(173,355)
Out Polygon:
(8,49)(8,51)(10,51)(10,49)
In Polygon:
(107,299)(107,296)(95,296)(95,307)(101,307)(101,299)
Out Polygon:
(21,50)(10,50)(10,56)(18,56)(18,62)(21,62)
In Polygon:
(234,201)(228,201)(228,213)(239,213)(239,211)(234,211)
Out Polygon:
(36,50)(25,50)(25,52)(30,52)(30,62)(36,62)
In Polygon:
(139,353)(143,353)(143,364)(133,364)(133,359)(139,359)
Out Polygon:
(46,61)(57,61)(57,57)(51,57)(51,51)(46,51)
In Polygon:
(99,258)(95,258)(95,265)(99,265)
Out Polygon:
(42,51)(42,58)(46,58)(46,51)
In Polygon:
(137,191)(133,191)(133,182)(142,182)(142,185)(137,185)
Out Polygon:
(66,60)(66,51)(62,51)(62,57)(57,57)(57,60)
In Polygon:
(76,201)(76,212)(78,212)(78,203)(86,203)(86,201)
Out Polygon:
(68,62)(68,51)(66,51)(66,60)(58,60)(58,62)
In Polygon:
(6,363)(0,363)(0,353)(13,353)(13,355)(6,355)
Out Polygon:
(10,52)(0,52)(0,58)(8,58)(8,65)(10,65)
In Polygon:
(220,163)(220,168)(209,168)(209,163)
Out Polygon:
(25,52)(25,63)(30,63)(30,52)
In Polygon:
(19,334)(29,334)(29,336)(21,336)(21,345)(19,345)
Out Polygon:
(70,64)(70,53)(68,53)(68,62)(60,62)(60,64)
In Polygon:
(200,228)(190,228)(190,227)(198,227)(198,220)(200,220)
Out Polygon:
(18,56)(10,56)(10,58)(17,58)(17,66)(18,66)
In Polygon:
(139,302)(133,302)(133,296)(139,296)
Out Polygon:
(36,56)(36,62)(42,62)(42,56)
In Polygon:
(247,296)(257,296)(257,300)(249,300)(249,310)(247,310)
Out Polygon:
(70,57)(70,71)(72,71)(72,61)(80,61)(80,57)
In Polygon:
(152,315)(160,315)(160,317)(153,317)(153,325)(152,325)
Out Polygon:
(0,58)(0,68)(1,68)(1,60)(8,60)(8,58)
In Polygon:
(0,322)(8,322)(8,315)(0,315)
Out Polygon:
(10,58)(10,66)(17,66)(17,58)
In Polygon:
(171,163)(178,163)(178,167)(171,167)
Out Polygon:
(42,58)(42,65)(46,65)(46,58)
In Polygon:
(19,201)(19,208)(24,208)(24,201)
Out Polygon:
(1,60)(1,65)(8,65)(8,60)
In Polygon:
(254,362)(257,362)(257,353)(247,353)(247,356)(254,356)
Out Polygon:
(46,61)(46,71)(49,71)(49,64)(55,64)(55,61)
In Polygon:
(215,153)(219,153)(219,144)(209,144)(209,146)(215,146)
Out Polygon:
(72,61)(72,71)(74,71)(74,65)(81,65)(81,61)
In Polygon:
(190,303)(190,306)(201,306)(201,296)(199,296)(199,303)
Out Polygon:
(31,62)(31,72)(33,72)(33,65)(42,65)(42,62)
In Polygon:
(66,258)(57,258)(57,263)(66,263)
Out Polygon:
(55,62)(55,71)(60,71)(60,62)
In Polygon:
(66,182)(57,182)(57,185)(64,185)(64,194)(66,194)
Out Polygon:
(27,63)(18,63)(18,66)(25,66)(25,75)(27,75)
In Polygon:
(232,303)(232,296)(228,296)(228,303)
Out Polygon:
(27,63)(27,70)(31,70)(31,63)
In Polygon:
(114,170)(120,170)(120,163)(114,163)
Out Polygon:
(49,64)(49,71)(55,71)(55,64)
In Polygon:
(211,269)(209,269)(209,258)(218,258)(218,261)(211,261)
Out Polygon:
(60,64)(60,75)(62,75)(62,67)(69,67)(69,64)
In Polygon:
(140,135)(142,135)(142,125)(133,125)(133,127)(140,127)
Out Polygon:
(10,65)(1,65)(1,67)(8,67)(8,75)(10,75)
In Polygon:
(114,211)(114,201)(116,201)(116,209)(123,209)(123,211)
Out Polygon:
(33,65)(33,74)(35,74)(35,67)(43,67)(43,65)
In Polygon:
(235,353)(228,353)(228,359)(235,359)
Out Polygon:
(74,65)(74,71)(81,71)(81,65)
In Polygon:
(123,324)(123,315)(121,315)(121,322)(114,322)(114,324)
Out Polygon:
(10,66)(10,75)(12,75)(12,68)(19,68)(19,66)
In Polygon:
(76,277)(76,283)(83,283)(83,277)
Out Polygon:
(19,66)(19,73)(25,73)(25,66)
In Polygon:
(122,296)(114,296)(114,301)(122,301)
Out Polygon:
(3,67)(3,75)(8,75)(8,67)
In Polygon:
(19,163)(28,163)(28,165)(20,165)(20,173)(19,173)
Out Polygon:
(1,76)(11,76)(11,75)(3,75)(3,67)(1,67)
In Polygon:
(209,191)(209,182)(211,182)(211,190)(219,190)(219,191)
Out Polygon:
(35,67)(35,77)(36,77)(36,69)(44,69)(44,67)
In Polygon:
(27,144)(27,154)(26,154)(26,146)(19,146)(19,144)
Out Polygon:
(70,67)(62,67)(62,69)(69,69)(69,77)(70,77)
In Polygon:
(133,315)(133,320)(140,320)(140,315)
Out Polygon:
(12,68)(12,73)(19,73)(19,68)
In Polygon:
(0,239)(0,248)(1,248)(1,240)(8,240)(8,239)
Out Polygon:
(36,69)(36,78)(37,78)(37,70)(44,70)(44,69)
In Polygon:
(76,341)(76,334)(82,334)(82,341)
Out Polygon:
(62,69)(62,75)(69,75)(69,69)
In Polygon:
(76,189)(80,189)(80,182)(76,182)
Out Polygon:
(27,70)(27,77)(31,77)(31,70)
In Polygon:
(133,248)(133,239)(141,239)(141,248)
Out Polygon:
(37,70)(37,78)(46,78)(46,70)
In Polygon:
(254,206)(254,201)(247,201)(247,206)
Out Polygon:
(46,71)(46,78)(51,78)(51,71)
In Polygon:
(190,343)(190,334)(203,334)(203,343)
Out Polygon:
(51,71)(51,84)(60,84)(60,71)
In Polygon:
(171,239)(181,239)(181,250)(171,250)
Out Polygon:
(70,71)(70,81)(81,81)(81,71)
In Polygon:
(152,233)(165,233)(165,220)(152,220)
Out Polygon:
(12,73)(12,86)(25,86)(25,73)
In Polygon:
(42,150)(38,150)(38,144)(42,144)
Out Polygon:
(31,74)(31,80)(35,80)(35,74)
In Polygon:
(0,201)(0,210)(9,210)(9,201)
Out Polygon:
(60,75)(60,84)(69,84)(69,75)
In Polygon:
(171,277)(171,287)(183,287)(183,277)
Out Polygon:
(0,76)(0,86)(12,86)(12,76)
In Polygon:
(158,283)(158,277)(152,277)(152,283)
Out Polygon:
(25,77)(25,83)(31,83)(31,77)
In Polygon:
(44,315)(38,315)(38,321)(44,321)
Out Polygon:
(45,78)(45,84)(51,84)(51,78)
In Polygon:
(152,211)(152,201)(165,201)(165,211)
Out Polygon:
(35,78)(35,91)(45,91)(45,78)
In Polygon:
(118,283)(114,283)(114,277)(118,277)
Out Polygon:
(31,80)(31,86)(35,86)(35,80)
In Polygon:
(50,201)(38,201)(38,213)(50,213)
Out Polygon:
(69,81)(69,93)(81,93)(81,81)
In Polygon:
(24,131)(19,131)(19,125)(24,125)
Out Polygon:
(25,83)(25,88)(31,88)(31,83)
In Polygon:
(240,258)(228,258)(228,267)(240,267)
Out Polygon:
(57,84)(57,93)(69,93)(69,84)
In Polygon:
(114,230)(126,230)(126,220)(114,220)
Out Polygon:
(45,84)(45,94)(57,94)(57,84)
In Polygon:
(205,266)(205,258)(190,258)(190,266)
Out Polygon:
(0,86)(0,101)(8,101)(8,86)
In Polygon:
(86,220)(76,220)(76,231)(86,231)
Out Polygon:
(8,86)(8,97)(18,97)(18,86)
In Polygon:
(209,353)(214,353)(214,360)(209,360)
Out Polygon:
(18,86)(18,91)(25,91)(25,86)
In Polygon:
(0,334)(11,334)(11,344)(0,344)
Out Polygon:
(25,88)(25,99)(35,99)(35,88)
In Polygon:
(214,285)(209,285)(209,277)(214,277)
Out Polygon:
(20,91)(20,99)(25,99)(25,91)
In Polygon:
(143,277)(133,277)(133,287)(143,287)
Out Polygon:
(35,91)(35,101)(45,101)(45,91)
In Polygon:
(143,163)(143,172)(133,172)(133,163)
Out Polygon:
(72,93)(72,103)(81,103)(81,93)
In Polygon:
(181,296)(171,296)(171,305)(181,305)
Out Polygon:
(63,93)(63,103)(72,103)(72,93)
In Polygon:
(24,301)(19,301)(19,296)(24,296)
Out Polygon:
(58,93)(58,98)(63,98)(63,93)
In Polygon:
(180,230)(180,220)(171,220)(171,230)
Out Polygon:
(45,94)(45,103)(55,103)(55,94)
In Polygon:
(29,353)(29,365)(19,365)(19,353)
Out Polygon:
(8,97)(8,107)(20,107)(20,97)
In Polygon:
(76,324)(76,315)(84,315)(84,324)
Out Polygon:
(55,98)(55,107)(63,107)(63,98)
In Polygon:
(209,325)(218,325)(218,315)(209,315)
Out Polygon:
(20,99)(20,109)(29,109)(29,99)
In Polygon:
(228,187)(233,187)(233,182)(228,182)
Out Polygon:
(29,99)(29,104)(34,104)(34,99)
In Polygon:
(157,358)(152,358)(152,353)(157,353)
Out Polygon:
(0,101)(0,106)(5,106)(5,101)
In Polygon:
(104,334)(104,344)(95,344)(95,334)
Out Polygon:
(34,101)(34,110)(44,110)(44,101)
In Polygon:
(171,125)(181,125)(181,134)(171,134)
Out Polygon:
(44,103)(44,112)(54,112)(54,103)
In Polygon:
(256,267)(256,258)(247,258)(247,267)
Out Polygon:
(72,103)(72,112)(81,112)(81,103)
In Polygon:
(199,172)(199,163)(190,163)(190,172)
Out Polygon:
(63,103)(63,112)(72,112)(72,103)
In Polygon:
(57,206)(57,201)(62,201)(62,206)
Out Polygon:
(29,104)(29,109)(34,109)(34,104)
In Polygon:
(171,339)(176,339)(176,334)(171,334)
Out Polygon:
(0,106)(0,111)(5,111)(5,106)
In Polygon:
(19,258)(24,258)(24,263)(19,263)
Out Polygon:
(5,107)(5,112)(10,112)(10,107)
In Polygon:
(233,239)(233,244)(228,244)(228,239)
Out Polygon:
(10,107)(10,112)(15,112)(15,107)
In Polygon:
(233,125)(233,130)(228,130)(228,125)
Out Polygon:
(15,107)(15,112)(20,112)(20,107)
In Polygon:
(76,263)(81,263)(81,258)(76,258)
Out Polygon:
(54,107)(54,112)(59,112)(59,107)
