In Polygon:
(62,97)(62,101)(60,101)(60,106)(54,106)(54,90)(60,90)(60,97)
Out Polygon:
(0,0)(0,6)(5,6)(5,8)(9,8)(9,6)(16,6)(16,0)
In Polygon:
(72,112)(72,105)(84,105)(84,118)(81,118)(81,112)
Out Polygon:
(16,0)(16,12)(23,12)(23,3)(29,3)(29,0)
In Polygon:
(42,189)(36,189)(36,180)(51,180)(51,185)(42,185)
Out Polygon:
(29,0)(29,9)(35,9)(35,5)(44,5)(44,0)
In Polygon:
(153,94)(153,90)(144,90)(144,101)(146,101)(146,94)
Out Polygon:
(44,0)(44,11)(46,11)(46,4)(53,4)(53,0)
In Polygon:
(112,85)(117,85)(117,75)(112,75)(112,78)(108,78)(108,79)(112,79)
Out Polygon:
(24,13)(29,13)(29,10)(33,10)(33,9)(29,9)(29,3)(24,3)
In Polygon:
(18,109)(18,105)(19,105)(19,109)
Out Polygon:
(23,3)(23,7)(24,7)(24,3)
In Polygon:
(43,167)(43,165)(36,165)(36,167)
Out Polygon:
(46,4)(46,11)(48,11)(48,4)
In Polygon:
(72,125)(72,120)(79,120)(79,125)
Out Polygon:
(48,4)(48,11)(53,11)(53,4)
In Polygon:
(64,189)(64,180)(54,180)(54,189)(57,189)(57,194)(58,194)(58,189)
Out Polygon:
(35,15)(44,15)(44,12)(49,12)(49,11)(44,11)(44,5)(35,5)
In Polygon:
(23,190)(23,180)(18,180)(18,190)
Out Polygon:
(0,6)(0,16)(5,16)(5,6)
In Polygon:
(78,172)(72,172)(72,165)(78,165)
Out Polygon:
(9,6)(9,12)(16,12)(16,6)
In Polygon:
(98,75)(102,75)(102,76)(107,76)(107,77)(90,77)(90,76)(98,76)
Out Polygon:
(24,7)(23,7)(23,12)(22,12)(22,16)(23,16)(23,24)(24,24)
In Polygon:
(62,169)(62,165)(54,165)(54,169)
Out Polygon:
(5,8)(5,16)(9,16)(9,8)
In Polygon:
(18,90)(18,94)(20,94)(20,90)
Out Polygon:
(33,9)(33,13)(35,13)(35,9)
In Polygon:
(4,93)(4,90)(0,90)(0,93)
Out Polygon:
(29,10)(29,13)(33,13)(33,10)
In Polygon:
(18,169)(26,169)(26,165)(18,165)
Out Polygon:
(49,11)(49,19)(53,19)(53,11)
In Polygon:
(121,109)(121,105)(108,105)(108,116)(114,116)(114,109)
Out Polygon:
(9,12)(9,23)(15,23)(15,16)(22,16)(22,12)
In Polygon:
(48,139)(48,135)(36,135)(36,139)(40,139)(40,140)(41,140)(41,139)
Out Polygon:
(45,24)(49,24)(49,20)(50,20)(50,19)(49,19)(49,12)(45,12)
In Polygon:
(144,138)(144,135)(145,135)(145,138)
Out Polygon:
(44,12)(44,15)(45,15)(45,12)
In Polygon:
(154,175)(154,180)(144,180)(144,165)(148,165)(148,175)
Out Polygon:
(34,13)(24,13)(24,18)(30,18)(30,28)(34,28)
In Polygon:
(127,170)(127,165)(126,165)(126,170)
Out Polygon:
(34,13)(34,18)(35,18)(35,13)
In Polygon:
(80,135)(72,135)(72,145)(80,145)(80,142)(85,142)(85,141)(80,141)
Out Polygon:
(35,15)(35,23)(38,23)(38,28)(39,28)(39,23)(45,23)(45,15)
In Polygon:
(65,114)(65,105)(63,105)(63,113)(54,113)(54,114)
Out Polygon:
(9,16)(0,16)(0,18)(8,18)(8,27)(9,27)
In Polygon:
(44,101)(36,101)(36,99)(43,99)(43,90)(44,90)
Out Polygon:
(15,16)(15,27)(16,27)(16,18)(23,18)(23,16)
In Polygon:
(126,150)(126,158)(127,158)(127,151)(134,151)(134,150)
Out Polygon:
(0,18)(0,26)(1,26)(1,19)(8,19)(8,18)
In Polygon:
(78,97)(72,97)(72,90)(78,90)
Out Polygon:
(16,18)(16,24)(23,24)(23,18)
In Polygon:
(56,150)(62,150)(62,161)(56,161)(56,157)(54,157)(54,156)(56,156)
Out Polygon:
(30,18)(24,18)(24,24)(22,24)(22,25)(24,25)(24,29)(30,29)
In Polygon:
(6,105)(0,105)(0,113)(6,113)
Out Polygon:
(2,19)(2,27)(8,27)(8,19)
In Polygon:
(135,108)(135,105)(126,105)(126,108)
Out Polygon:
(50,19)(50,28)(53,28)(53,19)
In Polygon:
(144,120)(144,126)(148,126)(148,120)
Out Polygon:
(9,23)(9,27)(15,27)(15,23)
In Polygon:
(61,139)(61,135)(54,135)(54,139)
Out Polygon:
(34,23)(34,30)(38,30)(38,23)
In Polygon:
(36,105)(41,105)(41,111)(36,111)
Out Polygon:
(39,23)(39,28)(45,28)(45,23)
In Polygon:
(96,135)(96,145)(90,145)(90,135)
Out Polygon:
(16,24)(16,34)(22,34)(22,24)
In Polygon:
(72,84)(72,75)(77,75)(77,84)
Out Polygon:
(45,24)(45,33)(50,33)(50,24)
In Polygon:
(23,89)(18,89)(18,75)(29,75)(29,77)(23,77)
Out Polygon:
(0,27)(0,41)(5,41)(5,29)(11,29)(11,27)
In Polygon:
(5,180)(5,188)(0,188)(0,180)
Out Polygon:
(11,27)(11,35)(16,35)(16,27)
In Polygon:
(18,139)(24,139)(24,135)(18,135)
Out Polygon:
(30,28)(30,34)(34,34)(34,28)
In Polygon:
(41,125)(41,120)(36,120)(36,125)
Out Polygon:
(40,28)(40,33)(45,33)(45,28)
In Polygon:
(0,153)(5,153)(5,150)(0,150)
Out Polygon:
(50,28)(50,33)(53,33)(53,28)
In Polygon:
(54,75)(54,81)(60,81)(60,75)
Out Polygon:
(5,29)(5,35)(11,35)(11,29)
In Polygon:
(26,128)(26,120)(18,120)(18,128)
Out Polygon:
(22,29)(22,37)(30,37)(30,29)
In Polygon:
(96,115)(90,115)(90,105)(96,105)(96,108)(98,108)(98,109)(96,109)
Out Polygon:
(34,40)(40,40)(40,34)(42,34)(42,33)(40,33)(40,30)(34,30)
In Polygon:
(108,129)(108,131)(122,131)(122,120)(116,120)(116,129)
Out Polygon:
(53,33)(42,33)(42,39)(51,39)(51,47)(53,47)
In Polygon:
(96,165)(96,169)(90,169)(90,165)
Out Polygon:
(16,34)(16,38)(22,38)(22,34)
In Polygon:
(0,169)(0,165)(6,165)(6,169)
Out Polygon:
(30,34)(30,40)(34,40)(34,34)
In Polygon:
(40,75)(36,75)(36,86)(51,86)(51,84)(40,84)
Out Polygon:
(5,35)(5,50)(7,50)(7,39)(16,39)(16,35)
In Polygon:
(0,75)(3,75)(3,78)(0,78)
Out Polygon:
(27,37)(27,40)(30,40)(30,37)
In Polygon:
(157,150)(159,150)(159,160)(144,160)(144,157)(157,157)
Out Polygon:
(26,38)(16,38)(16,40)(23,40)(23,53)(26,53)
In Polygon:
(108,150)(108,161)(109,161)(109,152)(117,152)(117,150)
Out Polygon:
(7,39)(7,50)(8,50)(8,41)(16,41)(16,39)
In Polygon:
(0,130)(10,130)(10,129)(2,129)(2,120)(0,120)
Out Polygon:
(50,39)(40,39)(40,40)(48,40)(48,49)(50,49)
In Polygon:
(30,150)(18,150)(18,152)(27,152)(27,162)(30,162)
Out Polygon:
(26,40)(26,52)(28,52)(28,43)(38,43)(38,40)
In Polygon:
(108,100)(117,100)(117,98)(109,98)(109,90)(108,90)
Out Polygon:
(38,40)(38,49)(40,49)(40,41)(48,41)(48,40)
In Polygon:
(126,129)(126,120)(127,120)(127,128)(135,128)(135,129)
Out Polygon:
(8,41)(8,50)(9,50)(9,42)(17,42)(17,41)
In Polygon:
(99,129)(90,129)(90,128)(98,128)(98,120)(99,120)
Out Polygon:
(10,51)(10,42)(9,42)(9,50)(1,50)(1,51)
In Polygon:
(9,144)(0,144)(0,143)(8,143)(8,135)(9,135)
Out Polygon:
(10,42)(10,51)(11,51)(11,43)(19,43)(19,42)
In Polygon:
(99,90)(90,90)(90,91)(98,91)(98,99)(99,99)
Out Polygon:
(12,52)(12,43)(11,43)(11,51)(3,51)(3,52)
In Polygon:
(99,161)(99,150)(90,150)(90,161)
Out Polygon:
(12,43)(12,52)(23,52)(23,43)
In Polygon:
(153,115)(153,105)(144,105)(144,115)
Out Polygon:
(28,43)(28,52)(38,52)(38,43)
In Polygon:
(121,176)(121,178)(108,178)(108,165)(112,165)(112,176)
Out Polygon:
(38,49)(38,62)(40,62)(40,53)(51,53)(51,49)
In Polygon:
(72,180)(72,195)(83,195)(83,180)
Out Polygon:
(0,52)(0,63)(15,63)(15,52)
In Polygon:
(36,150)(36,160)(48,160)(48,150)
Out Polygon:
(26,52)(26,62)(38,62)(38,52)
In Polygon:
(126,144)(137,144)(137,135)(126,135)
Out Polygon:
(15,53)(15,62)(26,62)(26,53)
In Polygon:
(72,150)(81,150)(81,163)(72,163)
Out Polygon:
(40,53)(40,62)(53,62)(53,53)
In Polygon:
(126,100)(140,100)(140,90)(126,90)
Out Polygon:
(39,62)(39,72)(53,72)(53,62)
In Polygon:
(118,147)(108,147)(108,135)(118,135)
Out Polygon:
(27,62)(27,72)(39,72)(39,62)
In Polygon:
(54,130)(54,120)(63,120)(63,130)
Out Polygon:
(18,62)(18,72)(27,72)(27,62)
In Polygon:
(153,84)(153,75)(144,75)(144,84)
Out Polygon:
(9,63)(9,72)(18,72)(18,63)
In Polygon:
(135,84)(126,84)(126,75)(135,75)
Out Polygon:
(0,63)(0,72)(9,72)(9,63)
