In Polygon:
(30,74)(30,83)(23,83)(23,77)(15,77)(15,74)
Out Polygon:
(0,0)(0,15)(3,15)(3,7)(9,7)(9,0)
In Polygon:
(0,131)(0,145)(5,145)(5,135)(16,135)(16,131)
Out Polygon:
(9,0)(9,14)(14,14)(14,4)(25,4)(25,0)
In Polygon:
(90,131)(90,139)(96,139)(96,133)(106,133)(106,131)
Out Polygon:
(25,0)(25,8)(31,8)(31,2)(41,2)(41,0)
In Polygon:
(91,114)(91,112)(75,112)(75,120)(80,120)(80,114)
Out Polygon:
(49,0)(41,0)(41,5)(47,5)(47,16)(49,16)
In Polygon:
(60,78)(60,80)(66,80)(66,83)(73,83)(73,74)(70,74)(70,78)
Out Polygon:
(34,11)(37,11)(37,7)(47,7)(47,5)(41,5)(41,2)(34,2)
In Polygon:
(45,115)(45,112)(51,112)(51,115)
Out Polygon:
(31,2)(31,8)(34,8)(34,2)
In Polygon:
(5,129)(8,129)(8,124)(11,124)(11,112)(0,112)(0,117)(5,117)
Out Polygon:
(14,4)(14,9)(19,9)(19,21)(22,21)(22,16)(25,16)(25,4)
In Polygon:
(81,100)(81,93)(75,93)(75,100)
Out Polygon:
(3,7)(3,14)(9,14)(9,7)
In Polygon:
(94,112)(97,112)(97,130)(90,130)(90,127)(94,127)
Out Polygon:
(37,7)(37,25)(40,25)(40,10)(44,10)(44,7)
In Polygon:
(75,55)(75,58)(80,58)(80,55)
Out Polygon:
(44,7)(44,12)(47,12)(47,7)
In Polygon:
(30,62)(30,64)(43,64)(43,55)(41,55)(41,62)
Out Polygon:
(34,8)(25,8)(25,10)(32,10)(32,21)(34,21)
In Polygon:
(32,150)(30,150)(30,163)(37,163)(37,161)(32,161)
Out Polygon:
(16,16)(16,9)(14,9)(14,14)(3,14)(3,16)
In Polygon:
(68,131)(68,134)(60,134)(60,131)
Out Polygon:
(16,9)(16,17)(19,17)(19,9)
In Polygon:
(0,87)(7,87)(7,74)(0,74)
Out Polygon:
(25,10)(25,23)(32,23)(32,10)
In Polygon:
(94,55)(94,57)(90,57)(90,55)
Out Polygon:
(40,10)(40,12)(44,12)(44,10)
In Polygon:
(0,95)(0,93)(3,93)(3,95)
Out Polygon:
(34,11)(34,13)(37,13)(37,11)
In Polygon:
(86,79)(86,74)(75,74)(75,79)(79,79)(79,82)(82,82)(82,79)
Out Polygon:
(42,23)(47,23)(47,19)(50,19)(50,16)(47,16)(47,12)(42,12)
In Polygon:
(45,55)(45,57)(50,57)(50,55)
Out Polygon:
(40,12)(40,17)(42,17)(42,12)
In Polygon:
(20,131)(15,131)(15,146)(19,146)(19,142)(26,142)(26,137)(20,137)
Out Polygon:
(0,16)(0,20)(4,20)(4,27)(9,27)(9,21)(15,21)(15,16)
In Polygon:
(64,120)(60,120)(60,112)(64,112)
Out Polygon:
(15,17)(15,25)(19,25)(19,17)
In Polygon:
(30,116)(37,116)(37,112)(30,112)
Out Polygon:
(0,20)(0,27)(4,27)(4,20)
In Polygon:
(51,80)(45,80)(45,74)(51,74)
Out Polygon:
(9,21)(9,27)(15,27)(15,21)
In Polygon:
(96,74)(96,80)(90,80)(90,74)
Out Polygon:
(19,21)(19,27)(25,27)(25,21)
In Polygon:
(15,150)(15,155)(26,155)(26,150)
Out Polygon:
(32,21)(32,32)(37,32)(37,21)
In Polygon:
(60,101)(65,101)(65,93)(60,93)
Out Polygon:
(27,23)(27,31)(32,31)(32,23)
In Polygon:
(19,123)(21,123)(21,120)(24,120)(24,112)(15,112)(15,116)(19,116)
Out Polygon:
(40,23)(40,27)(44,27)(44,34)(46,34)(46,31)(49,31)(49,23)
In Polygon:
(0,59)(0,55)(13,55)(13,59)
Out Polygon:
(15,25)(15,38)(19,38)(19,25)
In Polygon:
(90,95)(90,93)(108,93)(108,105)(105,105)(105,95)
Out Polygon:
(0,27)(0,45)(2,45)(2,30)(12,30)(12,27)
In Polygon:
(60,63)(60,55)(72,55)(72,63)
Out Polygon:
(19,27)(19,39)(27,39)(27,27)
In Polygon:
(58,136)(58,143)(45,143)(45,137)(48,137)(48,131)(53,131)(53,136)
Out Polygon:
(44,27)(37,27)(37,32)(32,32)(32,37)(38,37)(38,40)(44,40)
In Polygon:
(13,156)(13,161)(0,161)(0,150)(2,150)(2,156)
Out Polygon:
(15,30)(2,30)(2,35)(13,35)(13,41)(15,41)
In Polygon:
(45,98)(45,93)(55,93)(55,98)
Out Polygon:
(27,31)(27,41)(32,41)(32,31)
In Polygon:
(30,131)(35,131)(35,141)(30,141)
Out Polygon:
(45,34)(45,44)(50,44)(50,34)
In Polygon:
(77,131)(75,131)(75,144)(86,144)(86,142)(77,142)
Out Polygon:
(13,35)(2,35)(2,37)(11,37)(11,48)(13,48)
In Polygon:
(15,68)(24,68)(24,55)(15,55)
Out Polygon:
(2,37)(2,50)(11,50)(11,37)
In Polygon:
(15,104)(15,93)(27,93)(27,104)
Out Polygon:
(15,39)(15,50)(27,50)(27,39)
In Polygon:
(29.5,84)(37,84)(37,74)(29.5,74)
Out Polygon:
(37.5,40)(37.5,50)(45,50)(45,40)
In Polygon:
(38,101)(30,101)(30,93)(38,93)
Out Polygon:
(27,41)(27,49)(35,49)(35,41)
