In Polygon:
(94,181)(94,171)(89,171)(89,180)(76,180)(76,181)
Out Polygon:
(0,0)(0,10)(5,10)(5,1)(18,1)(18,0)
In Polygon:
(171,194)(182,194)(182,195)(172,195)(172,205)(171,205)
Out Polygon:
(29,0)(18,0)(18,1)(28,1)(28,11)(29,11)
In Polygon:
(10,378)(12,378)(12,391)(0,391)(0,389)(10,389)
Out Polygon:
(29,0)(29,13)(31,13)(31,2)(41,2)(41,0)
In Polygon:
(174,378)(171,378)(171,392)(183,392)(183,388)(174,388)
Out Polygon:
(41,0)(41,12)(45,12)(45,3)(55,3)(55,0)
In Polygon:
(29,274)(29,263)(28,263)(28,272)(19,272)(19,274)
Out Polygon:
(55,0)(55,11)(56,11)(56,2)(65,2)(65,0)
In Polygon:
(212,263)(219,263)(219,273)(212,273)(212,269)(209,269)(209,268)(212,268)
Out Polygon:
(65,0)(65,7)(70,7)(70,10)(71,10)(71,7)(75,7)(75,0)
In Polygon:
(117,392)(117,378)(110,378)(110,389)(95,389)(95,392)
Out Polygon:
(89,0)(75,0)(75,7)(86,7)(86,22)(89,22)
In Polygon:
(113,314)(113,309)(95,309)(95,320)(98,320)(98,314)
Out Polygon:
(5,1)(5,12)(8,12)(8,6)(23,6)(23,1)
In Polygon:
(157,337)(158,337)(158,335)(161,335)(161,332)(152,332)(152,335)(157,335)
Out Polygon:
(26,1)(23,1)(23,6)(21,6)(21,7)(23,7)(23,10)(26,10)
In Polygon:
(133,240)(133,242)(143,242)(143,240)
Out Polygon:
(26,1)(26,11)(28,11)(28,1)
In Polygon:
(47,194)(47,204)(46,204)(46,195)(38,195)(38,194)
Out Polygon:
(31,2)(31,11)(32,11)(32,3)(41,3)(41,2)
In Polygon:
(85,263)(76,263)(76,265)(84,265)(84,274)(85,274)
Out Polygon:
(65,2)(56,2)(56,4)(64,4)(64,13)(65,13)
In Polygon:
(38,240)(38,249)(32,249)(32,241)(19,241)(19,240)
Out Polygon:
(32,3)(32,22)(33,22)(33,9)(41,9)(41,3)
In Polygon:
(133,208)(143,208)(143,205)(134,205)(134,194)(133,194)
Out Polygon:
(55,3)(45,3)(45,6)(54,6)(54,17)(55,17)
In Polygon:
(45,378)(45,386)(38,386)(38,378)
Out Polygon:
(56,4)(56,11)(64,11)(64,4)
In Polygon:
(31,343)(19,343)(19,341)(29,341)(29,332)(31,332)
Out Polygon:
(8,6)(8,17)(10,17)(10,8)(20,8)(20,6)
In Polygon:
(228,310)(228,309)(230,309)(230,310)
Out Polygon:
(20,6)(20,8)(21,8)(21,6)
In Polygon:
(180,138)(171,138)(171,135)(179,135)(179,125)(180,125)
Out Polygon:
(45,6)(45,19)(46,19)(46,9)(54,9)(54,6)
In Polygon:
(193,309)(190,309)(190,311)(193,311)
Out Polygon:
(21,7)(21,10)(23,10)(23,7)
In Polygon:
(233,131)(228,131)(228,125)(233,125)
Out Polygon:
(65,7)(65,13)(70,13)(70,7)
In Polygon:
(14,263)(14,269)(0,269)(0,263)(5,263)(5,265)(7,265)(7,263)
Out Polygon:
(71,7)(71,13)(78,13)(78,11)(80,11)(80,13)(85,13)(85,7)
In Polygon:
(153,194)(153,200)(152,200)(152,194)
Out Polygon:
(85,7)(85,13)(86,13)(86,7)
In Polygon:
(210,240)(210,251)(204,251)(204,241)(190,241)(190,240)
Out Polygon:
(10,8)(10,28)(11,28)(11,14)(21,14)(21,8)
In Polygon:
(153,355)(160,355)(160,365)(153,365)(153,362)(152,362)(152,361)(153,361)
Out Polygon:
(34,19)(41,19)(41,13)(42,13)(42,12)(41,12)(41,9)(34,9)
In Polygon:
(76,355)(89,355)(89,356)(76,356)
Out Polygon:
(33,9)(33,22)(34,22)(34,9)
In Polygon:
(236,148)(238,148)(238,149)(243,149)(243,152)(228,152)(228,149)(236,149)
Out Polygon:
(51,24)(54,24)(54,19)(55,19)(55,17)(54,17)(54,9)(51,9)
In Polygon:
(152,222)(162,222)(162,217)(152,217)
Out Polygon:
(46,9)(46,19)(51,19)(51,9)
In Polygon:
(62,263)(62,265)(57,265)(57,263)
Out Polygon:
(0,10)(0,12)(5,12)(5,10)
In Polygon:
(6,359)(4,359)(4,358)(0,358)(0,355)(11,355)(11,358)(6,358)
Out Polygon:
(24,10)(21,10)(21,14)(20,14)(20,16)(21,16)(21,21)(24,21)
In Polygon:
(76,311)(78,311)(78,309)(76,309)
Out Polygon:
(24,10)(24,12)(26,12)(26,10)
In Polygon:
(190,172)(190,171)(193,171)(193,172)
Out Polygon:
(70,10)(70,13)(71,13)(71,10)
In Polygon:
(38,404)(38,401)(40,401)(40,404)
Out Polygon:
(26,11)(26,13)(29,13)(29,11)
In Polygon:
(76,125)(77,125)(77,137)(76,137)
Out Polygon:
(31,11)(31,23)(32,23)(32,11)
In Polygon:
(133,378)(133,387)(135,387)(135,379)(144,379)(144,378)
Out Polygon:
(64,11)(55,11)(55,13)(63,13)(63,22)(64,22)
In Polygon:
(120,355)(114,355)(114,368)(120,368)(120,363)(122,363)(122,361)(120,361)
Out Polygon:
(85,19)(85,13)(80,13)(80,11)(78,11)(78,13)(72,13)(72,19)
In Polygon:
(178,217)(176,217)(176,218)(171,218)(171,225)(184,225)(184,218)(178,218)
Out Polygon:
(1,25)(8,25)(8,19)(9,19)(9,17)(8,17)(8,12)(1,12)
In Polygon:
(210,286)(209,286)(209,290)(210,290)
Out Polygon:
(0,12)(0,16)(1,16)(1,12)
In Polygon:
(209,125)(209,127)(215,127)(215,125)
Out Polygon:
(24,12)(24,18)(26,18)(26,12)
In Polygon:
(229,240)(228,240)(228,243)(229,243)
Out Polygon:
(42,12)(42,13)(45,13)(45,12)
In Polygon:
(233,361)(233,362)(232,362)(232,367)(228,367)(228,355)(232,355)(232,361)
Out Polygon:
(30,13)(26,13)(26,18)(25,18)(25,19)(26,19)(26,25)(30,25)
In Polygon:
(115,290)(115,286)(114,286)(114,290)
Out Polygon:
(30,13)(30,17)(31,17)(31,13)
In Polygon:
(23,177)(23,171)(19,171)(19,177)
Out Polygon:
(41,13)(41,19)(45,19)(45,13)
In Polygon:
(19,223)(19,224)(20,224)(20,228)(26,228)(26,217)(20,217)(20,223)
Out Polygon:
(61,13)(55,13)(55,19)(54,19)(54,20)(55,20)(55,24)(61,24)
In Polygon:
(57,357)(57,355)(61,355)(61,357)
Out Polygon:
(61,13)(61,17)(63,17)(63,13)
In Polygon:
(191,367)(198,367)(198,355)(191,355)(191,359)(190,359)(190,361)(191,361)
Out Polygon:
(65,25)(72,25)(72,21)(73,21)(73,19)(72,19)(72,13)(65,13)
In Polygon:
(95,221)(95,217)(96,217)(96,221)
Out Polygon:
(64,13)(64,17)(65,17)(65,13)
In Polygon:
(1,240)(1,243)(0,243)(0,240)
Out Polygon:
(85,13)(85,16)(86,16)(86,13)
In Polygon:
(171,341)(187,341)(187,340)(175,340)(175,332)(171,332)
Out Polygon:
(11,14)(11,30)(12,30)(12,18)(20,18)(20,14)
In Polygon:
(190,386)(190,389)(191,389)(191,393)(192,393)(192,378)(191,378)(191,386)
Out Polygon:
(31,17)(30,17)(30,25)(29,25)(29,28)(30,28)(30,32)(31,32)
In Polygon:
(152,178)(154,178)(154,171)(152,171)
Out Polygon:
(61,17)(61,24)(63,24)(63,17)
In Polygon:
(38,364)(53,364)(53,363)(41,363)(41,355)(38,355)
Out Polygon:
(12,18)(12,33)(13,33)(13,21)(21,21)(21,18)
In Polygon:
(209,171)(211,171)(211,173)(209,173)
Out Polygon:
(8,19)(8,21)(10,21)(10,19)
In Polygon:
(192,263)(192,268)(190,268)(190,263)
Out Polygon:
(24,19)(24,24)(26,24)(26,19)
In Polygon:
(0,125)(0,136)(3,136)(3,126)(14,126)(14,125)
Out Polygon:
(45,19)(34,19)(34,22)(44,22)(44,33)(45,33)
In Polygon:
(57,194)(62,194)(62,200)(57,200)
Out Polygon:
(45,19)(45,24)(51,24)(51,19)
In Polygon:
(155,263)(152,263)(152,276)(164,276)(164,272)(155,272)
Out Polygon:
(73,19)(73,31)(77,31)(77,22)(86,22)(86,19)
In Polygon:
(61,240)(57,240)(57,253)(61,253)(61,249)(65,249)(65,248)(61,248)
Out Polygon:
(59,28)(59,24)(55,24)(55,20)(54,20)(54,24)(46,24)(46,28)
In Polygon:
(86,158)(86,148)(85,148)(85,157)(76,157)(76,158)
Out Polygon:
(13,21)(13,31)(14,31)(14,22)(23,22)(23,21)
In Polygon:
(125,273)(114,273)(114,272)(124,272)(124,263)(125,263)
Out Polygon:
(24,22)(14,22)(14,23)(23,23)(23,33)(24,33)
In Polygon:
(29,413)(31,413)(31,401)(19,401)(19,404)(29,404)
Out Polygon:
(32,22)(32,34)(35,34)(35,24)(44,24)(44,22)
In Polygon:
(154,160)(154,148)(147,148)(147,158)(133,158)(133,160)
Out Polygon:
(89,22)(77,22)(77,29)(87,29)(87,43)(89,43)
In Polygon:
(104,342)(104,332)(103,332)(103,341)(95,341)(95,342)
Out Polygon:
(14,23)(14,33)(15,33)(15,24)(23,24)(23,23)
In Polygon:
(95,125)(104,125)(104,131)(95,131)
Out Polygon:
(15,24)(15,33)(21,33)(21,24)
In Polygon:
(106,263)(106,273)(104,273)(104,264)(95,264)(95,263)
Out Polygon:
(25,35)(25,24)(24,24)(24,33)(15,33)(15,35)
In Polygon:
(209,249)(220,249)(220,248)(211,248)(211,240)(209,240)
Out Polygon:
(35,24)(35,35)(36,35)(36,26)(44,26)(44,24)
In Polygon:
(133,263)(137,263)(137,269)(133,269)
Out Polygon:
(59,24)(59,28)(65,28)(65,24)
In Polygon:
(19,194)(29,194)(29,197)(20,197)(20,207)(19,207)
Out Polygon:
(0,25)(0,38)(1,38)(1,28)(10,28)(10,25)
In Polygon:
(31,159)(31,148)(29,148)(29,158)(19,158)(19,159)
Out Polygon:
(27,36)(27,25)(25,25)(25,35)(15,35)(15,36)
In Polygon:
(18,334)(18,340)(0,340)(0,334)(6,334)(6,332)(10,332)(10,334)
Out Polygon:
(67,43)(73,43)(73,35)(75,35)(75,31)(73,31)(73,25)(67,25)
In Polygon:
(19,381)(28,381)(28,378)(19,378)
Out Polygon:
(36,26)(36,35)(39,35)(39,26)
In Polygon:
(76,378)(81,378)(81,385)(76,385)
Out Polygon:
(39,26)(39,33)(44,33)(44,26)
In Polygon:
(152,148)(152,158)(153,158)(153,149)(163,149)(163,148)
Out Polygon:
(11,28)(1,28)(1,29)(10,29)(10,39)(11,39)
In Polygon:
(183,295)(183,298)(171,298)(171,286)(175,286)(175,295)
Out Polygon:
(30,40)(30,28)(27,28)(27,36)(18,36)(18,40)
In Polygon:
(216,346)(209,346)(209,332)(225,332)(225,339)(216,339)
Out Polygon:
(45,28)(45,42)(52,42)(52,35)(61,35)(61,28)
In Polygon:
(38,125)(38,131)(45,131)(45,125)
Out Polygon:
(61,28)(61,35)(67,35)(67,28)
In Polygon:
(60,309)(60,319)(57,319)(57,309)
Out Polygon:
(7,29)(7,39)(10,39)(10,29)
In Polygon:
(19,286)(24,286)(24,296)(19,296)
Out Polygon:
(2,29)(2,39)(7,39)(7,29)
In Polygon:
(201,227)(201,217)(199,217)(199,226)(190,226)(190,227)
Out Polygon:
(87,29)(77,29)(77,31)(86,31)(86,40)(87,40)
In Polygon:
(144,140)(144,125)(142,125)(142,137)(133,137)(133,140)
Out Polygon:
(75,31)(75,46)(77,46)(77,34)(86,34)(86,31)
In Polygon:
(114,240)(117,240)(117,244)(114,244)
Out Polygon:
(11,33)(11,36)(15,36)(15,33)
In Polygon:
(38,171)(47,171)(47,175)(38,175)
Out Polygon:
(41,33)(41,42)(45,42)(45,33)
In Polygon:
(158,240)(158,245)(152,245)(152,240)
Out Polygon:
(30,34)(30,40)(35,40)(35,34)
In Polygon:
(57,148)(57,160)(60,160)(60,148)
Out Polygon:
(77,34)(77,46)(80,46)(80,34)
In Polygon:
(57,332)(63,332)(63,338)(57,338)
Out Polygon:
(80,34)(80,40)(86,40)(86,34)
In Polygon:
(228,197)(228,202)(242,202)(242,197)(237,197)(237,194)(235,194)(235,197)
Out Polygon:
(36,49)(41,49)(41,44)(44,44)(44,42)(41,42)(41,35)(36,35)
In Polygon:
(171,357)(171,355)(184,355)(184,367)(178,367)(178,357)
Out Polygon:
(52,35)(52,48)(54,48)(54,41)(64,41)(64,35)
In Polygon:
(57,378)(57,381)(63,381)(63,378)
Out Polygon:
(64,35)(64,41)(67,41)(67,35)
In Polygon:
(133,228)(133,217)(140,217)(140,228)
Out Polygon:
(11,36)(11,47)(18,47)(18,36)
In Polygon:
(209,194)(220,194)(220,197)(211,197)(211,207)(209,207)
Out Polygon:
(0,39)(0,52)(2,52)(2,42)(11,42)(11,39)
In Polygon:
(27,355)(19,355)(19,368)(37,368)(37,362)(27,362)
Out Polygon:
(36,40)(18,40)(18,46)(28,46)(28,53)(36,53)
In Polygon:
(19,309)(26,309)(26,315)(19,315)
Out Polygon:
(80,40)(80,46)(87,46)(87,40)
In Polygon:
(8,286)(12,286)(12,300)(0,300)(0,297)(8,297)
Out Polygon:
(54,41)(54,55)(58,55)(58,44)(66,44)(66,41)
In Polygon:
(152,134)(152,125)(159,125)(159,134)
Out Polygon:
(2,42)(2,49)(11,49)(11,42)
In Polygon:
(139,309)(133,309)(133,317)(139,317)
Out Polygon:
(44,42)(44,48)(52,48)(52,42)
In Polygon:
(190,125)(193,125)(193,134)(190,134)
Out Polygon:
(66,43)(66,46)(75,46)(75,43)
In Polygon:
(76,217)(81,217)(81,220)(76,220)
Out Polygon:
(41,44)(41,49)(44,49)(44,44)
In Polygon:
(214,309)(209,309)(209,320)(214,320)
Out Polygon:
(58,44)(58,55)(63,55)(63,44)
In Polygon:
(57,136)(60,136)(60,125)(57,125)
Out Polygon:
(63,44)(63,55)(66,55)(66,44)
In Polygon:
(228,390)(228,378)(229,378)(229,388)(238,388)(238,390)
Out Polygon:
(28,46)(18,46)(18,48)(27,48)(27,58)(28,58)
In Polygon:
(95,154)(95,148)(107,148)(107,160)(104,160)(104,154)
Out Polygon:
(72,58)(72,46)(66,46)(66,55)(60,55)(60,58)
In Polygon:
(214,378)(209,378)(209,391)(214,391)(214,386)(216,386)(216,385)(214,385)
Out Polygon:
(72,46)(72,51)(77,51)(77,53)(78,53)(78,51)(85,51)(85,46)
In Polygon:
(114,336)(125,336)(125,332)(114,332)
Out Polygon:
(85,46)(85,57)(89,57)(89,46)
In Polygon:
(190,293)(190,286)(196,286)(196,293)
Out Polygon:
(11,47)(11,53)(18,53)(18,47)
In Polygon:
(114,148)(114,157)(121,157)(121,148)
Out Polygon:
(18,48)(18,55)(27,55)(27,48)
In Polygon:
(19,125)(19,135)(33,135)(33,125)
Out Polygon:
(44,48)(44,62)(54,62)(54,48)
In Polygon:
(41,148)(38,148)(38,157)(41,157)
Out Polygon:
(2,49)(2,52)(11,52)(11,49)
In Polygon:
(57,217)(61,217)(61,225)(57,225)
Out Polygon:
(36,49)(36,53)(44,53)(44,49)
In Polygon:
(228,178)(233,178)(233,171)(228,171)
Out Polygon:
(72,51)(72,58)(77,58)(77,51)
In Polygon:
(0,177)(0,171)(7,171)(7,177)
Out Polygon:
(78,51)(78,57)(85,57)(85,51)
In Polygon:
(184,171)(171,171)(171,182)(184,182)
Out Polygon:
(0,52)(0,65)(11,65)(11,52)
In Polygon:
(38,222)(50,222)(50,217)(38,217)
Out Polygon:
(11,53)(11,65)(16,65)(16,53)
In Polygon:
(178,309)(184,309)(184,321)(171,321)(171,318)(178,318)
Out Polygon:
(28,53)(28,65)(34,65)(34,56)(41,56)(41,53)
In Polygon:
(38,309)(52,309)(52,312)(38,312)
Out Polygon:
(41,53)(41,67)(44,67)(44,53)
In Polygon:
(76,194)(76,204)(87,204)(87,194)
Out Polygon:
(16,55)(16,65)(27,65)(27,55)
In Polygon:
(159,384)(159,378)(152,378)(152,384)
Out Polygon:
(54,55)(54,62)(60,62)(60,55)
In Polygon:
(38,240)(47,240)(47,247)(38,247)
Out Polygon:
(34,56)(34,65)(41,65)(41,56)
In Polygon:
(0,309)(0,320)(12,320)(12,309)
Out Polygon:
(77,57)(77,68)(89,68)(89,57)
In Polygon:
(114,125)(128,125)(128,135)(114,135)
Out Polygon:
(63,58)(63,68)(77,68)(77,58)
In Polygon:
(136,290)(136,286)(133,286)(133,290)
Out Polygon:
(60,58)(60,62)(63,62)(63,58)
In Polygon:
(95,246)(95,240)(103,240)(103,246)
Out Polygon:
(55,62)(55,68)(63,68)(63,62)
In Polygon:
(106,355)(95,355)(95,366)(106,366)
Out Polygon:
(44,62)(44,73)(55,73)(55,62)
In Polygon:
(127,325)(114,325)(114,309)(127,309)
Out Polygon:
(0,65)(0,81)(13,81)(13,65)
In Polygon:
(11,164)(0,164)(0,148)(11,148)
Out Polygon:
(13,65)(13,81)(24,81)(24,65)
In Polygon:
(125,378)(125,394)(114,394)(114,378)
Out Polygon:
(24,65)(24,81)(35,81)(35,65)
In Polygon:
(8,407)(8,401)(0,401)(0,407)
Out Polygon:
(35,65)(35,73)(41,73)(41,65)
In Polygon:
(44,335)(38,335)(38,332)(44,332)
Out Polygon:
(41,67)(41,73)(44,73)(44,67)
In Polygon:
(60,286)(60,291)(57,291)(57,286)
Out Polygon:
(55,68)(55,73)(58,73)(58,68)
In Polygon:
(222,230)(222,217)(209,217)(209,230)
Out Polygon:
(76,68)(76,81)(89,81)(89,68)
In Polygon:
(0,230)(0,217)(12,217)(12,230)
Out Polygon:
(64,68)(64,81)(76,81)(76,68)
In Polygon:
(122,223)(114,223)(114,217)(122,217)
Out Polygon:
(58,68)(58,76)(64,76)(64,68)
In Polygon:
(171,148)(171,152)(179,152)(179,148)
Out Polygon:
(35,73)(35,81)(39,81)(39,73)
In Polygon:
(209,148)(209,151)(215,151)(215,148)
Out Polygon:
(52,73)(52,76)(58,76)(58,73)
In Polygon:
(209,355)(222,355)(222,369)(209,369)
Out Polygon:
(39,73)(39,87)(52,87)(52,73)
In Polygon:
(183,263)(183,275)(171,275)(171,263)
Out Polygon:
(52,76)(52,88)(64,88)(64,76)
In Polygon:
(159,309)(152,309)(152,315)(159,315)
Out Polygon:
(32,81)(32,87)(39,87)(39,81)
In Polygon:
(102,171)(102,177)(95,177)(95,171)
Out Polygon:
(25,81)(25,87)(32,87)(32,81)
In Polygon:
(95,286)(95,292)(101,292)(101,286)
Out Polygon:
(19,81)(19,87)(25,87)(25,81)
In Polygon:
(152,286)(152,289)(158,289)(158,286)
Out Polygon:
(16,81)(16,87)(19,87)(19,81)
In Polygon:
(228,348)(239,348)(239,332)(228,332)
Out Polygon:
(0,81)(0,92)(16,92)(16,81)
In Polygon:
(63,171)(63,178)(57,178)(57,171)
Out Polygon:
(64,81)(64,88)(70,88)(70,81)
In Polygon:
(171,247)(177,247)(177,240)(171,240)
Out Polygon:
(70,81)(70,88)(76,88)(76,81)
In Polygon:
(203,342)(203,332)(190,332)(190,342)
Out Polygon:
(76,81)(76,91)(89,91)(89,81)
In Polygon:
(86,255)(76,255)(76,240)(86,240)
Out Polygon:
(16,87)(16,102)(26,102)(26,87)
In Polygon:
(243,263)(228,263)(228,275)(243,275)
Out Polygon:
(26,87)(26,102)(38,102)(38,87)
In Polygon:
(52,278)(38,278)(38,263)(52,263)
Out Polygon:
(38,87)(38,102)(52,102)(52,87)
In Polygon:
(228,231)(228,217)(239,217)(239,231)
Out Polygon:
(52,88)(52,102)(63,102)(63,88)
In Polygon:
(95,200)(98,200)(98,194)(95,194)
Out Polygon:
(70,88)(70,91)(76,91)(76,88)
In Polygon:
(80,343)(76,343)(76,332)(80,332)
Out Polygon:
(63,88)(63,99)(67,99)(67,88)
In Polygon:
(190,209)(190,194)(201,194)(201,209)
Out Polygon:
(74,91)(74,102)(89,102)(89,91)
In Polygon:
(234,292)(228,292)(228,286)(234,286)
Out Polygon:
(68,91)(68,97)(74,97)(74,91)
In Polygon:
(143,332)(133,332)(133,342)(143,342)
Out Polygon:
(6,92)(6,102)(16,102)(16,92)
In Polygon:
(190,154)(196,154)(196,148)(190,148)
Out Polygon:
(0,92)(0,98)(6,98)(6,92)
In Polygon:
(38,286)(53,286)(53,297)(38,297)
Out Polygon:
(63,99)(63,114)(74,114)(74,99)
In Polygon:
(76,286)(91,286)(91,298)(76,298)
Out Polygon:
(48,102)(48,114)(63,114)(63,102)
In Polygon:
(133,367)(133,355)(143,355)(143,367)
Out Polygon:
(38,102)(38,114)(48,114)(48,102)
In Polygon:
(125,181)(125,171)(114,171)(114,181)
Out Polygon:
(0,102)(0,113)(10,113)(10,102)
In Polygon:
(15,205)(0,205)(0,194)(15,194)
Out Polygon:
(10,102)(10,113)(25,113)(25,102)
In Polygon:
(125,205)(114,205)(114,194)(125,194)
Out Polygon:
(25,102)(25,113)(36,113)(36,102)
In Polygon:
(143,171)(133,171)(133,182)(143,182)
Out Polygon:
(79,102)(79,113)(89,113)(89,102)
