In Polygon:
(5,255)(19,255)(19,230)(5,230)(5,238)(0,238)(0,244)(5,244)
Out Polygon:
(0,0)(0,14)(8,14)(8,19)(14,19)(14,14)(25,14)(25,0)
In Polygon:
(80,234)(80,230)(101,230)(101,248)(92,248)(92,234)
Out Polygon:
(25,0)(25,21)(29,21)(29,9)(43,9)(43,0)
In Polygon:
(168,203)(173,203)(173,229)(160,229)(160,220)(168,220)
Out Polygon:
(43,0)(43,26)(48,26)(48,9)(56,9)(56,0)
In Polygon:
(100,95)(100,112)(106,112)(106,99)(121,99)(121,95)
Out Polygon:
(56,0)(56,17)(62,17)(62,4)(77,4)(77,0)
In Polygon:
(120,261)(120,257)(121,257)(121,261)
Out Polygon:
(77,0)(77,4)(78,4)(78,0)
In Polygon:
(130,114)(136,114)(136,95)(120,95)(120,103)(130,103)
Out Polygon:
(78,4)(62,4)(62,12)(72,12)(72,23)(78,23)
In Polygon:
(40,237)(40,239)(45,239)(45,244)(52,244)(52,230)(45,230)(45,237)
Out Polygon:
(29,9)(29,16)(36,16)(36,21)(38,21)(38,16)(43,16)(43,9)
In Polygon:
(123,218)(129,218)(129,203)(123,203)(123,208)(120,208)(120,210)(123,210)
Out Polygon:
(50,24)(56,24)(56,19)(59,19)(59,17)(56,17)(56,9)(50,9)
In Polygon:
(162,149)(160,149)(160,155)(162,155)
Out Polygon:
(48,9)(48,15)(50,15)(50,9)
In Polygon:
(20,176)(20,186)(25,186)(25,177)(40,177)(40,176)
Out Polygon:
(72,12)(62,12)(62,17)(71,17)(71,32)(72,32)
In Polygon:
(68,188)(60,188)(60,176)(68,176)
Out Polygon:
(0,14)(0,26)(8,26)(8,14)
In Polygon:
(120,187)(120,176)(126,176)(126,186)(141,186)(141,187)
Out Polygon:
(14,14)(14,35)(15,35)(15,20)(25,20)(25,14)
In Polygon:
(5,259)(5,257)(0,257)(0,259)
Out Polygon:
(48,15)(48,20)(50,20)(50,15)
In Polygon:
(12,284)(0,284)(0,291)(12,291)
Out Polygon:
(29,16)(29,28)(36,28)(36,16)
In Polygon:
(60,257)(64,257)(64,267)(60,267)
Out Polygon:
(39,16)(39,26)(43,26)(43,16)
In Polygon:
(172,241)(172,230)(170,230)(170,240)(160,240)(160,241)
Out Polygon:
(59,17)(59,28)(61,28)(61,18)(71,18)(71,17)
In Polygon:
(20,230)(30,230)(30,232)(21,232)(21,242)(20,242)
Out Polygon:
(61,18)(61,30)(62,30)(62,20)(71,20)(71,18)
In Polygon:
(20,149)(20,155)(27,155)(27,149)
Out Polygon:
(8,19)(8,26)(14,26)(14,19)
In Polygon:
(23,106)(23,95)(20,95)(20,106)
Out Polygon:
(56,19)(56,30)(59,30)(59,19)
In Polygon:
(31,122)(20,122)(20,123)(30,123)(30,132)(31,132)
Out Polygon:
(15,20)(15,31)(16,31)(16,21)(25,21)(25,20)
In Polygon:
(160,99)(160,95)(162,95)(162,99)
Out Polygon:
(48,20)(48,24)(50,24)(50,20)
In Polygon:
(140,176)(152,176)(152,182)(140,182)
Out Polygon:
(65,20)(65,32)(71,32)(71,20)
In Polygon:
(153,113)(140,113)(140,108)(151,108)(151,95)(153,95)
Out Polygon:
(16,21)(16,39)(18,39)(18,26)(29,26)(29,21)
In Polygon:
(10,158)(10,155)(6,155)(6,149)(0,149)(0,167)(6,167)(6,158)
Out Polygon:
(78,23)(72,23)(72,32)(68,32)(68,35)(72,35)(72,41)(78,41)
In Polygon:
(58,177)(58,182)(40,182)(40,177)(46,177)(46,176)(50,176)(50,177)
Out Polygon:
(51,42)(56,42)(56,34)(57,34)(57,30)(56,30)(56,24)(51,24)
In Polygon:
(54,151)(54,149)(40,149)(40,162)(45,162)(45,151)
Out Polygon:
(0,26)(0,39)(5,39)(5,28)(14,28)(14,26)
In Polygon:
(71,219)(71,203)(70,203)(70,216)(60,216)(60,219)
Out Polygon:
(18,26)(18,42)(19,42)(19,29)(29,29)(29,26)
In Polygon:
(77,238)(77,245)(60,245)(60,230)(65,230)(65,238)
Out Polygon:
(36,26)(36,43)(43,43)(43,31)(51,31)(51,26)
In Polygon:
(20,214)(26,214)(26,203)(20,203)
Out Polygon:
(5,28)(5,39)(11,39)(11,28)
In Polygon:
(140,122)(153,122)(153,125)(142,125)(142,136)(140,136)
Out Polygon:
(13,42)(13,28)(11,28)(11,39)(0,39)(0,42)
In Polygon:
(164,176)(160,176)(160,183)(164,183)
Out Polygon:
(29,28)(29,32)(36,32)(36,28)
In Polygon:
(40,294)(40,284)(20,284)(20,294)
Out Polygon:
(19,29)(19,49)(29,49)(29,29)
In Polygon:
(108,230)(100,230)(100,240)(108,240)
Out Polygon:
(57,30)(57,40)(65,40)(65,30)
In Polygon:
(160,122)(160,128)(172,128)(172,122)
Out Polygon:
(43,31)(43,43)(49,43)(49,31)
In Polygon:
(140,230)(140,244)(143,244)(143,232)(154,232)(154,230)
Out Polygon:
(34,46)(48,46)(48,43)(36,43)(36,32)(34,32)
In Polygon:
(120,272)(120,257)(114,257)(114,269)(100,269)(100,272)
Out Polygon:
(31,52)(46,52)(46,46)(34,46)(34,32)(31,32)
In Polygon:
(0,182)(0,176)(4,176)(4,182)
Out Polygon:
(68,35)(68,41)(72,41)(72,35)
In Polygon:
(6,100)(0,100)(0,95)(6,95)
Out Polygon:
(13,39)(13,45)(18,45)(18,39)
In Polygon:
(111,122)(100,122)(100,123)(110,123)(110,133)(111,133)
Out Polygon:
(57,40)(57,51)(58,51)(58,41)(68,41)(68,40)
In Polygon:
(92,131)(92,135)(89,135)(89,141)(80,141)(80,122)(89,122)(89,131)
Out Polygon:
(58,41)(58,50)(64,50)(64,53)(68,53)(68,50)(77,50)(77,41)
In Polygon:
(96,189)(96,176)(92,176)(92,187)(80,187)(80,189)
Out Polygon:
(13,42)(0,42)(0,46)(11,46)(11,58)(13,58)
In Polygon:
(140,149)(140,158)(148,158)(148,149)
Out Polygon:
(49,42)(49,51)(57,51)(57,42)
In Polygon:
(92,101)(80,101)(80,95)(92,95)
Out Polygon:
(13,45)(13,57)(19,57)(19,45)
In Polygon:
(40,122)(40,133)(59,133)(59,122)
Out Polygon:
(0,46)(0,65)(11,65)(11,46)
In Polygon:
(120,122)(132,122)(132,143)(120,143)
Out Polygon:
(19,49)(19,70)(31,70)(31,49)
In Polygon:
(126,242)(120,242)(120,230)(126,230)
Out Polygon:
(58,50)(58,62)(64,62)(64,50)
In Polygon:
(128,157)(120,157)(120,149)(128,149)
Out Polygon:
(70,50)(70,58)(78,58)(78,50)
In Polygon:
(12,221)(12,203)(0,203)(0,221)
Out Polygon:
(46,51)(46,69)(58,69)(58,51)
In Polygon:
(119,188)(119,191)(100,191)(100,176)(104,176)(104,188)
Out Polygon:
(31,52)(31,71)(34,71)(34,56)(46,56)(46,52)
In Polygon:
(80,203)(86,203)(86,209)(80,209)
Out Polygon:
(64,53)(64,59)(70,59)(70,53)
In Polygon:
(40,95)(55,95)(55,107)(40,107)
Out Polygon:
(34,56)(34,71)(46,71)(46,56)
In Polygon:
(114,149)(114,153)(100,153)(100,149)
Out Polygon:
(15,57)(15,71)(19,71)(19,57)
In Polygon:
(0,127)(4,127)(4,122)(0,122)
Out Polygon:
(11,58)(11,63)(15,63)(15,58)
In Polygon:
(79,122)(79,136)(60,136)(60,122)
Out Polygon:
(64,59)(64,78)(78,78)(78,59)
In Polygon:
(160,279)(176,279)(176,273)(163,273)(163,257)(160,257)
Out Polygon:
(61,84)(77,84)(77,78)(64,78)(64,62)(61,62)
In Polygon:
(60,95)(75,95)(75,99)(63,99)(63,112)(60,112)
Out Polygon:
(0,65)(0,82)(3,82)(3,69)(15,69)(15,65)
In Polygon:
(55,203)(55,214)(40,214)(40,203)
Out Polygon:
(3,69)(3,84)(14,84)(14,69)
In Polygon:
(40,257)(40,272)(58,272)(58,257)
Out Polygon:
(46,69)(46,87)(61,87)(61,69)
In Polygon:
(155,214)(155,203)(140,203)(140,214)
Out Polygon:
(19,70)(19,85)(30,85)(30,70)
In Polygon:
(60,165)(60,149)(76,149)(76,165)
Out Polygon:
(30,71)(30,87)(46,87)(46,71)
In Polygon:
(97,149)(80,149)(80,167)(97,167)
Out Polygon:
(0,84)(0,102)(17,102)(17,84)
In Polygon:
(118,217)(118,203)(100,203)(100,217)
Out Polygon:
(64,84)(64,102)(78,102)(78,84)
In Polygon:
(93,272)(93,257)(80,257)(80,272)
Out Polygon:
(17,85)(17,100)(30,100)(30,85)
In Polygon:
(156,272)(156,257)(140,257)(140,272)
Out Polygon:
(48,87)(48,102)(64,102)(64,87)
In Polygon:
(20,257)(20,272)(34,272)(34,257)
Out Polygon:
(34,87)(34,102)(48,102)(48,87)
