bk1 R
(0,0)(0,133)(336,133)(336,0)
bk10a#bk4 T
(0,0)(0,119)(119,119)(119,679)(252,679)(252,119)(378,119)(378,0)
bk10b#bk5a R
(0,0)(0,294)(140,294)(140,0)
bk10c#bk5b L
(0,0)(0,182)(175,182)(175,49)(119,49)(119,0)
bk11#bk5c L
(0,0)(0,308)(231,308)(231,175)(119,175)(119,0)
bk12#bk6 L
(0,0)(0,140)(91,140)(91,273)(406,273)(406,0)
bk13#bk7 L
(0,0)(0,322)(497,322)(497,182)(98,182)(98,0)
bk14a R
(0,0)(0,119)(196,119)(196,0)
bk14b R
(0,0)(0,119)(294,119)(294,0)
bk14c R
(0,0)(0,119)(161,119)(161,0)
bk15a R
(0,0)(0,266)(119,266)(119,0)
bk15b R
(0,0)(0,336)(119,336)(119,0)
bk16 R
(0,0)(0,126)(119,126)(119,0)
bk17a R
(0,0)(0,182)(371,182)(371,0)
bk17b R
(0,0)(0,203)(182,203)(182,0)
bk18 R
(0,0)(0,203)(182,203)(182,0)
bk19 R
(0,0)(0,119)(84,119)(84,0)
bk2 R
(0,0)(0,294)(133,294)(133,0)
bk20 R
(0,0)(0,350)(182,350)(182,0)
bk21 R
(0,0)(0,140)(315,140)(315,0)
bk3 R
(0,0)(0,315)(133,315)(133,0)
bk8a R
(0,0)(0,210)(210,210)(210,0)
bk8b R
(0,0)(0,378)(126,378)(126,0)
bk9a R
(0,0)(0,119)(182,119)(182,0)
bk9b R
(0,0)(0,119)(119,119)(119,0)
bk9c R
(0,0)(0,119)(357,119)(357,0)
bk9d R
(0,0)(0,84)(119,84)(119,0)
