M001 R
(0,0)(0,3234)(1708,3234)(1708,0)
M002#M044 L
(0,0)(0,1554)(672,1554)(672,1302)(1302,1302)(1302,0)
M003#M004 L
(0,0)(0,2618)(3080,2618)(3080,1008)(2184,1008)(2184,0)
M005#M030 L
(0,0)(0,532)(84,532)(84,1260)(1386,1260)(1386,0)
M006 R
(0,0) (0,882)(1862,882)(1862,0)
M007#M015 L
(0,0)(0,350)(28,350)(28,756)(868,756)(868,0)
M008#M043 L
(0,0)(0,532)(266,532)(266,1778)(910,1778)(910,0)
M009#M028 L
(0,0)(0,980)(980,980)(980,518)(1064,518)(1064,0)
M010#M011 L
(0,0)(0,672)(616,672)(616,378)(826,378)(826,0)
M012#M013 L
(0,0)(0,1064)(406,1064)(406,266)(672,266)(672,0)
M014#M035 L
(0,0)(0,798)(854,798)(854,406)(924,406)(924,0)
M016#M041 L
(0,0)(0,686)(854,686)(854,322)(798,322)(798,0)
M017 R
(0,0)(0,756)(392,756)(392,0)
M018#M032 L
(0,14)(0,392)(1862,392)(1862,0)(784,0)(784,14)
M019#M031 L
(0,392)(0,784)(1050,784)(1050,0)(224,0)(224,392)
M020#M039 L
(0,0)(0,364)(784,364)(784,252)(1582,252)(1582,0)
M021#M049 L
(0,392)(0,784)(826,784)(826,0)(84,0)(84,392)
M022#M027 L
(0,0)(0,728)(952,728)(952,364)(840,364)(840,0)
M023#M036 L
(0,0)(0,490)(1134,490)(1134,448)(2128,448)(2128,0)
M024 R
(0,0)(0,266)(798,266)(798,0)
M025#M026 L
(0,0)(0,672)(784,672)(784,350)(728,350)(728,0)
M029#M034 L
(0,0)(0,1050)(1148,1050)(1148,490)(994,490)(994,0)
M033#M048 L
(0,0)(0,1680)(1890,1680)(1890,728)(1302,728)(1302,0)
M037#M045 L
(0,0)(0,1218)(560,1218)(560,672)(1722,672)(1722,0)
M038#M046 L
(0,448)(0,952)(1204,952)(1204,0)(238,0)(238,448)
M040 R
(0,0)(0,868)(392,868)(392,0)
M042 R
(0,0)(0,378)(168,378)(168,0)
M047 R
(0,0)(0,812)(434,812)(434,0)
