Polygon:
(0,0)(22,0)(22,18)(8,18)(8,35)(0,35)
Polygon:
(0,0)(6,0)(6,8)(4,8)(4,19)(0,19)
Polygon:
(0,0)(21,0)(21,6)(6,6)(6,10)(0,10)
Polygon:
(0,0)(3,0)(3,9)(1,9)(1,19)(0,19)
Polygon:
(0,0)(32,0)(32,8)(15,8)(15,24)(0,24)
Polygon:
(0,0)(23,0)(23,6)(9,6)(9,16)(0,16)
Polygon:
(0,0)(12,0)(12,18)(11,18)(11,27)(0,27)
Polygon:
(0,0)(18,0)(18,6)(16,6)(16,12)(0,12)
Polygon:
(0,0)(19,0)(19,17)(12,17)(12,31)(0,31)
Polygon:
(0,0)(19,0)(19,11)(10,11)(10,22)(0,22)
Polygon:
(0,0)(14,0)(14,5)(6,5)(6,9)(0,9)
Polygon:
(0,0)(34,0)(34,6)(17,6)(17,11)(0,11)
Polygon:
(0,0)(23,0)(23,14)(14,14)(14,32)(0,32)
Polygon:
(0,0)(13,0)(13,5)(8,5)(8,7)(0,7)
Polygon:
(0,0)(22,0)(22,5)(13,5)(13,10)(0,10)
Polygon:
(0,0)(10,0)(10,4)(2,4)(2,19)(0,19)
Polygon:
(0,0)(27,0)(27,6)(12,6)(12,10)(0,10)
Polygon:
(0,0)(18,0)(18,2)(6,2)(6,10)(0,10)
Polygon:
(0,0)(12,0)(12,18)(10,18)(10,20)(0,20)
Polygon:
(0,0)(17,0)(17,16)(14,16)(14,30)(0,30)
Polygon:
(0,0)(17,0)(17,10)(6,10)(6,13)(0,13)
Polygon:
(0,0)(24,0)(24,9)(12,9)(12,17)(0,17)
Polygon:
(0,0)(28,0)(28,6)(12,6)(12,18)(0,18)
Polygon:
(0,0)(2,0)(2,8)(1,8)(1,16)(0,16)
Polygon:
(0,0)(12,0)(12,2)(8,2)(8,11)(0,11)
Polygon:
(0,0)(10,0)(10,10)(8,10)(8,16)(0,16)
Polygon:
(0,0)(8,0)(8,1)(4,1)(4,14)(0,14)
Polygon:
(0,0)(22,0)(22,2)(16,2)(16,20)(0,20)
Polygon:
(0,0)(31,0)(31,3)(16,3)(16,13)(0,13)
Polygon:
(0,0)(17,0)(17,3)(4,3)(4,4)(0,4)
Polygon:
(0,0)(19,0)(19,5)(3,5)(3,11)(0,11)
Polygon:
(0,0)(27,0)(27,11)(9,11)(9,18)(0,18)
Polygon:
(0,0)(14,0)(14,4)(5,4)(5,18)(0,18)
Polygon:
(0,0)(27,0)(27,16)(12,16)(12,34)(0,34)
Polygon:
(0,0)(24,0)(24,1)(13,1)(13,6)(0,6)
Polygon:
(0,0)(27,0)(27,10)(11,10)(11,25)(0,25)
Polygon:
(0,0)(8,0)(8,2)(5,2)(5,14)(0,14)
Polygon:
(0,0)(16,0)(16,17)(4,17)(4,23)(0,23)
Polygon:
(0,0)(29,0)(29,4)(17,4)(17,18)(0,18)
Polygon:
(0,0)(14,0)(14,13)(1,13)(1,26)(0,26)
Polygon:
(0,0)(19,0)(19,17)(18,17)(18,27)(0,27)
Polygon:
(0,0)(14,0)(14,11)(5,11)(5,22)(0,22)
Polygon:
(0,0)(24,0)(24,12)(18,12)(18,18)(0,18)
Polygon:
(0,0)(11,0)(11,2)(5,2)(5,5)(0,5)
Polygon:
(0,0)(25,0)(25,11)(16,11)(16,26)(0,26)
Polygon:
(0,0)(13,0)(13,6)(4,6)(4,8)(0,8)
Polygon:
(0,0)(6,0)(6,9)(1,9)(1,19)(0,19)
Polygon:
(0,0)(19,0)(19,3)(15,3)(15,5)(0,5)
Polygon:
(0,0)(13,0)(13,18)(12,18)(12,28)(0,28)
Polygon:
(0,0)(13,0)(13,17)(4,17)(4,22)(0,22)
Polygon:
(0,0)(13,0)(13,8)(4,8)(4,18)(0,18)
Polygon:
(0,0)(13,0)(13,7)(7,7)(7,13)(0,13)
Polygon:
(0,0)(16,0)(16,10)(1,10)(1,25)(0,25)
Polygon:
(0,0)(17,0)(17,7)(8,7)(8,15)(0,15)
Polygon:
(0,0)(7,0)(7,3)(4,3)(4,6)(0,6)
Polygon:
(0,0)(19,0)(19,17)(9,17)(9,28)(0,28)
Polygon:
(0,0)(19,0)(19,3)(4,3)(4,6)(0,6)
Polygon:
(0,0)(13,0)(13,13)(7,13)(7,27)(0,27)
Polygon:
(0,0)(21,0)(21,12)(14,12)(14,25)(0,25)
Polygon:
(0,0)(26,0)(26,13)(14,13)(14,27)(0,27)
Polygon:
(0,0)(20,0)(20,12)(9,12)(9,15)(0,15)
Polygon:
(0,0)(16,0)(16,6)(12,6)(12,20)(0,20)
Polygon:
(0,0)(31,0)(31,17)(13,17)(13,25)(0,25)
Polygon:
(0,0)(15,0)(15,10)(11,10)(11,14)(0,14)
Polygon:
(0,0)(17,0)(17,2)(13,2)(13,17)(0,17)
Polygon:
(0,0)(18,0)(18,13)(9,13)(9,20)(0,20)
Polygon:
(0,0)(16,0)(16,10)(6,10)(6,15)(0,15)
Polygon:
(0,0)(32,0)(32,5)(18,5)(18,14)(0,14)
Polygon:
(0,0)(5,0)(5,14)(1,14)(1,19)(0,19)
Polygon:
(0,0)(12,0)(12,17)(11,17)(11,26)(0,26)
Polygon:
(0,0)(14,0)(14,17)(7,17)(7,32)(0,32)
Polygon:
(0,0)(22,0)(22,11)(4,11)(4,22)(0,22)
Polygon:
(0,0)(23,0)(23,5)(7,5)(7,6)(0,6)
Polygon:
(0,0)(22,0)(22,14)(16,14)(16,32)(0,32)
Polygon:
(0,0)(22,0)(22,2)(18,2)(18,19)(0,19)
Polygon:
(0,0)(23,0)(23,7)(13,7)(13,20)(0,20)
Polygon:
(0,0)(26,0)(26,8)(10,8)(10,20)(0,20)
Polygon:
(0,0)(28,0)(28,1)(11,1)(11,13)(0,13)
Polygon:
(0,0)(16,0)(16,16)(9,16)(9,20)(0,20)
Polygon:
(0,0)(24,0)(24,10)(8,10)(8,23)(0,23)
Polygon:
(0,0)(13,0)(13,18)(12,18)(12,34)(0,34)
Polygon:
(0,0)(24,0)(24,15)(11,15)(11,29)(0,29)
Polygon:
(0,0)(11,0)(11,15)(9,15)(9,16)(0,16)
Polygon:
(0,0)(18,0)(18,16)(9,16)(9,32)(0,32)
Polygon:
(0,0)(27,0)(27,16)(17,16)(17,23)(0,23)
Polygon:
(0,0)(29,0)(29,7)(17,7)(17,16)(0,16)
Polygon:
(0,0)(22,0)(22,15)(11,15)(11,22)(0,22)
Polygon:
(0,0)(22,0)(22,16)(9,16)(9,31)(0,31)
Polygon:
(0,0)(22,0)(22,2)(17,2)(17,13)(0,13)
Polygon:
(0,0)(9,0)(9,17)(4,17)(4,23)(0,23)
Polygon:
(0,0)(23,0)(23,10)(15,10)(15,22)(0,22)
Polygon:
(0,0)(25,0)(25,13)(18,13)(18,24)(0,24)
Polygon:
(0,0)(24,0)(24,10)(8,10)(8,14)(0,14)
Polygon:
(0,0)(12,0)(12,15)(11,15)(11,33)(0,33)
Polygon:
(0,0)(25,0)(25,17)(10,17)(10,28)(0,28)
Polygon:
(0,0)(16,0)(16,11)(5,11)(5,12)(0,12)
Polygon:
(0,0)(18,0)(18,10)(15,10)(15,15)(0,15)
Polygon:
(0,0)(19,0)(19,17)(8,17)(8,24)(0,24)
Polygon:
(0,0)(17,0)(17,11)(2,11)(2,14)(0,14)
Polygon:
(0,0)(28,0)(28,2)(17,2)(17,7)(0,7)
Polygon:
(0,0)(36,0)(36,6)(18,6)(18,15)(0,15)
Polygon:
(0,0)(15,0)(15,5)(8,5)(8,11)(0,11)
Polygon:
(0,0)(13,0)(13,3)(4,3)(4,14)(0,14)
Polygon:
(0,0)(3,0)(3,4)(2,4)(2,15)(0,15)
Polygon:
(0,0)(19,0)(19,17)(15,17)(15,32)(0,32)
Polygon:
(0,0)(12,0)(12,6)(5,6)(5,17)(0,17)
Polygon:
(0,0)(15,0)(15,18)(11,18)(11,28)(0,28)
Polygon:
(0,0)(8,0)(8,13)(5,13)(5,16)(0,16)
Polygon:
(0,0)(15,0)(15,5)(2,5)(2,7)(0,7)
Polygon:
(0,0)(14,0)(14,12)(8,12)(8,16)(0,16)
Polygon:
(0,0)(13,0)(13,9)(7,9)(7,12)(0,12)
Polygon:
(0,0)(18,0)(18,2)(13,2)(13,15)(0,15)
Polygon:
(0,0)(24,0)(24,14)(16,14)(16,15)(0,15)
Polygon:
(0,0)(15,0)(15,1)(6,1)(6,14)(0,14)
Polygon:
(0,0)(25,0)(25,1)(12,1)(12,7)(0,7)
Polygon:
(0,0)(9,0)(9,3)(2,3)(2,4)(0,4)
Polygon:
(0,0)(16,0)(16,13)(6,13)(6,18)(0,18)
Polygon:
(0,0)(18,0)(18,3)(9,3)(9,21)(0,21)
Polygon:
(0,0)(19,0)(19,15)(4,15)(4,32)(0,32)
Polygon:
(0,0)(13,0)(13,2)(10,2)(10,19)(0,19)
Polygon:
(0,0)(5,0)(5,3)(4,3)(4,7)(0,7)
Polygon:
(0,0)(29,0)(29,18)(12,18)(12,26)(0,26)
Polygon:
(0,0)(26,0)(26,2)(13,2)(13,10)(0,10)
Polygon:
(0,0)(19,0)(19,16)(11,16)(11,28)(0,28)
Polygon:
(0,0)(4,0)(4,10)(3,10)(3,15)(0,15)
Polygon:
(0,0)(14,0)(14,18)(9,18)(9,32)(0,32)
Polygon:
(0,0)(16,0)(16,17)(7,17)(7,22)(0,22)
Polygon:
(0,0)(17,0)(17,17)(2,17)(2,28)(0,28)
Polygon:
(0,0)(25,0)(25,3)(14,3)(14,14)(0,14)
Polygon:
(0,0)(14,0)(14,8)(7,8)(7,23)(0,23)
Polygon:
(0,0)(16,0)(16,3)(10,3)(10,17)(0,17)
Polygon:
(0,0)(26,0)(26,10)(8,10)(8,28)(0,28)
Polygon:
(0,0)(10,0)(10,16)(2,16)(2,26)(0,26)
Polygon:
(0,0)(21,0)(21,9)(12,9)(12,22)(0,22)
Polygon:
(0,0)(27,0)(27,12)(11,12)(11,18)(0,18)
Polygon:
(0,0)(8,0)(8,5)(5,5)(5,7)(0,7)
Polygon:
(0,0)(19,0)(19,16)(15,16)(15,28)(0,28)
Polygon:
(0,0)(22,0)(22,4)(16,4)(16,8)(0,8)
Polygon:
(0,0)(15,0)(15,17)(1,17)(1,23)(0,23)
Polygon:
(0,0)(5,0)(5,5)(4,5)(4,8)(0,8)
Polygon:
(0,0)(13,0)(13,12)(10,12)(10,13)(0,13)
Polygon:
(0,0)(30,0)(30,12)(17,12)(17,27)(0,27)
Polygon:
(0,0)(15,0)(15,14)(9,14)(9,22)(0,22)
Polygon:
(0,0)(20,0)(20,3)(18,3)(18,10)(0,10)
Polygon:
(0,0)(6,0)(6,6)(3,6)(3,12)(0,12)
Polygon:
(0,0)(21,0)(21,5)(16,5)(16,12)(0,12)
Polygon:
(0,0)(31,0)(31,4)(17,4)(17,5)(0,5)
Polygon:
(0,0)(16,0)(16,9)(9,9)(9,24)(0,24)
Polygon:
(0,0)(29,0)(29,7)(12,7)(12,25)(0,25)
Polygon:
(0,0)(14,0)(14,11)(10,11)(10,26)(0,26)
Polygon:
(0,0)(22,0)(22,14)(6,14)(6,16)(0,16)
Polygon:
(0,0)(7,0)(7,2)(6,2)(6,20)(0,20)
Polygon:
(0,0)(14,0)(14,9)(5,9)(5,27)(0,27)
Polygon:
(0,0)(26,0)(26,14)(15,14)(15,16)(0,16)
Polygon:
(0,0)(22,0)(22,14)(10,14)(10,31)(0,31)
Polygon:
(0,0)(22,0)(22,9)(15,9)(15,24)(0,24)
Polygon:
(0,0)(30,0)(30,17)(15,17)(15,31)(0,31)
Polygon:
(0,0)(17,0)(17,16)(9,16)(9,22)(0,22)
Polygon:
(0,0)(29,0)(29,12)(12,12)(12,30)(0,30)
Polygon:
(0,0)(19,0)(19,4)(13,4)(13,19)(0,19)
Polygon:
(0,0)(14,0)(14,15)(11,15)(11,30)(0,30)
Polygon:
(0,0)(5,0)(5,7)(2,7)(2,17)(0,17)
Polygon:
(0,0)(33,0)(33,5)(18,5)(18,21)(0,21)
Polygon:
(0,0)(28,0)(28,8)(12,8)(12,25)(0,25)
Polygon:
(0,0)(7,0)(7,13)(6,13)(6,29)(0,29)
Polygon:
(0,0)(29,0)(29,5)(14,5)(14,22)(0,22)
Polygon:
(0,0)(19,0)(19,13)(16,13)(16,26)(0,26)
Polygon:
(0,0)(16,0)(16,9)(11,9)(11,23)(0,23)
Polygon:
(0,0)(21,0)(21,2)(9,2)(9,10)(0,10)
Polygon:
(0,0)(22,0)(22,13)(17,13)(17,14)(0,14)
Polygon:
(0,0)(27,0)(27,16)(13,16)(13,24)(0,24)
Polygon:
(0,0)(31,0)(31,17)(16,17)(16,30)(0,30)
Polygon:
(0,0)(29,0)(29,2)(15,2)(15,5)(0,5)
Polygon:
(0,0)(29,0)(29,6)(16,6)(16,24)(0,24)
Polygon:
(0,0)(24,0)(24,5)(16,5)(16,7)(0,7)
Polygon:
(0,0)(28,0)(28,14)(15,14)(15,21)(0,21)
Polygon:
(0,0)(27,0)(27,10)(15,10)(15,12)(0,12)
Polygon:
(0,0)(12,0)(12,4)(10,4)(10,11)(0,11)
Polygon:
(0,0)(29,0)(29,9)(13,9)(13,17)(0,17)
Polygon:
(0,0)(23,0)(23,16)(18,16)(18,30)(0,30)
Polygon:
(0,0)(22,0)(22,12)(8,12)(8,13)(0,13)
Polygon:
(0,0)(25,0)(25,15)(16,15)(16,24)(0,24)
Polygon:
(0,0)(9,0)(9,10)(3,10)(3,28)(0,28)
Polygon:
(0,0)(19,0)(19,5)(18,5)(18,9)(0,9)
Polygon:
(0,0)(6,0)(6,1)(1,1)(1,3)(0,3)
Polygon:
(0,0)(14,0)(14,4)(7,4)(7,6)(0,6)
Polygon:
(0,0)(17,0)(17,6)(8,6)(8,18)(0,18)
Polygon:
(0,0)(23,0)(23,17)(9,17)(9,23)(0,23)
Polygon:
(0,0)(16,0)(16,17)(3,17)(3,22)(0,22)
Polygon:
(0,0)(16,0)(16,18)(2,18)(2,26)(0,26)
Polygon:
(0,0)(15,0)(15,9)(7,9)(7,15)(0,15)
Polygon:
(0,0)(21,0)(21,8)(4,8)(4,19)(0,19)
Polygon:
(0,0)(26,0)(26,12)(8,12)(8,29)(0,29)
Polygon:
(0,0)(15,0)(15,17)(3,17)(3,23)(0,23)
Polygon:
(0,0)(36,0)(36,12)(18,12)(18,25)(0,25)
Polygon:
(0,0)(21,0)(21,16)(15,16)(15,34)(0,34)
Polygon:
(0,0)(17,0)(17,7)(9,7)(9,22)(0,22)
Polygon:
(0,0)(6,0)(6,12)(3,12)(3,30)(0,30)
Polygon:
(0,0)(25,0)(25,5)(15,5)(15,7)(0,7)
Polygon:
(0,0)(18,0)(18,12)(17,12)(17,18)(0,18)
Polygon:
(0,0)(17,0)(17,18)(8,18)(8,26)(0,26)
Polygon:
(0,0)(10,0)(10,3)(6,3)(6,11)(0,11)
Polygon:
(0,0)(16,0)(16,17)(3,17)(3,34)(0,34)
Polygon:
(0,0)(8,0)(8,13)(6,13)(6,18)(0,18)
Polygon:
(0,0)(18,0)(18,4)(7,4)(7,17)(0,17)
Polygon:
(0,0)(11,0)(11,6)(4,6)(4,11)(0,11)
Polygon:
(0,0)(28,0)(28,11)(15,11)(15,25)(0,25)
Polygon:
(0,0)(10,0)(10,2)(5,2)(5,5)(0,5)
Polygon:
(0,0)(5,0)(5,14)(1,14)(1,22)(0,22)
Polygon:
(0,0)(29,0)(29,17)(16,17)(16,23)(0,23)
Polygon:
(0,0)(24,0)(24,11)(13,11)(13,16)(0,16)
Polygon:
(0,0)(15,0)(15,9)(7,9)(7,17)(0,17)
Polygon:
(0,0)(8,0)(8,2)(3,2)(3,9)(0,9)
Polygon:
(0,0)(14,0)(14,18)(9,18)(9,25)(0,25)
Polygon:
(0,0)(18,0)(18,12)(7,12)(7,24)(0,24)
Polygon:
(0,0)(17,0)(17,9)(16,9)(16,21)(0,21)
Polygon:
(0,0)(18,0)(18,7)(1,7)(1,19)(0,19)
Polygon:
(0,0)(22,0)(22,15)(15,15)(15,20)(0,20)
Polygon:
(0,0)(4,0)(4,9)(2,9)(2,10)(0,10)
Polygon:
(0,0)(18,0)(18,4)(7,4)(7,9)(0,9)
Polygon:
(0,0)(29,0)(29,5)(17,5)(17,22)(0,22)
Polygon:
(0,0)(29,0)(29,9)(14,9)(14,26)(0,26)
Polygon:
(0,0)(4,0)(4,12)(3,12)(3,27)(0,27)
Polygon:
(0,0)(25,0)(25,11)(14,11)(14,26)(0,26)
Polygon:
(0,0)(16,0)(16,2)(11,2)(11,4)(0,4)
Polygon:
(0,0)(4,0)(4,4)(2,4)(2,16)(0,16)
Polygon:
(0,0)(19,0)(19,17)(11,17)(11,30)(0,30)
Polygon:
(0,0)(25,0)(25,2)(13,2)(13,15)(0,15)
Polygon:
(0,0)(19,0)(19,14)(2,14)(2,31)(0,31)
Polygon:
(0,0)(4,0)(4,4)(3,4)(3,9)(0,9)
Polygon:
(0,0)(17,0)(17,4)(11,4)(11,16)(0,16)
Polygon:
(0,0)(12,0)(12,14)(9,14)(9,21)(0,21)
Polygon:
(0,0)(22,0)(22,4)(5,4)(5,7)(0,7)
Polygon:
(0,0)(9,0)(9,3)(2,3)(2,12)(0,12)
Polygon:
(0,0)(8,0)(8,4)(4,4)(4,8)(0,8)
Polygon:
(0,0)(10,0)(10,2)(5,2)(5,5)(0,5)
Polygon:
(0,0)(22,0)(22,8)(9,8)(9,16)(0,16)
Polygon:
(0,0)(28,0)(28,13)(13,13)(13,16)(0,16)
Polygon:
(0,0)(19,0)(19,17)(17,17)(17,32)(0,32)
Polygon:
(0,0)(20,0)(20,8)(6,8)(6,11)(0,11)
Polygon:
(0,0)(15,0)(15,6)(10,6)(10,7)(0,7)
Polygon:
(0,0)(18,0)(18,8)(7,8)(7,12)(0,12)
Polygon:
(0,0)(18,0)(18,11)(4,11)(4,15)(0,15)
Polygon:
(0,0)(14,0)(14,11)(11,11)(11,16)(0,16)
Polygon:
(0,0)(31,0)(31,3)(14,3)(14,5)(0,5)
Polygon:
(0,0)(29,0)(29,5)(11,5)(11,18)(0,18)
Polygon:
(0,0)(29,0)(29,4)(14,4)(14,20)(0,20)
Polygon:
(0,0)(14,0)(14,18)(8,18)(8,19)(0,19)
Polygon:
(0,0)(19,0)(19,7)(18,7)(18,17)(0,17)
Polygon:
(0,0)(18,0)(18,1)(7,1)(7,9)(0,9)
Polygon:
(0,0)(8,0)(8,18)(7,18)(7,33)(0,33)
Polygon:
(0,0)(16,0)(16,1)(10,1)(10,17)(0,17)
Polygon:
(0,0)(15,0)(15,16)(14,16)(14,34)(0,34)
Polygon:
(0,0)(14,0)(14,13)(10,13)(10,19)(0,19)
Polygon:
(0,0)(10,0)(10,18)(3,18)(3,24)(0,24)
Polygon:
(0,0)(17,0)(17,17)(12,17)(12,27)(0,27)
Polygon:
(0,0)(17,0)(17,8)(1,8)(1,19)(0,19)
Polygon:
(0,0)(27,0)(27,1)(15,1)(15,4)(0,4)
Polygon:
(0,0)(20,0)(20,14)(11,14)(11,20)(0,20)
Polygon:
(0,0)(15,0)(15,1)(11,1)(11,3)(0,3)
Polygon:
(0,0)(22,0)(22,2)(18,2)(18,9)(0,9)
Polygon:
(0,0)(18,0)(18,3)(10,3)(10,15)(0,15)
Polygon:
(0,0)(29,0)(29,2)(13,2)(13,13)(0,13)
Polygon:
(0,0)(9,0)(9,10)(4,10)(4,15)(0,15)
Polygon:
(0,0)(12,0)(12,10)(10,10)(10,25)(0,25)
Polygon:
(0,0)(5,0)(5,6)(3,6)(3,20)(0,20)
Polygon:
(0,0)(12,0)(12,16)(10,16)(10,27)(0,27)
Polygon:
(0,0)(34,0)(34,5)(16,5)(16,15)(0,15)
Polygon:
(0,0)(16,0)(16,12)(5,12)(5,28)(0,28)
Polygon:
(0,0)(23,0)(23,10)(5,10)(5,14)(0,14)
Polygon:
(0,0)(19,0)(19,4)(1,4)(1,13)(0,13)
Polygon:
(0,0)(26,0)(26,18)(10,18)(10,27)(0,27)
Polygon:
(0,0)(9,0)(9,12)(5,12)(5,26)(0,26)
Polygon:
(0,0)(13,0)(13,9)(11,9)(11,12)(0,12)
Polygon:
(0,0)(18,0)(18,11)(13,11)(13,29)(0,29)
Polygon:
(0,0)(29,0)(29,2)(13,2)(13,11)(0,11)
Polygon:
(0,0)(23,0)(23,3)(8,3)(8,8)(0,8)
Polygon:
(0,0)(18,0)(18,6)(5,6)(5,13)(0,13)
Polygon:
(0,0)(23,0)(23,10)(16,10)(16,16)(0,16)
Polygon:
(0,0)(12,0)(12,14)(10,14)(10,30)(0,30)
Polygon:
(0,0)(9,0)(9,5)(1,5)(1,13)(0,13)
Polygon:
(0,0)(11,0)(11,8)(1,8)(1,23)(0,23)
Polygon:
(0,0)(13,0)(13,4)(4,4)(4,22)(0,22)
Polygon:
(0,0)(14,0)(14,1)(12,1)(12,15)(0,15)
Polygon:
(0,0)(22,0)(22,14)(16,14)(16,17)(0,17)
Polygon:
(0,0)(15,0)(15,6)(12,6)(12,21)(0,21)
Polygon:
(0,0)(35,0)(35,2)(18,2)(18,7)(0,7)
Polygon:
(0,0)(18,0)(18,8)(11,8)(11,20)(0,20)
Polygon:
(0,0)(11,0)(11,15)(1,15)(1,22)(0,22)
Polygon:
(0,0)(35,0)(35,15)(18,15)(18,28)(0,28)
Polygon:
(0,0)(30,0)(30,15)(18,15)(18,20)(0,20)
Polygon:
(0,0)(21,0)(21,14)(8,14)(8,29)(0,29)
Polygon:
(0,0)(20,0)(20,7)(14,7)(14,12)(0,12)
Polygon:
(0,0)(17,0)(17,13)(10,13)(10,31)(0,31)
Polygon:
(0,0)(32,0)(32,8)(18,8)(18,15)(0,15)
Polygon:
(0,0)(11,0)(11,17)(2,17)(2,19)(0,19)
Polygon:
(0,0)(10,0)(10,10)(4,10)(4,14)(0,14)
Polygon:
(0,0)(19,0)(19,11)(18,11)(18,19)(0,19)
Polygon:
(0,0)(24,0)(24,12)(8,12)(8,20)(0,20)
Polygon:
(0,0)(30,0)(30,18)(13,18)(13,21)(0,21)
Polygon:
(0,0)(25,0)(25,13)(10,13)(10,14)(0,14)
Polygon:
(0,0)(4,0)(4,12)(3,12)(3,13)(0,13)
Polygon:
(0,0)(12,0)(12,10)(7,10)(7,28)(0,28)
Polygon:
(0,0)(35,0)(35,4)(17,4)(17,12)(0,12)
Polygon:
(0,0)(11,0)(11,8)(7,8)(7,9)(0,9)
Polygon:
(0,0)(3,0)(3,5)(2,5)(2,9)(0,9)
Polygon:
(0,0)(25,0)(25,10)(17,10)(17,20)(0,20)
Polygon:
(0,0)(19,0)(19,13)(1,13)(1,15)(0,15)
Polygon:
(0,0)(28,0)(28,8)(13,8)(13,19)(0,19)
Polygon:
(0,0)(11,0)(11,7)(6,7)(6,8)(0,8)
Polygon:
(0,0)(23,0)(23,6)(5,6)(5,15)(0,15)
Polygon:
(0,0)(22,0)(22,18)(17,18)(17,21)(0,21)
Polygon:
(0,0)(26,0)(26,6)(14,6)(14,11)(0,11)
Polygon:
(0,0)(20,0)(20,7)(6,7)(6,8)(0,8)
Polygon:
(0,0)(14,0)(14,6)(2,6)(2,22)(0,22)
Polygon:
(0,0)(20,0)(20,2)(9,2)(9,18)(0,18)
Polygon:
(0,0)(17,0)(17,18)(16,18)(16,35)(0,35)
Polygon:
(0,0)(28,0)(28,15)(15,15)(15,19)(0,19)
Polygon:
(0,0)(6,0)(6,13)(3,13)(3,15)(0,15)
Polygon:
(0,0)(28,0)(28,4)(17,4)(17,5)(0,5)
Polygon:
(0,0)(19,0)(19,12)(18,12)(18,26)(0,26)
Polygon:
(0,0)(14,0)(14,15)(1,15)(1,29)(0,29)
Polygon:
(0,0)(26,0)(26,8)(15,8)(15,12)(0,12)
Polygon:
(0,0)(17,0)(17,12)(15,12)(15,29)(0,29)
Polygon:
(0,0)(22,0)(22,14)(17,14)(17,30)(0,30)
Polygon:
(0,0)(29,0)(29,12)(17,12)(17,24)(0,24)
Polygon:
(0,0)(2,0)(2,18)(1,18)(1,31)(0,31)
Polygon:
(0,0)(32,0)(32,8)(15,8)(15,18)(0,18)
Polygon:
(0,0)(13,0)(13,10)(3,10)(3,25)(0,25)
Polygon:
(0,0)(28,0)(28,11)(17,11)(17,24)(0,24)
Polygon:
(0,0)(18,0)(18,12)(3,12)(3,30)(0,30)
Polygon:
(0,0)(27,0)(27,1)(12,1)(12,7)(0,7)
Polygon:
(0,0)(15,0)(15,6)(8,6)(8,7)(0,7)
Polygon:
(0,0)(19,0)(19,17)(7,17)(7,28)(0,28)
Polygon:
(0,0)(8,0)(8,3)(2,3)(2,5)(0,5)
Polygon:
(0,0)(22,0)(22,1)(9,1)(9,15)(0,15)
Polygon:
(0,0)(19,0)(19,5)(5,5)(5,18)(0,18)
Polygon:
(0,0)(12,0)(12,18)(3,18)(3,36)(0,36)
Polygon:
(0,0)(13,0)(13,9)(7,9)(7,27)(0,27)
Polygon:
(0,0)(13,0)(13,8)(7,8)(7,18)(0,18)
Polygon:
(0,0)(12,0)(12,17)(1,17)(1,34)(0,34)
Polygon:
(0,0)(21,0)(21,5)(14,5)(14,11)(0,11)
Polygon:
(0,0)(20,0)(20,10)(11,10)(11,12)(0,12)
Polygon:
(0,0)(12,0)(12,4)(10,4)(10,15)(0,15)
Polygon:
(0,0)(15,0)(15,15)(9,15)(9,32)(0,32)
Polygon:
(0,0)(17,0)(17,15)(1,15)(1,28)(0,28)
Polygon:
(0,0)(8,0)(8,15)(6,15)(6,20)(0,20)
Polygon:
(0,0)(14,0)(14,8)(3,8)(3,13)(0,13)
Polygon:
(0,0)(25,0)(25,1)(7,1)(7,19)(0,19)
Polygon:
(0,0)(33,0)(33,13)(16,13)(16,23)(0,23)
Polygon:
(0,0)(23,0)(23,10)(12,10)(12,14)(0,14)
Polygon:
(0,0)(23,0)(23,7)(13,7)(13,9)(0,9)
Polygon:
(0,0)(24,0)(24,9)(10,9)(10,14)(0,14)
Polygon:
(0,0)(27,0)(27,18)(15,18)(15,25)(0,25)
Polygon:
(0,0)(34,0)(34,1)(16,1)(16,10)(0,10)
Polygon:
(0,0)(23,0)(23,5)(8,5)(8,19)(0,19)
Polygon:
(0,0)(31,0)(31,11)(18,11)(18,20)(0,20)
Polygon:
(0,0)(15,0)(15,11)(3,11)(3,13)(0,13)
Polygon:
(0,0)(14,0)(14,16)(9,16)(9,17)(0,17)
Polygon:
(0,0)(18,0)(18,14)(9,14)(9,21)(0,21)
Polygon:
(0,0)(27,0)(27,8)(10,8)(10,15)(0,15)
Polygon:
(0,0)(30,0)(30,5)(14,5)(14,22)(0,22)
Polygon:
(0,0)(23,0)(23,13)(8,13)(8,26)(0,26)
Polygon:
(0,0)(25,0)(25,11)(13,11)(13,23)(0,23)
Polygon:
(0,0)(30,0)(30,12)(12,12)(12,25)(0,25)
Polygon:
(0,0)(24,0)(24,11)(7,11)(7,29)(0,29)
Polygon:
(0,0)(33,0)(33,10)(17,10)(17,22)(0,22)
Polygon:
(0,0)(20,0)(20,14)(16,14)(16,20)(0,20)
Polygon:
(0,0)(31,0)(31,15)(14,15)(14,30)(0,30)
Polygon:
(0,0)(13,0)(13,2)(10,2)(10,5)(0,5)
Polygon:
(0,0)(18,0)(18,9)(3,9)(3,15)(0,15)
Polygon:
(0,0)(19,0)(19,14)(4,14)(4,25)(0,25)
Polygon:
(0,0)(35,0)(35,2)(18,2)(18,18)(0,18)
Polygon:
(0,0)(23,0)(23,4)(16,4)(16,6)(0,6)
Polygon:
(0,0)(18,0)(18,6)(14,6)(14,19)(0,19)
Polygon:
(0,0)(5,0)(5,7)(4,7)(4,18)(0,18)
Polygon:
(0,0)(17,0)(17,10)(9,10)(9,21)(0,21)
Polygon:
(0,0)(29,0)(29,17)(18,17)(18,33)(0,33)
Polygon:
(0,0)(21,0)(21,8)(13,8)(13,20)(0,20)
Polygon:
(0,0)(14,0)(14,8)(8,8)(8,25)(0,25)
Polygon:
(0,0)(14,0)(14,9)(3,9)(3,14)(0,14)
Polygon:
(0,0)(23,0)(23,14)(7,14)(7,27)(0,27)
Polygon:
(0,0)(22,0)(22,15)(13,15)(13,32)(0,32)
Polygon:
(0,0)(31,0)(31,13)(15,13)(15,15)(0,15)
Polygon:
(0,0)(24,0)(24,3)(8,3)(8,4)(0,4)
Polygon:
(0,0)(13,0)(13,7)(3,7)(3,18)(0,18)
Polygon:
(0,0)(14,0)(14,18)(6,18)(6,28)(0,28)
Polygon:
(0,0)(10,0)(10,12)(9,12)(9,27)(0,27)
Polygon:
(0,0)(35,0)(35,8)(17,8)(17,11)(0,11)
Polygon:
(0,0)(18,0)(18,6)(11,6)(11,21)(0,21)
Polygon:
(0,0)(19,0)(19,14)(5,14)(5,25)(0,25)
Polygon:
(0,0)(16,0)(16,4)(11,4)(11,14)(0,14)
Polygon:
(0,0)(24,0)(24,18)(10,18)(10,28)(0,28)
Polygon:
(0,0)(24,0)(24,2)(17,2)(17,7)(0,7)
Polygon:
(0,0)(27,0)(27,9)(18,9)(18,24)(0,24)
Polygon:
(0,0)(11,0)(11,15)(5,15)(5,25)(0,25)
Polygon:
(0,0)(34,0)(34,12)(16,12)(16,30)(0,30)
Polygon:
(0,0)(20,0)(20,16)(3,16)(3,25)(0,25)
Polygon:
(0,0)(25,0)(25,15)(8,15)(8,22)(0,22)
Polygon:
(0,0)(32,0)(32,13)(14,13)(14,18)(0,18)
Polygon:
(0,0)(15,0)(15,9)(0,9)
Polygon:
(0,0)(11,0)(11,5)(0,5)
Polygon:
(0,0)(38,0)(38,15)(20,15)(20,20)(2,20)(2,2)(0,2)
Polygon:
(0,0)(15,0)(15,14)(0,14)
Polygon:
(0,0)(10,0)(10,16)(0,16)
Polygon:
(0,0)(10,0)(10,15)(0,15)
Polygon:
(0,0)(8,0)(8,4)(0,4)
Polygon:
(0,0)(8,0)(8,2)(0,2)
Polygon:
(0,0)(32,0)(32,9)(22,9)(22,7)(15,7)(15,11)(0,11)
Polygon:
(0,0)(2,0)(2,4)(0,4)
Polygon:
(0,0)(39,0)(39,22)(31,22)(31,16)(13,16)(13,18)(0,18)
Polygon:
(0,0)(17,0)(17,1)(0,1)
Polygon:
(0,0)(5,0)(5,9)(0,9)
Polygon:
(0,0)(25,0)(25,5)(18,5)(18,3)(15,3)(15,18)(0,18)
Polygon:
(0,0)(4,0)(4,13)(0,13)
Polygon:
(0,0)(18,0)(18,7)(0,7)
Polygon:
(0,0)(18,0)(18,2)(0,2)
Polygon:
(0,0)(11,0)(11,18)(0,18)
Polygon:
(0,0)(10,0)(10,14)(0,14)
Polygon:
(0,0)(6,0)(6,13)(0,13)
Polygon:
(0,0)(33,0)(33,4)(24,4)(24,11)(6,11)(6,4)(0,4)
Polygon:
(0,0)(24,0)(24,1)(9,1)(9,14)(2,14)(2,6)(0,6)
Polygon:
(0,0)(1,0)(1,13)(0,13)
Polygon:
(0,0)(17,0)(17,8)(0,8)
Polygon:
(0,0)(16,0)(16,15)(8,15)(8,13)(2,13)(2,17)(0,17)
Polygon:
(0,0)(10,0)(10,12)(0,12)
Polygon:
(0,0)(23,0)(23,7)(22,7)(22,20)(13,20)(13,17)(0,17)
Polygon:
(0,0)(34,0)(34,11)(22,11)(22,14)(18,14)(18,3)(0,3)
Polygon:
(0,0)(11,0)(11,1)(0,1)
Polygon:
(0,0)(2,0)(2,1)(0,1)
Polygon:
(0,0)(4,0)(4,4)(0,4)
Polygon:
(0,0)(5,0)(5,2)(0,2)
Polygon:
(0,0)(29,0)(29,11)(16,11)(16,15)(2,15)(2,8)(0,8)
Polygon:
(0,0)(45,0)(45,15)(34,15)(34,23)(18,23)(18,7)(0,7)
Polygon:
(0,0)(18,0)(18,6)(0,6)
Polygon:
(0,0)(12,0)(12,10)(0,10)
Polygon:
(0,0)(6,0)(6,1)(0,1)
Polygon:
(0,0)(10,0)(10,7)(0,7)
Polygon:
(0,0)(13,0)(13,8)(0,8)
Polygon:
(0,0)(28,0)(28,6)(15,6)(15,1)(6,1)(6,6)(0,6)
Polygon:
(0,0)(10,0)(10,5)(0,5)
Polygon:
(0,0)(34,0)(34,29)(28,29)(28,11)(16,11)(16,15)(0,15)
Polygon:
(0,0)(1,0)(1,18)(0,18)
Polygon:
(0,0)(1,0)(1,4)(0,4)
Polygon:
(0,0)(8,0)(8,9)(6,9)(6,13)(3,13)(3,1)(0,1)
Polygon:
(0,0)(9,0)(9,13)(0,13)
Polygon:
(0,0)(11,0)(11,18)(0,18)
Polygon:
(0,0)(18,0)(18,10)(13,10)(13,4)(9,4)(9,5)(0,5)
Polygon:
(0,0)(17,0)(17,3)(0,3)
Polygon:
(0,0)(9,0)(9,14)(0,14)
Polygon:
(0,0)(1,0)(1,17)(0,17)
Polygon:
(0,0)(17,0)(17,8)(0,8)
Polygon:
(0,0)(7,0)(7,4)(0,4)
Polygon:
(0,0)(18,0)(18,5)(9,5)(9,2)(2,2)(2,13)(0,13)
Polygon:
(0,0)(8,0)(8,14)(0,14)
Polygon:
(0,0)(9,0)(9,16)(0,16)
Polygon:
(0,0)(17,0)(17,4)(11,4)(11,21)(5,21)(5,13)(0,13)
Polygon:
(0,0)(17,0)(17,12)(0,12)
Polygon:
(0,0)(20,0)(20,24)(6,24)(6,6)(1,6)(1,14)(0,14)
Polygon:
(0,0)(46,0)(46,4)(33,4)(33,6)(15,6)(15,3)(0,3)
Polygon:
(0,0)(30,0)(30,6)(17,6)(17,22)(3,22)(3,6)(0,6)
Polygon:
(0,0)(9,0)(9,1)(0,1)
Polygon:
(0,0)(6,0)(6,10)(0,10)
Polygon:
(0,0)(9,0)(9,16)(0,16)
Polygon:
(0,0)(17,0)(17,11)(0,11)
Polygon:
(0,0)(4,0)(4,16)(0,16)
Polygon:
(0,0)(21,0)(21,13)(13,13)(13,11)(4,11)(4,16)(0,16)
Polygon:
(0,0)(36,0)(36,19)(26,19)(26,34)(8,34)(8,18)(0,18)
Polygon:
(0,0)(17,0)(17,18)(0,18)
Polygon:
(0,0)(2,0)(2,1)(0,1)
Polygon:
(0,0)(17,0)(17,6)(9,6)(9,14)(2,14)(2,5)(0,5)
Polygon:
(0,0)(46,0)(46,27)(30,27)(30,29)(13,29)(13,16)(0,16)
Polygon:
(0,0)(7,0)(7,7)(0,7)
Polygon:
(0,0)(5,0)(5,7)(0,7)
Polygon:
(0,0)(30,0)(30,23)(25,23)(25,30)(7,30)(7,17)(0,17)
Polygon:
(0,0)(6,0)(6,1)(0,1)
Polygon:
(0,0)(34,0)(34,7)(16,7)(16,5)(11,5)(11,10)(0,10)
Polygon:
(0,0)(4,0)(4,2)(0,2)
Polygon:
(0,0)(6,0)(6,10)(0,10)
Polygon:
(0,0)(10,0)(10,9)(0,9)
Polygon:
(0,0)(35,0)(35,12)(25,12)(25,20)(8,20)(8,14)(0,14)
Polygon:
(0,0)(21,0)(21,2)(12,2)(12,18)(8,18)(8,14)(0,14)
Polygon:
(0,0)(2,0)(2,6)(0,6)
Polygon:
(0,0)(13,0)(13,12)(0,12)
Polygon:
(0,0)(17,0)(17,6)(0,6)
Polygon:
(0,0)(30,0)(30,12)(17,12)(17,5)(3,5)(3,15)(0,15)
Polygon:
(0,0)(10,0)(10,1)(0,1)
Polygon:
(0,0)(8,0)(8,2)(0,2)
Polygon:
(0,0)(31,0)(31,8)(19,8)(19,14)(1,14)(1,13)(0,13)
Polygon:
(0,0)(18,0)(18,9)(0,9)
Polygon:
(0,0)(7,0)(7,15)(0,15)
Polygon:
(0,0)(24,0)(24,14)(19,14)(19,19)(3,19)(3,10)(0,10)
Polygon:
(0,0)(36,0)(36,7)(21,7)(21,3)(14,3)(14,5)(0,5)
Polygon:
(0,0)(24,0)(24,7)(21,7)(21,19)(11,19)(11,1)(0,1)
Polygon:
(0,0)(9,0)(9,7)(0,7)
Polygon:
(0,0)(37,0)(37,22)(34,22)(34,23)(18,23)(18,7)(0,7)
Polygon:
(0,0)(45,0)(45,25)(27,25)(27,7)(15,7)(15,17)(0,17)
Polygon:
(0,0)(5,0)(5,18)(0,18)
Polygon:
(0,0)(15,0)(15,14)(11,14)(11,5)(8,5)(8,18)(0,18)
Polygon:
(0,0)(4,0)(4,16)(0,16)
Polygon:
(0,0)(24,0)(24,15)(10,15)(10,20)(9,20)(9,5)(0,5)
Polygon:
(0,0)(41,0)(41,12)(30,12)(30,8)(12,8)(12,19)(0,19)
Polygon:
(0,0)(30,0)(30,11)(24,11)(24,2)(11,2)(11,17)(0,17)
Polygon:
(0,0)(1,0)(1,5)(0,5)
Polygon:
(0,0)(41,0)(41,28)(25,28)(25,14)(13,14)(13,15)(0,15)
Polygon:
(0,0)(5,0)(5,10)(0,10)
Polygon:
(0,0)(2,0)(2,1)(0,1)
Polygon:
(0,0)(26,0)(26,14)(17,14)(17,6)(3,6)(3,11)(0,11)
Polygon:
(0,0)(28,0)(28,16)(20,16)(20,31)(13,31)(13,16)(0,16)
Polygon:
(0,0)(18,0)(18,16)(12,16)(12,6)(4,6)(4,13)(0,13)
Polygon:
(0,0)(18,0)(18,3)(0,3)
Polygon:
(0,0)(19,0)(19,6)(13,6)(13,14)(9,14)(9,4)(0,4)
Polygon:
(0,0)(6,0)(6,8)(0,8)
Polygon:
(0,0)(16,0)(16,13)(0,13)
Polygon:
(0,0)(8,0)(8,18)(0,18)
Polygon:
(0,0)(34,0)(34,15)(28,15)(28,21)(12,21)(12,12)(0,12)
Polygon:
(0,0)(8,0)(8,10)(0,10)
Polygon:
(0,0)(15,0)(15,8)(0,8)
Polygon:
(0,0)(19,0)(19,2)(15,2)(15,16)(9,16)(9,9)(0,9)
Polygon:
(0,0)(7,0)(7,9)(0,9)
Polygon:
(0,0)(8,0)(8,6)(0,6)
Polygon:
(0,0)(1,0)(1,8)(0,8)
Polygon:
(0,0)(2,0)(2,1)(0,1)
Polygon:
(0,0)(28,0)(28,21)(22,21)(22,6)(5,6)(5,8)(0,8)
Polygon:
(0,0)(4,0)(4,13)(0,13)
Polygon:
(0,0)(1,0)(1,15)(0,15)
Polygon:
(0,0)(42,0)(42,11)(28,11)(28,19)(14,19)(14,5)(0,5)
Polygon:
(0,0)(34,0)(34,5)(24,5)(24,18)(10,18)(10,7)(0,7)
Polygon:
(0,0)(47,0)(47,2)(32,2)(32,19)(17,19)(17,2)(0,2)
Polygon:
(0,0)(9,0)(9,9)(0,9)
Polygon:
(0,0)(7,0)(7,13)(0,13)
Polygon:
(0,0)(18,0)(18,12)(0,12)
Polygon:
(0,0)(35,0)(35,14)(17,14)(17,24)(5,24)(5,7)(0,7)
Polygon:
(0,0)(13,0)(13,12)(0,12)
Polygon:
(0,0)(22,0)(22,5)(14,5)(14,12)(4,12)(4,1)(0,1)
Polygon:
(0,0)(13,0)(13,5)(0,5)
Polygon:
(0,0)(8,0)(8,13)(0,13)
Polygon:
(0,0)(22,0)(22,14)(19,14)(19,22)(3,22)(3,15)(0,15)
Polygon:
(0,0)(15,0)(15,6)(0,6)
Polygon:
(0,0)(1,0)(1,2)(0,2)
Polygon:
(0,0)(27,0)(27,32)(21,32)(21,34)(18,34)(18,16)(0,16)
Polygon:
(0,0)(2,0)(2,8)(0,8)
Polygon:
(0,0)(8,0)(8,12)(0,12)
Polygon:
(0,0)(38,0)(38,20)(27,20)(27,4)(11,4)(11,18)(0,18)
Polygon:
(0,0)(11,0)(11,13)(7,13)(7,17)(6,17)(6,12)(0,12)
Polygon:
(0,0)(3,0)(3,14)(0,14)
Polygon:
(0,0)(29,0)(29,11)(26,11)(26,12)(18,12)(18,2)(0,2)
Polygon:
(0,0)(12,0)(12,9)(0,9)
Polygon:
(0,0)(5,0)(5,11)(0,11)
Polygon:
(0,0)(9,0)(9,2)(0,2)
Polygon:
(0,0)(27,0)(27,9)(26,9)(26,3)(14,3)(14,18)(0,18)
Polygon:
(0,0)(22,0)(22,10)(18,10)(18,15)(3,15)(3,8)(0,8)
Polygon:
(0,0)(25,0)(25,25)(16,25)(16,11)(4,11)(4,14)(0,14)
Polygon:
(0,0)(27,0)(27,18)(21,18)(21,3)(6,3)(6,18)(0,18)
Polygon:
(0,0)(34,0)(34,10)(21,10)(21,20)(17,20)(17,6)(0,6)
Polygon:
(0,0)(23,0)(23,14)(16,14)(16,29)(12,29)(12,15)(0,15)
Polygon:
(0,0)(3,0)(3,1)(0,1)
Polygon:
(0,0)(8,0)(8,9)(0,9)
Polygon:
(0,0)(41,0)(41,10)(25,10)(25,27)(18,27)(18,13)(0,13)
Polygon:
(0,0)(31,0)(31,12)(19,12)(19,18)(14,18)(14,8)(0,8)
Polygon:
(0,0)(25,0)(25,16)(20,16)(20,23)(15,23)(15,6)(0,6)
Polygon:
(0,0)(18,0)(18,23)(4,23)(4,27)(3,27)(3,16)(0,16)
Polygon:
(0,0)(22,0)(22,10)(10,10)(10,5)(6,5)(6,14)(0,14)
Polygon:
(0,0)(8,0)(8,8)(0,8)
Polygon:
(0,0)(32,0)(32,14)(31,14)(31,8)(17,8)(17,16)(0,16)
Polygon:
(0,0)(12,0)(12,7)(0,7)
Polygon:
(0,0)(39,0)(39,17)(22,17)(22,2)(11,2)(11,14)(0,14)
Polygon:
(0,0)(18,0)(18,2)(0,2)
Polygon:
(0,0)(28,0)(28,25)(21,25)(21,35)(9,35)(9,17)(0,17)
Polygon:
(0,0)(13,0)(13,7)(0,7)
Polygon:
(0,0)(21,0)(21,18)(20,18)(20,22)(3,22)(3,9)(0,9)
Polygon:
(0,0)(13,0)(13,7)(0,7)
Polygon:
(0,0)(7,0)(7,12)(0,12)
Polygon:
(0,0)(7,0)(7,4)(0,4)
Polygon:
(0,0)(7,0)(7,4)(0,4)
Polygon:
(0,0)(9,0)(9,11)(0,11)
Polygon:
(0,0)(39,0)(39,14)(27,14)(27,17)(14,17)(14,1)(0,1)
Polygon:
(0,0)(25,0)(25,17)(13,17)(13,10)(10,10)(10,18)(0,18)
Polygon:
(0,0)(18,0)(18,7)(0,7)
Polygon:
(0,0)(14,0)(14,14)(0,14)
Polygon:
(0,0)(4,0)(4,24)(2,24)(2,7)(1,7)(1,13)(0,13)
Polygon:
(0,0)(41,0)(41,2)(28,2)(28,18)(17,18)(17,3)(0,3)
Polygon:
(0,0)(17,0)(17,20)(16,20)(16,23)(2,23)(2,8)(0,8)
Polygon:
(0,0)(15,0)(15,6)(0,6)
Polygon:
(0,0)(8,0)(8,18)(0,18)
Polygon:
(0,0)(38,0)(38,13)(23,13)(23,18)(15,18)(15,15)(0,15)
Polygon:
(0,0)(9,0)(9,5)(0,5)
Polygon:
(0,0)(10,0)(10,12)(0,12)
Polygon:
(0,0)(10,0)(10,6)(0,6)
Polygon:
(0,0)(9,0)(9,15)(0,15)
Polygon:
(0,0)(28,0)(28,15)(19,15)(19,18)(12,18)(12,3)(0,3)
Polygon:
(0,0)(27,0)(27,27)(24,27)(24,11)(12,11)(12,15)(0,15)
Polygon:
(0,0)(1,0)(1,9)(0,9)
Polygon:
(0,0)(13,0)(13,17)(0,17)
Polygon:
(0,0)(35,0)(35,11)(17,11)(17,18)(15,18)(15,4)(0,4)
Polygon:
(0,0)(12,0)(12,18)(0,18)
Polygon:
(0,0)(38,0)(38,16)(29,16)(29,9)(13,9)(13,17)(0,17)
Polygon:
(0,0)(18,0)(18,7)(0,7)
Polygon:
(0,0)(5,0)(5,17)(0,17)
Polygon:
(0,0)(45,0)(45,15)(32,15)(32,6)(14,6)(14,15)(0,15)
Polygon:
(0,0)(15,0)(15,8)(0,8)
Polygon:
(0,0)(15,0)(15,15)(0,15)
Polygon:
(0,0)(36,0)(36,27)(31,27)(31,29)(17,29)(17,14)(0,14)
Polygon:
(0,0)(7,0)(7,11)(0,11)
Polygon:
(0,0)(12,0)(12,11)(0,11)
Polygon:
(0,0)(11,0)(11,2)(0,2)
Polygon:
(0,0)(7,0)(7,8)(0,8)
Polygon:
(0,0)(15,0)(15,1)(0,1)
Polygon:
(0,0)(37,0)(37,17)(28,17)(28,12)(10,12)(10,17)(0,17)
Polygon:
(0,0)(13,0)(13,10)(5,10)(5,3)(3,3)(3,9)(0,9)
Polygon:
(0,0)(18,0)(18,14)(0,14)
Polygon:
(0,0)(1,0)(1,3)(0,3)
Polygon:
(0,0)(18,0)(18,9)(0,9)
Polygon:
(0,0)(10,0)(10,5)(2,5)(2,14)(1,14)(1,8)(0,8)
Polygon:
(0,0)(27,0)(27,7)(20,7)(20,24)(6,24)(6,11)(0,11)
Polygon:
(0,0)(4,0)(4,3)(0,3)
Polygon:
(0,0)(38,0)(38,6)(20,6)(20,20)(11,20)(11,13)(0,13)
Polygon:
(0,0)(13,0)(13,11)(0,11)
Polygon:
(0,0)(5,0)(5,17)(0,17)
Polygon:
(0,0)(21,0)(21,17)(18,17)(18,3)(7,3)(7,15)(0,15)
Polygon:
(0,0)(16,0)(16,4)(13,4)(13,6)(12,6)(12,1)(0,1)
Polygon:
(0,0)(30,0)(30,29)(22,29)(22,33)(4,33)(4,15)(0,15)
Polygon:
(0,0)(37,0)(37,12)(19,12)(19,16)(12,16)(12,12)(0,12)
Polygon:
(0,0)(8,0)(8,6)(2,6)(2,16)(1,16)(1,7)(0,7)
Polygon:
(0,0)(17,0)(17,1)(0,1)
Polygon:
(0,0)(17,0)(17,17)(0,17)
Polygon:
(0,0)(5,0)(5,8)(0,8)
Polygon:
(0,0)(20,0)(20,19)(7,19)(7,31)(2,31)(2,16)(0,16)
Polygon:
(0,0)(33,0)(33,5)(23,5)(23,16)(8,16)(8,8)(0,8)
Polygon:
(0,0)(12,0)(12,10)(0,10)
Polygon:
(0,0)(15,0)(15,16)(0,16)
Polygon:
(0,0)(1,0)(1,18)(0,18)
Polygon:
(0,0)(6,0)(6,13)(0,13)
Polygon:
(0,0)(11,0)(11,4)(8,4)(8,19)(1,19)(1,6)(0,6)
Polygon:
(0,0)(7,0)(7,1)(0,1)
Polygon:
(0,0)(18,0)(18,17)(0,17)
Polygon:
(0,0)(18,0)(18,18)(13,18)(13,21)(2,21)(2,10)(0,10)
Polygon:
(0,0)(14,0)(14,17)(0,17)
Polygon:
(0,0)(17,0)(17,11)(0,11)
Polygon:
(0,0)(9,0)(9,7)(6,7)(6,24)(4,24)(4,18)(0,18)
Polygon:
(0,0)(11,0)(11,15)(0,15)
Polygon:
(0,0)(10,0)(10,18)(0,18)
Polygon:
(0,0)(1,0)(1,3)(0,3)
Polygon:
(0,0)(26,0)(26,22)(22,22)(22,26)(17,26)(17,18)(0,18)
Polygon:
(0,0)(13,0)(13,18)(0,18)
Polygon:
(0,0)(35,0)(35,20)(21,20)(21,30)(15,30)(15,15)(0,15)
Polygon:
(0,0)(11,0)(11,12)(0,12)
Polygon:
(0,0)(6,0)(6,18)(0,18)
Polygon:
(0,0)(14,0)(14,15)(0,15)
Polygon:
(0,0)(2,0)(2,10)(0,10)
Polygon:
(0,0)(34,0)(34,12)(17,12)(17,25)(5,25)(5,16)(0,16)
Polygon:
(0,0)(8,0)(8,3)(0,3)
Polygon:
(0,0)(36,0)(36,5)(23,5)(23,20)(14,20)(14,7)(0,7)
Polygon:
(0,0)(16,0)(16,12)(0,12)
Polygon:
(0,0)(4,0)(4,16)(0,16)
Polygon:
(0,0)(17,0)(17,18)(6,18)(6,21)(3,21)(3,16)(0,16)
Polygon:
(0,0)(13,0)(13,7)(0,7)
Polygon:
(0,0)(17,0)(17,11)(0,11)
Polygon:
(0,0)(4,0)(4,16)(0,16)
Polygon:
(0,0)(14,0)(14,10)(0,10)
Polygon:
(0,0)(40,0)(40,13)(28,13)(28,26)(11,26)(11,8)(0,8)
Polygon:
(0,0)(38,0)(38,13)(33,13)(33,11)(17,11)(17,13)(0,13)
Polygon:
(0,0)(8,0)(8,9)(0,9)
Polygon:
(0,0)(16,0)(16,14)(0,14)
Polygon:
(0,0)(9,0)(9,13)(0,13)
Polygon:
(0,0)(7,0)(7,16)(0,16)
Polygon:
(0,0)(11,0)(11,13)(0,13)
Polygon:
(0,0)(14,0)(14,12)(0,12)
Polygon:
(0,0)(11,0)(11,2)(0,2)
Polygon:
(0,0)(47,0)(47,13)(34,13)(34,16)(18,16)(18,2)(0,2)
Polygon:
(0,0)(11,0)(11,4)(0,4)
Polygon:
(0,0)(33,0)(33,9)(20,9)(20,13)(15,13)(15,1)(0,1)
Polygon:
(0,0)(15,0)(15,16)(0,16)
Polygon:
(0,0)(33,0)(33,13)(25,13)(25,18)(13,18)(13,6)(0,6)
Polygon:
(0,0)(10,0)(10,4)(0,4)
Polygon:
(0,0)(2,0)(2,18)(0,18)
Polygon:
(0,0)(45,0)(45,2)(33,2)(33,7)(18,7)(18,2)(0,2)
Polygon:
(0,0)(15,0)(15,12)(0,12)
Polygon:
(0,0)(21,0)(21,9)(13,9)(13,7)(1,7)(1,15)(0,15)
Polygon:
(0,0)(30,0)(30,6)(12,6)(12,24)(10,24)(10,11)(0,11)
Polygon:
(0,0)(14,0)(14,15)(0,15)
Polygon:
(0,0)(25,0)(25,11)(20,11)(20,8)(8,8)(8,12)(0,12)
Polygon:
(0,0)(11,0)(11,18)(0,18)
Polygon:
(0,0)(12,0)(12,15)(0,15)
Polygon:
(0,0)(4,0)(4,9)(0,9)
Polygon:
(0,0)(5,0)(5,9)(0,9)
Polygon:
(0,0)(10,0)(10,13)(0,13)
Polygon:
(0,0)(13,0)(13,12)(0,12)
Polygon:
(0,0)(3,0)(3,1)(0,1)
Polygon:
(0,0)(1,0)(1,12)(0,12)
Polygon:
(0,0)(4,0)(4,18)(0,18)
Polygon:
(0,0)(36,0)(36,21)(18,21)(18,27)(13,27)(13,9)(0,9)
Polygon:
(0,0)(6,0)(6,2)(0,2)
Polygon:
(0,0)(7,0)(7,1)(0,1)
Polygon:
(0,0)(36,0)(36,2)(22,2)(22,6)(17,6)(17,5)(0,5)
Polygon:
(0,0)(5,0)(5,6)(0,6)
Polygon:
(0,0)(27,0)(27,17)(23,17)(23,20)(10,20)(10,7)(0,7)
Polygon:
(0,0)(16,0)(16,11)(0,11)
Polygon:
(0,0)(10,0)(10,15)(0,15)
Polygon:
(0,0)(6,0)(6,17)(0,17)
Polygon:
(0,0)(5,0)(5,14)(0,14)
Polygon:
(0,0)(40,0)(40,5)(34,5)(34,14)(18,14)(18,10)(0,10)
Polygon:
(0,0)(33,0)(33,10)(21,10)(21,9)(10,9)(10,15)(0,15)
Polygon:
(0,0)(13,0)(13,8)(0,8)
Polygon:
(0,0)(9,0)(9,16)(0,16)
Polygon:
(0,0)(30,0)(30,8)(17,8)(17,24)(7,24)(7,15)(0,15)
Polygon:
(0,0)(12,0)(12,9)(0,9)
Polygon:
(0,0)(37,0)(37,9)(25,9)(25,13)(10,13)(10,2)(0,2)
Polygon:
(0,0)(39,0)(39,12)(21,12)(21,7)(7,7)(7,17)(0,17)
Polygon:
(0,0)(2,0)(2,16)(0,16)
Polygon:
(0,0)(18,0)(18,17)(10,17)(10,30)(3,30)(3,17)(0,17)
Polygon:
(0,0)(5,0)(5,10)(0,10)
Polygon:
(0,0)(9,0)(9,1)(0,1)
Polygon:
(0,0)(11,0)(11,10)(0,10)
Polygon:
(0,0)(2,0)(2,7)(0,7)
Polygon:
(0,0)(18,0)(18,11)(4,11)(4,15)(1,15)(1,8)(0,8)
Polygon:
(0,0)(16,0)(16,5)(0,5)
Polygon:
(0,0)(7,0)(7,5)(0,5)
Polygon:
(0,0)(3,0)(3,5)(0,5)
Polygon:
(0,0)(16,0)(16,6)(0,6)
Polygon:
(0,0)(10,0)(10,8)(0,8)
Polygon:
(0,0)(18,0)(18,16)(0,16)
Polygon:
(0,0)(29,0)(29,25)(12,25)(12,13)(2,13)(2,15)(0,15)
Polygon:
(0,0)(25,0)(25,12)(10,12)(10,18)(7,18)(7,5)(0,5)
Polygon:
(0,0)(22,0)(22,4)(15,4)(15,3)(1,3)(1,9)(0,9)
Polygon:
(0,0)(13,0)(13,14)(0,14)
Polygon:
(0,0)(47,0)(47,16)(31,16)(31,20)(15,20)(15,18)(0,18)
Polygon:
(0,0)(16,0)(16,8)(0,8)
Polygon:
(0,0)(16,0)(16,3)(0,3)
Polygon:
(0,0)(1,0)(1,17)(0,17)
Polygon:
(0,0)(31,0)(31,16)(13,16)(13,19)(4,19)(4,4)(0,4)
Polygon:
(0,0)(31,0)(31,7)(24,7)(24,20)(8,20)(8,12)(0,12)
Polygon:
(0,0)(9,0)(9,15)(0,15)
Polygon:
(0,0)(12,0)(12,13)(0,13)
Polygon:
(0,0)(16,0)(16,4)(0,4)
Polygon:
(0,0)(31,0)(31,1)(29,1)(29,13)(17,13)(17,2)(0,2)
Polygon:
(0,0)(48,0)(48,21)(31,21)(31,22)(15,22)(15,15)(0,15)
Polygon:
(0,0)(13,0)(13,17)(0,17)
Polygon:
(0,0)(9,0)(9,14)(0,14)
Polygon:
(0,0)(1,0)(1,18)(0,18)
Polygon:
(0,0)(7,0)(7,6)(0,6)
Polygon:
(0,0)(26,0)(26,21)(17,21)(17,5)(2,5)(2,7)(0,7)
Polygon:
(0,0)(26,0)(26,10)(22,10)(22,19)(15,19)(15,12)(0,12)
Polygon:
(0,0)(13,0)(13,18)(0,18)
Polygon:
(0,0)(19,0)(19,13)(7,13)(7,25)(6,25)(6,12)(0,12)
Polygon:
(0,0)(40,0)(40,21)(23,21)(23,22)(18,22)(18,12)(0,12)
Polygon:
(0,0)(6,0)(6,13)(0,13)
Polygon:
(0,0)(28,0)(28,2)(17,2)(17,10)(8,10)(8,4)(0,4)
Polygon:
(0,0)(43,0)(43,5)(26,5)(26,4)(12,4)(12,9)(0,9)
Polygon:
(0,0)(1,0)(1,16)(0,16)
Polygon:
(0,0)(10,0)(10,2)(0,2)
Polygon:
(0,0)(18,0)(18,4)(0,4)
Polygon:
(0,0)(22,0)(22,11)(5,11)(5,14)(1,14)(1,7)(0,7)
Polygon:
(0,0)(28,0)(28,5)(17,5)(17,20)(2,20)(2,18)(0,18)
Polygon:
(0,0)(15,0)(15,6)(0,6)
Polygon:
(0,0)(11,0)(11,15)(0,15)
Polygon:
(0,0)(15,0)(15,22)(10,22)(10,4)(3,4)(3,9)(0,9)
Polygon:
(0,0)(19,0)(19,12)(2,12)(2,17)(1,17)(1,6)(0,6)
Polygon:
(0,0)(19,0)(19,19)(16,19)(16,3)(1,3)(1,6)(0,6)
Polygon:
(0,0)(32,0)(32,14)(15,14)(15,26)(2,26)(2,18)(0,18)
Polygon:
(0,0)(17,0)(17,16)(0,16)
Polygon:
(0,0)(14,0)(14,4)(0,4)
Polygon:
(0,0)(32,0)(32,16)(25,16)(25,23)(10,23)(10,5)(0,5)
Polygon:
(0,0)(18,0)(18,17)(0,17)
Polygon:
(0,0)(18,0)(18,10)(0,10)
Polygon:
(0,0)(23,0)(23,18)(11,18)(11,2)(10,2)(10,9)(0,9)
Polygon:
(0,0)(25,0)(25,5)(7,5)(7,3)(5,3)(5,14)(0,14)
Polygon:
(0,0)(18,0)(18,4)(0,4)
Polygon:
(0,0)(36,0)(36,7)(18,7)(18,18)(4,18)(4,6)(0,6)
Polygon:
(0,0)(12,0)(12,24)(6,24)(6,7)(5,7)(5,14)(0,14)
Polygon:
(0,0)(12,0)(12,4)(0,4)
Polygon:
(0,0)(11,0)(11,16)(0,16)
Polygon:
(0,0)(6,0)(6,4)(0,4)
Polygon:
(0,0)(14,0)(14,9)(0,9)
Polygon:
(0,0)(42,0)(42,6)(32,6)(32,15)(15,15)(15,2)(0,2)
Polygon:
(0,0)(30,0)(30,8)(20,8)(20,26)(12,26)(12,12)(0,12)
Polygon:
(0,0)(2,0)(2,16)(0,16)
Polygon:
(0,0)(6,0)(6,6)(0,6)
Polygon:
(0,0)(27,0)(27,19)(20,19)(20,24)(16,24)(16,15)(0,15)
Polygon:
(0,0)(26,0)(26,10)(16,10)(16,15)(12,15)(12,13)(0,13)
Polygon:
(0,0)(24,0)(24,13)(23,13)(23,19)(5,19)(5,6)(0,6)
Polygon:
(0,0)(3,0)(3,9)(0,9)
Polygon:
(0,0)(6,0)(6,7)(2,7)(2,23)(1,23)(1,13)(0,13)
Polygon:
(0,0)(31,0)(31,12)(15,12)(15,24)(3,24)(3,6)(0,6)
Polygon:
(0,0)(36,0)(36,20)(18,20)(18,26)(10,26)(10,17)(0,17)
Polygon:
(0,0)(18,0)(18,22)(15,22)(15,32)(11,32)(11,17)(0,17)
Polygon:
(0,0)(17,0)(17,16)(0,16)
Polygon:
(0,0)(30,0)(30,19)(17,19)(17,5)(10,5)(10,12)(0,12)
Polygon:
(0,0)(26,0)(26,6)(21,6)(21,5)(14,5)(14,17)(0,17)
Polygon:
(0,0)(24,0)(24,32)(23,32)(23,16)(17,16)(17,17)(0,17)
Polygon:
(0,0)(5,0)(5,10)(0,10)
Polygon:
(0,0)(28,0)(28,3)(23,3)(23,17)(11,17)(11,4)(0,4)
Polygon:
(0,0)(23,0)(23,13)(14,13)(14,4)(7,4)(7,10)(0,10)
Polygon:
(0,0)(13,0)(13,7)(0,7)
Polygon:
(0,0)(17,0)(17,2)(16,2)(16,20)(10,20)(10,8)(0,8)
Polygon:
(0,0)(36,0)(36,14)(24,14)(24,15)(14,15)(14,3)(0,3)
Polygon:
(0,0)(25,0)(25,22)(24,22)(24,27)(13,27)(13,11)(0,11)
Polygon:
(0,0)(18,0)(18,24)(6,24)(6,28)(4,28)(4,11)(0,11)
Polygon:
(0,0)(42,0)(42,19)(24,19)(24,4)(10,4)(10,16)(0,16)
Polygon:
(0,0)(23,0)(23,16)(8,16)(8,21)(6,21)(6,5)(0,5)
Polygon:
(0,0)(16,0)(16,5)(15,5)(15,19)(4,19)(4,18)(0,18)
Polygon:
(0,0)(2,0)(2,17)(0,17)
Polygon:
(0,0)(41,0)(41,20)(30,20)(30,36)(12,36)(12,18)(0,18)
Polygon:
(0,0)(17,0)(17,13)(0,13)
Polygon:
(0,0)(15,0)(15,15)(0,15)
Polygon:
(0,0)(4,0)(4,6)(0,6)
Polygon:
(0,0)(6,0)(6,1)(0,1)
Polygon:
(0,0)(1,0)(1,16)(0,16)
Polygon:
(0,0)(8,0)(8,12)(0,12)
Polygon:
(0,0)(13,0)(13,18)(0,18)
Polygon:
(0,0)(14,0)(14,7)(12,7)(12,14)(2,14)(2,6)(0,6)
Polygon:
(0,0)(11,0)(11,17)(0,17)
Polygon:
(0,0)(13,0)(13,10)(0,10)
Polygon:
(0,0)(20,0)(20,16)(8,16)(8,6)(4,6)(4,17)(0,17)
Polygon:
(0,0)(16,0)(16,15)(0,15)
Polygon:
(0,0)(18,0)(18,8)(0,8)
Polygon:
(0,0)(17,0)(17,12)(0,12)
Polygon:
(0,0)(30,0)(30,4)(25,4)(25,2)(11,2)(11,5)(0,5)
Polygon:
(0,0)(22,0)(22,25)(10,25)(10,26)(9,26)(9,12)(0,12)
Polygon:
(0,0)(8,0)(8,5)(0,5)
Polygon:
(0,0)(15,0)(15,14)(0,14)
Polygon:
(0,0)(37,0)(37,15)(22,15)(22,24)(17,24)(17,11)(0,11)
Polygon:
(0,0)(28,0)(28,13)(25,13)(25,18)(18,18)(18,9)(0,9)
Polygon:
(0,0)(34,0)(34,16)(22,16)(22,26)(18,26)(18,16)(0,16)
Polygon:
(0,0)(17,0)(17,1)(0,1)
Polygon:
(0,0)(10,0)(10,2)(0,2)
Polygon:
(0,0)(3,0)(3,11)(0,11)
Polygon:
(0,0)(21,0)(21,3)(17,3)(17,19)(5,19)(5,1)(0,1)
Polygon:
(0,0)(32,0)(32,15)(23,15)(23,27)(5,27)(5,18)(0,18)
Polygon:
(0,0)(14,0)(14,16)(0,16)
Polygon:
(0,0)(5,0)(5,9)(0,9)
Polygon:
(0,0)(3,0)(3,2)(0,2)
Polygon:
(0,0)(34,0)(34,18)(17,18)(17,31)(7,31)(7,17)(0,17)
Polygon:
(0,0)(10,0)(10,4)(0,4)
Polygon:
(0,0)(6,0)(6,17)(0,17)
Polygon:
(0,0)(27,0)(27,16)(11,16)(11,24)(3,24)(3,7)(0,7)
Polygon:
(0,0)(9,0)(9,6)(0,6)
Polygon:
(0,0)(27,0)(27,21)(25,21)(25,12)(10,12)(10,13)(0,13)
Polygon:
(0,0)(12,0)(12,4)(6,4)(6,5)(3,5)(3,3)(0,3)
Polygon:
(0,0)(13,0)(13,17)(0,17)
Polygon:
(0,0)(18,0)(18,2)(0,2)
Polygon:
(0,0)(31,0)(31,22)(15,22)(15,5)(5,5)(5,15)(0,15)
Polygon:
(0,0)(24,0)(24,16)(22,16)(22,22)(18,22)(18,7)(0,7)
Polygon:
(0,0)(36,0)(36,3)(19,3)(19,19)(18,19)(18,16)(0,16)
Polygon:
(0,0)(35,0)(35,2)(34,2)(34,18)(17,18)(17,5)(0,5)
Polygon:
(0,0)(23,0)(23,16)(21,16)(21,22)(13,22)(13,8)(0,8)
Polygon:
(0,0)(1,0)(1,7)(0,7)
Polygon:
(0,0)(14,0)(14,1)(0,1)
Polygon:
(0,0)(9,0)(9,16)(6,16)(6,32)(5,32)(5,15)(0,15)
Polygon:
(0,0)(24,0)(24,8)(20,8)(20,17)(8,17)(8,6)(0,6)
Polygon:
(0,0)(11,0)(11,17)(0,17)
Polygon:
(0,0)(36,0)(36,2)(23,2)(23,17)(7,17)(7,11)(0,11)
Polygon:
(0,0)(33,0)(33,22)(22,22)(22,15)(17,15)(17,16)(0,16)
Polygon:
(0,0)(17,0)(17,13)(0,13)
Polygon:
(0,0)(11,0)(11,15)(0,15)
Polygon:
(0,0)(3,0)(3,16)(0,16)
Polygon:
(0,0)(5,0)(5,5)(0,5)
Polygon:
(0,0)(9,0)(9,14)(0,14)
Polygon:
(0,0)(17,0)(17,2)(0,2)
Polygon:
(0,0)(35,0)(35,4)(17,4)(17,20)(1,20)(1,14)(0,14)
Polygon:
(0,0)(46,0)(46,3)(34,3)(34,2)(16,2)(16,8)(0,8)
Polygon:
(0,0)(13,0)(13,22)(11,22)(11,4)(4,4)(4,9)(0,9)
Polygon:
(0,0)(13,0)(13,16)(0,16)
Polygon:
(0,0)(18,0)(18,15)(0,15)
Polygon:
(0,0)(13,0)(13,14)(9,14)(9,16)(7,16)(7,3)(0,3)
Polygon:
(0,0)(7,0)(7,7)(0,7)
Polygon:
(0,0)(18,0)(18,15)(0,15)
Polygon:
(0,0)(35,0)(35,24)(26,24)(26,31)(15,31)(15,18)(0,18)
Polygon:
(0,0)(27,0)(27,22)(18,22)(18,24)(17,24)(17,14)(0,14)
Polygon:
(0,0)(33,0)(33,8)(26,8)(26,7)(10,7)(10,12)(0,12)
Polygon:
(0,0)(25,0)(25,13)(8,13)(8,17)(6,17)(6,3)(0,3)
Polygon:
(0,0)(26,0)(26,25)(11,25)(11,32)(1,32)(1,14)(0,14)
Polygon:
(0,0)(31,0)(31,1)(29,1)(29,6)(13,6)(13,1)(0,1)
Polygon:
(0,0)(8,0)(8,18)(0,18)
Polygon:
(0,0)(27,0)(27,11)(15,11)(15,14)(3,14)(3,10)(0,10)
Polygon:
(0,0)(1,0)(1,17)(0,17)
Polygon:
(0,0)(26,0)(26,18)(25,18)(25,20)(16,20)(16,12)(0,12)
Polygon:
(0,0)(14,0)(14,2)(0,2)
Polygon:
(0,0)(16,0)(16,14)(0,14)
Polygon:
(0,0)(33,0)(33,19)(19,19)(19,24)(2,24)(2,7)(0,7)
Polygon:
(0,0)(18,0)(18,23)(3,23)(3,36)(2,36)(2,18)(0,18)
Polygon:
(0,0)(45,0)(45,14)(34,14)(34,16)(17,16)(17,5)(0,5)
Polygon:
(0,0)(41,0)(41,16)(26,16)(26,28)(10,28)(10,14)(0,14)
Polygon:
(0,0)(17,0)(17,27)(10,27)(10,9)(6,9)(6,12)(0,12)
Polygon:
(0,0)(39,0)(39,31)(27,31)(27,32)(16,32)(16,15)(0,15)
Polygon:
(0,0)(13,0)(13,26)(10,26)(10,27)(3,27)(3,16)(0,16)
Polygon:
(0,0)(42,0)(42,17)(31,17)(31,18)(16,18)(16,3)(0,3)
Polygon:
(0,0)(5,0)(5,5)(0,5)
Polygon:
(0,0)(46,0)(46,30)(34,30)(34,14)(18,14)(18,18)(0,18)
Polygon:
(0,0)(21,0)(21,13)(18,13)(18,17)(5,17)(5,2)(0,2)
Polygon:
(0,0)(1,0)(1,9)(0,9)
Polygon:
(0,0)(6,0)(6,16)(0,16)
Polygon:
(0,0)(15,0)(15,1)(0,1)
Polygon:
(0,0)(28,0)(28,14)(16,14)(16,16)(2,16)(2,3)(0,3)
Polygon:
(0,0)(3,0)(3,17)(0,17)
Polygon:
(0,0)(37,0)(37,16)(31,16)(31,29)(14,29)(14,17)(0,17)
Polygon:
(0,0)(16,0)(16,16)(7,16)(7,28)(3,28)(3,10)(0,10)
Polygon:
(0,0)(10,0)(10,1)(0,1)
Polygon:
(0,0)(4,0)(4,15)(0,15)
Polygon:
(0,0)(10,0)(10,4)(0,4)
Polygon:
(0,0)(7,0)(7,12)(0,12)
Polygon:
(0,0)(17,0)(17,6)(0,6)
Polygon:
(0,0)(38,0)(38,26)(32,26)(32,15)(14,15)(14,26)(0,26)
Polygon:
(0,0)(6,0)(6,17)(0,17)
Polygon:
(0,0)(14,0)(14,1)(0,1)
Polygon:
(0,0)(35,0)(35,18)(24,18)(24,21)(12,21)(12,7)(0,7)
Polygon:
(0,0)(15,0)(15,13)(0,13)
Polygon:
(0,0)(11,0)(11,4)(0,4)
Polygon:
(0,0)(2,0)(2,18)(0,18)
Polygon:
(0,0)(15,0)(15,9)(0,9)
Polygon:
(0,0)(14,0)(14,17)(0,17)
Polygon:
(0,0)(40,0)(40,12)(29,12)(29,19)(15,19)(15,15)(0,15)
Polygon:
(0,0)(18,0)(18,16)(17,16)(17,32)(11,32)(11,15)(0,15)
Polygon:
(0,0)(27,0)(27,24)(24,24)(24,6)(8,6)(8,17)(0,17)
Polygon:
(0,0)(13,0)(13,15)(0,15)
Polygon:
(0,0)(32,0)(32,15)(16,15)(16,20)(5,20)(5,4)(0,4)
Polygon:
(0,0)(14,0)(14,6)(0,6)
Polygon:
(0,0)(25,0)(25,28)(19,28)(19,33)(13,33)(13,15)(0,15)
Polygon:
(0,0)(14,0)(14,13)(0,13)
Polygon:
(0,0)(28,0)(28,15)(10,15)(10,10)(4,10)(4,25)(0,25)
Polygon:
(0,0)(37,0)(37,11)(24,11)(24,19)(12,19)(12,3)(0,3)
Polygon:
(0,0)(21,0)(21,11)(11,11)(11,14)(3,14)(3,7)(0,7)
Polygon:
(0,0)(6,0)(6,12)(0,12)
Polygon:
(0,0)(30,0)(30,3)(20,3)(20,15)(13,15)(13,14)(0,14)
Polygon:
(0,0)(8,0)(8,11)(0,11)
Polygon:
(0,0)(36,0)(36,7)(24,7)(24,24)(10,24)(10,12)(0,12)
Polygon:
(0,0)(4,0)(4,17)(0,17)
Polygon:
(0,0)(5,0)(5,13)(0,13)
Polygon:
(0,0)(26,0)(26,24)(18,24)(18,11)(2,11)(2,15)(0,15)
Polygon:
(0,0)(31,0)(31,20)(20,20)(20,21)(11,21)(11,7)(0,7)
Polygon:
(0,0)(28,0)(28,6)(14,6)(14,4)(13,4)(13,18)(0,18)
Polygon:
(0,0)(12,0)(12,13)(0,13)
Polygon:
(0,0)(43,0)(43,28)(25,28)(25,29)(18,29)(18,14)(0,14)
Polygon:
(0,0)(2,0)(2,4)(0,4)
Polygon:
(0,0)(24,0)(24,14)(22,14)(22,18)(18,18)(18,2)(0,2)
Polygon:
(0,0)(10,0)(10,8)(0,8)
Polygon:
(0,0)(30,0)(30,22)(22,22)(22,5)(14,5)(14,6)(0,6)
Polygon:
(0,0)(3,0)(3,8)(0,8)
Polygon:
(0,0)(15,0)(15,17)(0,17)
Polygon:
(0,0)(5,0)(5,13)(0,13)
Polygon:
(0,0)(30,0)(30,2)(15,2)(15,11)(13,11)(13,10)(0,10)
Polygon:
(0,0)(10,0)(10,22)(6,22)(6,5)(1,5)(1,13)(0,13)
Polygon:
(0,0)(14,0)(14,11)(0,11)
Polygon:
(0,0)(1,0)(1,5)(0,5)
Polygon:
(0,0)(17,0)(17,3)(0,3)
Polygon:
(0,0)(37,0)(37,17)(21,17)(21,23)(4,23)(4,9)(0,9)
Polygon:
(0,0)(24,0)(24,16)(20,16)(20,2)(6,2)(6,13)(0,13)
Polygon:
(0,0)(18,0)(18,9)(0,9)
Polygon:
(0,0)(34,0)(34,6)(29,6)(29,18)(16,18)(16,1)(0,1)
Polygon:
(0,0)(15,0)(15,13)(14,13)(14,16)(13,16)(13,1)(0,1)
Polygon:
(0,0)(44,0)(44,8)(31,8)(31,15)(15,15)(15,12)(0,12)
Polygon:
(0,0)(13,0)(13,9)(12,9)(12,15)(10,15)(10,9)(0,9)
Polygon:
(0,0)(52,0)(52,12)(35,12)(35,21)(18,21)(18,10)(0,10)
Polygon:
(0,0)(18,0)(18,15)(17,15)(17,8)(3,8)(3,9)(0,9)
Polygon:
(0,0)(28,0)(28,17)(27,17)(27,18)(10,18)(10,2)(0,2)
Polygon:
(0,0)(27,0)(27,29)(26,29)(26,32)(8,32)(8,18)(0,18)
Polygon:
(0,0)(15,0)(15,16)(0,16)
Polygon:
(0,0)(30,0)(30,16)(20,16)(20,26)(16,26)(16,12)(0,12)
Polygon:
(0,0)(2,0)(2,10)(0,10)
Polygon:
(0,0)(30,0)(30,1)(21,1)(21,17)(4,17)(4,1)(0,1)
Polygon:
(0,0)(11,0)(11,7)(0,7)
Polygon:
(0,0)(31,0)(31,21)(14,21)(14,10)(3,10)(3,17)(0,17)
Polygon:
(0,0)(7,0)(7,2)(0,2)
Polygon:
(0,0)(41,0)(41,15)(28,15)(28,12)(15,12)(15,17)(0,17)
Polygon:
(0,0)(10,0)(10,2)(0,2)
Polygon:
(0,0)(41,0)(41,18)(24,18)(24,22)(10,22)(10,4)(0,4)
Polygon:
(0,0)(28,0)(28,2)(27,2)(27,14)(16,14)(16,1)(0,1)
Polygon:
(0,0)(14,0)(14,11)(0,11)
Polygon:
(0,0)(10,0)(10,5)(0,5)
Polygon:
(0,0)(24,0)(24,24)(22,24)(22,26)(5,26)(5,13)(0,13)
Polygon:
(0,0)(1,0)(1,5)(0,5)
Polygon:
(0,0)(20,0)(20,10)(13,10)(13,17)(6,17)(6,11)(0,11)
Polygon:
(0,0)(1,0)(1,1)(0,1)
Polygon:
(0,0)(19,0)(19,18)(9,18)(9,23)(7,23)(7,9)(0,9)
Polygon:
(0,0)(22,0)(22,9)(16,9)(16,27)(4,27)(4,15)(0,15)
Polygon:
(0,0)(34,0)(34,15)(20,15)(20,32)(16,32)(16,14)(0,14)
Polygon:
(0,0)(23,0)(23,14)(20,14)(20,16)(18,16)(18,1)(0,1)
Polygon:
(0,0)(41,0)(41,13)(25,13)(25,18)(16,18)(16,15)(0,15)
Polygon:
(0,0)(25,0)(25,7)(12,7)(12,14)(2,14)(2,3)(0,3)
Polygon:
(0,0)(16,0)(16,2)(0,2)
Polygon:
(0,0)(3,0)(3,1)(0,1)
Polygon:
(0,0)(12,0)(12,11)(0,11)
Polygon:
(0,0)(6,0)(6,17)(0,17)
Polygon:
(0,0)(32,0)(32,11)(29,11)(29,18)(11,18)(11,7)(0,7)
Polygon:
(0,0)(24,0)(24,19)(13,19)(13,26)(2,26)(2,12)(0,12)
Polygon:
(0,0)(38,0)(38,5)(24,5)(24,18)(18,18)(18,1)(0,1)
Polygon:
(0,0)(16,0)(16,15)(7,15)(7,22)(3,22)(3,14)(0,14)
Polygon:
(0,0)(17,0)(17,10)(0,10)
Polygon:
(0,0)(16,0)(16,4)(0,4)
Polygon:
(0,0)(22,0)(22,24)(18,24)(18,9)(13,9)(13,14)(0,14)
Polygon:
(0,0)(45,0)(45,16)(27,16)(27,19)(18,19)(18,5)(0,5)
Polygon:
(0,0)(33,0)(33,7)(22,7)(22,25)(4,25)(4,18)(0,18)
Polygon:
(0,0)(14,0)(14,2)(0,2)
Polygon:
(0,0)(4,0)(4,18)(0,18)
Polygon:
(0,0)(41,0)(41,21)(26,21)(26,5)(16,5)(16,9)(0,9)
Polygon:
(0,0)(29,0)(29,20)(22,20)(22,30)(12,30)(12,17)(0,17)
Polygon:
(0,0)(27,0)(27,24)(18,24)(18,28)(1,28)(1,11)(0,11)
Polygon:
(0,0)(26,0)(26,22)(10,22)(10,9)(1,9)(1,16)(0,16)
Polygon:
(0,0)(7,0)(7,13)(6,13)(6,8)(2,8)(2,10)(0,10)
Polygon:
(0,0)(16,0)(16,16)(0,16)
