Polygon:
(0,0)(19,0)(19,8)(9,8)(9,16)(0,16)
Polygon:
(0,0)(19,0)(19,14)(13,14)(13,15)(0,15)
Polygon:
(0,0)(26,0)(26,13)(10,13)(10,18)(0,18)
Polygon:
(0,0)(21,0)(21,16)(16,16)(16,29)(0,29)
Polygon:
(0,0)(12,0)(12,11)(2,11)(2,27)(0,27)
Polygon:
(0,0)(15,0)(15,9)(8,9)(8,21)(0,21)
Polygon:
(0,0)(16,0)(16,14)(5,14)(5,27)(0,27)
Polygon:
(0,0)(16,0)(16,13)(2,13)(2,30)(0,30)
Polygon:
(0,0)(24,0)(24,14)(12,14)(12,16)(0,16)
Polygon:
(0,0)(6,0)(6,9)(1,9)(1,22)(0,22)
Polygon:
(0,0)(21,0)(21,16)(5,16)(5,32)(0,32)
Polygon:
(0,0)(19,0)(19,10)(17,10)(17,22)(0,22)
Polygon:
(0,0)(18,0)(18,17)(2,17)(2,35)(0,35)
Polygon:
(0,0)(19,0)(19,11)(4,11)(4,20)(0,20)
Polygon:
(0,0)(25,0)(25,15)(12,15)(12,31)(0,31)
Polygon:
(0,0)(29,0)(29,10)(18,10)(18,15)(0,15)
Polygon:
(0,0)(30,0)(30,3)(15,3)(15,21)(0,21)
Polygon:
(0,0)(15,0)(15,9)(2,9)(2,26)(0,26)
Polygon:
(0,0)(17,0)(17,16)(7,16)(7,18)(0,18)
Polygon:
(0,0)(24,0)(24,8)(17,8)(17,10)(0,10)
Polygon:
(0,0)(7,0)(7,1)(5,1)(5,19)(0,19)
Polygon:
(0,0)(18,0)(18,11)(11,11)(11,13)(0,13)
Polygon:
(0,0)(11,0)(11,17)(10,17)(10,20)(0,20)
Polygon:
(0,0)(30,0)(30,2)(12,2)(12,20)(0,20)
Polygon:
(0,0)(20,0)(20,18)(5,18)(5,36)(0,36)
Polygon:
(0,0)(14,0)(14,15)(1,15)(1,16)(0,16)
Polygon:
(0,0)(20,0)(20,14)(11,14)(11,26)(0,26)
Polygon:
(0,0)(11,0)(11,16)(1,16)(1,17)(0,17)
Polygon:
(0,0)(34,0)(34,16)(18,16)(18,32)(0,32)
Polygon:
(0,0)(24,0)(24,3)(12,3)(12,13)(0,13)
Polygon:
(0,0)(18,0)(18,11)(10,11)(10,19)(0,19)
Polygon:
(0,0)(11,0)(11,14)(5,14)(5,18)(0,18)
Polygon:
(0,0)(17,0)(17,3)(13,3)(13,9)(0,9)
Polygon:
(0,0)(9,0)(9,16)(2,16)(2,19)(0,19)
Polygon:
(0,0)(26,0)(26,17)(17,17)(17,19)(0,19)
Polygon:
(0,0)(18,0)(18,14)(15,14)(15,23)(0,23)
Polygon:
(0,0)(23,0)(23,18)(13,18)(13,32)(0,32)
Polygon:
(0,0)(20,0)(20,8)(17,8)(17,22)(0,22)
Polygon:
(0,0)(12,0)(12,1)(3,1)(3,15)(0,15)
Polygon:
(0,0)(11,0)(11,2)(3,2)(3,16)(0,16)
Polygon:
(0,0)(6,0)(6,10)(4,10)(4,28)(0,28)
Polygon:
(0,0)(17,0)(17,15)(1,15)(1,19)(0,19)
Polygon:
(0,0)(8,0)(8,12)(1,12)(1,30)(0,30)
Polygon:
(0,0)(20,0)(20,11)(17,11)(17,15)(0,15)
Polygon:
(0,0)(20,0)(20,8)(8,8)(8,24)(0,24)
Polygon:
(0,0)(28,0)(28,14)(16,14)(16,25)(0,25)
Polygon:
(0,0)(23,0)(23,6)(5,6)(5,13)(0,13)
Polygon:
(0,0)(15,0)(15,13)(10,13)(10,22)(0,22)
Polygon:
(0,0)(17,0)(17,17)(13,17)(13,30)(0,30)
Polygon:
(0,0)(27,0)(27,16)(18,16)(18,26)(0,26)
Polygon:
(0,0)(9,0)(9,11)(3,11)(3,21)(0,21)
Polygon:
(0,0)(7,0)(7,13)(1,13)(1,19)(0,19)
Polygon:
(0,0)(13,0)(13,3)(2,3)(2,18)(0,18)
Polygon:
(0,0)(17,0)(17,7)(6,7)(6,24)(0,24)
Polygon:
(0,0)(18,0)(18,17)(10,17)(10,18)(0,18)
Polygon:
(0,0)(23,0)(23,15)(14,15)(14,19)(0,19)
Polygon:
(0,0)(28,0)(28,10)(10,10)(10,19)(0,19)
Polygon:
(0,0)(23,0)(23,13)(18,13)(18,28)(0,28)
Polygon:
(0,0)(30,0)(30,14)(13,14)(13,32)(0,32)
Polygon:
(0,0)(20,0)(20,18)(4,18)(4,26)(0,26)
Polygon:
(0,0)(8,0)(8,12)(5,12)(5,22)(0,22)
Polygon:
(0,0)(26,0)(26,7)(10,7)(10,8)(0,8)
Polygon:
(0,0)(12,0)(12,18)(4,18)(4,30)(0,30)
Polygon:
(0,0)(7,0)(7,12)(6,12)(6,17)(0,17)
Polygon:
(0,0)(16,0)(16,10)(15,10)(15,18)(0,18)
Polygon:
(0,0)(18,0)(18,7)(3,7)(3,15)(0,15)
Polygon:
(0,0)(4,0)(4,5)(3,5)(3,7)(0,7)
Polygon:
(0,0)(29,0)(29,8)(11,8)(11,22)(0,22)
Polygon:
(0,0)(26,0)(26,5)(8,5)(8,18)(0,18)
Polygon:
(0,0)(30,0)(30,10)(15,10)(15,23)(0,23)
Polygon:
(0,0)(30,0)(30,6)(14,6)(14,8)(0,8)
Polygon:
(0,0)(15,0)(15,11)(3,11)(3,23)(0,23)
Polygon:
(0,0)(5,0)(5,4)(3,4)(3,5)(0,5)
Polygon:
(0,0)(15,0)(15,4)(14,4)(14,5)(0,5)
Polygon:
(0,0)(22,0)(22,12)(13,12)(13,23)(0,23)
Polygon:
(0,0)(8,0)(8,6)(5,6)(5,15)(0,15)
Polygon:
(0,0)(19,0)(19,16)(4,16)(4,19)(0,19)
Polygon:
(0,0)(18,0)(18,11)(7,11)(7,18)(0,18)
Polygon:
(0,0)(25,0)(25,18)(14,18)(14,20)(0,20)
Polygon:
(0,0)(23,0)(23,7)(8,7)(8,24)(0,24)
Polygon:
(0,0)(31,0)(31,4)(16,4)(16,9)(0,9)
Polygon:
(0,0)(19,0)(19,7)(13,7)(13,24)(0,24)
Polygon:
(0,0)(28,0)(28,15)(15,15)(15,20)(0,20)
Polygon:
(0,0)(28,0)(28,14)(17,14)(17,21)(0,21)
Polygon:
(0,0)(26,0)(26,17)(13,17)(13,20)(0,20)
Polygon:
(0,0)(26,0)(26,7)(17,7)(17,19)(0,19)
Polygon:
(0,0)(31,0)(31,17)(16,17)(16,30)(0,30)
Polygon:
(0,0)(8,0)(8,9)(4,9)(4,12)(0,12)
Polygon:
(0,0)(9,0)(9,2)(6,2)(6,16)(0,16)
Polygon:
(0,0)(18,0)(18,15)(5,15)(5,18)(0,18)
Polygon:
(0,0)(19,0)(19,18)(5,18)(5,25)(0,25)
Polygon:
(0,0)(16,0)(16,2)(12,2)(12,9)(0,9)
Polygon:
(0,0)(16,0)(16,3)(11,3)(11,8)(0,8)
Polygon:
(0,0)(27,0)(27,4)(18,4)(18,6)(0,6)
Polygon:
(0,0)(24,0)(24,12)(10,12)(10,14)(0,14)
Polygon:
(0,0)(25,0)(25,13)(12,13)(12,22)(0,22)
Polygon:
(0,0)(18,0)(18,10)(9,10)(9,12)(0,12)
Polygon:
(0,0)(11,0)(11,18)(10,18)(10,26)(0,26)
Polygon:
(0,0)(12,0)(12,6)(1,6)(1,16)(0,16)
Polygon:
(0,0)(7,0)(7,17)(6,17)(6,35)(0,35)
Polygon:
(0,0)(16,0)(16,1)(5,1)(5,14)(0,14)
Polygon:
(0,0)(13,0)(13,3)(6,3)(6,17)(0,17)
Polygon:
(0,0)(26,0)(26,12)(15,12)(15,18)(0,18)
Polygon:
(0,0)(24,0)(24,7)(15,7)(15,16)(0,16)
Polygon:
(0,0)(19,0)(19,18)(6,18)(6,33)(0,33)
Polygon:
(0,0)(4,0)(4,2)(2,2)(2,16)(0,16)
Polygon:
(0,0)(15,0)(15,3)(2,3)(2,18)(0,18)
Polygon:
(0,0)(5,0)(5,11)(2,11)(2,22)(0,22)
Polygon:
(0,0)(11,0)(11,18)(4,18)(4,35)(0,35)
Polygon:
(0,0)(17,0)(17,16)(5,16)(5,34)(0,34)
Polygon:
(0,0)(13,0)(13,16)(4,16)(4,27)(0,27)
Polygon:
(0,0)(13,0)(13,4)(6,4)(6,16)(0,16)
Polygon:
(0,0)(21,0)(21,16)(12,16)(12,27)(0,27)
Polygon:
(0,0)(11,0)(11,8)(2,8)(2,21)(0,21)
Polygon:
(0,0)(11,0)(11,8)(4,8)(4,14)(0,14)
Polygon:
(0,0)(19,0)(19,10)(13,10)(13,18)(0,18)
Polygon:
(0,0)(16,0)(16,3)(8,3)(8,8)(0,8)
Polygon:
(0,0)(17,0)(17,5)(16,5)(16,9)(0,9)
Polygon:
(0,0)(11,0)(11,9)(5,9)(5,12)(0,12)
Polygon:
(0,0)(14,0)(14,4)(11,4)(11,5)(0,5)
Polygon:
(0,0)(5,0)(5,15)(2,15)(2,17)(0,17)
Polygon:
(0,0)(8,0)(8,16)(2,16)(2,29)(0,29)
Polygon:
(0,0)(12,0)(12,1)(2,1)(2,2)(0,2)
Polygon:
(0,0)(28,0)(28,13)(12,13)(12,30)(0,30)
Polygon:
(0,0)(9,0)(9,15)(1,15)(1,31)(0,31)
Polygon:
(0,0)(19,0)(19,8)(11,8)(11,10)(0,10)
Polygon:
(0,0)(28,0)(28,14)(16,14)(16,27)(0,27)
Polygon:
(0,0)(24,0)(24,9)(13,9)(13,15)(0,15)
Polygon:
(0,0)(5,0)(5,3)(4,3)(4,14)(0,14)
Polygon:
(0,0)(6,0)(6,2)(4,2)(4,8)(0,8)
Polygon:
(0,0)(23,0)(23,13)(8,13)(8,27)(0,27)
Polygon:
(0,0)(13,0)(13,13)(6,13)(6,19)(0,19)
Polygon:
(0,0)(19,0)(19,2)(2,2)(2,20)(0,20)
Polygon:
(0,0)(17,0)(17,11)(12,11)(12,17)(0,17)
Polygon:
(0,0)(22,0)(22,8)(15,8)(15,20)(0,20)
Polygon:
(0,0)(24,0)(24,13)(8,13)(8,28)(0,28)
Polygon:
(0,0)(30,0)(30,14)(18,14)(18,24)(0,24)
Polygon:
(0,0)(16,0)(16,16)(12,16)(12,32)(0,32)
Polygon:
(0,0)(22,0)(22,6)(18,6)(18,15)(0,15)
Polygon:
(0,0)(30,0)(30,8)(13,8)(13,14)(0,14)
Polygon:
(0,0)(18,0)(18,13)(15,13)(15,30)(0,30)
Polygon:
(0,0)(16,0)(16,14)(2,14)(2,31)(0,31)
Polygon:
(0,0)(36,0)(36,14)(18,14)(18,16)(0,16)
Polygon:
(0,0)(19,0)(19,1)(2,1)(2,11)(0,11)
Polygon:
(0,0)(29,0)(29,14)(11,14)(11,24)(0,24)
Polygon:
(0,0)(14,0)(14,3)(3,3)(3,17)(0,17)
Polygon:
(0,0)(13,0)(13,1)(8,1)(8,19)(0,19)
Polygon:
(0,0)(16,0)(16,10)(1,10)(1,26)(0,26)
Polygon:
(0,0)(15,0)(15,12)(8,12)(8,19)(0,19)
Polygon:
(0,0)(12,0)(12,16)(11,16)(11,27)(0,27)
Polygon:
(0,0)(23,0)(23,18)(10,18)(10,35)(0,35)
Polygon:
(0,0)(16,0)(16,16)(13,16)(13,23)(0,23)
Polygon:
(0,0)(22,0)(22,4)(6,4)(6,13)(0,13)
Polygon:
(0,0)(35,0)(35,6)(18,6)(18,7)(0,7)
Polygon:
(0,0)(14,0)(14,11)(8,11)(8,18)(0,18)
Polygon:
(0,0)(28,0)(28,4)(16,4)(16,5)(0,5)
Polygon:
(0,0)(21,0)(21,7)(12,7)(12,18)(0,18)
Polygon:
(0,0)(6,0)(6,18)(2,18)(2,22)(0,22)
Polygon:
(0,0)(32,0)(32,18)(15,18)(15,25)(0,25)
Polygon:
(0,0)(15,0)(15,17)(3,17)(3,22)(0,22)
Polygon:
(0,0)(4,0)(4,3)(3,3)(3,18)(0,18)
Polygon:
(0,0)(20,0)(20,12)(8,12)(8,29)(0,29)
Polygon:
(0,0)(27,0)(27,2)(12,2)(12,17)(0,17)
Polygon:
(0,0)(15,0)(15,9)(10,9)(10,23)(0,23)
Polygon:
(0,0)(33,0)(33,14)(18,14)(18,28)(0,28)
Polygon:
(0,0)(10,0)(10,3)(1,3)(1,16)(0,16)
Polygon:
(0,0)(29,0)(29,1)(15,1)(15,4)(0,4)
Polygon:
(0,0)(35,0)(35,12)(17,12)(17,26)(0,26)
Polygon:
(0,0)(11,0)(11,16)(8,16)(8,29)(0,29)
Polygon:
(0,0)(20,0)(20,15)(2,15)(2,30)(0,30)
Polygon:
(0,0)(19,0)(19,1)(12,1)(12,4)(0,4)
Polygon:
(0,0)(18,0)(18,2)(12,2)(12,8)(0,8)
Polygon:
(0,0)(26,0)(26,3)(13,3)(13,5)(0,5)
Polygon:
(0,0)(11,0)(11,17)(9,17)(9,25)(0,25)
Polygon:
(0,0)(13,0)(13,8)(2,8)(2,18)(0,18)
Polygon:
(0,0)(25,0)(25,5)(17,5)(17,20)(0,20)
Polygon:
(0,0)(19,0)(19,3)(10,3)(10,7)(0,7)
Polygon:
(0,0)(24,0)(24,7)(12,7)(12,20)(0,20)
Polygon:
(0,0)(6,0)(6,18)(1,18)(1,30)(0,30)
Polygon:
(0,0)(24,0)(24,3)(6,3)(6,16)(0,16)
Polygon:
(0,0)(17,0)(17,18)(11,18)(11,34)(0,34)
Polygon:
(0,0)(26,0)(26,10)(14,10)(14,17)(0,17)
Polygon:
(0,0)(15,0)(15,4)(9,4)(9,5)(0,5)
Polygon:
(0,0)(9,0)(9,14)(4,14)(4,18)(0,18)
Polygon:
(0,0)(10,0)(10,12)(6,12)(6,21)(0,21)
Polygon:
(0,0)(23,0)(23,7)(13,7)(13,23)(0,23)
Polygon:
(0,0)(9,0)(9,18)(7,18)(7,30)(0,30)
Polygon:
(0,0)(27,0)(27,7)(10,7)(10,10)(0,10)
Polygon:
(0,0)(13,0)(13,7)(10,7)(10,10)(0,10)
Polygon:
(0,0)(29,0)(29,14)(12,14)(12,23)(0,23)
Polygon:
(0,0)(24,0)(24,11)(11,11)(11,27)(0,27)
Polygon:
(0,0)(16,0)(16,12)(10,12)(10,25)(0,25)
Polygon:
(0,0)(23,0)(23,5)(11,5)(11,13)(0,13)
Polygon:
(0,0)(32,0)(32,4)(15,4)(15,8)(0,8)
Polygon:
(0,0)(24,0)(24,15)(14,15)(14,30)(0,30)
Polygon:
(0,0)(29,0)(29,8)(11,8)(11,24)(0,24)
Polygon:
(0,0)(24,0)(24,9)(11,9)(11,12)(0,12)
Polygon:
(0,0)(4,0)(4,18)(3,18)(3,24)(0,24)
Polygon:
(0,0)(10,0)(10,9)(7,9)(7,20)(0,20)
Polygon:
(0,0)(32,0)(32,15)(18,15)(18,31)(0,31)
Polygon:
(0,0)(25,0)(25,14)(10,14)(10,23)(0,23)
Polygon:
(0,0)(23,0)(23,4)(10,4)(10,18)(0,18)
Polygon:
(0,0)(17,0)(17,9)(15,9)(15,18)(0,18)
Polygon:
(0,0)(13,0)(13,2)(8,2)(8,14)(0,14)
Polygon:
(0,0)(26,0)(26,5)(18,5)(18,15)(0,15)
Polygon:
(0,0)(18,0)(18,17)(11,17)(11,28)(0,28)
Polygon:
(0,0)(19,0)(19,13)(13,13)(13,28)(0,28)
Polygon:
(0,0)(28,0)(28,6)(13,6)(13,24)(0,24)
Polygon:
(0,0)(10,0)(10,16)(6,16)(6,20)(0,20)
Polygon:
(0,0)(32,0)(32,6)(14,6)(14,15)(0,15)
Polygon:
(0,0)(10,0)(10,12)(4,12)(4,21)(0,21)
Polygon:
(0,0)(25,0)(25,10)(18,10)(18,25)(0,25)
Polygon:
(0,0)(16,0)(16,5)(9,5)(9,20)(0,20)
Polygon:
(0,0)(8,0)(8,8)(3,8)(3,22)(0,22)
Polygon:
(0,0)(13,0)(13,17)(3,17)(3,26)(0,26)
Polygon:
(0,0)(32,0)(32,10)(15,10)(15,28)(0,28)
Polygon:
(0,0)(21,0)(21,12)(9,12)(9,20)(0,20)
Polygon:
(0,0)(29,0)(29,15)(17,15)(17,29)(0,29)
Polygon:
(0,0)(11,0)(11,10)(1,10)(1,20)(0,20)
Polygon:
(0,0)(21,0)(21,12)(4,12)(4,16)(0,16)
Polygon:
(0,0)(17,0)(17,6)(5,6)(5,16)(0,16)
Polygon:
(0,0)(15,0)(15,2)(4,2)(4,19)(0,19)
Polygon:
(0,0)(32,0)(32,3)(17,3)(17,4)(0,4)
Polygon:
(0,0)(23,0)(23,6)(8,6)(8,10)(0,10)
Polygon:
(0,0)(16,0)(16,17)(2,17)(2,35)(0,35)
Polygon:
(0,0)(8,0)(8,6)(7,6)(7,10)(0,10)
Polygon:
(0,0)(23,0)(23,6)(12,6)(12,15)(0,15)
Polygon:
(0,0)(18,0)(18,1)(1,1)(1,6)(0,6)
Polygon:
(0,0)(19,0)(19,9)(15,9)(15,10)(0,10)
Polygon:
(0,0)(18,0)(18,7)(4,7)(4,15)(0,15)
Polygon:
(0,0)(14,0)(14,8)(13,8)(13,22)(0,22)
Polygon:
(0,0)(25,0)(25,16)(17,16)(17,27)(0,27)
Polygon:
(0,0)(7,0)(7,16)(3,16)(3,29)(0,29)
Polygon:
(0,0)(16,0)(16,13)(5,13)(5,25)(0,25)
Polygon:
(0,0)(28,0)(28,3)(15,3)(15,13)(0,13)
Polygon:
(0,0)(25,0)(25,3)(16,3)(16,21)(0,21)
Polygon:
(0,0)(30,0)(30,11)(14,11)(14,13)(0,13)
Polygon:
(0,0)(29,0)(29,5)(14,5)(14,16)(0,16)
Polygon:
(0,0)(33,0)(33,3)(15,3)(15,8)(0,8)
Polygon:
(0,0)(24,0)(24,10)(18,10)(18,19)(0,19)
Polygon:
(0,0)(13,0)(13,3)(12,3)(12,5)(0,5)
Polygon:
(0,0)(17,0)(17,17)(16,17)(16,23)(0,23)
Polygon:
(0,0)(13,0)(13,16)(1,16)(1,28)(0,28)
Polygon:
(0,0)(33,0)(33,16)(17,16)(17,30)(0,30)
Polygon:
(0,0)(26,0)(26,10)(16,10)(16,21)(0,21)
Polygon:
(0,0)(30,0)(30,3)(12,3)(12,21)(0,21)
Polygon:
(0,0)(28,0)(28,12)(11,12)(11,23)(0,23)
Polygon:
(0,0)(14,0)(14,1)(13,1)(13,6)(0,6)
Polygon:
(0,0)(22,0)(22,11)(4,11)(4,22)(0,22)
Polygon:
(0,0)(27,0)(27,15)(15,15)(15,16)(0,16)
Polygon:
(0,0)(21,0)(21,11)(18,11)(18,12)(0,12)
Polygon:
(0,0)(32,0)(32,13)(16,13)(16,25)(0,25)
Polygon:
(0,0)(11,0)(11,17)(3,17)(3,31)(0,31)
Polygon:
(0,0)(19,0)(19,6)(17,6)(17,21)(0,21)
Polygon:
(0,0)(11,0)(11,10)(7,10)(7,15)(0,15)
Polygon:
(0,0)(15,0)(15,11)(5,11)(5,18)(0,18)
Polygon:
(0,0)(21,0)(21,16)(8,16)(8,34)(0,34)
Polygon:
(0,0)(11,0)(11,5)(7,5)(7,19)(0,19)
Polygon:
(0,0)(23,0)(23,10)(9,10)(9,14)(0,14)
Polygon:
(0,0)(16,0)(16,8)(15,8)(15,24)(0,24)
Polygon:
(0,0)(16,0)(16,11)(2,11)(2,24)(0,24)
Polygon:
(0,0)(7,0)(7,16)(5,16)(5,34)(0,34)
Polygon:
(0,0)(28,0)(28,13)(12,13)(12,17)(0,17)
Polygon:
(0,0)(18,0)(18,10)(2,10)(2,22)(0,22)
Polygon:
(0,0)(27,0)(27,10)(17,10)(17,20)(0,20)
Polygon:
(0,0)(13,0)(13,8)(11,8)(11,10)(0,10)
Polygon:
(0,0)(4,0)(4,4)(3,4)(3,21)(0,21)
Polygon:
(0,0)(11,0)(11,4)(9,4)(9,8)(0,8)
Polygon:
(0,0)(7,0)(7,9)(6,9)(6,24)(0,24)
Polygon:
(0,0)(17,0)(17,16)(10,16)(10,22)(0,22)
Polygon:
(0,0)(20,0)(20,17)(14,17)(14,19)(0,19)
Polygon:
(0,0)(19,0)(19,17)(7,17)(7,21)(0,21)
Polygon:
(0,0)(13,0)(13,10)(7,10)(7,15)(0,15)
Polygon:
(0,0)(12,0)(12,1)(2,1)(2,8)(0,8)
Polygon:
(0,0)(9,0)(9,2)(3,2)(3,20)(0,20)
Polygon:
(0,0)(14,0)(14,10)(4,10)(4,26)(0,26)
Polygon:
(0,0)(23,0)(23,1)(16,1)(16,13)(0,13)
Polygon:
(0,0)(14,0)(14,15)(2,15)(2,24)(0,24)
Polygon:
(0,0)(23,0)(23,18)(14,18)(14,28)(0,28)
Polygon:
(0,0)(18,0)(18,5)(15,5)(15,22)(0,22)
Polygon:
(0,0)(22,0)(22,13)(13,13)(13,21)(0,21)
Polygon:
(0,0)(14,0)(14,2)(8,2)(8,8)(0,8)
Polygon:
(0,0)(20,0)(20,5)(16,5)(16,7)(0,7)
Polygon:
(0,0)(35,0)(35,18)(18,18)(18,22)(0,22)
Polygon:
(0,0)(19,0)(19,16)(8,16)(8,18)(0,18)
Polygon:
(0,0)(22,0)(22,6)(9,6)(9,14)(0,14)
Polygon:
(0,0)(8,0)(8,7)(1,7)(1,12)(0,12)
Polygon:
(0,0)(31,0)(31,7)(17,7)(17,9)(0,9)
Polygon:
(0,0)(23,0)(23,18)(14,18)(14,27)(0,27)
Polygon:
(0,0)(30,0)(30,5)(17,5)(17,19)(0,19)
Polygon:
(0,0)(26,0)(26,1)(9,1)(9,11)(0,11)
Polygon:
(0,0)(15,0)(15,11)(2,11)(2,16)(0,16)
Polygon:
(0,0)(22,0)(22,5)(9,5)(9,17)(0,17)
Polygon:
(0,0)(8,0)(8,8)(4,8)(4,19)(0,19)
Polygon:
(0,0)(10,0)(10,11)(4,11)(4,28)(0,28)
Polygon:
(0,0)(15,0)(15,15)(10,15)(10,22)(0,22)
Polygon:
(0,0)(19,0)(19,13)(12,13)(12,21)(0,21)
Polygon:
(0,0)(27,0)(27,14)(12,14)(12,21)(0,21)
Polygon:
(0,0)(24,0)(24,10)(18,10)(18,11)(0,11)
Polygon:
(0,0)(29,0)(29,3)(15,3)(15,6)(0,6)
Polygon:
(0,0)(23,0)(23,10)(13,10)(13,20)(0,20)
Polygon:
(0,0)(10,0)(10,10)(1,10)(1,16)(0,16)
Polygon:
(0,0)(25,0)(25,14)(13,14)(13,30)(0,30)
Polygon:
(0,0)(18,0)(18,13)(11,13)(11,31)(0,31)
Polygon:
(0,0)(2,0)(2,7)(1,7)(1,14)(0,14)
Polygon:
(0,0)(18,0)(18,2)(1,2)(1,14)(0,14)
Polygon:
(0,0)(13,0)(13,1)(12,1)(12,9)(0,9)
Polygon:
(0,0)(30,0)(30,13)(15,13)(15,23)(0,23)
Polygon:
(0,0)(31,0)(31,9)(17,9)(17,25)(0,25)
Polygon:
(0,0)(33,0)(33,10)(18,10)(18,17)(0,17)
Polygon:
(0,0)(24,0)(24,5)(6,5)(6,21)(0,21)
Polygon:
(0,0)(20,0)(20,15)(3,15)(3,30)(0,30)
Polygon:
(0,0)(32,0)(32,3)(17,3)(17,14)(0,14)
Polygon:
(0,0)(18,0)(18,4)(11,4)(11,22)(0,22)
Polygon:
(0,0)(11,0)(11,7)(6,7)(6,20)(0,20)
Polygon:
(0,0)(21,0)(21,5)(15,5)(15,23)(0,23)
Polygon:
(0,0)(10,0)(10,4)(9,4)(9,17)(0,17)
Polygon:
(0,0)(19,0)(19,6)(2,6)(2,23)(0,23)
Polygon:
(0,0)(6,0)(6,13)(4,13)(4,16)(0,16)
Polygon:
(0,0)(21,0)(21,12)(5,12)(5,14)(0,14)
Polygon:
(0,0)(22,0)(22,2)(14,2)(14,4)(0,4)
Polygon:
(0,0)(16,0)(16,18)(12,18)(12,30)(0,30)
Polygon:
(0,0)(22,0)(22,8)(15,8)(15,22)(0,22)
Polygon:
(0,0)(20,0)(20,17)(10,17)(10,30)(0,30)
Polygon:
(0,0)(28,0)(28,18)(17,18)(17,30)(0,30)
Polygon:
(0,0)(21,0)(21,10)(14,10)(14,15)(0,15)
Polygon:
(0,0)(20,0)(20,17)(2,17)(2,18)(0,18)
Polygon:
(0,0)(16,0)(16,3)(15,3)(15,21)(0,21)
Polygon:
(0,0)(31,0)(31,11)(14,11)(14,21)(0,21)
Polygon:
(0,0)(11,0)(11,6)(3,6)(3,7)(0,7)
Polygon:
(0,0)(25,0)(25,11)(12,11)(12,18)(0,18)
Polygon:
(0,0)(20,0)(20,14)(2,14)(2,17)(0,17)
Polygon:
(0,0)(2,0)(2,14)(1,14)(1,31)(0,31)
Polygon:
(0,0)(16,0)(16,14)(12,14)(12,22)(0,22)
Polygon:
(0,0)(17,0)(17,6)(4,6)(4,17)(0,17)
Polygon:
(0,0)(24,0)(24,3)(12,3)(12,5)(0,5)
Polygon:
(0,0)(21,0)(21,7)(7,7)(7,21)(0,21)
Polygon:
(0,0)(32,0)(32,3)(16,3)(16,9)(0,9)
Polygon:
(0,0)(15,0)(15,1)(8,1)(8,6)(0,6)
Polygon:
(0,0)(21,0)(21,8)(6,8)(6,10)(0,10)
Polygon:
(0,0)(17,0)(17,18)(2,18)(2,31)(0,31)
Polygon:
(0,0)(28,0)(28,6)(13,6)(13,23)(0,23)
Polygon:
(0,0)(28,0)(28,4)(15,4)(15,12)(0,12)
Polygon:
(0,0)(30,0)(30,10)(16,10)(16,12)(0,12)
Polygon:
(0,0)(19,0)(19,2)(4,2)(4,17)(0,17)
Polygon:
(0,0)(13,0)(13,12)(10,12)(10,30)(0,30)
Polygon:
(0,0)(17,0)(17,8)(10,8)(10,17)(0,17)
Polygon:
(0,0)(21,0)(21,17)(15,17)(15,21)(0,21)
Polygon:
(0,0)(23,0)(23,17)(5,17)(5,29)(0,29)
Polygon:
(0,0)(25,0)(25,4)(11,4)(11,22)(0,22)
Polygon:
(0,0)(10,0)(10,17)(4,17)(4,27)(0,27)
Polygon:
(0,0)(17,0)(17,1)(2,1)(2,12)(0,12)
Polygon:
(0,0)(18,0)(18,11)(16,11)(16,26)(0,26)
Polygon:
(0,0)(18,0)(18,16)(12,16)(12,30)(0,30)
Polygon:
(0,0)(11,0)(11,17)(3,17)(3,19)(0,19)
Polygon:
(0,0)(20,0)(20,14)(4,14)(4,26)(0,26)
Polygon:
(0,0)(15,0)(15,1)(2,1)(2,11)(0,11)
Polygon:
(0,0)(4,0)(4,10)(3,10)(3,16)(0,16)
Polygon:
(0,0)(19,0)(19,4)(2,4)(2,18)(0,18)
Polygon:
(0,0)(18,0)(18,8)(3,8)(3,26)(0,26)
Polygon:
(0,0)(5,0)(5,8)(3,8)(3,17)(0,17)
Polygon:
(0,0)(19,0)(19,17)(16,17)(16,35)(0,35)
Polygon:
(0,0)(10,0)(10,7)(3,7)(3,11)(0,11)
Polygon:
(0,0)(22,0)(22,5)(15,5)(15,23)(0,23)
Polygon:
(0,0)(23,0)(23,16)(18,16)(18,31)(0,31)
Polygon:
(0,0)(7,0)(7,1)(1,1)(1,2)(0,2)
Polygon:
(0,0)(14,0)(14,17)(12,17)(12,27)(0,27)
Polygon:
(0,0)(18,0)(18,3)(7,3)(7,10)(0,10)
Polygon:
(0,0)(9,0)(9,17)(8,17)(8,32)(0,32)
Polygon:
(0,0)(23,0)(23,8)(8,8)(8,16)(0,16)
Polygon:
(0,0)(13,0)(13,6)(5,6)(5,24)(0,24)
Polygon:
(0,0)(28,0)(28,6)(18,6)(18,11)(0,11)
Polygon:
(0,0)(25,0)(25,6)(15,6)(15,10)(0,10)
Polygon:
(0,0)(23,0)(23,6)(13,6)(13,9)(0,9)
Polygon:
(0,0)(20,0)(20,4)(13,4)(13,9)(0,9)
Polygon:
(0,0)(11,0)(11,10)(2,10)(2,16)(0,16)
Polygon:
(0,0)(7,0)(7,2)(5,2)(5,3)(0,3)
Polygon:
(0,0)(31,0)(31,12)(17,12)(17,28)(0,28)
Polygon:
(0,0)(18,0)(18,4)(5,4)(5,15)(0,15)
Polygon:
(0,0)(12,0)(12,15)(6,15)(6,18)(0,18)
Polygon:
(0,0)(27,0)(27,1)(9,1)(9,13)(0,13)
Polygon:
(0,0)(22,0)(22,15)(17,15)(17,33)(0,33)
Polygon:
(0,0)(34,0)(34,17)(18,17)(18,26)(0,26)
Polygon:
(0,0)(23,0)(23,2)(5,2)(5,8)(0,8)
Polygon:
(0,0)(28,0)(28,8)(18,8)(18,22)(0,22)
Polygon:
(0,0)(8,0)(8,15)(6,15)(6,31)(0,31)
Polygon:
(0,0)(29,0)(29,6)(16,6)(16,21)(0,21)
Polygon:
(0,0)(16,0)(16,2)(5,2)(5,20)(0,20)
Polygon:
(0,0)(21,0)(21,7)(18,7)(18,16)(0,16)
Polygon:
(0,0)(14,0)(14,6)(4,6)(4,16)(0,16)
Polygon:
(0,0)(28,0)(28,13)(10,13)(10,31)(0,31)
Polygon:
(0,0)(14,0)(14,13)(6,13)(6,30)(0,30)
Polygon:
(0,0)(11,0)(11,11)(6,11)(6,17)(0,17)
Polygon:
(0,0)(15,0)(15,9)(7,9)(7,14)(0,14)
Polygon:
(0,0)(22,0)(22,7)(5,7)(5,19)(0,19)
Polygon:
(0,0)(21,0)(21,5)(4,5)(4,17)(0,17)
Polygon:
(0,0)(27,0)(27,17)(11,17)(11,19)(0,19)
Polygon:
(0,0)(21,0)(21,11)(6,11)(6,28)(0,28)
Polygon:
(0,0)(28,0)(28,3)(16,3)(16,16)(0,16)
Polygon:
(0,0)(24,0)(24,3)(12,3)(12,20)(0,20)
Polygon:
(0,0)(17,0)(17,4)(5,4)(5,6)(0,6)
Polygon:
(0,0)(33,0)(33,16)(16,16)(16,30)(0,30)
Polygon:
(0,0)(28,0)(28,9)(16,9)(16,15)(0,15)
Polygon:
(0,0)(19,0)(19,14)(14,14)(14,30)(0,30)
Polygon:
(0,0)(32,0)(32,7)(17,7)(17,14)(0,14)
Polygon:
(0,0)(10,0)(10,15)(3,15)(3,21)(0,21)
Polygon:
(0,0)(23,0)(23,17)(10,17)(10,19)(0,19)
Polygon:
(0,0)(12,0)(12,1)(2,1)(2,2)(0,2)
Polygon:
(0,0)(22,0)(22,10)(16,10)(16,14)(0,14)
Polygon:
(0,0)(33,0)(33,7)(15,7)(15,12)(0,12)
Polygon:
(0,0)(23,0)(23,16)(13,16)(13,24)(0,24)
Polygon:
(0,0)(33,0)(33,9)(16,9)(16,19)(0,19)
Polygon:
(0,0)(25,0)(25,13)(15,13)(15,21)(0,21)
Polygon:
(0,0)(12,0)(12,13)(2,13)(2,29)(0,29)
Polygon:
(0,0)(18,0)(18,4)(9,4)(9,18)(0,18)
Polygon:
(0,0)(12,0)(12,7)(11,7)(11,10)(0,10)
Polygon:
(0,0)(26,0)(26,15)(11,15)(11,25)(0,25)
Polygon:
(0,0)(28,0)(28,16)(15,16)(15,31)(0,31)
Polygon:
(0,0)(22,0)(22,4)(14,4)(14,11)(0,11)
Polygon:
(0,0)(16,0)(16,15)(8,15)(8,26)(0,26)
Polygon:
(0,0)(10,0)(10,17)(2,17)(2,33)(0,33)
Polygon:
(0,0)(24,0)(24,3)(6,3)(6,9)(0,9)
Polygon:
(0,0)(15,0)(15,15)(4,15)(4,33)(0,33)
Polygon:
(0,0)(28,0)(28,7)(17,7)(17,13)(0,13)
Polygon:
(0,0)(15,0)(15,4)(7,4)(7,17)(0,17)
Polygon:
(0,0)(19,0)(19,17)(10,17)(10,21)(0,21)
Polygon:
(0,0)(20,0)(20,8)(7,8)(7,11)(0,11)
Polygon:
(0,0)(18,0)(18,13)(10,13)(10,31)(0,31)
Polygon:
(0,0)(18,0)(18,4)(7,4)(7,17)(0,17)
Polygon:
(0,0)(17,0)(17,10)(7,10)(7,22)(0,22)
Polygon:
(0,0)(13,0)(13,14)(9,14)(9,17)(0,17)
Polygon:
(0,0)(21,0)(21,11)(14,11)(14,20)(0,20)
Polygon:
(0,0)(34,0)(34,14)(16,14)(16,26)(0,26)
Polygon:
(0,0)(16,0)(16,18)(10,18)(10,24)(0,24)
Polygon:
(0,0)(17,0)(17,10)(3,10)(3,25)(0,25)
Polygon:
(0,0)(15,0)(15,9)(11,9)(11,14)(0,14)
Polygon:
(0,0)(19,0)(19,4)(7,4)(7,14)(0,14)
Polygon:
(0,0)(11,0)(11,6)(7,6)(7,12)(0,12)
Polygon:
(0,0)(22,0)(22,3)(16,3)(16,14)(0,14)
Polygon:
(0,0)(13,0)(13,18)(11,18)(11,36)(0,36)
Polygon:
(0,0)(23,0)(23,17)(13,17)(13,19)(0,19)
Polygon:
(0,0)(30,0)(30,9)(15,9)(15,25)(0,25)
Polygon:
(0,0)(27,0)(27,1)(10,1)(10,9)(0,9)
Polygon:
(0,0)(25,0)(25,2)(15,2)(15,12)(0,12)
Polygon:
(0,0)(15,0)(15,8)(6,8)(6,14)(0,14)
Polygon:
(0,0)(18,0)(18,14)(13,14)(13,26)(0,26)
Polygon:
(0,0)(25,0)(25,17)(12,17)(12,33)(0,33)
Polygon:
(0,0)(5,0)(5,14)(2,14)(2,17)(0,17)
Polygon:
(0,0)(34,0)(34,15)(17,15)(17,29)(0,29)
Polygon:
(0,0)(16,0)(16,1)(9,1)(9,13)(0,13)
Polygon:
(0,0)(31,0)(31,14)(15,14)(15,30)(0,30)
Polygon:
(0,0)(35,0)(35,17)(17,17)(17,27)(0,27)
Polygon:
(0,0)(16,0)(16,2)(5,2)(5,12)(0,12)
Polygon:
(0,0)(15,0)(15,11)(4,11)(4,28)(0,28)
Polygon:
(0,0)(17,0)(17,14)(2,14)(2,20)(0,20)
Polygon:
(0,0)(24,0)(24,6)(15,6)(15,7)(0,7)
Polygon:
(0,0)(5,0)(5,6)(1,6)(1,12)(0,12)
Polygon:
(0,0)(21,0)(21,4)(4,4)(4,21)(0,21)
Polygon:
(0,0)(22,0)(22,16)(18,16)(18,26)(0,26)
Polygon:
(0,0)(17,0)(17,15)(15,15)(15,16)(0,16)
Polygon:
(0,0)(15,0)(15,17)(14,17)(14,24)(0,24)
Polygon:
(0,0)(32,0)(32,1)(14,1)(14,19)(0,19)
Polygon:
(0,0)(19,0)(19,12)(16,12)(16,16)(0,16)
Polygon:
(0,0)(20,0)(20,5)(9,5)(9,12)(0,12)
Polygon:
(0,0)(31,0)(31,7)(15,7)(15,16)(0,16)
Polygon:
(0,0)(7,0)(7,9)(4,9)(4,21)(0,21)
Polygon:
(0,0)(18,0)(18,1)(12,1)(12,8)(0,8)
Polygon:
(0,0)(24,0)(24,2)(18,2)(18,10)(0,10)
Polygon:
(0,0)(11,0)(11,16)(9,16)(9,19)(0,19)
Polygon:
(0,0)(9,0)(9,11)(8,11)(8,22)(0,22)
Polygon:
(0,0)(13,0)(13,6)(3,6)(3,8)(0,8)
Polygon:
(0,0)(20,0)(20,8)(11,8)(11,15)(0,15)
Polygon:
(0,0)(22,0)(22,11)(12,11)(12,18)(0,18)
Polygon:
(0,0)(30,0)(30,1)(12,1)(12,9)(0,9)
Polygon:
(0,0)(21,0)(21,6)(9,6)(9,10)(0,10)
Polygon:
(0,0)(12,0)(12,13)(10,13)(10,31)(0,31)
Polygon:
(0,0)(32,0)(32,11)(17,11)(17,18)(0,18)
Polygon:
(0,0)(19,0)(19,16)(7,16)(7,26)(0,26)
Polygon:
(0,0)(26,0)(26,18)(13,18)(13,25)(0,25)
Polygon:
(0,0)(16,0)(16,11)(10,11)(10,29)(0,29)
Polygon:
(0,0)(29,0)(29,2)(13,2)(13,17)(0,17)
Polygon:
(0,0)(19,0)(19,17)(17,17)(17,26)(0,26)
Polygon:
(0,0)(22,0)(22,16)(4,16)(4,20)(0,20)
Polygon:
(0,0)(25,0)(25,10)(7,10)(7,20)(0,20)
Polygon:
(0,0)(8,0)(8,18)(5,18)(5,31)(0,31)
Polygon:
(0,0)(19,0)(19,13)(1,13)(1,26)(0,26)
Polygon:
(0,0)(10,0)(10,5)(2,5)(2,7)(0,7)
Polygon:
(0,0)(33,0)(33,6)(17,6)(17,8)(0,8)
Polygon:
(0,0)(10,0)(10,18)(3,18)(3,31)(0,31)
Polygon:
(0,0)(31,0)(31,6)(15,6)(15,21)(0,21)
Polygon:
(0,0)(14,0)(14,7)(12,7)(12,9)(0,9)
Polygon:
(0,0)(22,0)(22,5)(17,5)(17,18)(0,18)
Polygon:
(0,0)(16,0)(16,10)(8,10)(8,26)(0,26)
Polygon:
(0,0)(22,0)(22,1)(17,1)(17,10)(0,10)
Polygon:
(0,0)(16,0)(16,1)(9,1)(9,9)(0,9)
Polygon:
(0,0)(19,0)(19,17)(2,17)(2,29)(0,29)
Polygon:
(0,0)(13,0)(13,16)(3,16)(3,28)(0,28)
Polygon:
(0,0)(16,0)(16,1)(6,1)(6,9)(0,9)
Polygon:
(0,0)(13,0)(13,7)(4,7)(4,9)(0,9)
Polygon:
(0,0)(19,0)(19,5)(8,5)(8,18)(0,18)
Polygon:
(0,0)(10,0)(10,3)(3,3)(3,18)(0,18)
Polygon:
(0,0)(18,0)(18,8)(5,8)(5,11)(0,11)
Polygon:
(0,0)(6,0)(6,15)(1,15)(1,20)(0,20)
Polygon:
(0,0)(22,0)(22,18)(14,18)(14,22)(0,22)
Polygon:
(0,0)(22,0)(22,9)(18,9)(18,17)(0,17)
Polygon:
(0,0)(5,0)(5,4)(3,4)(3,18)(0,18)
Polygon:
(0,0)(15,0)(15,6)(2,6)(2,9)(0,9)
Polygon:
(0,0)(23,0)(23,11)(5,11)(5,18)(0,18)
Polygon:
(0,0)(16,0)(16,13)(4,13)(4,25)(0,25)
Polygon:
(0,0)(17,0)(17,1)(7,1)(7,15)(0,15)
Polygon:
(0,0)(15,0)(15,7)(8,7)(8,9)(0,9)
Polygon:
(0,0)(22,0)(22,18)(11,18)(11,24)(0,24)
Polygon:
(0,0)(8,0)(8,16)(1,16)(1,31)(0,31)
Polygon:
(0,0)(28,0)(28,17)(13,17)(13,34)(0,34)
Polygon:
(0,0)(12,0)(12,16)(3,16)(3,34)(0,34)
Polygon:
(0,0)(19,0)(19,1)(11,1)(11,11)(0,11)
Polygon:
(0,0)(25,0)(25,16)(10,16)(10,30)(0,30)
Polygon:
(0,0)(14,0)(14,17)(10,17)(10,18)(0,18)
Polygon:
(0,0)(31,0)(31,5)(14,5)(14,10)(0,10)
Polygon:
(0,0)(17,0)(17,15)(6,15)(6,32)(0,32)
Polygon:
(0,0)(34,0)(34,9)(18,9)(18,25)(0,25)
Polygon:
(0,0)(16,0)(16,8)(3,8)(3,9)(0,9)
Polygon:
(0,0)(20,0)(20,1)(10,1)(10,13)(0,13)
Polygon:
(0,0)(9,0)(9,18)(2,18)(2,26)(0,26)
Polygon:
(0,0)(11,0)(11,5)(5,5)(5,7)(0,7)
Polygon:
(0,0)(22,0)(22,13)(18,13)(18,25)(0,25)
Polygon:
(0,0)(31,0)(31,4)(16,4)(16,21)(0,21)
Polygon:
(0,0)(5,0)(5,12)(1,12)(1,25)(0,25)
Polygon:
(0,0)(7,0)(7,4)(3,4)(3,7)(0,7)
Polygon:
(0,0)(14,0)(14,17)(8,17)(8,30)(0,30)
Polygon:
(0,0)(10,0)(10,14)(1,14)(1,26)(0,26)
Polygon:
(0,0)(21,0)(21,13)(17,13)(17,14)(0,14)
Polygon:
(0,0)(27,0)(27,8)(16,8)(16,17)(0,17)
Polygon:
(0,0)(15,0)(15,17)(1,17)(1,26)(0,26)
Polygon:
(0,0)(19,0)(19,11)(8,11)(8,19)(0,19)
Polygon:
(0,0)(10,0)(10,15)(5,15)(5,25)(0,25)
Polygon:
(0,0)(31,0)(31,3)(14,3)(14,4)(0,4)
Polygon:
(0,0)(16,0)(16,3)(7,3)(7,7)(0,7)
Polygon:
(0,0)(25,0)(25,11)(11,11)(11,23)(0,23)
Polygon:
(0,0)(11,0)(11,1)(3,1)(3,14)(0,14)
Polygon:
(0,0)(15,0)(15,10)(9,10)(9,13)(0,13)
Polygon:
(0,0)(21,0)(21,17)(10,17)(10,29)(0,29)
Polygon:
(0,0)(13,0)(13,13)(4,13)(4,14)(0,14)
Polygon:
(0,0)(31,0)(31,3)(15,3)(15,6)(0,6)
Polygon:
(0,0)(3,0)(3,10)(1,10)(1,17)(0,17)
Polygon:
(0,0)(20,0)(20,1)(17,1)(17,11)(0,11)
Polygon:
(0,0)(9,0)(9,2)(6,2)(6,16)(0,16)
Polygon:
(0,0)(29,0)(29,12)(14,12)(14,17)(0,17)
Polygon:
(0,0)(13,0)(13,13)(5,13)(5,19)(0,19)
Polygon:
(0,0)(24,0)(24,6)(12,6)(12,19)(0,19)
Polygon:
(0,0)(31,0)(31,3)(15,3)(15,14)(0,14)
Polygon:
(0,0)(8,0)(8,3)(2,3)(2,13)(0,13)
Polygon:
(0,0)(20,0)(20,17)(7,17)(7,27)(0,27)
Polygon:
(0,0)(10,0)(10,18)(7,18)(7,31)(0,31)
Polygon:
(0,0)(15,0)(15,14)(5,14)(5,32)(0,32)
Polygon:
(0,0)(13,0)(13,14)(6,14)(6,32)(0,32)
Polygon:
(0,0)(7,0)(7,5)(4,5)(4,9)(0,9)
Polygon:
(0,0)(24,0)(24,11)(8,11)(8,14)(0,14)
Polygon:
(0,0)(16,0)(16,18)(1,18)(1,23)(0,23)
Polygon:
(0,0)(17,0)(17,5)(1,5)(1,8)(0,8)
Polygon:
(0,0)(6,0)(6,14)(4,14)(4,25)(0,25)
Polygon:
(0,0)(28,0)(28,1)(11,1)(11,2)(0,2)
Polygon:
(0,0)(5,0)(5,15)(4,15)(4,17)(0,17)
Polygon:
(0,0)(15,0)(15,13)(6,13)(6,24)(0,24)
Polygon:
(0,0)(18,0)(18,5)(5,5)(5,15)(0,15)
Polygon:
(0,0)(18,0)(18,8)(10,8)(10,17)(0,17)
Polygon:
(0,0)(13,0)(13,11)(7,11)(7,29)(0,29)
Polygon:
(0,0)(22,0)(22,3)(6,3)(6,20)(0,20)
Polygon:
(0,0)(20,0)(20,15)(15,15)(15,26)(0,26)
Polygon:
(0,0)(18,0)(18,4)(7,4)(7,15)(0,15)
Polygon:
(0,0)(23,0)(23,1)(10,1)(10,15)(0,15)
Polygon:
(0,0)(15,0)(15,11)(9,11)(9,22)(0,22)
Polygon:
(0,0)(13,0)(13,13)(5,13)(5,22)(0,22)
Polygon:
(0,0)(29,0)(29,6)(15,6)(15,20)(0,20)
Polygon:
(0,0)(19,0)(19,14)(17,14)(17,30)(0,30)
Polygon:
(0,0)(20,0)(20,14)(17,14)(17,26)(0,26)
Polygon:
(0,0)(19,0)(19,18)(13,18)(13,22)(0,22)
Polygon:
(0,0)(24,0)(24,5)(14,5)(14,14)(0,14)
Polygon:
(0,0)(17,0)(17,3)(13,3)(13,18)(0,18)
Polygon:
(0,0)(22,0)(22,4)(17,4)(17,22)(0,22)
Polygon:
(0,0)(16,0)(16,11)(3,11)(3,23)(0,23)
Polygon:
(0,0)(11,0)(11,2)(9,2)(9,19)(0,19)
Polygon:
(0,0)(24,0)(24,4)(12,4)(12,15)(0,15)
Polygon:
(0,0)(4,0)(4,16)(2,16)(2,27)(0,27)
Polygon:
(0,0)(30,0)(30,13)(14,13)(14,31)(0,31)
Polygon:
(0,0)(18,0)(18,6)(17,6)(17,16)(0,16)
Polygon:
(0,0)(33,0)(33,4)(16,4)(16,17)(0,17)
Polygon:
(0,0)(29,0)(29,10)(18,10)(18,16)(0,16)
Polygon:
(0,0)(7,0)(7,2)(2,2)(2,11)(0,11)
Polygon:
(0,0)(12,0)(12,14)(10,14)(10,30)(0,30)
Polygon:
(0,0)(6,0)(6,3)(5,3)(5,19)(0,19)
Polygon:
(0,0)(12,0)(12,2)(8,2)(8,15)(0,15)
Polygon:
(0,0)(24,0)(24,10)(16,10)(16,13)(0,13)
Polygon:
(0,0)(18,0)(18,18)(16,18)(16,31)(0,31)
Polygon:
(0,0)(17,0)(17,9)(7,9)(7,11)(0,11)
Polygon:
(0,0)(9,0)(9,1)(5,1)(5,5)(0,5)
Polygon:
(0,0)(9,0)(9,3)(3,3)(3,16)(0,16)
Polygon:
(0,0)(18,0)(18,3)(5,3)(5,20)(0,20)
Polygon:
(0,0)(6,0)(6,6)(5,6)(5,23)(0,23)
Polygon:
(0,0)(26,0)(26,10)(16,10)(16,14)(0,14)
Polygon:
(0,0)(10,0)(10,6)(0,6)
Polygon:
(0,0)(34,0)(34,4)(25,4)(25,20)(13,20)(13,8)(0,8)
Polygon:
(0,0)(27,0)(27,11)(17,11)(17,1)(8,1)(8,13)(0,13)
Polygon:
(0,0)(10,0)(10,5)(0,5)
Polygon:
(0,0)(29,0)(29,18)(20,18)(20,9)(16,9)(16,14)(0,14)
Polygon:
(0,0)(5,0)(5,7)(0,7)
Polygon:
(0,0)(12,0)(12,16)(0,16)
Polygon:
(0,0)(11,0)(11,4)(0,4)
Polygon:
(0,0)(24,0)(24,17)(18,17)(18,12)(7,12)(7,16)(0,16)
Polygon:
(0,0)(10,0)(10,2)(0,2)
Polygon:
(0,0)(1,0)(1,17)(0,17)
Polygon:
(0,0)(14,0)(14,6)(0,6)
Polygon:
(0,0)(23,0)(23,9)(13,9)(13,18)(2,18)(2,5)(0,5)
Polygon:
(0,0)(3,0)(3,14)(0,14)
Polygon:
(0,0)(32,0)(32,15)(18,15)(18,2)(14,2)(14,7)(0,7)
Polygon:
(0,0)(14,0)(14,12)(0,12)
Polygon:
(0,0)(10,0)(10,5)(0,5)
Polygon:
(0,0)(17,0)(17,2)(0,2)
Polygon:
(0,0)(8,0)(8,14)(0,14)
Polygon:
(0,0)(17,0)(17,7)(0,7)
Polygon:
(0,0)(18,0)(18,7)(16,7)(16,16)(11,16)(11,11)(0,11)
Polygon:
(0,0)(14,0)(14,4)(0,4)
Polygon:
(0,0)(6,0)(6,17)(0,17)
Polygon:
(0,0)(31,0)(31,17)(18,17)(18,16)(13,16)(13,18)(0,18)
Polygon:
(0,0)(14,0)(14,13)(0,13)
Polygon:
(0,0)(7,0)(7,16)(0,16)
Polygon:
(0,0)(7,0)(7,12)(0,12)
Polygon:
(0,0)(5,0)(5,10)(0,10)
Polygon:
(0,0)(8,0)(8,4)(0,4)
Polygon:
(0,0)(10,0)(10,3)(0,3)
Polygon:
(0,0)(29,0)(29,22)(19,22)(19,6)(13,6)(13,11)(0,11)
Polygon:
(0,0)(37,0)(37,18)(20,18)(20,26)(15,26)(15,15)(0,15)
Polygon:
(0,0)(5,0)(5,2)(0,2)
Polygon:
(0,0)(18,0)(18,10)(15,10)(15,21)(8,21)(8,17)(0,17)
Polygon:
(0,0)(16,0)(16,16)(0,16)
Polygon:
(0,0)(43,0)(43,4)(30,4)(30,17)(12,17)(12,16)(0,16)
Polygon:
(0,0)(40,0)(40,20)(28,20)(28,32)(11,32)(11,16)(0,16)
Polygon:
(0,0)(6,0)(6,17)(0,17)
Polygon:
(0,0)(24,0)(24,15)(20,15)(20,16)(16,16)(16,2)(0,2)
Polygon:
(0,0)(26,0)(26,20)(24,20)(24,34)(12,34)(12,16)(0,16)
Polygon:
(0,0)(2,0)(2,10)(0,10)
Polygon:
(0,0)(18,0)(18,8)(0,8)
Polygon:
(0,0)(6,0)(6,6)(0,6)
Polygon:
(0,0)(5,0)(5,8)(0,8)
Polygon:
(0,0)(22,0)(22,21)(13,21)(13,22)(9,22)(9,9)(0,9)
Polygon:
(0,0)(36,0)(36,24)(28,24)(28,30)(11,30)(11,12)(0,12)
Polygon:
(0,0)(13,0)(13,5)(0,5)
Polygon:
(0,0)(29,0)(29,23)(23,23)(23,6)(15,6)(15,10)(0,10)
Polygon:
(0,0)(2,0)(2,6)(0,6)
Polygon:
(0,0)(33,0)(33,18)(15,18)(15,23)(7,23)(7,11)(0,11)
Polygon:
(0,0)(20,0)(20,10)(19,10)(19,1)(5,1)(5,9)(0,9)
Polygon:
(0,0)(15,0)(15,6)(0,6)
Polygon:
(0,0)(20,0)(20,9)(5,9)(5,11)(2,11)(2,2)(0,2)
Polygon:
(0,0)(36,0)(36,18)(21,18)(21,3)(3,3)(3,14)(0,14)
Polygon:
(0,0)(2,0)(2,14)(0,14)
Polygon:
(0,0)(22,0)(22,5)(14,5)(14,13)(10,13)(10,7)(0,7)
Polygon:
(0,0)(9,0)(9,2)(0,2)
Polygon:
(0,0)(4,0)(4,2)(0,2)
Polygon:
(0,0)(10,0)(10,15)(0,15)
Polygon:
(0,0)(11,0)(11,5)(0,5)
Polygon:
(0,0)(17,0)(17,6)(0,6)
Polygon:
(0,0)(5,0)(5,14)(0,14)
Polygon:
(0,0)(28,0)(28,6)(19,6)(19,18)(1,18)(1,4)(0,4)
Polygon:
(0,0)(11,0)(11,18)(0,18)
Polygon:
(0,0)(13,0)(13,16)(0,16)
Polygon:
(0,0)(2,0)(2,6)(0,6)
Polygon:
(0,0)(16,0)(16,5)(0,5)
Polygon:
(0,0)(1,0)(1,13)(0,13)
Polygon:
(0,0)(12,0)(12,13)(0,13)
Polygon:
(0,0)(29,0)(29,17)(23,17)(23,22)(5,22)(5,16)(0,16)
Polygon:
(0,0)(12,0)(12,9)(9,9)(9,5)(3,5)(3,22)(0,22)
Polygon:
(0,0)(13,0)(13,27)(7,27)(7,30)(1,30)(1,13)(0,13)
Polygon:
(0,0)(3,0)(3,17)(0,17)
Polygon:
(0,0)(18,0)(18,20)(8,20)(8,9)(2,9)(2,14)(0,14)
Polygon:
(0,0)(16,0)(16,18)(0,18)
Polygon:
(0,0)(17,0)(17,12)(0,12)
Polygon:
(0,0)(37,0)(37,3)(23,3)(23,5)(18,5)(18,2)(0,2)
Polygon:
(0,0)(8,0)(8,5)(0,5)
Polygon:
(0,0)(33,0)(33,16)(30,16)(30,18)(12,18)(12,14)(0,14)
Polygon:
(0,0)(16,0)(16,12)(0,12)
Polygon:
(0,0)(17,0)(17,8)(0,8)
Polygon:
(0,0)(21,0)(21,15)(10,15)(10,19)(3,19)(3,8)(0,8)
Polygon:
(0,0)(20,0)(20,17)(16,17)(16,34)(8,34)(8,17)(0,17)
Polygon:
(0,0)(36,0)(36,10)(25,10)(25,17)(16,17)(16,15)(0,15)
Polygon:
(0,0)(5,0)(5,7)(0,7)
Polygon:
(0,0)(12,0)(12,1)(0,1)
Polygon:
(0,0)(2,0)(2,11)(0,11)
Polygon:
(0,0)(9,0)(9,15)(0,15)
Polygon:
(0,0)(1,0)(1,6)(0,6)
Polygon:
(0,0)(27,0)(27,18)(20,18)(20,2)(15,2)(15,18)(0,18)
Polygon:
(0,0)(6,0)(6,9)(0,9)
Polygon:
(0,0)(6,0)(6,18)(0,18)
Polygon:
(0,0)(22,0)(22,6)(9,6)(9,24)(4,24)(4,15)(0,15)
Polygon:
(0,0)(37,0)(37,6)(26,6)(26,11)(16,11)(16,4)(0,4)
Polygon:
(0,0)(32,0)(32,15)(25,15)(25,31)(7,31)(7,13)(0,13)
Polygon:
(0,0)(11,0)(11,17)(0,17)
Polygon:
(0,0)(29,0)(29,18)(14,18)(14,2)(9,2)(9,9)(0,9)
Polygon:
(0,0)(13,0)(13,15)(0,15)
Polygon:
(0,0)(18,0)(18,13)(0,13)
Polygon:
(0,0)(1,0)(1,5)(0,5)
Polygon:
(0,0)(38,0)(38,16)(21,16)(21,31)(15,31)(15,18)(0,18)
Polygon:
(0,0)(16,0)(16,9)(0,9)
Polygon:
(0,0)(21,0)(21,1)(20,1)(20,17)(18,17)(18,9)(0,9)
Polygon:
(0,0)(27,0)(27,15)(9,15)(9,3)(3,3)(3,14)(0,14)
Polygon:
(0,0)(15,0)(15,6)(10,6)(10,15)(7,15)(7,7)(0,7)
Polygon:
(0,0)(30,0)(30,18)(21,18)(21,24)(5,24)(5,6)(0,6)
Polygon:
(0,0)(1,0)(1,11)(0,11)
Polygon:
(0,0)(22,0)(22,21)(14,21)(14,28)(10,28)(10,11)(0,11)
Polygon:
(0,0)(39,0)(39,16)(22,16)(22,4)(12,4)(12,9)(0,9)
Polygon:
(0,0)(27,0)(27,13)(18,13)(18,7)(14,7)(14,14)(0,14)
Polygon:
(0,0)(17,0)(17,3)(0,3)
Polygon:
(0,0)(21,0)(21,20)(20,20)(20,21)(12,21)(12,7)(0,7)
Polygon:
(0,0)(1,0)(1,18)(0,18)
Polygon:
(0,0)(8,0)(8,15)(0,15)
Polygon:
(0,0)(16,0)(16,9)(0,9)
Polygon:
(0,0)(17,0)(17,1)(16,1)(16,3)(1,3)(1,1)(0,1)
Polygon:
(0,0)(7,0)(7,15)(0,15)
Polygon:
(0,0)(5,0)(5,10)(0,10)
Polygon:
(0,0)(2,0)(2,5)(0,5)
Polygon:
(0,0)(14,0)(14,12)(0,12)
Polygon:
(0,0)(2,0)(2,6)(0,6)
Polygon:
(0,0)(15,0)(15,18)(0,18)
Polygon:
(0,0)(44,0)(44,17)(28,17)(28,34)(10,34)(10,17)(0,17)
Polygon:
(0,0)(35,0)(35,21)(22,21)(22,27)(18,27)(18,16)(0,16)
Polygon:
(0,0)(16,0)(16,9)(0,9)
Polygon:
(0,0)(11,0)(11,17)(0,17)
Polygon:
(0,0)(10,0)(10,2)(0,2)
Polygon:
(0,0)(24,0)(24,32)(20,32)(20,15)(16,15)(16,17)(0,17)
Polygon:
(0,0)(8,0)(8,4)(0,4)
Polygon:
(0,0)(44,0)(44,9)(28,9)(28,14)(13,14)(13,11)(0,11)
Polygon:
(0,0)(6,0)(6,6)(0,6)
Polygon:
(0,0)(19,0)(19,13)(10,13)(10,22)(5,22)(5,4)(0,4)
Polygon:
(0,0)(31,0)(31,19)(29,19)(29,26)(18,26)(18,9)(0,9)
Polygon:
(0,0)(38,0)(38,18)(27,18)(27,32)(18,32)(18,15)(0,15)
Polygon:
(0,0)(2,0)(2,1)(0,1)
Polygon:
(0,0)(18,0)(18,12)(0,12)
Polygon:
(0,0)(21,0)(21,12)(18,12)(18,24)(13,24)(13,16)(0,16)
Polygon:
(0,0)(24,0)(24,18)(11,18)(11,30)(5,30)(5,15)(0,15)
Polygon:
(0,0)(2,0)(2,9)(0,9)
Polygon:
(0,0)(47,0)(47,4)(31,4)(31,15)(16,15)(16,14)(0,14)
Polygon:
(0,0)(26,0)(26,14)(11,14)(11,6)(1,6)(1,16)(0,16)
Polygon:
(0,0)(8,0)(8,5)(0,5)
Polygon:
(0,0)(4,0)(4,18)(0,18)
Polygon:
(0,0)(26,0)(26,7)(14,7)(14,18)(12,18)(12,3)(0,3)
Polygon:
(0,0)(4,0)(4,12)(0,12)
Polygon:
(0,0)(21,0)(21,20)(16,20)(16,28)(8,28)(8,18)(0,18)
Polygon:
(0,0)(9,0)(9,3)(0,3)
Polygon:
(0,0)(16,0)(16,7)(0,7)
Polygon:
(0,0)(15,0)(15,6)(5,6)(5,23)(4,23)(4,7)(0,7)
Polygon:
(0,0)(2,0)(2,9)(0,9)
Polygon:
(0,0)(9,0)(9,2)(0,2)
Polygon:
(0,0)(18,0)(18,11)(0,11)
Polygon:
(0,0)(25,0)(25,9)(12,9)(12,13)(2,13)(2,5)(0,5)
Polygon:
(0,0)(15,0)(15,7)(0,7)
Polygon:
(0,0)(3,0)(3,15)(0,15)
Polygon:
(0,0)(33,0)(33,11)(31,11)(31,21)(18,21)(18,13)(0,13)
Polygon:
(0,0)(17,0)(17,11)(16,11)(16,25)(6,25)(6,8)(0,8)
Polygon:
(0,0)(3,0)(3,1)(0,1)
Polygon:
(0,0)(7,0)(7,6)(0,6)
Polygon:
(0,0)(13,0)(13,16)(0,16)
Polygon:
(0,0)(11,0)(11,15)(8,15)(8,17)(5,17)(5,14)(0,14)
Polygon:
(0,0)(8,0)(8,2)(0,2)
Polygon:
(0,0)(17,0)(17,13)(0,13)
Polygon:
(0,0)(5,0)(5,18)(0,18)
Polygon:
(0,0)(30,0)(30,12)(20,12)(20,9)(3,9)(3,12)(0,12)
Polygon:
(0,0)(29,0)(29,9)(24,9)(24,7)(18,7)(18,15)(0,15)
Polygon:
(0,0)(14,0)(14,14)(12,14)(12,28)(3,28)(3,13)(0,13)
Polygon:
(0,0)(34,0)(34,4)(31,4)(31,6)(14,6)(14,1)(0,1)
Polygon:
(0,0)(3,0)(3,8)(0,8)
Polygon:
(0,0)(22,0)(22,4)(19,4)(19,7)(10,7)(10,5)(0,5)
Polygon:
(0,0)(14,0)(14,6)(12,6)(12,17)(2,17)(2,2)(0,2)
Polygon:
(0,0)(11,0)(11,3)(0,3)
Polygon:
(0,0)(19,0)(19,18)(12,18)(12,5)(3,5)(3,11)(0,11)
Polygon:
(0,0)(7,0)(7,10)(0,10)
Polygon:
(0,0)(2,0)(2,18)(0,18)
Polygon:
(0,0)(29,0)(29,13)(23,13)(23,19)(16,19)(16,11)(0,11)
Polygon:
(0,0)(2,0)(2,6)(0,6)
Polygon:
(0,0)(13,0)(13,9)(0,9)
Polygon:
(0,0)(26,0)(26,20)(18,20)(18,23)(7,23)(7,17)(0,17)
Polygon:
(0,0)(7,0)(7,15)(0,15)
Polygon:
(0,0)(11,0)(11,4)(0,4)
Polygon:
(0,0)(27,0)(27,6)(20,6)(20,18)(4,18)(4,12)(0,12)
Polygon:
(0,0)(42,0)(42,5)(28,5)(28,4)(14,4)(14,15)(0,15)
Polygon:
(0,0)(44,0)(44,10)(29,10)(29,15)(18,15)(18,5)(0,5)
Polygon:
(0,0)(16,0)(16,5)(0,5)
Polygon:
(0,0)(35,0)(35,20)(33,20)(33,24)(17,24)(17,17)(0,17)
Polygon:
(0,0)(1,0)(1,15)(0,15)
Polygon:
(0,0)(39,0)(39,18)(25,18)(25,22)(12,22)(12,13)(0,13)
Polygon:
(0,0)(7,0)(7,3)(0,3)
Polygon:
(0,0)(26,0)(26,20)(10,20)(10,2)(9,2)(9,5)(0,5)
Polygon:
(0,0)(7,0)(7,1)(0,1)
Polygon:
(0,0)(13,0)(13,8)(0,8)
Polygon:
(0,0)(12,0)(12,10)(0,10)
Polygon:
(0,0)(11,0)(11,5)(0,5)
Polygon:
(0,0)(11,0)(11,22)(10,22)(10,23)(1,23)(1,15)(0,15)
Polygon:
(0,0)(17,0)(17,19)(9,19)(9,1)(7,1)(7,12)(0,12)
Polygon:
(0,0)(8,0)(8,3)(0,3)
Polygon:
(0,0)(30,0)(30,15)(20,15)(20,3)(5,3)(5,15)(0,15)
Polygon:
(0,0)(6,0)(6,2)(0,2)
Polygon:
(0,0)(19,0)(19,20)(15,20)(15,33)(12,33)(12,18)(0,18)
Polygon:
(0,0)(12,0)(12,14)(0,14)
Polygon:
(0,0)(39,0)(39,25)(27,25)(27,16)(10,16)(10,20)(0,20)
Polygon:
(0,0)(22,0)(22,14)(19,14)(19,8)(13,8)(13,17)(0,17)
Polygon:
(0,0)(30,0)(30,6)(17,6)(17,19)(3,19)(3,8)(0,8)
Polygon:
(0,0)(14,0)(14,1)(0,1)
Polygon:
(0,0)(43,0)(43,6)(29,6)(29,22)(11,22)(11,12)(0,12)
Polygon:
(0,0)(21,0)(21,15)(16,15)(16,3)(7,3)(7,16)(0,16)
Polygon:
(0,0)(16,0)(16,4)(0,4)
Polygon:
(0,0)(13,0)(13,11)(0,11)
Polygon:
(0,0)(36,0)(36,11)(24,11)(24,24)(8,24)(8,9)(0,9)
Polygon:
(0,0)(32,0)(32,9)(27,9)(27,19)(16,19)(16,2)(0,2)
Polygon:
(0,0)(38,0)(38,11)(29,11)(29,2)(18,2)(18,7)(0,7)
Polygon:
(0,0)(17,0)(17,3)(8,3)(8,19)(7,19)(7,11)(0,11)
Polygon:
(0,0)(10,0)(10,1)(0,1)
Polygon:
(0,0)(33,0)(33,18)(32,18)(32,6)(14,6)(14,7)(0,7)
Polygon:
(0,0)(10,0)(10,5)(0,5)
Polygon:
(0,0)(8,0)(8,18)(0,18)
Polygon:
(0,0)(32,0)(32,12)(14,12)(14,23)(12,23)(12,14)(0,14)
Polygon:
(0,0)(4,0)(4,7)(0,7)
Polygon:
(0,0)(5,0)(5,15)(0,15)
Polygon:
(0,0)(10,0)(10,3)(0,3)
Polygon:
(0,0)(34,0)(34,20)(19,20)(19,7)(15,7)(15,16)(0,16)
Polygon:
(0,0)(7,0)(7,4)(0,4)
Polygon:
(0,0)(7,0)(7,9)(0,9)
Polygon:
(0,0)(15,0)(15,13)(0,13)
Polygon:
(0,0)(19,0)(19,17)(17,17)(17,32)(3,32)(3,15)(0,15)
Polygon:
(0,0)(17,0)(17,17)(0,17)
Polygon:
(0,0)(5,0)(5,5)(0,5)
Polygon:
(0,0)(7,0)(7,6)(0,6)
Polygon:
(0,0)(34,0)(34,18)(30,18)(30,22)(15,22)(15,9)(0,9)
Polygon:
(0,0)(15,0)(15,11)(0,11)
Polygon:
(0,0)(15,0)(15,9)(0,9)
Polygon:
(0,0)(38,0)(38,9)(30,9)(30,3)(13,3)(13,13)(0,13)
Polygon:
(0,0)(35,0)(35,1)(21,1)(21,16)(16,16)(16,6)(0,6)
Polygon:
(0,0)(2,0)(2,4)(0,4)
Polygon:
(0,0)(26,0)(26,6)(18,6)(18,13)(10,13)(10,1)(0,1)
Polygon:
(0,0)(18,0)(18,3)(0,3)
Polygon:
(0,0)(19,0)(19,3)(16,3)(16,12)(12,12)(12,3)(0,3)
Polygon:
(0,0)(30,0)(30,14)(17,14)(17,4)(1,4)(1,18)(0,18)
Polygon:
(0,0)(20,0)(20,4)(18,4)(18,20)(8,20)(8,10)(0,10)
Polygon:
(0,0)(5,0)(5,11)(0,11)
Polygon:
(0,0)(26,0)(26,7)(19,7)(19,21)(11,21)(11,5)(0,5)
Polygon:
(0,0)(26,0)(26,16)(20,16)(20,19)(2,19)(2,17)(0,17)
Polygon:
(0,0)(10,0)(10,9)(0,9)
Polygon:
(0,0)(34,0)(34,11)(21,11)(21,14)(16,14)(16,3)(0,3)
Polygon:
(0,0)(2,0)(2,7)(0,7)
Polygon:
(0,0)(12,0)(12,2)(0,2)
Polygon:
(0,0)(28,0)(28,12)(19,12)(19,19)(8,19)(8,1)(0,1)
Polygon:
(0,0)(8,0)(8,1)(0,1)
Polygon:
(0,0)(14,0)(14,5)(0,5)
Polygon:
(0,0)(32,0)(32,6)(23,6)(23,17)(16,17)(16,15)(0,15)
Polygon:
(0,0)(1,0)(1,1)(0,1)
Polygon:
(0,0)(5,0)(5,18)(0,18)
Polygon:
(0,0)(35,0)(35,19)(21,19)(21,22)(4,22)(4,18)(0,18)
Polygon:
(0,0)(33,0)(33,4)(19,4)(19,5)(6,5)(6,2)(0,2)
Polygon:
(0,0)(35,0)(35,10)(20,10)(20,21)(3,21)(3,3)(0,3)
Polygon:
(0,0)(36,0)(36,11)(26,11)(26,5)(18,5)(18,18)(0,18)
Polygon:
(0,0)(9,0)(9,6)(0,6)
Polygon:
(0,0)(11,0)(11,3)(0,3)
Polygon:
(0,0)(2,0)(2,8)(0,8)
Polygon:
(0,0)(13,0)(13,10)(0,10)
Polygon:
(0,0)(9,0)(9,17)(0,17)
Polygon:
(0,0)(33,0)(33,12)(24,12)(24,26)(9,26)(9,15)(0,15)
Polygon:
(0,0)(12,0)(12,13)(0,13)
Polygon:
(0,0)(10,0)(10,18)(0,18)
Polygon:
(0,0)(14,0)(14,3)(12,3)(12,21)(11,21)(11,16)(0,16)
Polygon:
(0,0)(11,0)(11,16)(0,16)
Polygon:
(0,0)(34,0)(34,10)(18,10)(18,2)(3,2)(3,4)(0,4)
Polygon:
(0,0)(3,0)(3,4)(0,4)
Polygon:
(0,0)(2,0)(2,3)(0,3)
Polygon:
(0,0)(6,0)(6,8)(0,8)
Polygon:
(0,0)(2,0)(2,15)(0,15)
Polygon:
(0,0)(1,0)(1,16)(0,16)
Polygon:
(0,0)(28,0)(28,12)(21,12)(21,22)(10,22)(10,12)(0,12)
Polygon:
(0,0)(17,0)(17,12)(4,12)(4,8)(3,8)(3,10)(0,10)
Polygon:
(0,0)(5,0)(5,11)(0,11)
Polygon:
(0,0)(1,0)(1,16)(0,16)
Polygon:
(0,0)(11,0)(11,10)(0,10)
Polygon:
(0,0)(34,0)(34,18)(18,18)(18,4)(5,4)(5,6)(0,6)
Polygon:
(0,0)(17,0)(17,17)(0,17)
Polygon:
(0,0)(13,0)(13,14)(0,14)
Polygon:
(0,0)(32,0)(32,16)(30,16)(30,9)(14,9)(14,13)(0,13)
Polygon:
(0,0)(1,0)(1,5)(0,5)
Polygon:
(0,0)(12,0)(12,8)(0,8)
Polygon:
(0,0)(5,0)(5,17)(0,17)
Polygon:
(0,0)(40,0)(40,8)(27,8)(27,2)(17,2)(17,5)(0,5)
Polygon:
(0,0)(11,0)(11,10)(0,10)
Polygon:
(0,0)(2,0)(2,8)(0,8)
Polygon:
(0,0)(42,0)(42,34)(28,34)(28,35)(15,35)(15,18)(0,18)
Polygon:
(0,0)(12,0)(12,8)(0,8)
Polygon:
(0,0)(36,0)(36,6)(29,6)(29,16)(11,16)(11,3)(0,3)
Polygon:
(0,0)(41,0)(41,20)(23,20)(23,5)(15,5)(15,13)(0,13)
Polygon:
(0,0)(7,0)(7,16)(0,16)
Polygon:
(0,0)(10,0)(10,11)(0,11)
Polygon:
(0,0)(34,0)(34,4)(20,4)(20,15)(12,15)(12,2)(0,2)
Polygon:
(0,0)(29,0)(29,12)(21,12)(21,5)(6,5)(6,16)(0,16)
Polygon:
(0,0)(30,0)(30,9)(27,9)(27,2)(12,2)(12,12)(0,12)
Polygon:
(0,0)(41,0)(41,18)(32,18)(32,23)(15,23)(15,7)(0,7)
Polygon:
(0,0)(25,0)(25,12)(23,12)(23,20)(6,20)(6,13)(0,13)
Polygon:
(0,0)(11,0)(11,12)(0,12)
Polygon:
(0,0)(18,0)(18,12)(0,12)
Polygon:
(0,0)(10,0)(10,15)(0,15)
Polygon:
(0,0)(16,0)(16,3)(0,3)
Polygon:
(0,0)(10,0)(10,15)(6,15)(6,12)(2,12)(2,13)(0,13)
Polygon:
(0,0)(26,0)(26,17)(20,17)(20,30)(18,30)(18,14)(0,14)
Polygon:
(0,0)(18,0)(18,11)(0,11)
Polygon:
(0,0)(28,0)(28,16)(16,16)(16,21)(1,21)(1,5)(0,5)
Polygon:
(0,0)(32,0)(32,15)(24,15)(24,19)(9,19)(9,16)(0,16)
Polygon:
(0,0)(15,0)(15,7)(6,7)(6,11)(1,11)(1,2)(0,2)
Polygon:
(0,0)(29,0)(29,21)(25,21)(25,4)(17,4)(17,18)(0,18)
Polygon:
(0,0)(38,0)(38,10)(25,10)(25,19)(9,19)(9,7)(0,7)
Polygon:
(0,0)(14,0)(14,1)(0,1)
Polygon:
(0,0)(18,0)(18,11)(0,11)
Polygon:
(0,0)(6,0)(6,6)(0,6)
Polygon:
(0,0)(31,0)(31,5)(27,5)(27,12)(18,12)(18,2)(0,2)
Polygon:
(0,0)(30,0)(30,8)(19,8)(19,6)(14,6)(14,18)(0,18)
Polygon:
(0,0)(28,0)(28,17)(12,17)(12,6)(9,6)(9,14)(0,14)
Polygon:
(0,0)(39,0)(39,10)(28,10)(28,27)(11,27)(11,13)(0,13)
Polygon:
(0,0)(3,0)(3,14)(0,14)
Polygon:
(0,0)(21,0)(21,8)(3,8)(3,16)(1,16)(1,15)(0,15)
Polygon:
(0,0)(25,0)(25,18)(20,18)(20,13)(2,13)(2,15)(0,15)
Polygon:
(0,0)(26,0)(26,14)(8,14)(8,17)(7,17)(7,3)(0,3)
Polygon:
(0,0)(32,0)(32,13)(15,13)(15,1)(1,1)(1,15)(0,15)
Polygon:
(0,0)(42,0)(42,20)(27,20)(27,24)(9,24)(9,11)(0,11)
Polygon:
(0,0)(19,0)(19,29)(10,29)(10,36)(1,36)(1,18)(0,18)
Polygon:
(0,0)(1,0)(1,6)(0,6)
Polygon:
(0,0)(4,0)(4,2)(0,2)
Polygon:
(0,0)(6,0)(6,14)(0,14)
Polygon:
(0,0)(17,0)(17,18)(0,18)
Polygon:
(0,0)(13,0)(13,6)(0,6)
Polygon:
(0,0)(31,0)(31,9)(20,9)(20,5)(5,5)(5,17)(0,17)
Polygon:
(0,0)(40,0)(40,7)(22,7)(22,5)(14,5)(14,8)(0,8)
Polygon:
(0,0)(18,0)(18,8)(0,8)
Polygon:
(0,0)(7,0)(7,11)(0,11)
Polygon:
(0,0)(21,0)(21,17)(17,17)(17,18)(4,18)(4,3)(0,3)
Polygon:
(0,0)(25,0)(25,8)(15,8)(15,9)(2,9)(2,3)(0,3)
Polygon:
(0,0)(8,0)(8,9)(0,9)
Polygon:
(0,0)(8,0)(8,6)(0,6)
Polygon:
(0,0)(17,0)(17,18)(0,18)
Polygon:
(0,0)(27,0)(27,18)(13,18)(13,19)(11,19)(11,1)(0,1)
Polygon:
(0,0)(9,0)(9,11)(0,11)
Polygon:
(0,0)(37,0)(37,13)(20,13)(20,9)(2,9)(2,14)(0,14)
Polygon:
(0,0)(8,0)(8,12)(0,12)
Polygon:
(0,0)(38,0)(38,10)(30,10)(30,21)(17,21)(17,4)(0,4)
Polygon:
(0,0)(31,0)(31,2)(19,2)(19,16)(7,16)(7,15)(0,15)
Polygon:
(0,0)(7,0)(7,16)(0,16)
Polygon:
(0,0)(16,0)(16,2)(0,2)
Polygon:
(0,0)(11,0)(11,17)(0,17)
Polygon:
(0,0)(18,0)(18,7)(0,7)
Polygon:
(0,0)(31,0)(31,7)(21,7)(21,15)(17,15)(17,1)(0,1)
Polygon:
(0,0)(7,0)(7,5)(0,5)
Polygon:
(0,0)(48,0)(48,23)(30,23)(30,5)(14,5)(14,16)(0,16)
Polygon:
(0,0)(32,0)(32,10)(20,10)(20,14)(10,14)(10,3)(0,3)
Polygon:
(0,0)(37,0)(37,16)(32,16)(32,2)(18,2)(18,12)(0,12)
Polygon:
(0,0)(8,0)(8,16)(0,16)
Polygon:
(0,0)(32,0)(32,27)(20,27)(20,14)(2,14)(2,18)(0,18)
Polygon:
(0,0)(3,0)(3,10)(0,10)
Polygon:
(0,0)(3,0)(3,12)(0,12)
Polygon:
(0,0)(21,0)(21,7)(4,7)(4,18)(2,18)(2,10)(0,10)
Polygon:
(0,0)(17,0)(17,4)(14,4)(14,13)(6,13)(6,9)(0,9)
Polygon:
(0,0)(12,0)(12,4)(0,4)
Polygon:
(0,0)(11,0)(11,6)(0,6)
Polygon:
(0,0)(14,0)(14,5)(0,5)
Polygon:
(0,0)(29,0)(29,9)(17,9)(17,26)(9,26)(9,12)(0,12)
Polygon:
(0,0)(10,0)(10,1)(0,1)
Polygon:
(0,0)(7,0)(7,10)(0,10)
Polygon:
(0,0)(17,0)(17,2)(0,2)
Polygon:
(0,0)(27,0)(27,12)(10,12)(10,17)(6,17)(6,9)(0,9)
Polygon:
(0,0)(14,0)(14,1)(0,1)
Polygon:
(0,0)(13,0)(13,8)(0,8)
Polygon:
(0,0)(32,0)(32,11)(23,11)(23,24)(18,24)(18,6)(0,6)
Polygon:
(0,0)(47,0)(47,21)(31,21)(31,24)(16,24)(16,14)(0,14)
Polygon:
(0,0)(13,0)(13,16)(0,16)
Polygon:
(0,0)(13,0)(13,13)(0,13)
Polygon:
(0,0)(11,0)(11,13)(0,13)
Polygon:
(0,0)(30,0)(30,23)(12,23)(12,7)(4,7)(4,8)(0,8)
Polygon:
(0,0)(38,0)(38,10)(30,10)(30,13)(14,13)(14,1)(0,1)
Polygon:
(0,0)(10,0)(10,6)(0,6)
Polygon:
(0,0)(4,0)(4,2)(0,2)
Polygon:
(0,0)(43,0)(43,24)(25,24)(25,28)(10,28)(10,13)(0,13)
Polygon:
(0,0)(13,0)(13,7)(0,7)
Polygon:
(0,0)(2,0)(2,12)(0,12)
Polygon:
(0,0)(1,0)(1,2)(0,2)
Polygon:
(0,0)(16,0)(16,12)(0,12)
Polygon:
(0,0)(2,0)(2,10)(0,10)
Polygon:
(0,0)(3,0)(3,2)(0,2)
Polygon:
(0,0)(11,0)(11,6)(0,6)
Polygon:
(0,0)(2,0)(2,13)(0,13)
Polygon:
(0,0)(10,0)(10,16)(0,16)
Polygon:
(0,0)(2,0)(2,3)(0,3)
Polygon:
(0,0)(2,0)(2,11)(0,11)
Polygon:
(0,0)(2,0)(2,7)(0,7)
Polygon:
(0,0)(16,0)(16,1)(11,1)(11,11)(1,11)(1,6)(0,6)
Polygon:
(0,0)(13,0)(13,14)(0,14)
Polygon:
(0,0)(10,0)(10,5)(0,5)
Polygon:
(0,0)(11,0)(11,8)(8,8)(8,16)(1,16)(1,14)(0,14)
Polygon:
(0,0)(11,0)(11,16)(0,16)
Polygon:
(0,0)(33,0)(33,17)(24,17)(24,8)(16,8)(16,17)(0,17)
Polygon:
(0,0)(10,0)(10,3)(0,3)
Polygon:
(0,0)(17,0)(17,9)(0,9)
