Polygon:
(0,0)(17,0)(17,14)(0,14)
Polygon:
(0,0)(21,0)(21,21)(15,21)(15,12)(4,12)(4,14)(0,14)
Polygon:
(0,0)(5,0)(5,15)(0,15)
Polygon:
(0,0)(18,0)(18,10)(0,10)
Polygon:
(0,0)(18,0)(18,10)(0,10)
Polygon:
(0,0)(8,0)(8,2)(0,2)
Polygon:
(0,0)(13,0)(13,2)(0,2)
Polygon:
(0,0)(1,0)(1,18)(0,18)
Polygon:
(0,0)(14,0)(14,10)(0,10)
Polygon:
(0,0)(29,0)(29,27)(26,27)(26,29)(17,29)(17,12)(0,12)
Polygon:
(0,0)(2,0)(2,13)(0,13)
Polygon:
(0,0)(31,0)(31,14)(29,14)(29,8)(13,8)(13,16)(0,16)
Polygon:
(0,0)(24,0)(24,5)(20,5)(20,15)(7,15)(7,10)(0,10)
Polygon:
(0,0)(4,0)(4,2)(0,2)
Polygon:
(0,0)(21,0)(21,19)(13,19)(13,21)(2,21)(2,11)(0,11)
Polygon:
(0,0)(17,0)(17,7)(0,7)
Polygon:
(0,0)(5,0)(5,9)(0,9)
Polygon:
(0,0)(7,0)(7,3)(0,3)
Polygon:
(0,0)(33,0)(33,12)(22,12)(22,21)(10,21)(10,8)(0,8)
Polygon:
(0,0)(35,0)(35,5)(21,5)(21,20)(5,20)(5,12)(0,12)
Polygon:
(0,0)(16,0)(16,6)(0,6)
Polygon:
(0,0)(6,0)(6,8)(0,8)
Polygon:
(0,0)(38,0)(38,1)(29,1)(29,11)(11,11)(11,4)(0,4)
Polygon:
(0,0)(9,0)(9,13)(0,13)
Polygon:
(0,0)(20,0)(20,9)(19,9)(19,21)(17,21)(17,4)(0,4)
Polygon:
(0,0)(30,0)(30,24)(18,24)(18,30)(15,30)(15,13)(0,13)
Polygon:
(0,0)(23,0)(23,11)(20,11)(20,2)(10,2)(10,6)(0,6)
Polygon:
(0,0)(2,0)(2,8)(0,8)
Polygon:
(0,0)(33,0)(33,10)(26,10)(26,12)(10,12)(10,3)(0,3)
Polygon:
(0,0)(18,0)(18,13)(0,13)
Polygon:
(0,0)(12,0)(12,3)(0,3)
Polygon:
(0,0)(36,0)(36,20)(19,20)(19,27)(7,27)(7,9)(0,9)
Polygon:
(0,0)(9,0)(9,9)(0,9)
Polygon:
(0,0)(7,0)(7,11)(0,11)
Polygon:
(0,0)(5,0)(5,4)(0,4)
Polygon:
(0,0)(38,0)(38,8)(24,8)(24,2)(7,2)(7,15)(0,15)
Polygon:
(0,0)(16,0)(16,1)(0,1)
Polygon:
(0,0)(17,0)(17,6)(0,6)
Polygon:
(0,0)(12,0)(12,2)(0,2)
Polygon:
(0,0)(24,0)(24,14)(16,14)(16,20)(7,20)(7,9)(0,9)
Polygon:
(0,0)(7,0)(7,3)(0,3)
Polygon:
(0,0)(9,0)(9,15)(0,15)
Polygon:
(0,0)(31,0)(31,7)(17,7)(17,15)(14,15)(14,11)(0,11)
Polygon:
(0,0)(6,0)(6,10)(0,10)
Polygon:
(0,0)(33,0)(33,3)(23,3)(23,10)(12,10)(12,2)(0,2)
Polygon:
(0,0)(9,0)(9,6)(0,6)
Polygon:
(0,0)(2,0)(2,2)(0,2)
Polygon:
(0,0)(25,0)(25,7)(18,7)(18,1)(14,1)(14,5)(0,5)
Polygon:
(0,0)(13,0)(13,2)(0,2)
Polygon:
(0,0)(1,0)(1,8)(0,8)
Polygon:
(0,0)(35,0)(35,28)(20,28)(20,16)(4,16)(4,33)(0,33)
Polygon:
(0,0)(6,0)(6,14)(0,14)
Polygon:
(0,0)(34,0)(34,16)(20,16)(20,27)(4,27)(4,16)(0,16)
Polygon:
(0,0)(8,0)(8,2)(0,2)
Polygon:
(0,0)(15,0)(15,3)(0,3)
Polygon:
(0,0)(7,0)(7,13)(0,13)
Polygon:
(0,0)(15,0)(15,12)(0,12)
Polygon:
(0,0)(39,0)(39,17)(23,17)(23,20)(5,20)(5,9)(0,9)
Polygon:
(0,0)(22,0)(22,21)(17,21)(17,10)(15,10)(15,15)(0,15)
Polygon:
(0,0)(13,0)(13,10)(0,10)
Polygon:
(0,0)(7,0)(7,17)(0,17)
Polygon:
(0,0)(32,0)(32,19)(15,19)(15,20)(2,20)(2,10)(0,10)
Polygon:
(0,0)(17,0)(17,16)(0,16)
Polygon:
(0,0)(9,0)(9,9)(0,9)
Polygon:
(0,0)(17,0)(17,11)(0,11)
Polygon:
(0,0)(32,0)(32,20)(26,20)(26,17)(18,17)(18,18)(0,18)
Polygon:
(0,0)(2,0)(2,14)(0,14)
Polygon:
(0,0)(16,0)(16,12)(0,12)
Polygon:
(0,0)(4,0)(4,12)(0,12)
Polygon:
(0,0)(4,0)(4,6)(0,6)
Polygon:
(0,0)(12,0)(12,26)(10,26)(10,29)(6,29)(6,14)(0,14)
Polygon:
(0,0)(8,0)(8,3)(0,3)
Polygon:
(0,0)(11,0)(11,13)(0,13)
Polygon:
(0,0)(7,0)(7,15)(0,15)
Polygon:
(0,0)(5,0)(5,12)(0,12)
Polygon:
(0,0)(15,0)(15,14)(13,14)(13,23)(3,23)(3,8)(0,8)
Polygon:
(0,0)(14,0)(14,2)(0,2)
Polygon:
(0,0)(18,0)(18,14)(0,14)
Polygon:
(0,0)(18,0)(18,6)(11,6)(11,18)(6,18)(6,10)(0,10)
Polygon:
(0,0)(50,0)(50,27)(33,27)(33,32)(16,32)(16,15)(0,15)
Polygon:
(0,0)(41,0)(41,21)(25,21)(25,7)(10,7)(10,9)(0,9)
Polygon:
(0,0)(21,0)(21,19)(15,19)(15,2)(4,2)(4,11)(0,11)
Polygon:
(0,0)(10,0)(10,8)(0,8)
Polygon:
(0,0)(18,0)(18,7)(0,7)
Polygon:
(0,0)(1,0)(1,5)(0,5)
Polygon:
(0,0)(11,0)(11,8)(0,8)
Polygon:
(0,0)(10,0)(10,10)(0,10)
Polygon:
(0,0)(7,0)(7,3)(0,3)
Polygon:
(0,0)(2,0)(2,13)(0,13)
Polygon:
(0,0)(11,0)(11,9)(0,9)
Polygon:
(0,0)(24,0)(24,19)(20,19)(20,25)(18,25)(18,17)(0,17)
Polygon:
(0,0)(7,0)(7,3)(0,3)
Polygon:
(0,0)(31,0)(31,11)(19,11)(19,12)(2,12)(2,11)(0,11)
Polygon:
(0,0)(7,0)(7,15)(0,15)
Polygon:
(0,0)(2,0)(2,3)(0,3)
Polygon:
(0,0)(6,0)(6,12)(0,12)
Polygon:
(0,0)(3,0)(3,16)(0,16)
Polygon:
(0,0)(10,0)(10,15)(0,15)
Polygon:
(0,0)(27,0)(27,2)(17,2)(17,14)(8,14)(8,5)(0,5)
Polygon:
(0,0)(16,0)(16,5)(0,5)
Polygon:
(0,0)(15,0)(15,27)(14,27)(14,34)(2,34)(2,18)(0,18)
Polygon:
(0,0)(32,0)(32,20)(14,20)(14,26)(2,26)(2,15)(0,15)
Polygon:
(0,0)(3,0)(3,4)(0,4)
Polygon:
(0,0)(5,0)(5,18)(0,18)
Polygon:
(0,0)(12,0)(12,7)(0,7)
Polygon:
(0,0)(15,0)(15,9)(0,9)
Polygon:
(0,0)(30,0)(30,20)(21,20)(21,30)(17,30)(17,13)(0,13)
Polygon:
(0,0)(1,0)(1,2)(0,2)
Polygon:
(0,0)(10,0)(10,5)(0,5)
Polygon:
(0,0)(47,0)(47,4)(33,4)(33,1)(15,1)(15,3)(0,3)
Polygon:
(0,0)(24,0)(24,15)(21,15)(21,2)(16,2)(16,18)(0,18)
Polygon:
(0,0)(14,0)(14,22)(13,22)(13,23)(4,23)(4,12)(0,12)
Polygon:
(0,0)(14,0)(14,7)(0,7)
Polygon:
(0,0)(18,0)(18,15)(11,15)(11,6)(6,6)(6,18)(0,18)
Polygon:
(0,0)(13,0)(13,12)(12,12)(12,25)(7,25)(7,10)(0,10)
Polygon:
(0,0)(27,0)(27,11)(16,11)(16,22)(1,22)(1,6)(0,6)
Polygon:
(0,0)(18,0)(18,9)(16,9)(16,21)(14,21)(14,6)(0,6)
Polygon:
(0,0)(8,0)(8,7)(0,7)
Polygon:
(0,0)(12,0)(12,12)(8,12)(8,3)(2,3)(2,13)(0,13)
Polygon:
(0,0)(6,0)(6,18)(0,18)
Polygon:
(0,0)(33,0)(33,15)(24,15)(24,17)(9,17)(9,2)(0,2)
Polygon:
(0,0)(15,0)(15,12)(0,12)
Polygon:
(0,0)(20,0)(20,7)(19,7)(19,11)(3,11)(3,6)(0,6)
Polygon:
(0,0)(29,0)(29,16)(18,16)(18,22)(16,22)(16,5)(0,5)
Polygon:
(0,0)(5,0)(5,9)(0,9)
Polygon:
(0,0)(10,0)(10,10)(0,10)
Polygon:
(0,0)(4,0)(4,12)(0,12)
Polygon:
(0,0)(15,0)(15,4)(0,4)
Polygon:
(0,0)(10,0)(10,7)(0,7)
Polygon:
(0,0)(33,0)(33,13)(28,13)(28,27)(14,27)(14,15)(0,15)
Polygon:
(0,0)(3,0)(3,18)(0,18)
Polygon:
(0,0)(25,0)(25,14)(10,14)(10,21)(7,21)(7,15)(0,15)
Polygon:
(0,0)(21,0)(21,14)(14,14)(14,10)(13,10)(13,16)(0,16)
Polygon:
(0,0)(36,0)(36,17)(20,17)(20,6)(18,6)(18,15)(0,15)
Polygon:
(0,0)(35,0)(35,10)(20,10)(20,1)(9,1)(9,8)(0,8)
Polygon:
(0,0)(6,0)(6,11)(0,11)
Polygon:
(0,0)(39,0)(39,11)(29,11)(29,15)(13,15)(13,1)(0,1)
Polygon:
(0,0)(10,0)(10,13)(0,13)
Polygon:
(0,0)(2,0)(2,13)(0,13)
Polygon:
(0,0)(29,0)(29,18)(26,18)(26,1)(16,1)(16,13)(0,13)
Polygon:
(0,0)(22,0)(22,19)(18,19)(18,26)(6,26)(6,18)(0,18)
Polygon:
(0,0)(16,0)(16,13)(0,13)
Polygon:
(0,0)(7,0)(7,3)(0,3)
Polygon:
(0,0)(7,0)(7,14)(0,14)
Polygon:
(0,0)(26,0)(26,22)(21,22)(21,12)(4,12)(4,18)(0,18)
Polygon:
(0,0)(4,0)(4,18)(0,18)
Polygon:
(0,0)(11,0)(11,2)(0,2)
Polygon:
(0,0)(3,0)(3,3)(0,3)
Polygon:
(0,0)(29,0)(29,10)(14,10)(14,15)(5,15)(5,4)(0,4)
Polygon:
(0,0)(5,0)(5,5)(0,5)
Polygon:
(0,0)(31,0)(31,2)(14,2)(14,15)(2,15)(2,12)(0,12)
Polygon:
(0,0)(13,0)(13,8)(0,8)
Polygon:
(0,0)(11,0)(11,20)(9,20)(9,6)(5,6)(5,17)(0,17)
Polygon:
(0,0)(6,0)(6,8)(0,8)
Polygon:
(0,0)(24,0)(24,19)(15,19)(15,24)(7,24)(7,9)(0,9)
Polygon:
(0,0)(11,0)(11,6)(0,6)
Polygon:
(0,0)(17,0)(17,6)(0,6)
Polygon:
(0,0)(32,0)(32,13)(14,13)(14,20)(3,20)(3,5)(0,5)
Polygon:
(0,0)(42,0)(42,10)(31,10)(31,25)(16,25)(16,12)(0,12)
Polygon:
(0,0)(10,0)(10,6)(0,6)
Polygon:
(0,0)(44,0)(44,11)(29,11)(29,8)(16,8)(16,13)(0,13)
Polygon:
(0,0)(15,0)(15,12)(0,12)
Polygon:
(0,0)(11,0)(11,5)(0,5)
Polygon:
(0,0)(34,0)(34,22)(31,22)(31,25)(14,25)(14,16)(0,16)
Polygon:
(0,0)(25,0)(25,1)(18,1)(18,19)(5,19)(5,1)(0,1)
Polygon:
(0,0)(6,0)(6,1)(0,1)
Polygon:
(0,0)(15,0)(15,10)(0,10)
Polygon:
(0,0)(28,0)(28,18)(26,18)(26,5)(12,5)(12,8)(0,8)
Polygon:
(0,0)(9,0)(9,8)(0,8)
Polygon:
(0,0)(6,0)(6,10)(0,10)
Polygon:
(0,0)(4,0)(4,13)(0,13)
Polygon:
(0,0)(37,0)(37,16)(25,16)(25,22)(17,22)(17,18)(0,18)
Polygon:
(0,0)(16,0)(16,1)(0,1)
Polygon:
(0,0)(7,0)(7,13)(0,13)
Polygon:
(0,0)(3,0)(3,4)(0,4)
Polygon:
(0,0)(6,0)(6,3)(0,3)
Polygon:
(0,0)(3,0)(3,8)(0,8)
Polygon:
(0,0)(9,0)(9,23)(8,23)(8,27)(3,27)(3,14)(0,14)
Polygon:
(0,0)(47,0)(47,18)(30,18)(30,7)(16,7)(16,17)(0,17)
Polygon:
(0,0)(21,0)(21,6)(19,6)(19,16)(6,16)(6,11)(0,11)
Polygon:
(0,0)(43,0)(43,19)(30,19)(30,29)(16,29)(16,12)(0,12)
Polygon:
(0,0)(8,0)(8,14)(0,14)
Polygon:
(0,0)(15,0)(15,16)(0,16)
Polygon:
(0,0)(18,0)(18,12)(0,12)
Polygon:
(0,0)(3,0)(3,15)(0,15)
Polygon:
(0,0)(18,0)(18,2)(16,2)(16,12)(9,12)(9,1)(0,1)
Polygon:
(0,0)(31,0)(31,11)(18,11)(18,21)(5,21)(5,4)(0,4)
Polygon:
(0,0)(17,0)(17,13)(5,13)(5,20)(3,20)(3,11)(0,11)
Polygon:
(0,0)(5,0)(5,17)(0,17)
Polygon:
(0,0)(30,0)(30,14)(18,14)(18,22)(2,22)(2,18)(0,18)
Polygon:
(0,0)(31,0)(31,24)(27,24)(27,29)(9,29)(9,16)(0,16)
Polygon:
(0,0)(4,0)(4,11)(0,11)
Polygon:
(0,0)(31,0)(31,7)(21,7)(21,6)(13,6)(13,9)(0,9)
Polygon:
(0,0)(1,0)(1,17)(0,17)
Polygon:
(0,0)(36,0)(36,1)(19,1)(19,14)(8,14)(8,4)(0,4)
Polygon:
(0,0)(24,0)(24,10)(8,10)(8,17)(1,17)(1,4)(0,4)
Polygon:
(0,0)(35,0)(35,16)(30,16)(30,21)(17,21)(17,7)(0,7)
Polygon:
(0,0)(9,0)(9,13)(0,13)
Polygon:
(0,0)(39,0)(39,21)(26,21)(26,24)(17,24)(17,16)(0,16)
Polygon:
(0,0)(35,0)(35,5)(23,5)(23,1)(7,1)(7,12)(0,12)
Polygon:
(0,0)(20,0)(20,11)(15,11)(15,4)(8,4)(8,17)(0,17)
Polygon:
(0,0)(18,0)(18,17)(0,17)
Polygon:
(0,0)(14,0)(14,4)(11,4)(11,7)(3,7)(3,1)(0,1)
Polygon:
(0,0)(13,0)(13,13)(0,13)
Polygon:
(0,0)(43,0)(43,3)(33,3)(33,6)(16,6)(16,3)(0,3)
Polygon:
(0,0)(11,0)(11,22)(7,22)(7,30)(3,30)(3,18)(0,18)
Polygon:
(0,0)(17,0)(17,9)(0,9)
Polygon:
(0,0)(11,0)(11,2)(0,2)
Polygon:
(0,0)(7,0)(7,9)(0,9)
Polygon:
(0,0)(3,0)(3,6)(0,6)
Polygon:
(0,0)(15,0)(15,8)(0,8)
Polygon:
(0,0)(32,0)(32,1)(15,1)(15,17)(10,17)(10,3)(0,3)
Polygon:
(0,0)(42,0)(42,19)(24,19)(24,22)(12,22)(12,13)(0,13)
Polygon:
(0,0)(17,0)(17,9)(16,9)(16,23)(6,23)(6,10)(0,10)
Polygon:
(0,0)(2,0)(2,16)(0,16)
Polygon:
(0,0)(7,0)(7,3)(0,3)
Polygon:
(0,0)(35,0)(35,17)(18,17)(18,4)(4,4)(4,10)(0,10)
Polygon:
(0,0)(8,0)(8,4)(0,4)
Polygon:
(0,0)(6,0)(6,3)(2,3)(2,10)(1,10)(1,4)(0,4)
Polygon:
(0,0)(10,0)(10,7)(0,7)
Polygon:
(0,0)(7,0)(7,12)(0,12)
Polygon:
(0,0)(16,0)(16,6)(0,6)
Polygon:
(0,0)(8,0)(8,9)(0,9)
Polygon:
(0,0)(5,0)(5,10)(0,10)
Polygon:
(0,0)(10,0)(10,17)(0,17)
Polygon:
(0,0)(4,0)(4,3)(0,3)
Polygon:
(0,0)(10,0)(10,8)(0,8)
Polygon:
(0,0)(16,0)(16,2)(0,2)
Polygon:
(0,0)(14,0)(14,3)(0,3)
Polygon:
(0,0)(30,0)(30,21)(12,21)(12,13)(11,13)(11,31)(0,31)
Polygon:
(0,0)(39,0)(39,3)(30,3)(30,13)(13,13)(13,2)(0,2)
Polygon:
(0,0)(42,0)(42,11)(30,11)(30,13)(13,13)(13,1)(0,1)
Polygon:
(0,0)(16,0)(16,17)(0,17)
Polygon:
(0,0)(37,0)(37,22)(22,22)(22,23)(6,23)(6,14)(0,14)
Polygon:
(0,0)(17,0)(17,18)(4,18)(4,7)(3,7)(3,9)(0,9)
Polygon:
(0,0)(26,0)(26,25)(15,25)(15,15)(6,15)(6,16)(0,16)
Polygon:
(0,0)(53,0)(53,8)(35,8)(35,11)(18,11)(18,1)(0,1)
Polygon:
(0,0)(17,0)(17,16)(0,16)
Polygon:
(0,0)(21,0)(21,16)(18,16)(18,27)(6,27)(6,17)(0,17)
Polygon:
(0,0)(8,0)(8,9)(0,9)
Polygon:
(0,0)(4,0)(4,2)(0,2)
Polygon:
(0,0)(3,0)(3,17)(0,17)
Polygon:
(0,0)(10,0)(10,18)(0,18)
Polygon:
(0,0)(1,0)(1,15)(0,15)
Polygon:
(0,0)(23,0)(23,11)(20,11)(20,6)(9,6)(9,13)(0,13)
Polygon:
(0,0)(36,0)(36,13)(23,13)(23,27)(13,27)(13,14)(0,14)
Polygon:
(0,0)(4,0)(4,5)(0,5)
Polygon:
(0,0)(7,0)(7,6)(0,6)
Polygon:
(0,0)(18,0)(18,14)(0,14)
Polygon:
(0,0)(8,0)(8,2)(5,2)(5,1)(1,1)(1,7)(0,7)
Polygon:
(0,0)(23,0)(23,17)(16,17)(16,22)(13,22)(13,6)(0,6)
Polygon:
(0,0)(29,0)(29,20)(17,20)(17,14)(6,14)(6,15)(0,15)
Polygon:
(0,0)(15,0)(15,16)(0,16)
Polygon:
(0,0)(2,0)(2,8)(0,8)
Polygon:
(0,0)(16,0)(16,1)(0,1)
Polygon:
(0,0)(2,0)(2,4)(0,4)
Polygon:
(0,0)(44,0)(44,28)(30,28)(30,34)(17,34)(17,16)(0,16)
Polygon:
(0,0)(4,0)(4,8)(0,8)
Polygon:
(0,0)(22,0)(22,2)(19,2)(19,1)(15,1)(15,2)(0,2)
Polygon:
(0,0)(14,0)(14,1)(0,1)
Polygon:
(0,0)(14,0)(14,12)(0,12)
Polygon:
(0,0)(1,0)(1,1)(0,1)
Polygon:
(0,0)(23,0)(23,5)(19,5)(19,9)(14,9)(14,4)(0,4)
Polygon:
(0,0)(28,0)(28,3)(13,3)(13,14)(5,14)(5,9)(0,9)
Polygon:
(0,0)(17,0)(17,15)(0,15)
Polygon:
(0,0)(2,0)(2,16)(0,16)
Polygon:
(0,0)(6,0)(6,9)(0,9)
Polygon:
(0,0)(8,0)(8,5)(0,5)
Polygon:
(0,0)(22,0)(22,14)(18,14)(18,24)(5,24)(5,8)(0,8)
Polygon:
(0,0)(15,0)(15,12)(0,12)
Polygon:
(0,0)(12,0)(12,12)(0,12)
Polygon:
(0,0)(5,0)(5,18)(0,18)
Polygon:
(0,0)(36,0)(36,14)(31,14)(31,22)(15,22)(15,4)(0,4)
Polygon:
(0,0)(28,0)(28,5)(10,5)(10,16)(2,16)(2,13)(0,13)
Polygon:
(0,0)(18,0)(18,16)(0,16)
Polygon:
(0,0)(11,0)(11,3)(0,3)
Polygon:
(0,0)(17,0)(17,15)(12,15)(12,13)(5,13)(5,22)(0,22)
Polygon:
(0,0)(3,0)(3,12)(0,12)
Polygon:
(0,0)(11,0)(11,6)(0,6)
Polygon:
(0,0)(34,0)(34,3)(22,3)(22,1)(12,1)(12,14)(0,14)
Polygon:
(0,0)(22,0)(22,6)(18,6)(18,5)(10,5)(10,14)(0,14)
Polygon:
(0,0)(31,0)(31,6)(17,6)(17,1)(15,1)(15,13)(0,13)
Polygon:
(0,0)(35,0)(35,17)(19,17)(19,2)(6,2)(6,3)(0,3)
Polygon:
(0,0)(9,0)(9,5)(0,5)
Polygon:
(0,0)(20,0)(20,15)(12,15)(12,8)(4,8)(4,15)(0,15)
Polygon:
(0,0)(32,0)(32,12)(19,12)(19,30)(5,30)(5,14)(0,14)
Polygon:
(0,0)(1,0)(1,18)(0,18)
Polygon:
(0,0)(17,0)(17,8)(0,8)
Polygon:
(0,0)(28,0)(28,15)(20,15)(20,7)(17,7)(17,17)(0,17)
Polygon:
(0,0)(13,0)(13,16)(0,16)
Polygon:
(0,0)(1,0)(1,15)(0,15)
Polygon:
(0,0)(14,0)(14,3)(0,3)
Polygon:
(0,0)(7,0)(7,1)(0,1)
Polygon:
(0,0)(34,0)(34,17)(17,17)(17,1)(7,1)(7,17)(0,17)
Polygon:
(0,0)(13,0)(13,11)(0,11)
Polygon:
(0,0)(7,0)(7,3)(0,3)
Polygon:
(0,0)(2,0)(2,8)(0,8)
Polygon:
(0,0)(12,0)(12,14)(0,14)
Polygon:
(0,0)(1,0)(1,6)(0,6)
Polygon:
(0,0)(8,0)(8,8)(0,8)
Polygon:
(0,0)(12,0)(12,15)(0,15)
Polygon:
(0,0)(35,0)(35,6)(18,6)(18,13)(13,13)(13,7)(0,7)
Polygon:
(0,0)(15,0)(15,10)(5,10)(5,21)(1,21)(1,4)(0,4)
Polygon:
(0,0)(14,0)(14,16)(0,16)
Polygon:
(0,0)(35,0)(35,17)(18,17)(18,26)(7,26)(7,9)(0,9)
Polygon:
(0,0)(20,0)(20,4)(7,4)(7,6)(1,6)(1,5)(0,5)
Polygon:
(0,0)(37,0)(37,23)(20,23)(20,27)(6,27)(6,18)(0,18)
Polygon:
(0,0)(22,0)(22,20)(4,20)(4,4)(3,4)(3,7)(0,7)
Polygon:
(0,0)(17,0)(17,12)(0,12)
Polygon:
(0,0)(7,0)(7,16)(0,16)
Polygon:
(0,0)(27,0)(27,4)(18,4)(18,20)(3,20)(3,7)(0,7)
Polygon:
(0,0)(37,0)(37,7)(26,7)(26,19)(14,19)(14,2)(0,2)
Polygon:
(0,0)(22,0)(22,5)(21,5)(21,15)(7,15)(7,1)(0,1)
Polygon:
(0,0)(4,0)(4,18)(0,18)
Polygon:
(0,0)(4,0)(4,15)(0,15)
Polygon:
(0,0)(17,0)(17,11)(12,11)(12,1)(5,1)(5,10)(0,10)
Polygon:
(0,0)(11,0)(11,7)(4,7)(4,20)(3,20)(3,9)(0,9)
Polygon:
(0,0)(17,0)(17,2)(0,2)
Polygon:
(0,0)(11,0)(11,4)(0,4)
Polygon:
(0,0)(35,0)(35,11)(25,11)(25,2)(7,2)(7,11)(0,11)
Polygon:
(0,0)(23,0)(23,6)(13,6)(13,10)(5,10)(5,2)(0,2)
Polygon:
(0,0)(39,0)(39,21)(25,21)(25,27)(17,27)(17,18)(0,18)
Polygon:
(0,0)(7,0)(7,1)(0,1)
Polygon:
(0,0)(36,0)(36,10)(19,10)(19,26)(4,26)(4,10)(0,10)
Polygon:
(0,0)(11,0)(11,13)(0,13)
Polygon:
(0,0)(2,0)(2,3)(0,3)
Polygon:
(0,0)(14,0)(14,23)(10,23)(10,28)(5,28)(5,18)(0,18)
Polygon:
(0,0)(34,0)(34,26)(19,26)(19,13)(5,13)(5,17)(0,17)
Polygon:
(0,0)(10,0)(10,4)(0,4)
Polygon:
(0,0)(30,0)(30,8)(24,8)(24,16)(6,16)(6,14)(0,14)
Polygon:
(0,0)(13,0)(13,15)(0,15)
Polygon:
(0,0)(2,0)(2,4)(0,4)
Polygon:
(0,0)(14,0)(14,1)(0,1)
Polygon:
(0,0)(11,0)(11,8)(0,8)
Polygon:
(0,0)(18,0)(18,1)(0,1)
Polygon:
(0,0)(14,0)(14,13)(0,13)
Polygon:
(0,0)(7,0)(7,17)(0,17)
Polygon:
(0,0)(21,0)(21,12)(20,12)(20,21)(8,21)(8,12)(0,12)
Polygon:
(0,0)(18,0)(18,4)(0,4)
Polygon:
(0,0)(27,0)(27,17)(23,17)(23,20)(17,20)(17,8)(0,8)
Polygon:
(0,0)(23,0)(23,21)(22,21)(22,8)(10,8)(10,12)(0,12)
Polygon:
(0,0)(38,0)(38,9)(27,9)(27,22)(15,22)(15,7)(0,7)
Polygon:
(0,0)(31,0)(31,19)(17,19)(17,2)(3,2)(3,9)(0,9)
Polygon:
(0,0)(7,0)(7,18)(0,18)
Polygon:
(0,0)(15,0)(15,14)(6,14)(6,3)(5,3)(5,18)(0,18)
Polygon:
(0,0)(14,0)(14,16)(0,16)
Polygon:
(0,0)(15,0)(15,12)(0,12)
Polygon:
(0,0)(19,0)(19,12)(9,12)(9,19)(1,19)(1,6)(0,6)
Polygon:
(0,0)(5,0)(5,14)(0,14)
Polygon:
(0,0)(6,0)(6,4)(0,4)
Polygon:
(0,0)(24,0)(24,30)(21,30)(21,13)(6,13)(6,16)(0,16)
Polygon:
(0,0)(10,0)(10,10)(0,10)
Polygon:
(0,0)(35,0)(35,11)(24,11)(24,16)(9,16)(9,4)(0,4)
Polygon:
(0,0)(11,0)(11,13)(0,13)
Polygon:
(0,0)(31,0)(31,11)(24,11)(24,27)(18,27)(18,14)(0,14)
Polygon:
(0,0)(11,0)(11,14)(0,14)
Polygon:
(0,0)(7,0)(7,4)(0,4)
Polygon:
(0,0)(12,0)(12,16)(0,16)
Polygon:
(0,0)(19,0)(19,34)(15,34)(15,16)(13,16)(13,18)(0,18)
Polygon:
(0,0)(38,0)(38,6)(20,6)(20,4)(9,4)(9,12)(0,12)
Polygon:
(0,0)(5,0)(5,8)(0,8)
Polygon:
(0,0)(31,0)(31,7)(23,7)(23,3)(6,3)(6,10)(0,10)
Polygon:
(0,0)(2,0)(2,1)(0,1)
Polygon:
(0,0)(14,0)(14,17)(0,17)
Polygon:
(0,0)(32,0)(32,16)(28,16)(28,20)(15,20)(15,4)(0,4)
Polygon:
(0,0)(10,0)(10,10)(8,10)(8,3)(1,3)(1,6)(0,6)
Polygon:
(0,0)(23,0)(23,3)(22,3)(22,19)(4,19)(4,4)(0,4)
Polygon:
(0,0)(48,0)(48,11)(34,11)(34,17)(16,17)(16,15)(0,15)
Polygon:
(0,0)(20,0)(20,15)(14,15)(14,21)(3,21)(3,12)(0,12)
Polygon:
(0,0)(29,0)(29,16)(19,16)(19,19)(3,19)(3,6)(0,6)
Polygon:
(0,0)(17,0)(17,9)(15,9)(15,11)(1,11)(1,4)(0,4)
Polygon:
(0,0)(18,0)(18,15)(0,15)
Polygon:
(0,0)(8,0)(8,4)(0,4)
Polygon:
(0,0)(13,0)(13,2)(4,2)(4,14)(2,14)(2,11)(0,11)
Polygon:
(0,0)(34,0)(34,11)(17,11)(17,14)(9,14)(9,5)(0,5)
Polygon:
(0,0)(40,0)(40,4)(24,4)(24,15)(12,15)(12,10)(0,10)
Polygon:
(0,0)(31,0)(31,22)(18,22)(18,6)(8,6)(8,15)(0,15)
Polygon:
(0,0)(40,0)(40,3)(27,3)(27,21)(14,21)(14,17)(0,17)
Polygon:
(0,0)(17,0)(17,17)(0,17)
Polygon:
(0,0)(28,0)(28,14)(18,14)(18,30)(10,30)(10,15)(0,15)
Polygon:
(0,0)(14,0)(14,16)(7,16)(7,20)(2,20)(2,11)(0,11)
Polygon:
(0,0)(6,0)(6,9)(0,9)
Polygon:
(0,0)(5,0)(5,5)(0,5)
Polygon:
(0,0)(38,0)(38,19)(21,19)(21,6)(13,6)(13,8)(0,8)
Polygon:
(0,0)(27,0)(27,15)(12,15)(12,19)(7,19)(7,4)(0,4)
Polygon:
(0,0)(26,0)(26,15)(21,15)(21,23)(17,23)(17,5)(0,5)
Polygon:
(0,0)(9,0)(9,6)(0,6)
Polygon:
(0,0)(14,0)(14,10)(0,10)
Polygon:
(0,0)(1,0)(1,2)(0,2)
Polygon:
(0,0)(31,0)(31,15)(19,15)(19,25)(7,25)(7,7)(0,7)
Polygon:
(0,0)(15,0)(15,15)(10,15)(10,26)(4,26)(4,13)(0,13)
Polygon:
(0,0)(11,0)(11,18)(0,18)
Polygon:
(0,0)(18,0)(18,5)(0,5)
Polygon:
(0,0)(11,0)(11,14)(0,14)
Polygon:
(0,0)(8,0)(8,8)(0,8)
Polygon:
(0,0)(3,0)(3,13)(0,13)
Polygon:
(0,0)(17,0)(17,2)(0,2)
Polygon:
(0,0)(43,0)(43,24)(31,24)(31,6)(15,6)(15,13)(0,13)
Polygon:
(0,0)(10,0)(10,16)(0,16)
Polygon:
(0,0)(31,0)(31,22)(23,22)(23,10)(10,10)(10,16)(0,16)
Polygon:
(0,0)(22,0)(22,6)(15,6)(15,15)(6,15)(6,4)(0,4)
Polygon:
(0,0)(17,0)(17,7)(0,7)
Polygon:
(0,0)(9,0)(9,16)(0,16)
Polygon:
(0,0)(3,0)(3,1)(0,1)
Polygon:
(0,0)(5,0)(5,11)(0,11)
Polygon:
(0,0)(28,0)(28,15)(17,15)(17,22)(1,22)(1,16)(0,16)
Polygon:
(0,0)(13,0)(13,3)(0,3)
Polygon:
(0,0)(28,0)(28,14)(10,14)(10,22)(3,22)(3,11)(0,11)
Polygon:
(0,0)(16,0)(16,9)(0,9)
Polygon:
(0,0)(28,0)(28,24)(22,24)(22,12)(17,12)(17,17)(0,17)
Polygon:
(0,0)(22,0)(22,23)(20,23)(20,11)(14,11)(14,16)(0,16)
Polygon:
(0,0)(8,0)(8,14)(0,14)
Polygon:
(0,0)(8,0)(8,12)(0,12)
Polygon:
(0,0)(13,0)(13,10)(0,10)
Polygon:
(0,0)(17,0)(17,2)(0,2)
Polygon:
(0,0)(13,0)(13,4)(0,4)
Polygon:
(0,0)(18,0)(18,10)(0,10)
Polygon:
(0,0)(11,0)(11,14)(5,14)(5,27)(1,27)(1,9)(0,9)
Polygon:
(0,0)(5,0)(5,10)(0,10)
Polygon:
(0,0)(6,0)(6,8)(0,8)
Polygon:
(0,0)(11,0)(11,1)(0,1)
Polygon:
(0,0)(21,0)(21,27)(8,27)(8,31)(5,31)(5,16)(0,16)
Polygon:
(0,0)(32,0)(32,14)(17,14)(17,32)(13,32)(13,15)(0,15)
Polygon:
(0,0)(25,0)(25,14)(10,14)(10,22)(8,22)(8,9)(0,9)
Polygon:
(0,0)(28,0)(28,18)(23,18)(23,11)(10,11)(10,14)(0,14)
Polygon:
(0,0)(16,0)(16,7)(0,7)
Polygon:
(0,0)(28,0)(28,10)(15,10)(15,12)(1,12)(1,1)(0,1)
Polygon:
(0,0)(11,0)(11,6)(0,6)
Polygon:
(0,0)(11,0)(11,11)(0,11)
Polygon:
(0,0)(4,0)(4,10)(0,10)
Polygon:
(0,0)(10,0)(10,3)(0,3)
Polygon:
(0,0)(35,0)(35,21)(27,21)(27,29)(16,29)(16,16)(0,16)
Polygon:
(0,0)(30,0)(30,25)(18,25)(18,9)(2,9)(2,15)(0,15)
Polygon:
(0,0)(5,0)(5,16)(0,16)
Polygon:
(0,0)(35,0)(35,2)(32,2)(32,1)(18,1)(18,11)(0,11)
Polygon:
(0,0)(48,0)(48,19)(30,19)(30,30)(16,30)(16,18)(0,18)
Polygon:
(0,0)(23,0)(23,24)(21,24)(21,26)(3,26)(3,10)(0,10)
Polygon:
(0,0)(8,0)(8,18)(0,18)
Polygon:
(0,0)(24,0)(24,5)(19,5)(19,9)(14,9)(14,8)(0,8)
Polygon:
(0,0)(31,0)(31,2)(13,2)(13,13)(3,13)(3,2)(0,2)
Polygon:
(0,0)(23,0)(23,33)(18,33)(18,35)(2,35)(2,17)(0,17)
Polygon:
(0,0)(35,0)(35,6)(22,6)(22,23)(18,23)(18,16)(0,16)
Polygon:
(0,0)(40,0)(40,14)(23,14)(23,30)(5,30)(5,12)(0,12)
Polygon:
(0,0)(16,0)(16,14)(0,14)
Polygon:
(0,0)(30,0)(30,14)(12,14)(12,8)(6,8)(6,10)(0,10)
Polygon:
(0,0)(5,0)(5,17)(0,17)
Polygon:
(0,0)(2,0)(2,4)(0,4)
Polygon:
(0,0)(9,0)(9,9)(0,9)
Polygon:
(0,0)(7,0)(7,14)(0,14)
Polygon:
(0,0)(41,0)(41,17)(32,17)(32,2)(18,2)(18,5)(0,5)
Polygon:
(0,0)(35,0)(35,19)(32,19)(32,21)(18,21)(18,15)(0,15)
Polygon:
(0,0)(6,0)(6,1)(0,1)
Polygon:
(0,0)(33,0)(33,15)(20,15)(20,19)(16,19)(16,1)(0,1)
Polygon:
(0,0)(4,0)(4,7)(0,7)
Polygon:
(0,0)(1,0)(1,12)(0,12)
Polygon:
(0,0)(16,0)(16,15)(0,15)
Polygon:
(0,0)(35,0)(35,9)(20,9)(20,20)(15,20)(15,6)(0,6)
Polygon:
(0,0)(6,0)(6,11)(0,11)
Polygon:
(0,0)(6,0)(6,12)(0,12)
Polygon:
(0,0)(30,0)(30,10)(14,10)(14,27)(1,27)(1,13)(0,13)
Polygon:
(0,0)(29,0)(29,8)(22,8)(22,13)(6,13)(6,1)(0,1)
Polygon:
(0,0)(2,0)(2,14)(0,14)
Polygon:
(0,0)(26,0)(26,24)(19,24)(19,26)(15,26)(15,11)(0,11)
Polygon:
(0,0)(8,0)(8,1)(0,1)
Polygon:
(0,0)(6,0)(6,18)(0,18)
Polygon:
(0,0)(16,0)(16,10)(0,10)
Polygon:
(0,0)(17,0)(17,15)(0,15)
Polygon:
(0,0)(48,0)(48,24)(30,24)(30,15)(17,15)(17,17)(0,17)
Polygon:
(0,0)(27,0)(27,19)(24,19)(24,3)(15,3)(15,6)(0,6)
Polygon:
(0,0)(17,0)(17,11)(0,11)
Polygon:
(0,0)(6,0)(6,7)(0,7)
Polygon:
(0,0)(6,0)(6,15)(0,15)
Polygon:
(0,0)(18,0)(18,15)(0,15)
Polygon:
(0,0)(37,0)(37,6)(24,6)(24,19)(9,19)(9,2)(0,2)
Polygon:
(0,0)(5,0)(5,7)(0,7)
Polygon:
(0,0)(1,0)(1,16)(0,16)
Polygon:
(0,0)(27,0)(27,5)(16,5)(16,23)(1,23)(1,12)(0,12)
Polygon:
(0,0)(36,0)(36,8)(20,8)(20,20)(12,20)(12,11)(0,11)
Polygon:
(0,0)(15,0)(15,8)(6,8)(6,5)(5,5)(5,8)(0,8)
Polygon:
(0,0)(23,0)(23,15)(10,15)(10,8)(9,8)(9,10)(0,10)
Polygon:
(0,0)(17,0)(17,11)(5,11)(5,18)(1,18)(1,3)(0,3)
Polygon:
(0,0)(4,0)(4,6)(0,6)
Polygon:
(0,0)(8,0)(8,14)(0,14)
Polygon:
(0,0)(16,0)(16,4)(0,4)
Polygon:
(0,0)(36,0)(36,6)(21,6)(21,1)(7,1)(7,6)(0,6)
Polygon:
(0,0)(7,0)(7,12)(0,12)
Polygon:
(0,0)(9,0)(9,4)(0,4)
Polygon:
(0,0)(34,0)(34,4)(24,4)(24,1)(17,1)(17,15)(0,15)
Polygon:
(0,0)(17,0)(17,6)(0,6)
Polygon:
(0,0)(18,0)(18,14)(0,14)
Polygon:
(0,0)(2,0)(2,12)(0,12)
Polygon:
(0,0)(27,0)(27,20)(20,20)(20,2)(14,2)(14,15)(0,15)
Polygon:
(0,0)(34,0)(34,13)(16,13)(16,6)(15,6)(15,13)(0,13)
Polygon:
(0,0)(5,0)(5,17)(0,17)
Polygon:
(0,0)(15,0)(15,11)(8,11)(8,29)(1,29)(1,16)(0,16)
Polygon:
(0,0)(3,0)(3,13)(0,13)
Polygon:
(0,0)(12,0)(12,8)(0,8)
Polygon:
(0,0)(21,0)(21,25)(18,25)(18,9)(12,9)(12,12)(0,12)
Polygon:
(0,0)(8,0)(8,18)(0,18)
Polygon:
(0,0)(2,0)(2,17)(0,17)
Polygon:
(0,0)(32,0)(32,7)(19,7)(19,1)(2,1)(2,8)(0,8)
Polygon:
(0,0)(41,0)(41,5)(24,5)(24,3)(12,3)(12,10)(0,10)
Polygon:
(0,0)(26,0)(26,9)(25,9)(25,16)(8,16)(8,12)(0,12)
Polygon:
(0,0)(30,0)(30,11)(20,11)(20,14)(9,14)(9,2)(0,2)
Polygon:
(0,0)(13,0)(13,18)(0,18)
Polygon:
(0,0)(42,0)(42,1)(36,1)(36,6)(18,6)(18,5)(0,5)
Polygon:
(0,0)(4,0)(4,10)(0,10)
Polygon:
(0,0)(24,0)(24,30)(20,30)(20,14)(18,14)(18,16)(0,16)
Polygon:
(0,0)(7,0)(7,14)(0,14)
Polygon:
(0,0)(2,0)(2,17)(0,17)
Polygon:
(0,0)(22,0)(22,23)(15,23)(15,26)(3,26)(3,10)(0,10)
Polygon:
(0,0)(16,0)(16,3)(0,3)
Polygon:
(0,0)(10,0)(10,11)(0,11)
Polygon:
(0,0)(3,0)(3,7)(0,7)
Polygon:
(0,0)(29,0)(29,4)(17,4)(17,17)(11,17)(11,12)(0,12)
Polygon:
(0,0)(4,0)(4,16)(0,16)
Polygon:
(0,0)(20,0)(20,19)(8,19)(8,29)(5,29)(5,13)(0,13)
Polygon:
(0,0)(12,0)(12,5)(0,5)
Polygon:
(0,0)(8,0)(8,4)(0,4)
Polygon:
(0,0)(14,0)(14,14)(0,14)
Polygon:
(0,0)(25,0)(25,7)(23,7)(23,18)(12,18)(12,1)(0,1)
Polygon:
(0,0)(11,0)(11,6)(8,6)(8,17)(2,17)(2,10)(0,10)
Polygon:
(0,0)(12,0)(12,11)(10,11)(10,17)(6,17)(6,11)(0,11)
Polygon:
(0,0)(4,0)(4,14)(0,14)
Polygon:
(0,0)(42,0)(42,3)(34,3)(34,15)(17,15)(17,9)(0,9)
Polygon:
(0,0)(29,0)(29,18)(26,18)(26,21)(9,21)(9,12)(0,12)
Polygon:
(0,0)(5,0)(5,17)(0,17)
Polygon:
(0,0)(14,0)(14,7)(0,7)
Polygon:
(0,0)(8,0)(8,10)(0,10)
Polygon:
(0,0)(3,0)(3,11)(0,11)
Polygon:
(0,0)(7,0)(7,17)(0,17)
Polygon:
(0,0)(3,0)(3,18)(0,18)
Polygon:
(0,0)(15,0)(15,3)(0,3)
Polygon:
(0,0)(29,0)(29,5)(27,5)(27,3)(12,3)(12,13)(0,13)
Polygon:
(0,0)(32,0)(32,10)(25,10)(25,25)(17,25)(17,17)(0,17)
Polygon:
(0,0)(30,0)(30,26)(14,26)(14,30)(3,30)(3,12)(0,12)
Polygon:
(0,0)(26,0)(26,19)(16,19)(16,23)(2,23)(2,16)(0,16)
Polygon:
(0,0)(38,0)(38,6)(27,6)(27,15)(12,15)(12,2)(0,2)
Polygon:
(0,0)(9,0)(9,6)(0,6)
Polygon:
(0,0)(5,0)(5,7)(0,7)
Polygon:
(0,0)(33,0)(33,20)(15,20)(15,8)(5,8)(5,18)(0,18)
Polygon:
(0,0)(14,0)(14,12)(7,12)(7,27)(3,27)(3,17)(0,17)
Polygon:
(0,0)(26,0)(26,29)(21,29)(21,11)(11,11)(11,16)(0,16)
Polygon:
(0,0)(15,0)(15,9)(0,9)
Polygon:
(0,0)(1,0)(1,3)(0,3)
Polygon:
(0,0)(23,0)(23,23)(11,23)(11,10)(9,10)(9,18)(0,18)
Polygon:
(0,0)(37,0)(37,24)(19,24)(19,34)(11,34)(11,18)(0,18)
Polygon:
(0,0)(28,0)(28,8)(25,8)(25,5)(11,5)(11,18)(0,18)
Polygon:
(0,0)(13,0)(13,1)(0,1)
Polygon:
(0,0)(16,0)(16,9)(0,9)
Polygon:
(0,0)(2,0)(2,6)(0,6)
Polygon:
(0,0)(1,0)(1,11)(0,11)
Polygon:
(0,0)(28,0)(28,7)(24,7)(24,3)(16,3)(16,12)(0,12)
Polygon:
(0,0)(2,0)(2,3)(0,3)
Polygon:
(0,0)(21,0)(21,17)(17,17)(17,9)(14,9)(14,14)(0,14)
Polygon:
(0,0)(13,0)(13,1)(0,1)
Polygon:
(0,0)(28,0)(28,11)(19,11)(19,16)(5,16)(5,2)(0,2)
Polygon:
(0,0)(36,0)(36,10)(31,10)(31,24)(16,24)(16,12)(0,12)
Polygon:
(0,0)(7,0)(7,12)(0,12)
Polygon:
(0,0)(7,0)(7,9)(0,9)
Polygon:
(0,0)(27,0)(27,20)(23,20)(23,26)(15,26)(15,11)(0,11)
Polygon:
(0,0)(14,0)(14,8)(9,8)(9,2)(1,2)(1,13)(0,13)
Polygon:
(0,0)(4,0)(4,8)(0,8)
Polygon:
(0,0)(11,0)(11,11)(0,11)
Polygon:
(0,0)(21,0)(21,10)(17,10)(17,1)(13,1)(13,17)(0,17)
Polygon:
(0,0)(27,0)(27,7)(11,7)(11,17)(8,17)(8,5)(0,5)
Polygon:
(0,0)(36,0)(36,16)(21,16)(21,2)(5,2)(5,6)(0,6)
Polygon:
(0,0)(9,0)(9,11)(0,11)
Polygon:
(0,0)(18,0)(18,1)(17,1)(17,6)(5,6)(5,4)(0,4)
Polygon:
(0,0)(17,0)(17,12)(0,12)
Polygon:
(0,0)(16,0)(16,12)(0,12)
Polygon:
(0,0)(47,0)(47,15)(30,15)(30,4)(15,4)(15,14)(0,14)
Polygon:
(0,0)(12,0)(12,11)(11,11)(11,7)(8,7)(8,16)(0,16)
Polygon:
(0,0)(4,0)(4,8)(0,8)
Polygon:
(0,0)(9,0)(9,14)(0,14)
Polygon:
(0,0)(1,0)(1,12)(0,12)
Polygon:
(0,0)(29,0)(29,5)(18,5)(18,18)(4,18)(4,2)(0,2)
Polygon:
(0,0)(11,0)(11,17)(0,17)
Polygon:
(0,0)(8,0)(8,8)(0,8)
Polygon:
(0,0)(31,0)(31,11)(23,11)(23,15)(8,15)(8,9)(0,9)
Polygon:
(0,0)(9,0)(9,5)(0,5)
Polygon:
(0,0)(16,0)(16,9)(0,9)
Polygon:
(0,0)(34,0)(34,15)(25,15)(25,2)(7,2)(7,8)(0,8)
Polygon:
(0,0)(15,0)(15,12)(9,12)(9,22)(7,22)(7,6)(0,6)
Polygon:
(0,0)(45,0)(45,13)(28,13)(28,27)(16,27)(16,9)(0,9)
Polygon:
(0,0)(16,0)(16,8)(0,8)
Polygon:
(0,0)(37,0)(37,6)(30,6)(30,16)(12,16)(12,10)(0,10)
Polygon:
(0,0)(17,0)(17,16)(0,16)
Polygon:
(0,0)(10,0)(10,7)(0,7)
Polygon:
(0,0)(8,0)(8,16)(0,16)
Polygon:
(0,0)(32,0)(32,19)(25,19)(25,20)(11,20)(11,9)(0,9)
Polygon:
(0,0)(16,0)(16,8)(0,8)
Polygon:
(0,0)(2,0)(2,4)(0,4)
Polygon:
(0,0)(20,0)(20,16)(15,16)(15,17)(2,17)(2,3)(0,3)
Polygon:
(0,0)(31,0)(31,22)(17,22)(17,6)(16,6)(16,11)(0,11)
Polygon:
(0,0)(9,0)(9,8)(8,8)(8,24)(4,24)(4,15)(0,15)
Polygon:
(0,0)(38,0)(38,6)(20,6)(20,22)(5,22)(5,10)(0,10)
Polygon:
(0,0)(12,0)(12,4)(0,4)
Polygon:
(0,0)(15,0)(15,14)(0,14)
Polygon:
(0,0)(7,0)(7,11)(0,11)
Polygon:
(0,0)(8,0)(8,17)(0,17)
Polygon:
(0,0)(3,0)(3,6)(0,6)
Polygon:
(0,0)(36,0)(36,34)(23,34)(23,35)(13,35)(13,18)(0,18)
Polygon:
(0,0)(12,0)(12,10)(0,10)
Polygon:
(0,0)(18,0)(18,18)(0,18)
Polygon:
(0,0)(1,0)(1,4)(0,4)
Polygon:
(0,0)(17,0)(17,6)(0,6)
Polygon:
(0,0)(15,0)(15,12)(0,12)
Polygon:
(0,0)(6,0)(6,6)(0,6)
Polygon:
(0,0)(10,0)(10,18)(0,18)
Polygon:
(0,0)(18,0)(18,15)(0,15)
Polygon:
(0,0)(17,0)(17,15)(0,15)
Polygon:
(0,0)(8,0)(8,2)(0,2)
Polygon:
(0,0)(29,0)(29,14)(15,14)(15,29)(14,29)(14,16)(0,16)
Polygon:
(0,0)(2,0)(2,8)(0,8)
Polygon:
(0,0)(17,0)(17,2)(0,2)
Polygon:
(0,0)(16,0)(16,7)(0,7)
Polygon:
(0,0)(34,0)(34,19)(26,19)(26,23)(8,23)(8,5)(0,5)
Polygon:
(0,0)(35,0)(35,21)(19,21)(19,29)(16,29)(16,15)(0,15)
Polygon:
(0,0)(30,0)(30,14)(21,14)(21,30)(7,30)(7,13)(0,13)
Polygon:
(0,0)(1,0)(1,17)(0,17)
Polygon:
(0,0)(15,0)(15,8)(0,8)
Polygon:
(0,0)(3,0)(3,1)(0,1)
Polygon:
(0,0)(14,0)(14,13)(0,13)
Polygon:
(0,0)(5,0)(5,2)(0,2)
Polygon:
(0,0)(27,0)(27,18)(21,18)(21,2)(8,2)(8,15)(0,15)
Polygon:
(0,0)(13,0)(13,15)(0,15)
Polygon:
(0,0)(3,0)(3,8)(0,8)
Polygon:
(0,0)(5,0)(5,14)(0,14)
Polygon:
(0,0)(17,0)(17,6)(0,6)
Polygon:
(0,0)(11,0)(11,13)(0,13)
Polygon:
(0,0)(1,0)(1,4)(0,4)
Polygon:
(0,0)(36,0)(36,7)(24,7)(24,23)(8,23)(8,17)(0,17)
Polygon:
(0,0)(29,0)(29,20)(17,20)(17,22)(7,22)(7,14)(0,14)
Polygon:
(0,0)(12,0)(12,18)(0,18)
Polygon:
(0,0)(11,0)(11,3)(0,3)
Polygon:
(0,0)(33,0)(33,18)(27,18)(27,20)(12,20)(12,9)(0,9)
Polygon:
(0,0)(4,0)(4,13)(0,13)
Polygon:
(0,0)(10,0)(10,13)(0,13)
Polygon:
(0,0)(29,0)(29,17)(20,17)(20,8)(9,8)(9,15)(0,15)
Polygon:
(0,0)(5,0)(5,10)(0,10)
Polygon:
(0,0)(17,0)(17,13)(0,13)
Polygon:
(0,0)(3,0)(3,13)(0,13)
Polygon:
(0,0)(12,0)(12,14)(8,14)(8,18)(3,18)(3,17)(0,17)
Polygon:
(0,0)(5,0)(5,13)(0,13)
Polygon:
(0,0)(4,0)(4,18)(0,18)
Polygon:
(0,0)(2,0)(2,6)(0,6)
Polygon:
(0,0)(15,0)(15,11)(5,11)(5,19)(1,19)(1,3)(0,3)
Polygon:
(0,0)(14,0)(14,1)(0,1)
Polygon:
(0,0)(6,0)(6,1)(0,1)
Polygon:
(0,0)(12,0)(12,1)(0,1)
Polygon:
(0,0)(2,0)(2,12)(0,12)
Polygon:
(0,0)(14,0)(14,14)(0,14)
Polygon:
(0,0)(4,0)(4,6)(0,6)
Polygon:
(0,0)(15,0)(15,6)(0,6)
Polygon:
(0,0)(5,0)(5,8)(0,8)
Polygon:
(0,0)(11,0)(11,15)(0,15)
Polygon:
(0,0)(17,0)(17,11)(0,11)
Polygon:
(0,0)(10,0)(10,5)(0,5)
Polygon:
(0,0)(14,0)(14,5)(0,5)
Polygon:
(0,0)(18,0)(18,13)(0,13)
Polygon:
(0,0)(18,0)(18,1)(0,1)
Polygon:
(0,0)(44,0)(44,25)(31,25)(31,26)(16,26)(16,14)(0,14)
Polygon:
(0,0)(15,0)(15,11)(0,11)
Polygon:
(0,0)(1,0)(1,6)(0,6)
Polygon:
(0,0)(4,0)(4,4)(0,4)
Polygon:
(0,0)(25,0)(25,18)(12,18)(12,25)(2,25)(2,11)(0,11)
Polygon:
(0,0)(15,0)(15,2)(0,2)
Polygon:
(0,0)(18,0)(18,11)(0,11)
Polygon:
(0,0)(27,0)(27,16)(12,16)(12,19)(5,19)(5,1)(0,1)
Polygon:
(0,0)(14,0)(14,17)(8,17)(8,22)(4,22)(4,18)(0,18)
Polygon:
(0,0)(5,0)(5,5)(0,5)
Polygon:
(0,0)(2,0)(2,18)(0,18)
Polygon:
(0,0)(34,0)(34,22)(33,22)(33,7)(16,7)(16,9)(0,9)
Polygon:
(0,0)(16,0)(16,15)(0,15)
Polygon:
(0,0)(11,0)(11,14)(0,14)
Polygon:
(0,0)(1,0)(1,10)(0,10)
Polygon:
(0,0)(17,0)(17,15)(0,15)
Polygon:
(0,0)(17,0)(17,15)(0,15)
Polygon:
(0,0)(15,0)(15,24)(14,24)(14,27)(6,27)(6,11)(0,11)
Polygon:
(0,0)(23,0)(23,10)(8,10)(8,22)(6,22)(6,18)(0,18)
Polygon:
(0,0)(16,0)(16,12)(10,12)(10,4)(9,4)(9,7)(0,7)
Polygon:
(0,0)(26,0)(26,1)(20,1)(20,12)(10,12)(10,7)(0,7)
Polygon:
(0,0)(26,0)(26,18)(17,18)(17,5)(7,5)(7,14)(0,14)
Polygon:
(0,0)(18,0)(18,4)(0,4)
Polygon:
(0,0)(34,0)(34,13)(17,13)(17,28)(4,28)(4,10)(0,10)
Polygon:
(0,0)(11,0)(11,17)(0,17)
Polygon:
(0,0)(25,0)(25,10)(9,10)(9,11)(1,11)(1,9)(0,9)
Polygon:
(0,0)(8,0)(8,15)(0,15)
Polygon:
(0,0)(15,0)(15,18)(0,18)
Polygon:
(0,0)(12,0)(12,15)(0,15)
Polygon:
(0,0)(4,0)(4,15)(0,15)
Polygon:
(0,0)(14,0)(14,14)(0,14)
Polygon:
(0,0)(14,0)(14,15)(0,15)
Polygon:
(0,0)(39,0)(39,21)(25,21)(25,25)(7,25)(7,10)(0,10)
Polygon:
(0,0)(1,0)(1,10)(0,10)
Polygon:
(0,0)(32,0)(32,2)(20,2)(20,13)(11,13)(11,4)(0,4)
Polygon:
(0,0)(31,0)(31,14)(24,14)(24,16)(8,16)(8,8)(0,8)
Polygon:
(0,0)(37,0)(37,8)(19,8)(19,1)(16,1)(16,4)(0,4)
Polygon:
(0,0)(27,0)(27,5)(16,5)(16,22)(4,22)(4,7)(0,7)
Polygon:
(0,0)(39,0)(39,20)(22,20)(22,2)(17,2)(17,17)(0,17)
Polygon:
(0,0)(34,0)(34,18)(30,18)(30,19)(16,19)(16,15)(0,15)
Polygon:
(0,0)(23,0)(23,12)(16,12)(16,9)(6,9)(6,15)(0,15)
Polygon:
(0,0)(21,0)(21,21)(12,21)(12,9)(4,9)(4,11)(0,11)
Polygon:
(0,0)(15,0)(15,3)(0,3)
Polygon:
(0,0)(12,0)(12,17)(0,17)
Polygon:
(0,0)(16,0)(16,18)(12,18)(12,22)(9,22)(9,6)(0,6)
Polygon:
(0,0)(27,0)(27,3)(23,3)(23,14)(15,14)(15,8)(0,8)
Polygon:
(0,0)(36,0)(36,12)(19,12)(19,27)(16,27)(16,12)(0,12)
Polygon:
(0,0)(11,0)(11,1)(0,1)
Polygon:
(0,0)(2,0)(2,13)(0,13)
Polygon:
(0,0)(10,0)(10,17)(0,17)
Polygon:
(0,0)(31,0)(31,4)(30,4)(30,21)(17,21)(17,6)(0,6)
Polygon:
(0,0)(13,0)(13,8)(0,8)
Polygon:
(0,0)(7,0)(7,9)(0,9)
Polygon:
(0,0)(44,0)(44,8)(32,8)(32,24)(17,24)(17,15)(0,15)
Polygon:
(0,0)(4,0)(4,7)(0,7)
Polygon:
(0,0)(30,0)(30,15)(19,15)(19,17)(11,17)(11,6)(0,6)
Polygon:
(0,0)(46,0)(46,14)(30,14)(30,16)(16,16)(16,4)(0,4)
Polygon:
(0,0)(38,0)(38,16)(24,16)(24,1)(17,1)(17,16)(0,16)
Polygon:
(0,0)(1,0)(1,2)(0,2)
Polygon:
(0,0)(16,0)(16,22)(15,22)(15,23)(14,23)(14,14)(0,14)
Polygon:
(0,0)(10,0)(10,13)(0,13)
Polygon:
(0,0)(19,0)(19,10)(14,10)(14,22)(4,22)(4,6)(0,6)
Polygon:
(0,0)(17,0)(17,2)(0,2)
Polygon:
(0,0)(5,0)(5,16)(0,16)
Polygon:
(0,0)(11,0)(11,1)(0,1)
Polygon:
(0,0)(7,0)(7,9)(0,9)
Polygon:
(0,0)(3,0)(3,9)(0,9)
Polygon:
(0,0)(12,0)(12,15)(11,15)(11,2)(7,2)(7,8)(0,8)
Polygon:
(0,0)(32,0)(32,13)(25,13)(25,3)(7,3)(7,17)(0,17)
Polygon:
(0,0)(3,0)(3,15)(0,15)
Polygon:
(0,0)(32,0)(32,3)(22,3)(22,14)(7,14)(7,5)(0,5)
Polygon:
(0,0)(7,0)(7,15)(0,15)
Polygon:
(0,0)(33,0)(33,20)(24,20)(24,11)(13,11)(13,17)(0,17)
Polygon:
(0,0)(6,0)(6,4)(0,4)
Polygon:
(0,0)(20,0)(20,15)(12,15)(12,1)(6,1)(6,15)(0,15)
Polygon:
(0,0)(2,0)(2,17)(0,17)
Polygon:
(0,0)(21,0)(21,19)(15,19)(15,20)(11,20)(11,15)(0,15)
Polygon:
(0,0)(39,0)(39,13)(27,13)(27,4)(16,4)(16,13)(0,13)
Polygon:
(0,0)(15,0)(15,7)(0,7)
Polygon:
(0,0)(4,0)(4,7)(0,7)
Polygon:
(0,0)(25,0)(25,25)(24,25)(24,32)(16,32)(16,18)(0,18)
Polygon:
(0,0)(11,0)(11,14)(0,14)
Polygon:
(0,0)(4,0)(4,5)(0,5)
Polygon:
(0,0)(5,0)(5,9)(0,9)
Polygon:
(0,0)(24,0)(24,25)(22,25)(22,29)(16,29)(16,11)(0,11)
Polygon:
(0,0)(23,0)(23,25)(16,25)(16,26)(12,26)(12,11)(0,11)
Polygon:
(0,0)(25,0)(25,2)(18,2)(18,19)(15,19)(15,6)(0,6)
Polygon:
(0,0)(11,0)(11,11)(0,11)
Polygon:
(0,0)(39,0)(39,15)(23,15)(23,17)(8,17)(8,5)(0,5)
Polygon:
(0,0)(11,0)(11,11)(0,11)
Polygon:
(0,0)(6,0)(6,14)(0,14)
Polygon:
(0,0)(8,0)(8,1)(0,1)
Polygon:
(0,0)(10,0)(10,13)(0,13)
Polygon:
(0,0)(12,0)(12,5)(0,5)
Polygon:
(0,0)(2,0)(2,18)(0,18)
Polygon:
(0,0)(34,0)(34,17)(22,17)(22,12)(17,12)(17,18)(0,18)
Polygon:
(0,0)(42,0)(42,6)(34,6)(34,24)(16,24)(16,16)(0,16)
Polygon:
(0,0)(34,0)(34,8)(23,8)(23,19)(5,19)(5,10)(0,10)
Polygon:
(0,0)(2,0)(2,13)(0,13)
Polygon:
(0,0)(19,0)(19,18)(10,18)(10,1)(2,1)(2,12)(0,12)
Polygon:
(0,0)(6,0)(6,5)(0,5)
Polygon:
(0,0)(37,0)(37,22)(22,22)(22,8)(6,8)(6,16)(0,16)
Polygon:
(0,0)(7,0)(7,16)(0,16)
Polygon:
(0,0)(27,0)(27,19)(16,19)(16,4)(4,4)(4,5)(0,5)
Polygon:
(0,0)(11,0)(11,9)(0,9)
Polygon:
(0,0)(15,0)(15,13)(0,13)
Polygon:
(0,0)(18,0)(18,6)(0,6)
Polygon:
(0,0)(2,0)(2,18)(0,18)
Polygon:
(0,0)(34,0)(34,18)(22,18)(22,26)(17,26)(17,13)(0,13)
Polygon:
(0,0)(17,0)(17,7)(0,7)
Polygon:
(0,0)(7,0)(7,14)(0,14)
Polygon:
(0,0)(5,0)(5,11)(0,11)
Polygon:
(0,0)(9,0)(9,7)(0,7)
Polygon:
(0,0)(41,0)(41,15)(24,15)(24,31)(6,31)(6,18)(0,18)
Polygon:
(0,0)(12,0)(12,13)(0,13)
Polygon:
(0,0)(5,0)(5,9)(0,9)
Polygon:
(0,0)(22,0)(22,2)(13,2)(13,1)(4,1)(4,4)(0,4)
Polygon:
(0,0)(1,0)(1,1)(0,1)
Polygon:
(0,0)(13,0)(13,14)(0,14)
Polygon:
(0,0)(11,0)(11,7)(0,7)
Polygon:
(0,0)(15,0)(15,4)(0,4)
Polygon:
(0,0)(10,0)(10,5)(0,5)
Polygon:
(0,0)(11,0)(11,23)(4,23)(4,15)(2,15)(2,16)(0,16)
Polygon:
(0,0)(3,0)(3,16)(0,16)
Polygon:
(0,0)(29,0)(29,21)(23,21)(23,5)(16,5)(16,17)(0,17)
Polygon:
(0,0)(5,0)(5,15)(0,15)
Polygon:
(0,0)(18,0)(18,9)(0,9)
Polygon:
(0,0)(17,0)(17,3)(0,3)
Polygon:
(0,0)(17,0)(17,27)(14,27)(14,10)(8,10)(8,15)(0,15)
Polygon:
(0,0)(12,0)(12,16)(0,16)
Polygon:
(0,0)(13,0)(13,17)(0,17)
Polygon:
(0,0)(2,0)(2,9)(0,9)
Polygon:
(0,0)(4,0)(4,12)(0,12)
Polygon:
(0,0)(13,0)(13,11)(0,11)
Polygon:
(0,0)(30,0)(30,7)(27,7)(27,1)(12,1)(12,11)(0,11)
Polygon:
(0,0)(1,0)(1,11)(0,11)
Polygon:
(0,0)(30,0)(30,5)(16,5)(16,21)(1,21)(1,3)(0,3)
Polygon:
(0,0)(28,0)(28,22)(19,22)(19,7)(1,7)(1,15)(0,15)
Polygon:
(0,0)(4,0)(4,5)(0,5)
Polygon:
(0,0)(33,0)(33,9)(19,9)(19,25)(3,25)(3,16)(0,16)
Polygon:
(0,0)(23,0)(23,19)(6,19)(6,21)(5,21)(5,8)(0,8)
Polygon:
(0,0)(10,0)(10,11)(0,11)
Polygon:
(0,0)(7,0)(7,6)(0,6)
Polygon:
(0,0)(14,0)(14,7)(0,7)
Polygon:
(0,0)(9,0)(9,2)(0,2)
Polygon:
(0,0)(18,0)(18,13)(0,13)
Polygon:
(0,0)(13,0)(13,20)(12,20)(12,25)(2,25)(2,15)(0,15)
Polygon:
(0,0)(13,0)(13,4)(0,4)
Polygon:
(0,0)(23,0)(23,29)(11,29)(11,13)(2,13)(2,22)(0,22)
Polygon:
(0,0)(41,0)(41,6)(28,6)(28,18)(16,18)(16,16)(0,16)
Polygon:
(0,0)(1,0)(1,18)(0,18)
Polygon:
(0,0)(12,0)(12,18)(0,18)
Polygon:
(0,0)(17,0)(17,6)(12,6)(12,14)(6,14)(6,3)(0,3)
Polygon:
(0,0)(15,0)(15,5)(0,5)
Polygon:
(0,0)(26,0)(26,16)(10,16)(10,6)(8,6)(8,9)(0,9)
Polygon:
(0,0)(18,0)(18,16)(0,16)
Polygon:
(0,0)(30,0)(30,15)(20,15)(20,16)(4,16)(4,6)(0,6)
Polygon:
(0,0)(4,0)(4,2)(0,2)
Polygon:
(0,0)(43,0)(43,18)(27,18)(27,8)(18,8)(18,17)(0,17)
Polygon:
(0,0)(5,0)(5,5)(0,5)
Polygon:
(0,0)(15,0)(15,2)(0,2)
Polygon:
(0,0)(25,0)(25,5)(16,5)(16,23)(6,23)(6,16)(0,16)
Polygon:
(0,0)(33,0)(33,18)(26,18)(26,6)(15,6)(15,7)(0,7)
Polygon:
(0,0)(20,0)(20,30)(5,30)(5,13)(2,13)(2,15)(0,15)
Polygon:
(0,0)(18,0)(18,17)(0,17)
Polygon:
(0,0)(30,0)(30,10)(19,10)(19,9)(8,9)(8,17)(0,17)
Polygon:
(0,0)(9,0)(9,3)(0,3)
Polygon:
(0,0)(24,0)(24,24)(8,24)(8,31)(2,31)(2,16)(0,16)
Polygon:
(0,0)(15,0)(15,8)(0,8)
Polygon:
(0,0)(29,0)(29,14)(12,14)(12,21)(5,21)(5,15)(0,15)
Polygon:
(0,0)(6,0)(6,5)(0,5)
Polygon:
(0,0)(24,0)(24,18)(14,18)(14,13)(13,13)(13,17)(0,17)
Polygon:
(0,0)(11,0)(11,2)(0,2)
Polygon:
(0,0)(21,0)(21,16)(6,16)(6,18)(4,18)(4,3)(0,3)
Polygon:
(0,0)(2,0)(2,5)(0,5)
Polygon:
(0,0)(6,0)(6,8)(0,8)
Polygon:
(0,0)(7,0)(7,6)(0,6)
Polygon:
(0,0)(46,0)(46,11)(29,11)(29,9)(17,9)(17,12)(0,12)
Polygon:
(0,0)(11,0)(11,12)(0,12)
Polygon:
(0,0)(25,0)(25,6)(19,6)(19,2)(2,2)(2,4)(0,4)
Polygon:
(0,0)(12,0)(12,14)(10,14)(10,15)(1,15)(1,2)(0,2)
Polygon:
(0,0)(26,0)(26,17)(18,17)(18,1)(1,1)(1,14)(0,14)
Polygon:
(0,0)(2,0)(2,7)(0,7)
Polygon:
(0,0)(16,0)(16,6)(0,6)
Polygon:
(0,0)(17,0)(17,8)(0,8)
Polygon:
(0,0)(12,0)(12,11)(0,11)
Polygon:
(0,0)(27,0)(27,9)(16,9)(16,4)(7,4)(7,17)(0,17)
Polygon:
(0,0)(39,0)(39,27)(27,27)(27,29)(11,29)(11,16)(0,16)
Polygon:
(0,0)(12,0)(12,15)(0,15)
Polygon:
(0,0)(5,0)(5,5)(0,5)
Polygon:
(0,0)(10,0)(10,12)(0,12)
Polygon:
(0,0)(8,0)(8,15)(0,15)
Polygon:
(0,0)(43,0)(43,14)(28,14)(28,16)(16,16)(16,6)(0,6)
Polygon:
(0,0)(10,0)(10,6)(0,6)
Polygon:
(0,0)(15,0)(15,15)(12,15)(12,7)(7,7)(7,12)(0,12)
Polygon:
(0,0)(26,0)(26,8)(22,8)(22,19)(5,19)(5,12)(0,12)
Polygon:
(0,0)(7,0)(7,16)(2,16)(2,18)(1,18)(1,3)(0,3)
Polygon:
(0,0)(15,0)(15,15)(0,15)
Polygon:
(0,0)(20,0)(20,3)(6,3)(6,16)(3,16)(3,2)(0,2)
Polygon:
(0,0)(19,0)(19,1)(16,1)(16,12)(11,12)(11,7)(0,7)
Polygon:
(0,0)(9,0)(9,17)(0,17)
Polygon:
(0,0)(23,0)(23,3)(19,3)(19,4)(11,4)(11,1)(0,1)
Polygon:
(0,0)(1,0)(1,10)(0,10)
Polygon:
(0,0)(34,0)(34,7)(30,7)(30,22)(12,22)(12,9)(0,9)
Polygon:
(0,0)(6,0)(6,11)(0,11)
Polygon:
(0,0)(22,0)(22,16)(19,16)(19,27)(14,27)(14,12)(0,12)
Polygon:
(0,0)(27,0)(27,9)(23,9)(23,11)(5,11)(5,9)(0,9)
Polygon:
(0,0)(11,0)(11,14)(4,14)(4,22)(3,22)(3,7)(0,7)
Polygon:
(0,0)(32,0)(32,14)(21,14)(21,17)(14,17)(14,6)(0,6)
Polygon:
(0,0)(22,0)(22,23)(20,23)(20,32)(17,32)(17,16)(0,16)
Polygon:
(0,0)(29,0)(29,22)(12,22)(12,25)(10,25)(10,9)(0,9)
Polygon:
(0,0)(35,0)(35,4)(26,4)(26,10)(17,10)(17,2)(0,2)
Polygon:
(0,0)(39,0)(39,30)(27,30)(27,12)(10,12)(10,17)(0,17)
Polygon:
(0,0)(13,0)(13,7)(0,7)
Polygon:
(0,0)(16,0)(16,16)(0,16)
Polygon:
(0,0)(16,0)(16,10)(0,10)
Polygon:
(0,0)(17,0)(17,8)(0,8)
Polygon:
(0,0)(11,0)(11,8)(0,8)
Polygon:
(0,0)(23,0)(23,6)(17,6)(17,5)(15,5)(15,10)(0,10)
Polygon:
(0,0)(6,0)(6,17)(0,17)
Polygon:
(0,0)(15,0)(15,1)(0,1)
Polygon:
(0,0)(3,0)(3,12)(0,12)
Polygon:
(0,0)(41,0)(41,15)(25,15)(25,18)(16,18)(16,8)(0,8)
Polygon:
(0,0)(32,0)(32,13)(28,13)(28,26)(11,26)(11,16)(0,16)
Polygon:
(0,0)(12,0)(12,10)(0,10)
Polygon:
(0,0)(47,0)(47,6)(31,6)(31,24)(14,24)(14,14)(0,14)
Polygon:
(0,0)(13,0)(13,5)(0,5)
Polygon:
(0,0)(15,0)(15,17)(0,17)
Polygon:
(0,0)(29,0)(29,15)(21,15)(21,3)(5,3)(5,12)(0,12)
Polygon:
(0,0)(10,0)(10,13)(0,13)
Polygon:
(0,0)(44,0)(44,15)(33,15)(33,8)(17,8)(17,11)(0,11)
Polygon:
(0,0)(18,0)(18,4)(0,4)
Polygon:
(0,0)(17,0)(17,13)(0,13)
Polygon:
(0,0)(11,0)(11,2)(0,2)
Polygon:
(0,0)(14,0)(14,6)(0,6)
Polygon:
(0,0)(22,0)(22,29)(17,29)(17,14)(4,14)(4,18)(0,18)
Polygon:
(0,0)(28,0)(28,13)(19,13)(19,16)(13,16)(13,1)(0,1)
Polygon:
(0,0)(3,0)(3,16)(0,16)
Polygon:
(0,0)(30,0)(30,16)(17,16)(17,23)(15,23)(15,6)(0,6)
Polygon:
(0,0)(30,0)(30,5)(14,5)(14,18)(5,18)(5,2)(0,2)
Polygon:
(0,0)(2,0)(2,8)(0,8)
Polygon:
(0,0)(27,0)(27,22)(12,22)(12,9)(8,9)(8,12)(0,12)
Polygon:
(0,0)(2,0)(2,12)(0,12)
Polygon:
(0,0)(16,0)(16,9)(0,9)
Polygon:
(0,0)(17,0)(17,5)(0,5)
Polygon:
(0,0)(7,0)(7,10)(0,10)
Polygon:
(0,0)(12,0)(12,15)(0,15)
Polygon:
(0,0)(23,0)(23,17)(20,17)(20,5)(5,5)(5,8)(0,8)
Polygon:
(0,0)(10,0)(10,7)(0,7)
Polygon:
(0,0)(46,0)(46,18)(28,18)(28,23)(12,23)(12,13)(0,13)
Polygon:
(0,0)(12,0)(12,13)(0,13)
Polygon:
(0,0)(6,0)(6,6)(0,6)
Polygon:
(0,0)(9,0)(9,11)(0,11)
Polygon:
(0,0)(8,0)(8,4)(0,4)
Polygon:
(0,0)(2,0)(2,17)(0,17)
Polygon:
(0,0)(37,0)(37,15)(19,15)(19,5)(10,5)(10,8)(0,8)
Polygon:
(0,0)(25,0)(25,19)(14,19)(14,23)(7,23)(7,6)(0,6)
Polygon:
(0,0)(24,0)(24,14)(20,14)(20,13)(8,13)(8,15)(0,15)
Polygon:
(0,0)(10,0)(10,4)(0,4)
Polygon:
(0,0)(37,0)(37,9)(19,9)(19,10)(14,10)(14,5)(0,5)
Polygon:
(0,0)(11,0)(11,1)(0,1)
Polygon:
(0,0)(12,0)(12,17)(0,17)
Polygon:
(0,0)(16,0)(16,14)(12,14)(12,23)(6,23)(6,7)(0,7)
Polygon:
(0,0)(12,0)(12,11)(0,11)
Polygon:
(0,0)(40,0)(40,8)(24,8)(24,21)(8,21)(8,4)(0,4)
Polygon:
(0,0)(42,0)(42,24)(24,24)(24,25)(9,25)(9,7)(0,7)
Polygon:
(0,0)(13,0)(13,16)(0,16)
Polygon:
(0,0)(10,0)(10,12)(0,12)
Polygon:
(0,0)(33,0)(33,9)(25,9)(25,19)(10,19)(10,3)(0,3)
Polygon:
(0,0)(5,0)(5,4)(0,4)
Polygon:
(0,0)(10,0)(10,9)(0,9)
Polygon:
(0,0)(10,0)(10,4)(0,4)
Polygon:
(0,0)(18,0)(18,14)(0,14)
Polygon:
(0,0)(31,0)(31,20)(25,20)(25,21)(7,21)(7,8)(0,8)
Polygon:
(0,0)(11,0)(11,4)(0,4)
Polygon:
(0,0)(12,0)(12,17)(0,17)
Polygon:
(0,0)(14,0)(14,7)(0,7)
Polygon:
(0,0)(28,0)(28,15)(19,15)(19,24)(16,24)(16,17)(0,17)
Polygon:
(0,0)(13,0)(13,6)(0,6)
Polygon:
(0,0)(8,0)(8,4)(0,4)
Polygon:
(0,0)(21,0)(21,11)(12,11)(12,27)(8,27)(8,13)(0,13)
Polygon:
(0,0)(14,0)(14,4)(0,4)
Polygon:
(0,0)(3,0)(3,7)(0,7)
Polygon:
(0,0)(7,0)(7,14)(0,14)
Polygon:
(0,0)(43,0)(43,24)(25,24)(25,27)(18,27)(18,9)(0,9)
Polygon:
(0,0)(23,0)(23,19)(14,19)(14,22)(13,22)(13,9)(0,9)
Polygon:
(0,0)(3,0)(3,14)(0,14)
Polygon:
(0,0)(23,0)(23,6)(13,6)(13,3)(2,3)(2,15)(0,15)
Polygon:
(0,0)(4,0)(4,2)(0,2)
Polygon:
(0,0)(11,0)(11,6)(0,6)
Polygon:
(0,0)(14,0)(14,14)(0,14)
Polygon:
(0,0)(37,0)(37,8)(23,8)(23,1)(15,1)(15,14)(0,14)
Polygon:
(0,0)(17,0)(17,15)(11,15)(11,9)(3,9)(3,11)(0,11)
Polygon:
(0,0)(14,0)(14,3)(0,3)
Polygon:
(0,0)(25,0)(25,13)(9,13)(9,20)(1,20)(1,9)(0,9)
Polygon:
(0,0)(17,0)(17,7)(0,7)
Polygon:
(0,0)(26,0)(26,30)(19,30)(19,35)(9,35)(9,17)(0,17)
Polygon:
(0,0)(23,0)(23,17)(19,17)(19,21)(11,21)(11,11)(0,11)
Polygon:
(0,0)(5,0)(5,5)(0,5)
Polygon:
(0,0)(18,0)(18,2)(0,2)
Polygon:
(0,0)(16,0)(16,4)(0,4)
Polygon:
(0,0)(12,0)(12,16)(0,16)
Polygon:
(0,0)(7,0)(7,11)(0,11)
Polygon:
(0,0)(8,0)(8,12)(6,12)(6,18)(3,18)(3,1)(0,1)
Polygon:
(0,0)(19,0)(19,12)(9,12)(9,9)(1,9)(1,16)(0,16)
Polygon:
(0,0)(4,0)(4,13)(0,13)
Polygon:
(0,0)(42,0)(42,16)(29,16)(29,23)(15,23)(15,8)(0,8)
Polygon:
(0,0)(15,0)(15,4)(0,4)
Polygon:
(0,0)(25,0)(25,21)(20,21)(20,10)(4,10)(4,14)(0,14)
Polygon:
(0,0)(6,0)(6,1)(0,1)
Polygon:
(0,0)(2,0)(2,9)(0,9)
Polygon:
(0,0)(34,0)(34,24)(19,24)(19,8)(16,8)(16,10)(0,10)
Polygon:
(0,0)(1,0)(1,3)(0,3)
Polygon:
(0,0)(1,0)(1,10)(0,10)
Polygon:
(0,0)(1,0)(1,12)(0,12)
Polygon:
(0,0)(23,0)(23,15)(19,15)(19,29)(6,29)(6,13)(0,13)
Polygon:
(0,0)(7,0)(7,4)(0,4)
Polygon:
(0,0)(14,0)(14,4)(0,4)
Polygon:
(0,0)(1,0)(1,11)(0,11)
Polygon:
(0,0)(19,0)(19,21)(7,21)(7,30)(2,30)(2,18)(0,18)
Polygon:
(0,0)(25,0)(25,23)(11,23)(11,26)(9,26)(9,18)(0,18)
Polygon:
(0,0)(18,0)(18,2)(0,2)
Polygon:
(0,0)(3,0)(3,10)(0,10)
Polygon:
(0,0)(5,0)(5,16)(0,16)
Polygon:
(0,0)(30,0)(30,5)(26,5)(26,7)(14,7)(14,2)(0,2)
Polygon:
(0,0)(2,0)(2,3)(0,3)
Polygon:
(0,0)(36,0)(36,5)(21,5)(21,13)(4,13)(4,5)(0,5)
Polygon:
(0,0)(6,0)(6,7)(0,7)
Polygon:
(0,0)(5,0)(5,7)(0,7)
Polygon:
(0,0)(2,0)(2,6)(0,6)
Polygon:
(0,0)(25,0)(25,19)(11,19)(11,2)(6,2)(6,14)(0,14)
Polygon:
(0,0)(37,0)(37,14)(20,14)(20,2)(15,2)(15,12)(0,12)
Polygon:
(0,0)(10,0)(10,9)(0,9)
Polygon:
(0,0)(32,0)(32,8)(21,8)(21,22)(9,22)(9,15)(0,15)
Polygon:
(0,0)(5,0)(5,17)(0,17)
Polygon:
(0,0)(14,0)(14,4)(0,4)
Polygon:
(0,0)(16,0)(16,13)(0,13)
Polygon:
(0,0)(3,0)(3,12)(0,12)
