Polygon:
(0,0)(20,0)(20,1)(16,1)(16,7)(0,7)
Polygon:
(0,0)(19,0)(19,6)(18,6)(18,7)(0,7)
Polygon:
(0,0)(34,0)(34,4)(18,4)(18,10)(0,10)
Polygon:
(0,0)(17,0)(17,10)(4,10)(4,23)(0,23)
Polygon:
(0,0)(27,0)(27,12)(11,12)(11,23)(0,23)
Polygon:
(0,0)(9,0)(9,17)(2,17)(2,22)(0,22)
Polygon:
(0,0)(20,0)(20,17)(6,17)(6,19)(0,19)
Polygon:
(0,0)(12,0)(12,8)(4,8)(4,25)(0,25)
Polygon:
(0,0)(15,0)(15,18)(4,18)(4,35)(0,35)
Polygon:
(0,0)(25,0)(25,10)(17,10)(17,21)(0,21)
Polygon:
(0,0)(14,0)(14,9)(3,9)(3,10)(0,10)
Polygon:
(0,0)(20,0)(20,5)(18,5)(18,15)(0,15)
Polygon:
(0,0)(7,0)(7,4)(6,4)(6,10)(0,10)
Polygon:
(0,0)(9,0)(9,18)(3,18)(3,28)(0,28)
Polygon:
(0,0)(34,0)(34,15)(17,15)(17,30)(0,30)
Polygon:
(0,0)(16,0)(16,16)(3,16)(3,27)(0,27)
Polygon:
(0,0)(13,0)(13,2)(5,2)(5,16)(0,16)
Polygon:
(0,0)(21,0)(21,14)(10,14)(10,26)(0,26)
Polygon:
(0,0)(28,0)(28,7)(10,7)(10,9)(0,9)
Polygon:
(0,0)(18,0)(18,1)(11,1)(11,3)(0,3)
Polygon:
(0,0)(11,0)(11,1)(9,1)(9,13)(0,13)
Polygon:
(0,0)(9,0)(9,3)(1,3)(1,5)(0,5)
Polygon:
(0,0)(28,0)(28,17)(11,17)(11,21)(0,21)
Polygon:
(0,0)(12,0)(12,17)(7,17)(7,30)(0,30)
Polygon:
(0,0)(11,0)(11,12)(8,12)(8,25)(0,25)
Polygon:
(0,0)(15,0)(15,14)(8,14)(8,16)(0,16)
Polygon:
(0,0)(13,0)(13,16)(11,16)(11,25)(0,25)
Polygon:
(0,0)(25,0)(25,12)(15,12)(15,22)(0,22)
Polygon:
(0,0)(9,0)(9,10)(5,10)(5,27)(0,27)
Polygon:
(0,0)(28,0)(28,5)(17,5)(17,17)(0,17)
Polygon:
(0,0)(17,0)(17,18)(4,18)(4,36)(0,36)
Polygon:
(0,0)(16,0)(16,2)(15,2)(15,9)(0,9)
Polygon:
(0,0)(18,0)(18,4)(4,4)(4,18)(0,18)
Polygon:
(0,0)(25,0)(25,16)(10,16)(10,27)(0,27)
Polygon:
(0,0)(33,0)(33,16)(18,16)(18,17)(0,17)
Polygon:
(0,0)(22,0)(22,11)(15,11)(15,27)(0,27)
Polygon:
(0,0)(15,0)(15,5)(13,5)(13,19)(0,19)
Polygon:
(0,0)(30,0)(30,2)(12,2)(12,10)(0,10)
Polygon:
(0,0)(15,0)(15,16)(4,16)(4,18)(0,18)
Polygon:
(0,0)(15,0)(15,10)(10,10)(10,27)(0,27)
Polygon:
(0,0)(16,0)(16,1)(14,1)(14,16)(0,16)
Polygon:
(0,0)(14,0)(14,4)(8,4)(8,10)(0,10)
Polygon:
(0,0)(26,0)(26,2)(17,2)(17,18)(0,18)
Polygon:
(0,0)(14,0)(14,1)(7,1)(7,9)(0,9)
Polygon:
(0,0)(26,0)(26,17)(10,17)(10,26)(0,26)
Polygon:
(0,0)(34,0)(34,13)(16,13)(16,29)(0,29)
Polygon:
(0,0)(8,0)(8,2)(6,2)(6,11)(0,11)
Polygon:
(0,0)(17,0)(17,5)(16,5)(16,13)(0,13)
Polygon:
(0,0)(28,0)(28,7)(12,7)(12,24)(0,24)
Polygon:
(0,0)(28,0)(28,5)(12,5)(12,6)(0,6)
Polygon:
(0,0)(23,0)(23,6)(9,6)(9,16)(0,16)
Polygon:
(0,0)(19,0)(19,14)(3,14)(3,21)(0,21)
Polygon:
(0,0)(18,0)(18,6)(2,6)(2,21)(0,21)
Polygon:
(0,0)(18,0)(18,8)(13,8)(13,11)(0,11)
Polygon:
(0,0)(31,0)(31,2)(18,2)(18,6)(0,6)
Polygon:
(0,0)(18,0)(18,17)(13,17)(13,27)(0,27)
Polygon:
(0,0)(21,0)(21,13)(13,13)(13,27)(0,27)
Polygon:
(0,0)(2,0)(2,15)(1,15)(1,17)(0,17)
Polygon:
(0,0)(9,0)(9,1)(3,1)(3,16)(0,16)
Polygon:
(0,0)(6,0)(6,12)(1,12)(1,17)(0,17)
Polygon:
(0,0)(28,0)(28,18)(13,18)(13,32)(0,32)
Polygon:
(0,0)(13,0)(13,8)(10,8)(10,21)(0,21)
Polygon:
(0,0)(25,0)(25,9)(11,9)(11,13)(0,13)
Polygon:
(0,0)(19,0)(19,16)(13,16)(13,32)(0,32)
Polygon:
(0,0)(12,0)(12,2)(4,2)(4,13)(0,13)
Polygon:
(0,0)(31,0)(31,4)(17,4)(17,12)(0,12)
Polygon:
(0,0)(23,0)(23,6)(12,6)(12,18)(0,18)
Polygon:
(0,0)(12,0)(12,13)(3,13)(3,25)(0,25)
Polygon:
(0,0)(6,0)(6,1)(3,1)(3,19)(0,19)
Polygon:
(0,0)(17,0)(17,12)(8,12)(8,19)(0,19)
Polygon:
(0,0)(24,0)(24,1)(17,1)(17,8)(0,8)
Polygon:
(0,0)(17,0)(17,11)(13,11)(13,21)(0,21)
Polygon:
(0,0)(12,0)(12,3)(9,3)(9,9)(0,9)
Polygon:
(0,0)(18,0)(18,1)(14,1)(14,3)(0,3)
Polygon:
(0,0)(5,0)(5,10)(1,10)(1,13)(0,13)
Polygon:
(0,0)(8,0)(8,12)(6,12)(6,26)(0,26)
Polygon:
(0,0)(11,0)(11,13)(4,13)(4,21)(0,21)
Polygon:
(0,0)(23,0)(23,13)(13,13)(13,21)(0,21)
Polygon:
(0,0)(26,0)(26,1)(13,1)(13,13)(0,13)
Polygon:
(0,0)(29,0)(29,12)(16,12)(16,24)(0,24)
Polygon:
(0,0)(30,0)(30,4)(12,4)(12,15)(0,15)
Polygon:
(0,0)(19,0)(19,3)(6,3)(6,13)(0,13)
Polygon:
(0,0)(22,0)(22,10)(8,10)(8,21)(0,21)
Polygon:
(0,0)(17,0)(17,14)(14,14)(14,30)(0,30)
Polygon:
(0,0)(19,0)(19,4)(2,4)(2,9)(0,9)
Polygon:
(0,0)(24,0)(24,11)(16,11)(16,19)(0,19)
Polygon:
(0,0)(27,0)(27,13)(16,13)(16,20)(0,20)
Polygon:
(0,0)(11,0)(11,5)(8,5)(8,17)(0,17)
Polygon:
(0,0)(22,0)(22,18)(6,18)(6,25)(0,25)
Polygon:
(0,0)(31,0)(31,17)(16,17)(16,29)(0,29)
Polygon:
(0,0)(31,0)(31,8)(14,8)(14,19)(0,19)
Polygon:
(0,0)(29,0)(29,18)(16,18)(16,33)(0,33)
Polygon:
(0,0)(26,0)(26,1)(8,1)(8,3)(0,3)
Polygon:
(0,0)(29,0)(29,8)(12,8)(12,21)(0,21)
Polygon:
(0,0)(18,0)(18,15)(1,15)(1,21)(0,21)
Polygon:
(0,0)(8,0)(8,5)(3,5)(3,8)(0,8)
Polygon:
(0,0)(26,0)(26,16)(18,16)(18,30)(0,30)
Polygon:
(0,0)(6,0)(6,7)(2,7)(2,16)(0,16)
Polygon:
(0,0)(28,0)(28,14)(13,14)(13,21)(0,21)
Polygon:
(0,0)(19,0)(19,12)(9,12)(9,18)(0,18)
Polygon:
(0,0)(8,0)(8,6)(4,6)(4,18)(0,18)
Polygon:
(0,0)(27,0)(27,3)(11,3)(11,12)(0,12)
Polygon:
(0,0)(30,0)(30,16)(13,16)(13,24)(0,24)
Polygon:
(0,0)(20,0)(20,1)(7,1)(7,3)(0,3)
Polygon:
(0,0)(14,0)(14,11)(11,11)(11,15)(0,15)
Polygon:
(0,0)(18,0)(18,14)(3,14)(3,29)(0,29)
Polygon:
(0,0)(23,0)(23,2)(14,2)(14,14)(0,14)
Polygon:
(0,0)(16,0)(16,7)(8,7)(8,10)(0,10)
Polygon:
(0,0)(20,0)(20,17)(8,17)(8,28)(0,28)
Polygon:
(0,0)(18,0)(18,14)(9,14)(9,25)(0,25)
Polygon:
(0,0)(9,0)(9,5)(7,5)(7,19)(0,19)
Polygon:
(0,0)(16,0)(16,8)(4,8)(4,16)(0,16)
Polygon:
(0,0)(18,0)(18,7)(17,7)(17,21)(0,21)
Polygon:
(0,0)(28,0)(28,16)(17,16)(17,33)(0,33)
Polygon:
(0,0)(33,0)(33,16)(16,16)(16,18)(0,18)
Polygon:
(0,0)(21,0)(21,8)(11,8)(11,17)(0,17)
Polygon:
(0,0)(16,0)(16,8)(3,8)(3,15)(0,15)
Polygon:
(0,0)(23,0)(23,17)(14,17)(14,25)(0,25)
Polygon:
(0,0)(23,0)(23,12)(17,12)(17,22)(0,22)
Polygon:
(0,0)(22,0)(22,12)(14,12)(14,21)(0,21)
Polygon:
(0,0)(17,0)(17,14)(13,14)(13,26)(0,26)
Polygon:
(0,0)(21,0)(21,3)(5,3)(5,5)(0,5)
Polygon:
(0,0)(26,0)(26,6)(9,6)(9,16)(0,16)
Polygon:
(0,0)(26,0)(26,4)(10,4)(10,6)(0,6)
Polygon:
(0,0)(7,0)(7,11)(2,11)(2,21)(0,21)
Polygon:
(0,0)(21,0)(21,13)(7,13)(7,18)(0,18)
Polygon:
(0,0)(24,0)(24,10)(7,10)(7,17)(0,17)
Polygon:
(0,0)(18,0)(18,13)(7,13)(7,14)(0,14)
Polygon:
(0,0)(20,0)(20,7)(15,7)(15,19)(0,19)
Polygon:
(0,0)(10,0)(10,1)(7,1)(7,8)(0,8)
Polygon:
(0,0)(28,0)(28,10)(11,10)(11,15)(0,15)
Polygon:
(0,0)(25,0)(25,9)(18,9)(18,15)(0,15)
Polygon:
(0,0)(20,0)(20,17)(3,17)(3,30)(0,30)
Polygon:
(0,0)(12,0)(12,12)(11,12)(11,29)(0,29)
Polygon:
(0,0)(11,0)(11,17)(9,17)(9,30)(0,30)
Polygon:
(0,0)(29,0)(29,1)(15,1)(15,19)(0,19)
Polygon:
(0,0)(21,0)(21,14)(7,14)(7,28)(0,28)
Polygon:
(0,0)(11,0)(11,5)(2,5)(2,22)(0,22)
Polygon:
(0,0)(15,0)(15,10)(8,10)(8,21)(0,21)
Polygon:
(0,0)(19,0)(19,17)(7,17)(7,27)(0,27)
Polygon:
(0,0)(16,0)(16,10)(12,10)(12,20)(0,20)
Polygon:
(0,0)(10,0)(10,18)(1,18)(1,27)(0,27)
Polygon:
(0,0)(29,0)(29,17)(13,17)(13,20)(0,20)
Polygon:
(0,0)(5,0)(5,3)(3,3)(3,16)(0,16)
Polygon:
(0,0)(25,0)(25,13)(8,13)(8,14)(0,14)
Polygon:
(0,0)(22,0)(22,13)(6,13)(6,20)(0,20)
Polygon:
(0,0)(19,0)(19,16)(4,16)(4,20)(0,20)
Polygon:
(0,0)(15,0)(15,16)(5,16)(5,20)(0,20)
Polygon:
(0,0)(29,0)(29,11)(16,11)(16,20)(0,20)
Polygon:
(0,0)(29,0)(29,2)(13,2)(13,9)(0,9)
Polygon:
(0,0)(8,0)(8,11)(5,11)(5,19)(0,19)
Polygon:
(0,0)(8,0)(8,16)(6,16)(6,20)(0,20)
Polygon:
(0,0)(21,0)(21,6)(9,6)(9,19)(0,19)
Polygon:
(0,0)(15,0)(15,17)(7,17)(7,34)(0,34)
Polygon:
(0,0)(25,0)(25,4)(8,4)(8,7)(0,7)
Polygon:
(0,0)(12,0)(12,12)(2,12)(2,17)(0,17)
Polygon:
(0,0)(24,0)(24,2)(18,2)(18,20)(0,20)
Polygon:
(0,0)(18,0)(18,9)(17,9)(17,16)(0,16)
Polygon:
(0,0)(28,0)(28,12)(18,12)(18,24)(0,24)
Polygon:
(0,0)(27,0)(27,4)(17,4)(17,18)(0,18)
Polygon:
(0,0)(10,0)(10,12)(1,12)(1,26)(0,26)
Polygon:
(0,0)(22,0)(22,5)(14,5)(14,21)(0,21)
Polygon:
(0,0)(21,0)(21,5)(12,5)(12,20)(0,20)
Polygon:
(0,0)(21,0)(21,16)(10,16)(10,19)(0,19)
Polygon:
(0,0)(10,0)(10,17)(8,17)(8,30)(0,30)
Polygon:
(0,0)(18,0)(18,6)(15,6)(15,19)(0,19)
Polygon:
(0,0)(17,0)(17,10)(10,10)(10,16)(0,16)
Polygon:
(0,0)(6,0)(6,7)(4,7)(4,12)(0,12)
Polygon:
(0,0)(20,0)(20,6)(7,6)(7,13)(0,13)
Polygon:
(0,0)(5,0)(5,15)(1,15)(1,33)(0,33)
Polygon:
(0,0)(23,0)(23,7)(12,7)(12,25)(0,25)
Polygon:
(0,0)(29,0)(29,5)(15,5)(15,8)(0,8)
Polygon:
(0,0)(10,0)(10,2)(8,2)(8,11)(0,11)
Polygon:
(0,0)(20,0)(20,9)(10,9)(10,18)(0,18)
Polygon:
(0,0)(10,0)(10,14)(9,14)(9,30)(0,30)
Polygon:
(0,0)(33,0)(33,4)(18,4)(18,11)(0,11)
Polygon:
(0,0)(18,0)(18,1)(4,1)(4,11)(0,11)
Polygon:
(0,0)(26,0)(26,4)(9,4)(9,15)(0,15)
Polygon:
(0,0)(21,0)(21,12)(7,12)(7,19)(0,19)
Polygon:
(0,0)(13,0)(13,13)(7,13)(7,27)(0,27)
Polygon:
(0,0)(13,0)(13,11)(9,11)(9,18)(0,18)
Polygon:
(0,0)(18,0)(18,13)(5,13)(5,30)(0,30)
Polygon:
(0,0)(13,0)(13,8)(4,8)(4,26)(0,26)
Polygon:
(0,0)(23,0)(23,7)(15,7)(15,11)(0,11)
Polygon:
(0,0)(17,0)(17,17)(4,17)(4,18)(0,18)
Polygon:
(0,0)(10,0)(10,3)(8,3)(8,18)(0,18)
Polygon:
(0,0)(24,0)(24,17)(18,17)(18,19)(0,19)
Polygon:
(0,0)(21,0)(21,17)(3,17)(3,21)(0,21)
Polygon:
(0,0)(10,0)(10,15)(3,15)(3,26)(0,26)
Polygon:
(0,0)(12,0)(12,17)(9,17)(9,35)(0,35)
Polygon:
(0,0)(21,0)(21,12)(14,12)(14,17)(0,17)
Polygon:
(0,0)(17,0)(17,8)(2,8)(2,25)(0,25)
Polygon:
(0,0)(12,0)(12,9)(6,9)(6,18)(0,18)
Polygon:
(0,0)(24,0)(24,8)(17,8)(17,26)(0,26)
Polygon:
(0,0)(19,0)(19,18)(18,18)(18,25)(0,25)
Polygon:
(0,0)(16,0)(16,2)(8,2)(8,19)(0,19)
Polygon:
(0,0)(27,0)(27,5)(15,5)(15,15)(0,15)
Polygon:
(0,0)(22,0)(22,16)(14,16)(14,33)(0,33)
Polygon:
(0,0)(3,0)(3,18)(2,18)(2,36)(0,36)
Polygon:
(0,0)(21,0)(21,14)(18,14)(18,18)(0,18)
Polygon:
(0,0)(11,0)(11,11)(8,11)(8,26)(0,26)
Polygon:
(0,0)(24,0)(24,16)(7,16)(7,23)(0,23)
Polygon:
(0,0)(12,0)(12,6)(2,6)(2,15)(0,15)
Polygon:
(0,0)(25,0)(25,9)(11,9)(11,14)(0,14)
Polygon:
(0,0)(23,0)(23,14)(17,14)(17,24)(0,24)
Polygon:
(0,0)(25,0)(25,8)(11,8)(11,19)(0,19)
Polygon:
(0,0)(17,0)(17,14)(2,14)(2,22)(0,22)
Polygon:
(0,0)(29,0)(29,2)(12,2)(12,10)(0,10)
Polygon:
(0,0)(26,0)(26,12)(8,12)(8,28)(0,28)
Polygon:
(0,0)(26,0)(26,9)(16,9)(16,12)(0,12)
Polygon:
(0,0)(26,0)(26,8)(17,8)(17,12)(0,12)
Polygon:
(0,0)(15,0)(15,18)(4,18)(4,33)(0,33)
Polygon:
(0,0)(18,0)(18,8)(11,8)(11,19)(0,19)
Polygon:
(0,0)(18,0)(18,18)(2,18)(2,36)(0,36)
Polygon:
(0,0)(11,0)(11,12)(7,12)(7,20)(0,20)
Polygon:
(0,0)(22,0)(22,9)(13,9)(13,21)(0,21)
Polygon:
(0,0)(14,0)(14,15)(12,15)(12,16)(0,16)
Polygon:
(0,0)(25,0)(25,13)(16,13)(16,25)(0,25)
Polygon:
(0,0)(23,0)(23,14)(10,14)(10,26)(0,26)
Polygon:
(0,0)(21,0)(21,8)(13,8)(13,12)(0,12)
Polygon:
(0,0)(25,0)(25,2)(12,2)(12,11)(0,11)
Polygon:
(0,0)(22,0)(22,13)(16,13)(16,29)(0,29)
Polygon:
(0,0)(28,0)(28,12)(14,12)(14,24)(0,24)
Polygon:
(0,0)(32,0)(32,18)(18,18)(18,28)(0,28)
Polygon:
(0,0)(18,0)(18,2)(17,2)(17,4)(0,4)
Polygon:
(0,0)(19,0)(19,15)(16,15)(16,22)(0,22)
Polygon:
(0,0)(7,0)(7,4)(1,4)(1,22)(0,22)
Polygon:
(0,0)(16,0)(16,14)(8,14)(8,22)(0,22)
Polygon:
(0,0)(23,0)(23,15)(17,15)(17,19)(0,19)
Polygon:
(0,0)(16,0)(16,5)(12,5)(12,20)(0,20)
Polygon:
(0,0)(24,0)(24,11)(6,11)(6,29)(0,29)
Polygon:
(0,0)(24,0)(24,15)(15,15)(15,18)(0,18)
Polygon:
(0,0)(22,0)(22,11)(15,11)(15,29)(0,29)
Polygon:
(0,0)(19,0)(19,15)(5,15)(5,32)(0,32)
Polygon:
(0,0)(27,0)(27,1)(11,1)(11,16)(0,16)
Polygon:
(0,0)(13,0)(13,17)(1,17)(1,23)(0,23)
Polygon:
(0,0)(21,0)(21,14)(7,14)(7,23)(0,23)
Polygon:
(0,0)(22,0)(22,16)(4,16)(4,26)(0,26)
Polygon:
(0,0)(27,0)(27,10)(18,10)(18,12)(0,12)
Polygon:
(0,0)(15,0)(15,5)(10,5)(10,6)(0,6)
Polygon:
(0,0)(3,0)(3,17)(1,17)(1,18)(0,18)
Polygon:
(0,0)(17,0)(17,11)(4,11)(4,12)(0,12)
Polygon:
(0,0)(13,0)(13,17)(11,17)(11,32)(0,32)
Polygon:
(0,0)(12,0)(12,14)(10,14)(10,17)(0,17)
Polygon:
(0,0)(21,0)(21,13)(3,13)(3,28)(0,28)
Polygon:
(0,0)(5,0)(5,12)(3,12)(3,16)(0,16)
Polygon:
(0,0)(27,0)(27,15)(17,15)(17,19)(0,19)
Polygon:
(0,0)(34,0)(34,15)(16,15)(16,28)(0,28)
Polygon:
(0,0)(18,0)(18,9)(7,9)(7,25)(0,25)
Polygon:
(0,0)(20,0)(20,5)(3,5)(3,7)(0,7)
Polygon:
(0,0)(21,0)(21,5)(15,5)(15,7)(0,7)
Polygon:
(0,0)(16,0)(16,3)(10,3)(10,9)(0,9)
Polygon:
(0,0)(29,0)(29,1)(12,1)(12,18)(0,18)
Polygon:
(0,0)(19,0)(19,4)(10,4)(10,11)(0,11)
Polygon:
(0,0)(20,0)(20,6)(9,6)(9,7)(0,7)
Polygon:
(0,0)(23,0)(23,5)(8,5)(8,18)(0,18)
Polygon:
(0,0)(10,0)(10,1)(3,1)(3,16)(0,16)
Polygon:
(0,0)(22,0)(22,14)(6,14)(6,23)(0,23)
Polygon:
(0,0)(22,0)(22,18)(6,18)(6,26)(0,26)
Polygon:
(0,0)(23,0)(23,4)(12,4)(12,21)(0,21)
Polygon:
(0,0)(9,0)(9,7)(7,7)(7,16)(0,16)
Polygon:
(0,0)(33,0)(33,14)(17,14)(17,21)(0,21)
Polygon:
(0,0)(11,0)(11,18)(2,18)(2,36)(0,36)
Polygon:
(0,0)(14,0)(14,4)(12,4)(12,18)(0,18)
Polygon:
(0,0)(21,0)(21,12)(3,12)(3,17)(0,17)
Polygon:
(0,0)(26,0)(26,12)(16,12)(16,29)(0,29)
Polygon:
(0,0)(15,0)(15,3)(9,3)(9,20)(0,20)
Polygon:
(0,0)(20,0)(20,11)(11,11)(11,19)(0,19)
Polygon:
(0,0)(18,0)(18,12)(3,12)(3,19)(0,19)
Polygon:
(0,0)(30,0)(30,1)(15,1)(15,10)(0,10)
Polygon:
(0,0)(34,0)(34,18)(16,18)(16,30)(0,30)
Polygon:
(0,0)(8,0)(8,5)(5,5)(5,19)(0,19)
Polygon:
(0,0)(22,0)(22,6)(7,6)(7,13)(0,13)
Polygon:
(0,0)(17,0)(17,2)(10,2)(10,12)(0,12)
Polygon:
(0,0)(21,0)(21,4)(7,4)(7,11)(0,11)
Polygon:
(0,0)(19,0)(19,2)(15,2)(15,15)(0,15)
Polygon:
(0,0)(20,0)(20,12)(18,12)(18,14)(0,14)
Polygon:
(0,0)(18,0)(18,14)(11,14)(11,17)(0,17)
Polygon:
(0,0)(11,0)(11,4)(7,4)(7,17)(0,17)
Polygon:
(0,0)(20,0)(20,3)(9,3)(9,18)(0,18)
Polygon:
(0,0)(16,0)(16,9)(1,9)(1,10)(0,10)
Polygon:
(0,0)(24,0)(24,6)(14,6)(14,12)(0,12)
Polygon:
(0,0)(16,0)(16,10)(13,10)(13,18)(0,18)
Polygon:
(0,0)(16,0)(16,5)(4,5)(4,11)(0,11)
Polygon:
(0,0)(11,0)(11,7)(1,7)(1,20)(0,20)
Polygon:
(0,0)(20,0)(20,10)(6,10)(6,24)(0,24)
Polygon:
(0,0)(12,0)(12,6)(9,6)(9,11)(0,11)
Polygon:
(0,0)(12,0)(12,9)(8,9)(8,27)(0,27)
Polygon:
(0,0)(22,0)(22,12)(11,12)(11,30)(0,30)
Polygon:
(0,0)(25,0)(25,5)(13,5)(13,17)(0,17)
Polygon:
(0,0)(17,0)(17,1)(12,1)(12,11)(0,11)
Polygon:
(0,0)(18,0)(18,16)(14,16)(14,19)(0,19)
Polygon:
(0,0)(25,0)(25,15)(16,15)(16,21)(0,21)
Polygon:
(0,0)(15,0)(15,16)(7,16)(7,25)(0,25)
Polygon:
(0,0)(22,0)(22,1)(9,1)(9,14)(0,14)
Polygon:
(0,0)(19,0)(19,13)(1,13)(1,24)(0,24)
Polygon:
(0,0)(24,0)(24,15)(14,15)(14,27)(0,27)
Polygon:
(0,0)(8,0)(8,8)(6,8)(6,17)(0,17)
Polygon:
(0,0)(22,0)(22,6)(15,6)(15,17)(0,17)
Polygon:
(0,0)(12,0)(12,2)(9,2)(9,16)(0,16)
Polygon:
(0,0)(16,0)(16,14)(4,14)(4,27)(0,27)
Polygon:
(0,0)(20,0)(20,12)(3,12)(3,14)(0,14)
Polygon:
(0,0)(17,0)(17,11)(3,11)(3,16)(0,16)
Polygon:
(0,0)(29,0)(29,13)(14,13)(14,17)(0,17)
Polygon:
(0,0)(12,0)(12,8)(2,8)(2,26)(0,26)
Polygon:
(0,0)(22,0)(22,17)(13,17)(13,22)(0,22)
Polygon:
(0,0)(18,0)(18,14)(4,14)(4,16)(0,16)
Polygon:
(0,0)(15,0)(15,12)(13,12)(13,21)(0,21)
Polygon:
(0,0)(18,0)(18,8)(4,8)(4,20)(0,20)
Polygon:
(0,0)(32,0)(32,9)(16,9)(16,15)(0,15)
Polygon:
(0,0)(33,0)(33,10)(15,10)(15,26)(0,26)
Polygon:
(0,0)(11,0)(11,18)(1,18)(1,33)(0,33)
Polygon:
(0,0)(9,0)(9,18)(4,18)(4,33)(0,33)
Polygon:
(0,0)(30,0)(30,7)(14,7)(14,22)(0,22)
Polygon:
(0,0)(14,0)(14,2)(13,2)(13,5)(0,5)
Polygon:
(0,0)(27,0)(27,6)(14,6)(14,20)(0,20)
Polygon:
(0,0)(31,0)(31,15)(14,15)(14,30)(0,30)
Polygon:
(0,0)(28,0)(28,11)(18,11)(18,29)(0,29)
Polygon:
(0,0)(13,0)(13,15)(5,15)(5,19)(0,19)
Polygon:
(0,0)(10,0)(10,3)(7,3)(7,14)(0,14)
Polygon:
(0,0)(24,0)(24,17)(9,17)(9,27)(0,27)
Polygon:
(0,0)(25,0)(25,7)(12,7)(12,24)(0,24)
Polygon:
(0,0)(27,0)(27,8)(14,8)(14,13)(0,13)
Polygon:
(0,0)(23,0)(23,10)(9,10)(9,23)(0,23)
Polygon:
(0,0)(19,0)(19,17)(15,17)(15,34)(0,34)
Polygon:
(0,0)(23,0)(23,3)(17,3)(17,21)(0,21)
Polygon:
(0,0)(13,0)(13,16)(8,16)(8,29)(0,29)
Polygon:
(0,0)(23,0)(23,2)(10,2)(10,3)(0,3)
Polygon:
(0,0)(5,0)(5,1)(2,1)(2,13)(0,13)
Polygon:
(0,0)(8,0)(8,14)(4,14)(4,30)(0,30)
Polygon:
(0,0)(7,0)(7,2)(4,2)(4,11)(0,11)
Polygon:
(0,0)(8,0)(8,6)(2,6)(2,7)(0,7)
Polygon:
(0,0)(19,0)(19,17)(10,17)(10,34)(0,34)
Polygon:
(0,0)(7,0)(7,5)(3,5)(3,13)(0,13)
Polygon:
(0,0)(22,0)(22,13)(18,13)(18,18)(0,18)
Polygon:
(0,0)(18,0)(18,16)(11,16)(11,17)(0,17)
Polygon:
(0,0)(20,0)(20,11)(17,11)(17,21)(0,21)
Polygon:
(0,0)(17,0)(17,3)(12,3)(12,5)(0,5)
Polygon:
(0,0)(14,0)(14,16)(13,16)(13,21)(0,21)
Polygon:
(0,0)(30,0)(30,1)(14,1)(14,9)(0,9)
Polygon:
(0,0)(31,0)(31,12)(14,12)(14,21)(0,21)
Polygon:
(0,0)(17,0)(17,10)(7,10)(7,15)(0,15)
Polygon:
(0,0)(18,0)(18,6)(8,6)(8,21)(0,21)
Polygon:
(0,0)(19,0)(19,6)(4,6)(4,17)(0,17)
Polygon:
(0,0)(21,0)(21,15)(14,15)(14,17)(0,17)
Polygon:
(0,0)(16,0)(16,14)(8,14)(8,26)(0,26)
Polygon:
(0,0)(12,0)(12,12)(2,12)(2,28)(0,28)
Polygon:
(0,0)(11,0)(11,6)(5,6)(5,7)(0,7)
Polygon:
(0,0)(20,0)(20,15)(12,15)(12,20)(0,20)
Polygon:
(0,0)(13,0)(13,3)(11,3)(11,9)(0,9)
Polygon:
(0,0)(34,0)(34,9)(16,9)(16,12)(0,12)
Polygon:
(0,0)(18,0)(18,11)(17,11)(17,19)(0,19)
Polygon:
(0,0)(17,0)(17,14)(11,14)(11,31)(0,31)
Polygon:
(0,0)(28,0)(28,7)(11,7)(11,9)(0,9)
Polygon:
(0,0)(20,0)(20,14)(12,14)(12,31)(0,31)
Polygon:
(0,0)(20,0)(20,4)(5,4)(5,14)(0,14)
Polygon:
(0,0)(26,0)(26,13)(17,13)(17,14)(0,14)
Polygon:
(0,0)(29,0)(29,7)(17,7)(17,10)(0,10)
Polygon:
(0,0)(13,0)(13,11)(9,11)(9,21)(0,21)
Polygon:
(0,0)(33,0)(33,6)(15,6)(15,18)(0,18)
Polygon:
(0,0)(32,0)(32,14)(18,14)(18,22)(0,22)
Polygon:
(0,0)(33,0)(33,18)(18,18)(18,35)(0,35)
Polygon:
(0,0)(30,0)(30,8)(14,8)(14,23)(0,23)
Polygon:
(0,0)(18,0)(18,4)(1,4)(1,16)(0,16)
Polygon:
(0,0)(6,0)(6,13)(3,13)(3,29)(0,29)
Polygon:
(0,0)(14,0)(14,16)(11,16)(11,32)(0,32)
Polygon:
(0,0)(7,0)(7,18)(3,18)(3,28)(0,28)
Polygon:
(0,0)(22,0)(22,9)(17,9)(17,24)(0,24)
Polygon:
(0,0)(6,0)(6,5)(5,5)(5,16)(0,16)
Polygon:
(0,0)(19,0)(19,6)(16,6)(16,24)(0,24)
Polygon:
(0,0)(33,0)(33,1)(15,1)(15,16)(0,16)
Polygon:
(0,0)(22,0)(22,2)(17,2)(17,20)(0,20)
Polygon:
(0,0)(15,0)(15,17)(12,17)(12,31)(0,31)
Polygon:
(0,0)(27,0)(27,5)(14,5)(14,13)(0,13)
Polygon:
(0,0)(18,0)(18,9)(15,9)(15,15)(0,15)
Polygon:
(0,0)(27,0)(27,11)(14,11)(14,19)(0,19)
Polygon:
(0,0)(24,0)(24,10)(8,10)(8,25)(0,25)
Polygon:
(0,0)(14,0)(14,7)(12,7)(12,8)(0,8)
Polygon:
(0,0)(19,0)(19,9)(2,9)(2,18)(0,18)
Polygon:
(0,0)(17,0)(17,5)(12,5)(12,13)(0,13)
Polygon:
(0,0)(9,0)(9,16)(5,16)(5,18)(0,18)
Polygon:
(0,0)(14,0)(14,18)(5,18)(5,31)(0,31)
Polygon:
(0,0)(21,0)(21,5)(18,5)(18,18)(0,18)
Polygon:
(0,0)(30,0)(30,4)(16,4)(16,19)(0,19)
Polygon:
(0,0)(21,0)(21,1)(7,1)(7,16)(0,16)
Polygon:
(0,0)(23,0)(23,1)(8,1)(8,8)(0,8)
Polygon:
(0,0)(17,0)(17,16)(10,16)(10,25)(0,25)
Polygon:
(0,0)(21,0)(21,2)(12,2)(12,17)(0,17)
Polygon:
(0,0)(24,0)(24,6)(11,6)(11,9)(0,9)
Polygon:
(0,0)(13,0)(13,11)(11,11)(11,17)(0,17)
Polygon:
(0,0)(28,0)(28,12)(17,12)(17,19)(0,19)
Polygon:
(0,0)(22,0)(22,7)(18,7)(18,14)(0,14)
Polygon:
(0,0)(12,0)(12,7)(9,7)(9,21)(0,21)
Polygon:
(0,0)(17,0)(17,18)(9,18)(9,36)(0,36)
Polygon:
(0,0)(6,0)(6,18)(4,18)(4,36)(0,36)
Polygon:
(0,0)(27,0)(27,13)(10,13)(10,16)(0,16)
Polygon:
(0,0)(34,0)(34,10)(18,10)(18,20)(0,20)
Polygon:
(0,0)(8,0)(8,10)(5,10)(5,20)(0,20)
Polygon:
(0,0)(15,0)(15,15)(6,15)(6,26)(0,26)
Polygon:
(0,0)(23,0)(23,5)(8,5)(8,10)(0,10)
Polygon:
(0,0)(17,0)(17,17)(15,17)(15,25)(0,25)
Polygon:
(0,0)(23,0)(23,6)(6,6)(6,23)(0,23)
Polygon:
(0,0)(12,0)(12,6)(4,6)(4,15)(0,15)
Polygon:
(0,0)(23,0)(23,5)(6,5)(6,16)(0,16)
Polygon:
(0,0)(17,0)(17,13)(16,13)(16,17)(0,17)
Polygon:
(0,0)(18,0)(18,14)(8,14)(8,27)(0,27)
Polygon:
(0,0)(36,0)(36,16)(18,16)(18,34)(0,34)
Polygon:
(0,0)(25,0)(25,5)(14,5)(14,10)(0,10)
Polygon:
(0,0)(31,0)(31,5)(15,5)(15,9)(0,9)
Polygon:
(0,0)(8,0)(8,5)(7,5)(7,14)(0,14)
Polygon:
(0,0)(21,0)(21,4)(17,4)(17,12)(0,12)
Polygon:
(0,0)(27,0)(27,12)(11,12)(11,20)(0,20)
Polygon:
(0,0)(15,0)(15,13)(10,13)(10,26)(0,26)
Polygon:
(0,0)(8,0)(8,10)(7,10)(7,26)(0,26)
Polygon:
(0,0)(16,0)(16,2)(5,2)(5,8)(0,8)
Polygon:
(0,0)(20,0)(20,2)(17,2)(17,5)(0,5)
Polygon:
(0,0)(22,0)(22,15)(12,15)(12,29)(0,29)
Polygon:
(0,0)(31,0)(31,16)(13,16)(13,20)(0,20)
Polygon:
(0,0)(33,0)(33,15)(16,15)(16,30)(0,30)
Polygon:
(0,0)(23,0)(23,4)(9,4)(9,6)(0,6)
Polygon:
(0,0)(13,0)(13,10)(12,10)(12,15)(0,15)
Polygon:
(0,0)(26,0)(26,7)(12,7)(12,8)(0,8)
Polygon:
(0,0)(18,0)(18,2)(9,2)(9,9)(0,9)
Polygon:
(0,0)(34,0)(34,13)(17,13)(17,30)(0,30)
Polygon:
(0,0)(23,0)(23,2)(15,2)(15,9)(0,9)
Polygon:
(0,0)(14,0)(14,6)(13,6)(13,9)(0,9)
Polygon:
(0,0)(24,0)(24,13)(17,13)(17,18)(0,18)
Polygon:
(0,0)(9,0)(9,11)(1,11)(1,27)(0,27)
Polygon:
(0,0)(16,0)(16,9)(10,9)(10,13)(0,13)
Polygon:
(0,0)(29,0)(29,4)(16,4)(16,12)(0,12)
Polygon:
(0,0)(34,0)(34,9)(16,9)(16,26)(0,26)
Polygon:
(0,0)(21,0)(21,12)(9,12)(9,29)(0,29)
Polygon:
(0,0)(19,0)(19,17)(7,17)(7,31)(0,31)
Polygon:
(0,0)(20,0)(20,4)(18,4)(18,13)(0,13)
Polygon:
(0,0)(11,0)(11,14)(8,14)(8,23)(0,23)
Polygon:
(0,0)(15,0)(15,11)(9,11)(9,17)(0,17)
Polygon:
(0,0)(19,0)(19,17)(16,17)(16,28)(0,28)
Polygon:
(0,0)(18,0)(18,18)(9,18)(9,20)(0,20)
Polygon:
(0,0)(20,0)(20,8)(4,8)(4,21)(0,21)
Polygon:
(0,0)(32,0)(32,18)(18,18)(18,31)(0,31)
Polygon:
(0,0)(11,0)(11,14)(7,14)(7,15)(0,15)
Polygon:
(0,0)(12,0)(12,12)(7,12)(7,23)(0,23)
Polygon:
(0,0)(28,0)(28,9)(12,9)(12,18)(0,18)
Polygon:
(0,0)(25,0)(25,3)(17,3)(17,18)(0,18)
Polygon:
(0,0)(21,0)(21,17)(11,17)(11,18)(0,18)
Polygon:
(0,0)(18,0)(18,8)(2,8)(2,22)(0,22)
Polygon:
(0,0)(16,0)(16,18)(2,18)(2,24)(0,24)
Polygon:
(0,0)(19,0)(19,15)(8,15)(8,16)(0,16)
Polygon:
(0,0)(14,0)(14,17)(3,17)(3,24)(0,24)
Polygon:
(0,0)(8,0)(8,4)(6,4)(6,6)(0,6)
Polygon:
(0,0)(18,0)(18,4)(13,4)(13,14)(0,14)
Polygon:
(0,0)(11,0)(11,16)(5,16)(5,32)(0,32)
Polygon:
(0,0)(6,0)(6,10)(1,10)(1,18)(0,18)
Polygon:
(0,0)(23,0)(23,3)(8,3)(8,6)(0,6)
Polygon:
(0,0)(17,0)(17,14)(16,14)(16,29)(0,29)
Polygon:
(0,0)(26,0)(26,5)(16,5)(16,23)(0,23)
Polygon:
(0,0)(28,0)(28,1)(12,1)(12,19)(0,19)
Polygon:
(0,0)(30,0)(30,16)(12,16)(12,31)(0,31)
Polygon:
(0,0)(24,0)(24,6)(7,6)(7,21)(0,21)
Polygon:
(0,0)(15,0)(15,3)(8,3)(8,5)(0,5)
Polygon:
(0,0)(25,0)(25,11)(7,11)(7,14)(0,14)
Polygon:
(0,0)(8,0)(8,9)(3,9)(3,27)(0,27)
Polygon:
(0,0)(20,0)(20,12)(5,12)(5,13)(0,13)
Polygon:
(0,0)(25,0)(25,13)(13,13)(13,19)(0,19)
Polygon:
(0,0)(27,0)(27,12)(13,12)(13,27)(0,27)
Polygon:
(0,0)(3,0)(3,5)(2,5)(2,20)(0,20)
Polygon:
(0,0)(14,0)(14,17)(7,17)(7,34)(0,34)
Polygon:
(0,0)(12,0)(12,18)(2,18)(2,20)(0,20)
Polygon:
(0,0)(27,0)(27,1)(14,1)(14,5)(0,5)
Polygon:
(0,0)(16,0)(16,3)(8,3)(8,19)(0,19)
Polygon:
(0,0)(16,0)(16,18)(7,18)(7,31)(0,31)
Polygon:
(0,0)(5,0)(5,16)(1,16)(1,18)(0,18)
Polygon:
(0,0)(5,0)(5,3)(1,3)(1,16)(0,16)
Polygon:
(0,0)(23,0)(23,4)(11,4)(11,19)(0,19)
Polygon:
(0,0)(13,0)(13,14)(9,14)(9,26)(0,26)
Polygon:
(0,0)(36,0)(36,17)(18,17)(18,29)(0,29)
Polygon:
(0,0)(19,0)(19,3)(15,3)(15,13)(0,13)
Polygon:
(0,0)(10,0)(10,14)(6,14)(6,25)(0,25)
Polygon:
(0,0)(27,0)(27,14)(13,14)(13,21)(0,21)
Polygon:
(0,0)(13,0)(13,2)(7,2)(7,9)(0,9)
Polygon:
(0,0)(23,0)(23,6)(11,6)(11,17)(0,17)
Polygon:
(0,0)(18,0)(18,17)(1,17)(1,24)(0,24)
Polygon:
(0,0)(27,0)(27,18)(9,18)(9,33)(0,33)
Polygon:
(0,0)(15,0)(15,17)(7,17)(7,18)(0,18)
Polygon:
(0,0)(35,0)(35,13)(18,13)(18,15)(0,15)
Polygon:
(0,0)(4,0)(4,6)(2,6)(2,23)(0,23)
Polygon:
(0,0)(5,0)(5,7)(4,7)(4,18)(0,18)
Polygon:
(0,0)(22,0)(22,3)(17,3)(17,11)(0,11)
Polygon:
(0,0)(22,0)(22,15)(14,15)(14,20)(0,20)
Polygon:
(0,0)(17,0)(17,7)(13,7)(13,24)(0,24)
Polygon:
(0,0)(23,0)(23,18)(10,18)(10,22)(0,22)
Polygon:
(0,0)(16,0)(16,10)(14,10)(14,26)(0,26)
Polygon:
(0,0)(13,0)(13,16)(8,16)(8,21)(0,21)
Polygon:
(0,0)(20,0)(20,11)(13,11)(13,16)(0,16)
Polygon:
(0,0)(17,0)(17,1)(14,1)(14,12)(0,12)
Polygon:
(0,0)(15,0)(15,5)(6,5)(6,10)(0,10)
Polygon:
(0,0)(21,0)(21,15)(17,15)(17,31)(0,31)
Polygon:
(0,0)(31,0)(31,4)(17,4)(17,19)(0,19)
Polygon:
(0,0)(14,0)(14,2)(12,2)(12,20)(0,20)
Polygon:
(0,0)(25,0)(25,12)(14,12)(14,30)(0,30)
Polygon:
(0,0)(23,0)(23,1)(7,1)(7,2)(0,2)
Polygon:
(0,0)(19,0)(19,17)(14,17)(14,33)(0,33)
Polygon:
(0,0)(18,0)(18,3)(5,3)(5,6)(0,6)
Polygon:
(0,0)(17,0)(17,6)(5,6)(5,16)(0,16)
Polygon:
(0,0)(14,0)(14,6)(6,6)(6,14)(0,14)
Polygon:
(0,0)(21,0)(21,16)(15,16)(15,29)(0,29)
Polygon:
(0,0)(18,0)(18,13)(17,13)(17,31)(0,31)
Polygon:
(0,0)(24,0)(24,13)(7,13)(7,14)(0,14)
Polygon:
(0,0)(23,0)(23,5)(18,5)(18,14)(0,14)
Polygon:
(0,0)(10,0)(10,1)(4,1)(4,3)(0,3)
Polygon:
(0,0)(25,0)(25,12)(16,12)(16,27)(0,27)
Polygon:
(0,0)(20,0)(20,3)(14,3)(14,14)(0,14)
Polygon:
(0,0)(23,0)(23,14)(16,14)(16,27)(0,27)
Polygon:
(0,0)(14,0)(14,2)(7,2)(7,16)(0,16)
Polygon:
(0,0)(28,0)(28,12)(10,12)(10,15)(0,15)
Polygon:
(0,0)(21,0)(21,6)(9,6)(9,24)(0,24)
Polygon:
(0,0)(15,0)(15,8)(13,8)(13,19)(0,19)
Polygon:
(0,0)(19,0)(19,13)(12,13)(12,26)(0,26)
Polygon:
(0,0)(17,0)(17,13)(6,13)(6,23)(0,23)
Polygon:
(0,0)(21,0)(21,4)(14,4)(14,8)(0,8)
Polygon:
(0,0)(10,0)(10,13)(4,13)(4,14)(0,14)
Polygon:
(0,0)(24,0)(24,7)(17,7)(17,9)(0,9)
Polygon:
(0,0)(10,0)(10,16)(1,16)(1,32)(0,32)
Polygon:
(0,0)(15,0)(15,11)(2,11)(2,20)(0,20)
Polygon:
(0,0)(19,0)(19,6)(3,6)(3,21)(0,21)
Polygon:
(0,0)(14,0)(14,7)(9,7)(9,10)(0,10)
Polygon:
(0,0)(25,0)(25,18)(16,18)(16,28)(0,28)
Polygon:
(0,0)(24,0)(24,17)(12,17)(12,24)(0,24)
Polygon:
(0,0)(14,0)(14,6)(1,6)(1,9)(0,9)
Polygon:
(0,0)(32,0)(32,13)(18,13)(18,14)(0,14)
Polygon:
(0,0)(26,0)(26,7)(13,7)(13,25)(0,25)
Polygon:
(0,0)(15,0)(15,5)(9,5)(9,15)(0,15)
Polygon:
(0,0)(9,0)(9,8)(1,8)(1,9)(0,9)
Polygon:
(0,0)(6,0)(6,8)(4,8)(4,17)(0,17)
Polygon:
(0,0)(15,0)(15,11)(1,11)(1,12)(0,12)
Polygon:
(0,0)(12,0)(12,10)(5,10)(5,17)(0,17)
Polygon:
(0,0)(14,0)(14,5)(9,5)(9,14)(0,14)
Polygon:
(0,0)(24,0)(24,14)(8,14)(8,23)(0,23)
Polygon:
(0,0)(13,0)(13,15)(12,15)(12,28)(0,28)
Polygon:
(0,0)(11,0)(11,6)(6,6)(6,12)(0,12)
Polygon:
(0,0)(15,0)(15,9)(10,9)(10,19)(0,19)
Polygon:
(0,0)(8,0)(8,10)(1,10)(1,24)(0,24)
Polygon:
(0,0)(21,0)(21,16)(18,16)(18,24)(0,24)
Polygon:
(0,0)(26,0)(26,8)(17,8)(17,19)(0,19)
Polygon:
(0,0)(13,0)(13,9)(10,9)(10,25)(0,25)
Polygon:
(0,0)(31,0)(31,7)(13,7)(13,12)(0,12)
Polygon:
(0,0)(30,0)(30,16)(17,16)(17,24)(0,24)
Polygon:
(0,0)(26,0)(26,6)(13,6)(13,10)(0,10)
Polygon:
(0,0)(21,0)(21,16)(8,16)(8,25)(0,25)
Polygon:
(0,0)(20,0)(20,11)(14,11)(14,14)(0,14)
Polygon:
(0,0)(18,0)(18,1)(6,1)(6,14)(0,14)
Polygon:
(0,0)(27,0)(27,18)(18,18)(18,24)(0,24)
Polygon:
(0,0)(27,0)(27,8)(15,8)(15,14)(0,14)
Polygon:
(0,0)(18,0)(18,18)(13,18)(13,22)(0,22)
Polygon:
(0,0)(14,0)(14,14)(8,14)(8,19)(0,19)
Polygon:
(0,0)(18,0)(18,11)(1,11)(1,13)(0,13)
Polygon:
(0,0)(17,0)(17,2)(16,2)(16,6)(0,6)
Polygon:
(0,0)(19,0)(19,10)(10,10)(10,24)(0,24)
Polygon:
(0,0)(20,0)(20,12)(8,12)(8,27)(0,27)
Polygon:
(0,0)(12,0)(12,10)(5,10)(5,24)(0,24)
Polygon:
(0,0)(24,0)(24,1)(7,1)(7,7)(0,7)
Polygon:
(0,0)(18,0)(18,10)(4,10)(4,22)(0,22)
Polygon:
(0,0)(27,0)(27,16)(13,16)(13,27)(0,27)
Polygon:
(0,0)(20,0)(20,11)(2,11)(2,12)(0,12)
Polygon:
(0,0)(4,0)(4,13)(3,13)(3,27)(0,27)
Polygon:
(0,0)(8,0)(8,12)(5,12)(5,18)(0,18)
Polygon:
(0,0)(25,0)(25,14)(9,14)(9,18)(0,18)
Polygon:
(0,0)(33,0)(33,8)(15,8)(15,23)(0,23)
Polygon:
(0,0)(20,0)(20,13)(15,13)(15,17)(0,17)
Polygon:
(0,0)(20,0)(20,18)(5,18)(5,30)(0,30)
Polygon:
(0,0)(10,0)(10,7)(8,7)(8,16)(0,16)
Polygon:
(0,0)(19,0)(19,6)(9,6)(9,17)(0,17)
Polygon:
(0,0)(11,0)(11,11)(6,11)(6,26)(0,26)
Polygon:
(0,0)(17,0)(17,18)(3,18)(3,22)(0,22)
Polygon:
(0,0)(21,0)(21,4)(11,4)(11,18)(0,18)
Polygon:
(0,0)(23,0)(23,3)(6,3)(6,19)(0,19)
Polygon:
(0,0)(34,0)(34,6)(18,6)(18,11)(0,11)
Polygon:
(0,0)(31,0)(31,12)(16,12)(16,16)(0,16)
Polygon:
(0,0)(15,0)(15,6)(10,6)(10,9)(0,9)
Polygon:
(0,0)(14,0)(14,16)(12,16)(12,20)(0,20)
Polygon:
(0,0)(12,0)(12,1)(7,1)(7,14)(0,14)
Polygon:
(0,0)(18,0)(18,4)(1,4)(1,5)(0,5)
Polygon:
(0,0)(21,0)(21,16)(6,16)(6,31)(0,31)
Polygon:
(0,0)(18,0)(18,13)(10,13)(10,16)(0,16)
Polygon:
(0,0)(21,0)(21,10)(5,10)(5,12)(0,12)
Polygon:
(0,0)(4,0)(4,6)(2,6)(2,22)(0,22)
Polygon:
(0,0)(23,0)(23,15)(16,15)(16,25)(0,25)
Polygon:
(0,0)(23,0)(23,15)(14,15)(14,27)(0,27)
Polygon:
(0,0)(16,0)(16,4)(4,4)(4,19)(0,19)
Polygon:
(0,0)(22,0)(22,9)(10,9)(10,21)(0,21)
Polygon:
(0,0)(13,0)(13,13)(8,13)(8,18)(0,18)
Polygon:
(0,0)(11,0)(11,4)(8,4)(8,16)(0,16)
Polygon:
(0,0)(15,0)(15,18)(9,18)(9,19)(0,19)
Polygon:
(0,0)(31,0)(31,3)(18,3)(18,17)(0,17)
Polygon:
(0,0)(6,0)(6,14)(5,14)(5,17)(0,17)
Polygon:
(0,0)(14,0)(14,2)(6,2)(6,19)(0,19)
Polygon:
(0,0)(18,0)(18,6)(10,6)(10,15)(0,15)
Polygon:
(0,0)(15,0)(15,10)(3,10)(3,25)(0,25)
Polygon:
(0,0)(26,0)(26,6)(10,6)(10,14)(0,14)
Polygon:
(0,0)(20,0)(20,6)(6,6)(6,19)(0,19)
Polygon:
(0,0)(4,0)(4,16)(3,16)(3,29)(0,29)
Polygon:
(0,0)(34,0)(34,9)(18,9)(18,14)(0,14)
Polygon:
(0,0)(28,0)(28,3)(17,3)(17,5)(0,5)
Polygon:
(0,0)(17,0)(17,1)(15,1)(15,9)(0,9)
Polygon:
(0,0)(22,0)(22,16)(12,16)(12,20)(0,20)
Polygon:
(0,0)(22,0)(22,2)(11,2)(11,18)(0,18)
Polygon:
(0,0)(19,0)(19,9)(8,9)(8,20)(0,20)
Polygon:
(0,0)(11,0)(11,3)(2,3)(2,11)(0,11)
Polygon:
(0,0)(12,0)(12,1)(9,1)(9,4)(0,4)
Polygon:
(0,0)(17,0)(17,1)(8,1)(8,12)(0,12)
Polygon:
(0,0)(6,0)(6,1)(4,1)(4,17)(0,17)
Polygon:
(0,0)(28,0)(28,9)(11,9)(11,23)(0,23)
Polygon:
(0,0)(23,0)(23,9)(6,9)(6,16)(0,16)
Polygon:
(0,0)(20,0)(20,2)(16,2)(16,3)(0,3)
Polygon:
(0,0)(17,0)(17,10)(11,10)(11,28)(0,28)
Polygon:
(0,0)(11,0)(11,6)(1,6)(1,10)(0,10)
Polygon:
(0,0)(13,0)(13,14)(10,14)(10,26)(0,26)
Polygon:
(0,0)(7,0)(7,8)(3,8)(3,18)(0,18)
Polygon:
(0,0)(24,0)(24,7)(7,7)(7,20)(0,20)
Polygon:
(0,0)(19,0)(19,4)(5,4)(5,15)(0,15)
Polygon:
(0,0)(16,0)(16,8)(8,8)(8,26)(0,26)
Polygon:
(0,0)(16,0)(16,7)(11,7)(11,22)(0,22)
Polygon:
(0,0)(7,0)(7,14)(6,14)(6,26)(0,26)
Polygon:
(0,0)(12,0)(12,14)(9,14)(9,19)(0,19)
Polygon:
(0,0)(17,0)(17,14)(9,14)(9,20)(0,20)
Polygon:
(0,0)(12,0)(12,13)(8,13)(8,24)(0,24)
Polygon:
(0,0)(12,0)(12,8)(11,8)(11,24)(0,24)
Polygon:
(0,0)(30,0)(30,7)(15,7)(15,9)(0,9)
Polygon:
(0,0)(13,0)(13,10)(1,10)(1,28)(0,28)
Polygon:
(0,0)(7,0)(7,7)(2,7)(2,21)(0,21)
Polygon:
(0,0)(15,0)(15,15)(11,15)(11,23)(0,23)
Polygon:
(0,0)(14,0)(14,11)(9,11)(9,15)(0,15)
Polygon:
(0,0)(31,0)(31,11)(17,11)(17,13)(0,13)
Polygon:
(0,0)(21,0)(21,10)(4,10)(4,22)(0,22)
Polygon:
(0,0)(16,0)(16,2)(11,2)(11,11)(0,11)
Polygon:
(0,0)(21,0)(21,8)(8,8)(8,25)(0,25)
Polygon:
(0,0)(16,0)(16,11)(7,11)(7,13)(0,13)
Polygon:
(0,0)(23,0)(23,2)(13,2)(13,14)(0,14)
Polygon:
(0,0)(17,0)(17,2)(6,2)(6,3)(0,3)
Polygon:
(0,0)(12,0)(12,1)(10,1)(10,4)(0,4)
Polygon:
(0,0)(9,0)(9,3)(7,3)(7,13)(0,13)
Polygon:
(0,0)(17,0)(17,3)(2,3)(2,9)(0,9)
Polygon:
(0,0)(26,0)(26,1)(16,1)(16,13)(0,13)
Polygon:
(0,0)(5,0)(5,14)(3,14)(3,17)(0,17)
Polygon:
(0,0)(16,0)(16,11)(8,11)(8,13)(0,13)
Polygon:
(0,0)(18,0)(18,7)(13,7)(13,13)(0,13)
Polygon:
(0,0)(28,0)(28,9)(10,9)(10,27)(0,27)
Polygon:
(0,0)(27,0)(27,13)(16,13)(16,21)(0,21)
Polygon:
(0,0)(27,0)(27,9)(17,9)(17,24)(0,24)
Polygon:
(0,0)(29,0)(29,11)(11,11)(11,16)(0,16)
Polygon:
(0,0)(17,0)(17,11)(12,11)(12,12)(0,12)
Polygon:
(0,0)(35,0)(35,14)(18,14)(18,15)(0,15)
Polygon:
(0,0)(11,0)(11,18)(4,18)(4,32)(0,32)
Polygon:
(0,0)(16,0)(16,17)(13,17)(13,35)(0,35)
Polygon:
(0,0)(8,0)(8,14)(6,14)(6,19)(0,19)
Polygon:
(0,0)(32,0)(32,10)(14,10)(14,12)(0,12)
Polygon:
(0,0)(31,0)(31,10)(18,10)(18,27)(0,27)
Polygon:
(0,0)(10,0)(10,5)(9,5)(9,11)(0,11)
Polygon:
(0,0)(25,0)(25,2)(17,2)(17,11)(0,11)
Polygon:
(0,0)(23,0)(23,17)(7,17)(7,19)(0,19)
Polygon:
(0,0)(17,0)(17,4)(12,4)(12,21)(0,21)
Polygon:
(0,0)(5,0)(5,9)(4,9)(4,17)(0,17)
Polygon:
(0,0)(15,0)(15,13)(1,13)(1,31)(0,31)
Polygon:
(0,0)(19,0)(19,18)(7,18)(7,25)(0,25)
Polygon:
(0,0)(33,0)(33,3)(17,3)(17,20)(0,20)
Polygon:
(0,0)(20,0)(20,8)(5,8)(5,14)(0,14)
Polygon:
(0,0)(30,0)(30,11)(14,11)(14,25)(0,25)
Polygon:
(0,0)(20,0)(20,12)(10,12)(10,29)(0,29)
Polygon:
(0,0)(20,0)(20,4)(10,4)(10,14)(0,14)
Polygon:
(0,0)(34,0)(34,16)(17,16)(17,31)(0,31)
Polygon:
(0,0)(21,0)(21,3)(17,3)(17,15)(0,15)
Polygon:
(0,0)(17,0)(17,10)(14,10)(14,12)(0,12)
Polygon:
(0,0)(22,0)(22,18)(15,18)(15,32)(0,32)
Polygon:
(0,0)(24,0)(24,17)(8,17)(8,20)(0,20)
Polygon:
(0,0)(30,0)(30,2)(12,2)(12,3)(0,3)
Polygon:
(0,0)(18,0)(18,7)(3,7)(3,15)(0,15)
Polygon:
(0,0)(18,0)(18,13)(17,13)(17,25)(0,25)
Polygon:
(0,0)(32,0)(32,11)(16,11)(16,13)(0,13)
Polygon:
(0,0)(11,0)(11,12)(7,12)(7,14)(0,14)
Polygon:
(0,0)(32,0)(32,13)(15,13)(15,15)(0,15)
Polygon:
(0,0)(11,0)(11,8)(9,8)(9,19)(0,19)
Polygon:
(0,0)(22,0)(22,13)(12,13)(12,18)(0,18)
Polygon:
(0,0)(12,0)(12,1)(4,1)(4,18)(0,18)
Polygon:
(0,0)(27,0)(27,13)(11,13)(11,19)(0,19)
Polygon:
(0,0)(15,0)(15,1)(10,1)(10,16)(0,16)
Polygon:
(0,0)(8,0)(8,13)(7,13)(7,31)(0,31)
Polygon:
(0,0)(29,0)(29,16)(13,16)(13,21)(0,21)
Polygon:
(0,0)(23,0)(23,2)(17,2)(17,7)(0,7)
Polygon:
(0,0)(6,0)(6,12)(5,12)(5,18)(0,18)
Polygon:
(0,0)(20,0)(20,18)(4,18)(4,26)(0,26)
Polygon:
(0,0)(29,0)(29,1)(13,1)(13,12)(0,12)
Polygon:
(0,0)(7,0)(7,9)(3,9)(3,24)(0,24)
Polygon:
(0,0)(12,0)(12,5)(6,5)(6,19)(0,19)
Polygon:
(0,0)(31,0)(31,1)(18,1)(18,7)(0,7)
Polygon:
(0,0)(5,0)(5,12)(4,12)(4,21)(0,21)
Polygon:
(0,0)(7,0)(7,5)(4,5)(4,9)(0,9)
Polygon:
(0,0)(12,0)(12,15)(5,15)(5,27)(0,27)
Polygon:
(0,0)(19,0)(19,15)(6,15)(6,28)(0,28)
Polygon:
(0,0)(26,0)(26,3)(10,3)(10,12)(0,12)
Polygon:
(0,0)(15,0)(15,18)(12,18)(12,31)(0,31)
Polygon:
(0,0)(19,0)(19,17)(3,17)(3,24)(0,24)
Polygon:
(0,0)(25,0)(25,18)(7,18)(7,26)(0,26)
Polygon:
(0,0)(23,0)(23,1)(13,1)(13,13)(0,13)
Polygon:
(0,0)(21,0)(21,2)(17,2)(17,19)(0,19)
Polygon:
(0,0)(22,0)(22,7)(13,7)(13,17)(0,17)
Polygon:
(0,0)(14,0)(14,17)(6,17)(6,21)(0,21)
Polygon:
(0,0)(28,0)(28,13)(12,13)(12,26)(0,26)
Polygon:
(0,0)(21,0)(21,7)(15,7)(15,18)(0,18)
Polygon:
(0,0)(24,0)(24,1)(7,1)(7,10)(0,10)
Polygon:
(0,0)(18,0)(18,9)(7,9)(7,25)(0,25)
Polygon:
(0,0)(17,0)(17,17)(3,17)(3,33)(0,33)
Polygon:
(0,0)(26,0)(26,3)(14,3)(14,5)(0,5)
Polygon:
(0,0)(5,0)(5,15)(4,15)(4,27)(0,27)
Polygon:
(0,0)(27,0)(27,14)(14,14)(14,16)(0,16)
Polygon:
(0,0)(19,0)(19,12)(13,12)(13,13)(0,13)
Polygon:
(0,0)(3,0)(3,7)(1,7)(1,10)(0,10)
Polygon:
(0,0)(27,0)(27,9)(12,9)(12,14)(0,14)
Polygon:
(0,0)(19,0)(19,11)(17,11)(17,29)(0,29)
Polygon:
(0,0)(27,0)(27,13)(13,13)(13,20)(0,20)
Polygon:
(0,0)(23,0)(23,3)(15,3)(15,15)(0,15)
Polygon:
(0,0)(10,0)(10,1)(3,1)(3,14)(0,14)
Polygon:
(0,0)(36,0)(36,10)(18,10)(18,15)(0,15)
Polygon:
(0,0)(16,0)(16,12)(5,12)(5,28)(0,28)
Polygon:
(0,0)(7,0)(7,13)(1,13)(1,18)(0,18)
Polygon:
(0,0)(23,0)(23,1)(13,1)(13,13)(0,13)
Polygon:
(0,0)(19,0)(19,6)(7,6)(7,21)(0,21)
Polygon:
(0,0)(24,0)(24,10)(8,10)(8,14)(0,14)
Polygon:
(0,0)(24,0)(24,5)(7,5)(7,8)(0,8)
Polygon:
(0,0)(18,0)(18,4)(11,4)(11,7)(0,7)
Polygon:
(0,0)(14,0)(14,14)(8,14)(8,24)(0,24)
Polygon:
(0,0)(19,0)(19,7)(12,7)(12,16)(0,16)
Polygon:
(0,0)(4,0)(4,11)(1,11)(1,13)(0,13)
Polygon:
(0,0)(20,0)(20,16)(7,16)(7,25)(0,25)
Polygon:
(0,0)(13,0)(13,7)(12,7)(12,8)(0,8)
Polygon:
(0,0)(30,0)(30,18)(17,18)(17,20)(0,20)
Polygon:
(0,0)(35,0)(35,18)(17,18)(17,30)(0,30)
Polygon:
(0,0)(20,0)(20,1)(8,1)(8,11)(0,11)
Polygon:
(0,0)(11,0)(11,2)(7,2)(7,9)(0,9)
Polygon:
(0,0)(15,0)(15,14)(13,14)(13,19)(0,19)
Polygon:
(0,0)(32,0)(32,6)(16,6)(16,7)(0,7)
Polygon:
(0,0)(26,0)(26,10)(8,10)(8,13)(0,13)
Polygon:
(0,0)(19,0)(19,2)(7,2)(7,20)(0,20)
Polygon:
(0,0)(15,0)(15,15)(6,15)(6,22)(0,22)
Polygon:
(0,0)(27,0)(27,12)(16,12)(16,14)(0,14)
Polygon:
(0,0)(22,0)(22,16)(6,16)(6,32)(0,32)
Polygon:
(0,0)(14,0)(14,9)(11,9)(11,27)(0,27)
Polygon:
(0,0)(15,0)(15,12)(7,12)(7,30)(0,30)
Polygon:
(0,0)(30,0)(30,9)(17,9)(17,18)(0,18)
Polygon:
(0,0)(13,0)(13,17)(12,17)(12,25)(0,25)
Polygon:
(0,0)(26,0)(26,10)(9,10)(9,27)(0,27)
Polygon:
(0,0)(14,0)(14,1)(1,1)(1,18)(0,18)
Polygon:
(0,0)(12,0)(12,3)(5,3)(5,18)(0,18)
Polygon:
(0,0)(24,0)(24,14)(6,14)(6,20)(0,20)
Polygon:
(0,0)(13,0)(13,2)(10,2)(10,20)(0,20)
Polygon:
(0,0)(33,0)(33,16)(15,16)(15,33)(0,33)
Polygon:
(0,0)(21,0)(21,7)(13,7)(13,10)(0,10)
Polygon:
(0,0)(23,0)(23,16)(7,16)(7,34)(0,34)
Polygon:
(0,0)(36,0)(36,17)(18,17)(18,33)(0,33)
Polygon:
(0,0)(16,0)(16,10)(10,10)(10,14)(0,14)
Polygon:
(0,0)(12,0)(12,2)(6,2)(6,15)(0,15)
Polygon:
(0,0)(24,0)(24,1)(6,1)(6,7)(0,7)
Polygon:
(0,0)(16,0)(16,12)(8,12)(8,27)(0,27)
Polygon:
(0,0)(12,0)(12,8)(10,8)(10,23)(0,23)
Polygon:
(0,0)(11,0)(11,17)(7,17)(7,32)(0,32)
Polygon:
(0,0)(33,0)(33,1)(18,1)(18,16)(0,16)
Polygon:
(0,0)(11,0)(11,2)(7,2)(7,18)(0,18)
Polygon:
(0,0)(21,0)(21,12)(5,12)(5,20)(0,20)
Polygon:
(0,0)(14,0)(14,14)(8,14)(8,21)(0,21)
Polygon:
(0,0)(29,0)(29,12)(16,12)(16,25)(0,25)
Polygon:
(0,0)(22,0)(22,5)(18,5)(18,7)(0,7)
Polygon:
(0,0)(16,0)(16,14)(10,14)(10,20)(0,20)
Polygon:
(0,0)(28,0)(28,6)(18,6)(18,13)(0,13)
Polygon:
(0,0)(32,0)(32,7)(18,7)(18,21)(0,21)
Polygon:
(0,0)(19,0)(19,3)(5,3)(5,14)(0,14)
Polygon:
(0,0)(18,0)(18,6)(1,6)(1,8)(0,8)
Polygon:
(0,0)(27,0)(27,3)(18,3)(18,14)(0,14)
Polygon:
(0,0)(12,0)(12,9)(4,9)(4,14)(0,14)
Polygon:
(0,0)(31,0)(31,8)(17,8)(17,10)(0,10)
Polygon:
(0,0)(10,0)(10,6)(6,6)(6,21)(0,21)
Polygon:
(0,0)(17,0)(17,9)(12,9)(12,11)(0,11)
Polygon:
(0,0)(20,0)(20,5)(13,5)(13,22)(0,22)
Polygon:
(0,0)(12,0)(12,4)(11,4)(11,20)(0,20)
Polygon:
(0,0)(18,0)(18,2)(6,2)(6,6)(0,6)
Polygon:
(0,0)(21,0)(21,12)(9,12)(9,28)(0,28)
Polygon:
(0,0)(12,0)(12,17)(4,17)(4,24)(0,24)
Polygon:
(0,0)(18,0)(18,4)(14,4)(14,20)(0,20)
Polygon:
(0,0)(6,0)(6,17)(2,17)(2,28)(0,28)
Polygon:
(0,0)(31,0)(31,9)(13,9)(13,25)(0,25)
Polygon:
(0,0)(20,0)(20,5)(3,5)(3,10)(0,10)
Polygon:
(0,0)(21,0)(21,15)(16,15)(16,24)(0,24)
Polygon:
(0,0)(13,0)(13,9)(7,9)(7,11)(0,11)
Polygon:
(0,0)(15,0)(15,3)(5,3)(5,14)(0,14)
Polygon:
(0,0)(20,0)(20,5)(17,5)(17,17)(0,17)
Polygon:
(0,0)(31,0)(31,11)(17,11)(17,26)(0,26)
Polygon:
(0,0)(9,0)(9,2)(3,2)(3,11)(0,11)
Polygon:
(0,0)(27,0)(27,6)(17,6)(17,23)(0,23)
Polygon:
(0,0)(22,0)(22,16)(16,16)(16,25)(0,25)
Polygon:
(0,0)(25,0)(25,10)(14,10)(14,27)(0,27)
Polygon:
(0,0)(21,0)(21,13)(11,13)(11,23)(0,23)
Polygon:
(0,0)(10,0)(10,15)(5,15)(5,21)(0,21)
Polygon:
(0,0)(16,0)(16,14)(0,14)
Polygon:
(0,0)(33,0)(33,16)(24,16)(24,25)(11,25)(11,7)(0,7)
Polygon:
(0,0)(13,0)(13,15)(0,15)
Polygon:
(0,0)(9,0)(9,10)(0,10)
Polygon:
(0,0)(8,0)(8,5)(0,5)
Polygon:
(0,0)(6,0)(6,12)(0,12)
Polygon:
(0,0)(17,0)(17,9)(8,9)(8,25)(5,25)(5,17)(0,17)
Polygon:
(0,0)(11,0)(11,12)(0,12)
Polygon:
(0,0)(6,0)(6,5)(0,5)
Polygon:
(0,0)(27,0)(27,21)(19,21)(19,24)(13,24)(13,9)(0,9)
Polygon:
(0,0)(9,0)(9,16)(0,16)
Polygon:
(0,0)(32,0)(32,17)(30,17)(30,8)(13,8)(13,14)(0,14)
Polygon:
(0,0)(2,0)(2,15)(0,15)
Polygon:
(0,0)(17,0)(17,9)(0,9)
Polygon:
(0,0)(9,0)(9,14)(0,14)
Polygon:
(0,0)(12,0)(12,6)(0,6)
Polygon:
(0,0)(5,0)(5,16)(0,16)
Polygon:
(0,0)(2,0)(2,4)(0,4)
Polygon:
(0,0)(1,0)(1,17)(0,17)
Polygon:
(0,0)(39,0)(39,14)(23,14)(23,2)(11,2)(11,8)(0,8)
Polygon:
(0,0)(16,0)(16,1)(0,1)
Polygon:
(0,0)(23,0)(23,21)(22,21)(22,25)(16,25)(16,17)(0,17)
Polygon:
(0,0)(14,0)(14,15)(0,15)
Polygon:
(0,0)(15,0)(15,10)(0,10)
Polygon:
(0,0)(39,0)(39,1)(29,1)(29,17)(16,17)(16,14)(0,14)
Polygon:
(0,0)(2,0)(2,14)(0,14)
Polygon:
(0,0)(29,0)(29,18)(18,18)(18,6)(6,6)(6,13)(0,13)
Polygon:
(0,0)(3,0)(3,12)(0,12)
Polygon:
(0,0)(16,0)(16,1)(0,1)
Polygon:
(0,0)(4,0)(4,14)(0,14)
Polygon:
(0,0)(17,0)(17,21)(8,21)(8,23)(7,23)(7,9)(0,9)
Polygon:
(0,0)(17,0)(17,5)(0,5)
Polygon:
(0,0)(27,0)(27,24)(20,24)(20,8)(17,8)(17,18)(0,18)
Polygon:
(0,0)(5,0)(5,14)(0,14)
Polygon:
(0,0)(22,0)(22,23)(14,23)(14,30)(9,30)(9,12)(0,12)
Polygon:
(0,0)(13,0)(13,16)(0,16)
Polygon:
(0,0)(10,0)(10,2)(0,2)
Polygon:
(0,0)(16,0)(16,7)(0,7)
Polygon:
(0,0)(5,0)(5,7)(0,7)
Polygon:
(0,0)(19,0)(19,12)(13,12)(13,2)(3,2)(3,6)(0,6)
Polygon:
(0,0)(13,0)(13,16)(0,16)
Polygon:
(0,0)(44,0)(44,3)(28,3)(28,1)(13,1)(13,17)(0,17)
Polygon:
(0,0)(11,0)(11,15)(0,15)
Polygon:
(0,0)(4,0)(4,9)(0,9)
Polygon:
(0,0)(35,0)(35,5)(28,5)(28,23)(17,23)(17,7)(0,7)
Polygon:
(0,0)(14,0)(14,15)(10,15)(10,24)(9,24)(9,7)(0,7)
Polygon:
(0,0)(9,0)(9,13)(0,13)
Polygon:
(0,0)(4,0)(4,17)(0,17)
Polygon:
(0,0)(18,0)(18,4)(0,4)
Polygon:
(0,0)(18,0)(18,1)(0,1)
Polygon:
(0,0)(5,0)(5,9)(0,9)
Polygon:
(0,0)(17,0)(17,5)(0,5)
Polygon:
(0,0)(7,0)(7,16)(0,16)
Polygon:
(0,0)(31,0)(31,4)(14,4)(14,20)(6,20)(6,4)(0,4)
Polygon:
(0,0)(34,0)(34,18)(20,18)(20,4)(11,4)(11,11)(0,11)
Polygon:
(0,0)(49,0)(49,14)(33,14)(33,15)(15,15)(15,5)(0,5)
Polygon:
(0,0)(18,0)(18,14)(0,14)
Polygon:
(0,0)(4,0)(4,12)(0,12)
Polygon:
(0,0)(27,0)(27,16)(9,16)(9,7)(5,7)(5,8)(0,8)
Polygon:
(0,0)(3,0)(3,10)(0,10)
Polygon:
(0,0)(5,0)(5,9)(0,9)
Polygon:
(0,0)(28,0)(28,10)(19,10)(19,2)(10,2)(10,4)(0,4)
Polygon:
(0,0)(17,0)(17,18)(0,18)
Polygon:
(0,0)(38,0)(38,4)(20,4)(20,17)(13,17)(13,4)(0,4)
Polygon:
(0,0)(8,0)(8,1)(0,1)
Polygon:
(0,0)(15,0)(15,20)(4,20)(4,7)(1,7)(1,17)(0,17)
Polygon:
(0,0)(33,0)(33,14)(18,14)(18,1)(15,1)(15,8)(0,8)
Polygon:
(0,0)(29,0)(29,29)(22,29)(22,15)(18,15)(18,18)(0,18)
Polygon:
(0,0)(1,0)(1,16)(0,16)
Polygon:
(0,0)(27,0)(27,15)(12,15)(12,6)(6,6)(6,10)(0,10)
Polygon:
(0,0)(3,0)(3,2)(0,2)
Polygon:
(0,0)(15,0)(15,16)(0,16)
Polygon:
(0,0)(28,0)(28,6)(17,6)(17,1)(11,1)(11,4)(0,4)
Polygon:
(0,0)(4,0)(4,16)(0,16)
Polygon:
(0,0)(24,0)(24,5)(21,5)(21,10)(18,10)(18,8)(0,8)
Polygon:
(0,0)(14,0)(14,8)(0,8)
Polygon:
(0,0)(7,0)(7,13)(0,13)
Polygon:
(0,0)(5,0)(5,16)(0,16)
Polygon:
(0,0)(12,0)(12,14)(0,14)
Polygon:
(0,0)(9,0)(9,3)(0,3)
Polygon:
(0,0)(34,0)(34,9)(31,9)(31,18)(18,18)(18,15)(0,15)
Polygon:
(0,0)(23,0)(23,6)(16,6)(16,15)(3,15)(3,12)(0,12)
Polygon:
(0,0)(8,0)(8,17)(0,17)
Polygon:
(0,0)(43,0)(43,24)(33,24)(33,25)(16,25)(16,10)(0,10)
Polygon:
(0,0)(30,0)(30,2)(28,2)(28,18)(16,18)(16,8)(0,8)
Polygon:
(0,0)(12,0)(12,16)(0,16)
Polygon:
(0,0)(6,0)(6,16)(0,16)
Polygon:
(0,0)(20,0)(20,16)(19,16)(19,5)(10,5)(10,7)(0,7)
Polygon:
(0,0)(9,0)(9,15)(0,15)
Polygon:
(0,0)(9,0)(9,6)(0,6)
Polygon:
(0,0)(16,0)(16,9)(0,9)
Polygon:
(0,0)(14,0)(14,6)(0,6)
Polygon:
(0,0)(37,0)(37,8)(23,8)(23,17)(7,17)(7,7)(0,7)
Polygon:
(0,0)(47,0)(47,14)(33,14)(33,7)(17,7)(17,17)(0,17)
Polygon:
(0,0)(16,0)(16,8)(0,8)
Polygon:
(0,0)(21,0)(21,24)(6,24)(6,8)(1,8)(1,15)(0,15)
Polygon:
(0,0)(6,0)(6,14)(0,14)
Polygon:
(0,0)(34,0)(34,12)(28,12)(28,23)(18,23)(18,5)(0,5)
Polygon:
(0,0)(27,0)(27,11)(9,11)(9,18)(6,18)(6,6)(0,6)
Polygon:
(0,0)(26,0)(26,23)(22,23)(22,25)(16,25)(16,14)(0,14)
Polygon:
(0,0)(9,0)(9,1)(0,1)
Polygon:
(0,0)(26,0)(26,7)(12,7)(12,3)(7,3)(7,18)(0,18)
Polygon:
(0,0)(2,0)(2,3)(0,3)
Polygon:
(0,0)(12,0)(12,13)(0,13)
Polygon:
(0,0)(6,0)(6,17)(0,17)
Polygon:
(0,0)(19,0)(19,19)(14,19)(14,5)(4,5)(4,9)(0,9)
Polygon:
(0,0)(6,0)(6,3)(0,3)
Polygon:
(0,0)(15,0)(15,16)(14,16)(14,3)(2,3)(2,7)(0,7)
Polygon:
(0,0)(11,0)(11,14)(0,14)
Polygon:
(0,0)(13,0)(13,6)(0,6)
Polygon:
(0,0)(44,0)(44,9)(26,9)(26,2)(9,2)(9,5)(0,5)
Polygon:
(0,0)(28,0)(28,23)(20,23)(20,36)(17,36)(17,18)(0,18)
Polygon:
(0,0)(30,0)(30,6)(26,6)(26,3)(8,3)(8,14)(0,14)
Polygon:
(0,0)(6,0)(6,8)(0,8)
Polygon:
(0,0)(41,0)(41,18)(26,18)(26,2)(13,2)(13,5)(0,5)
Polygon:
(0,0)(30,0)(30,14)(22,14)(22,20)(10,20)(10,7)(0,7)
Polygon:
(0,0)(7,0)(7,15)(0,15)
Polygon:
(0,0)(8,0)(8,2)(0,2)
Polygon:
(0,0)(9,0)(9,10)(0,10)
Polygon:
(0,0)(39,0)(39,7)(22,7)(22,4)(14,4)(14,15)(0,15)
Polygon:
(0,0)(1,0)(1,18)(0,18)
Polygon:
(0,0)(25,0)(25,5)(7,5)(7,11)(1,11)(1,2)(0,2)
Polygon:
(0,0)(24,0)(24,18)(19,18)(19,19)(3,19)(3,16)(0,16)
Polygon:
(0,0)(13,0)(13,5)(0,5)
Polygon:
(0,0)(35,0)(35,5)(21,5)(21,21)(16,21)(16,16)(0,16)
Polygon:
(0,0)(29,0)(29,4)(18,4)(18,18)(15,18)(15,12)(0,12)
Polygon:
(0,0)(13,0)(13,10)(0,10)
Polygon:
(0,0)(11,0)(11,13)(0,13)
Polygon:
(0,0)(21,0)(21,22)(19,22)(19,25)(8,25)(8,7)(0,7)
Polygon:
(0,0)(21,0)(21,4)(18,4)(18,17)(11,17)(11,2)(0,2)
Polygon:
(0,0)(7,0)(7,16)(0,16)
Polygon:
(0,0)(17,0)(17,7)(0,7)
Polygon:
(0,0)(14,0)(14,16)(0,16)
Polygon:
(0,0)(27,0)(27,10)(14,10)(14,3)(11,3)(11,10)(0,10)
Polygon:
(0,0)(19,0)(19,20)(2,20)(2,3)(1,3)(1,11)(0,11)
Polygon:
(0,0)(27,0)(27,21)(25,21)(25,8)(13,8)(13,15)(0,15)
Polygon:
(0,0)(15,0)(15,9)(0,9)
Polygon:
(0,0)(17,0)(17,15)(0,15)
Polygon:
(0,0)(1,0)(1,18)(0,18)
Polygon:
(0,0)(14,0)(14,10)(0,10)
Polygon:
(0,0)(34,0)(34,12)(27,12)(27,23)(18,23)(18,16)(0,16)
Polygon:
(0,0)(10,0)(10,16)(0,16)
Polygon:
(0,0)(10,0)(10,8)(8,8)(8,16)(5,16)(5,13)(0,13)
Polygon:
(0,0)(15,0)(15,7)(6,7)(6,3)(2,3)(2,11)(0,11)
Polygon:
(0,0)(9,0)(9,16)(0,16)
Polygon:
(0,0)(27,0)(27,18)(22,18)(22,34)(16,34)(16,17)(0,17)
Polygon:
(0,0)(4,0)(4,17)(0,17)
Polygon:
(0,0)(1,0)(1,12)(0,12)
Polygon:
(0,0)(32,0)(32,17)(27,17)(27,19)(11,19)(11,6)(0,6)
Polygon:
(0,0)(15,0)(15,16)(6,16)(6,24)(2,24)(2,6)(0,6)
Polygon:
(0,0)(16,0)(16,1)(0,1)
Polygon:
(0,0)(30,0)(30,14)(15,14)(15,20)(7,20)(7,16)(0,16)
Polygon:
(0,0)(29,0)(29,8)(17,8)(17,18)(7,18)(7,10)(0,10)
Polygon:
(0,0)(6,0)(6,14)(0,14)
Polygon:
(0,0)(6,0)(6,5)(0,5)
Polygon:
(0,0)(2,0)(2,6)(0,6)
Polygon:
(0,0)(33,0)(33,28)(24,28)(24,31)(9,31)(9,13)(0,13)
Polygon:
(0,0)(44,0)(44,18)(26,18)(26,31)(15,31)(15,15)(0,15)
Polygon:
(0,0)(34,0)(34,2)(17,2)(17,17)(4,17)(4,2)(0,2)
Polygon:
(0,0)(41,0)(41,21)(27,21)(27,22)(17,22)(17,5)(0,5)
Polygon:
(0,0)(26,0)(26,25)(23,25)(23,11)(14,11)(14,14)(0,14)
Polygon:
(0,0)(15,0)(15,10)(0,10)
Polygon:
(0,0)(8,0)(8,4)(0,4)
Polygon:
(0,0)(13,0)(13,9)(0,9)
Polygon:
(0,0)(15,0)(15,16)(11,16)(11,3)(8,3)(8,15)(0,15)
Polygon:
(0,0)(8,0)(8,15)(0,15)
Polygon:
(0,0)(17,0)(17,16)(0,16)
Polygon:
(0,0)(5,0)(5,14)(0,14)
Polygon:
(0,0)(7,0)(7,15)(0,15)
Polygon:
(0,0)(1,0)(1,2)(0,2)
Polygon:
(0,0)(14,0)(14,9)(0,9)
Polygon:
(0,0)(13,0)(13,11)(0,11)
Polygon:
(0,0)(15,0)(15,6)(0,6)
Polygon:
(0,0)(2,0)(2,17)(0,17)
Polygon:
(0,0)(10,0)(10,17)(0,17)
Polygon:
(0,0)(5,0)(5,6)(0,6)
Polygon:
(0,0)(8,0)(8,2)(0,2)
Polygon:
(0,0)(33,0)(33,13)(15,13)(15,7)(5,7)(5,18)(0,18)
Polygon:
(0,0)(32,0)(32,12)(22,12)(22,16)(8,16)(8,3)(0,3)
Polygon:
(0,0)(7,0)(7,15)(0,15)
Polygon:
(0,0)(29,0)(29,13)(26,13)(26,1)(13,1)(13,14)(0,14)
Polygon:
(0,0)(4,0)(4,8)(0,8)
Polygon:
(0,0)(21,0)(21,8)(18,8)(18,20)(13,20)(13,14)(0,14)
Polygon:
(0,0)(13,0)(13,15)(0,15)
Polygon:
(0,0)(34,0)(34,15)(31,15)(31,21)(14,21)(14,12)(0,12)
Polygon:
(0,0)(43,0)(43,23)(27,23)(27,28)(9,28)(9,15)(0,15)
Polygon:
(0,0)(50,0)(50,19)(32,19)(32,26)(18,26)(18,15)(0,15)
Polygon:
(0,0)(7,0)(7,15)(0,15)
Polygon:
(0,0)(4,0)(4,10)(0,10)
Polygon:
(0,0)(42,0)(42,14)(28,14)(28,32)(13,32)(13,18)(0,18)
Polygon:
(0,0)(2,0)(2,9)(0,9)
Polygon:
(0,0)(14,0)(14,12)(0,12)
Polygon:
(0,0)(14,0)(14,5)(0,5)
Polygon:
(0,0)(19,0)(19,11)(7,11)(7,24)(1,24)(1,16)(0,16)
Polygon:
(0,0)(7,0)(7,16)(0,16)
Polygon:
(0,0)(13,0)(13,1)(10,1)(10,5)(1,5)(1,3)(0,3)
Polygon:
(0,0)(3,0)(3,5)(0,5)
Polygon:
(0,0)(8,0)(8,11)(0,11)
Polygon:
(0,0)(14,0)(14,3)(0,3)
Polygon:
(0,0)(6,0)(6,14)(0,14)
