Polygon:
(0,0)(11,0)(11,18)(8,18)(8,22)(0,22)
Polygon:
(0,0)(19,0)(19,8)(16,8)(16,22)(0,22)
Polygon:
(0,0)(13,0)(13,15)(1,15)(1,23)(0,23)
Polygon:
(0,0)(27,0)(27,4)(9,4)(9,7)(0,7)
Polygon:
(0,0)(5,0)(5,1)(4,1)(4,14)(0,14)
Polygon:
(0,0)(29,0)(29,17)(15,17)(15,33)(0,33)
Polygon:
(0,0)(22,0)(22,11)(18,11)(18,24)(0,24)
Polygon:
(0,0)(24,0)(24,11)(8,11)(8,24)(0,24)
Polygon:
(0,0)(17,0)(17,17)(16,17)(16,25)(0,25)
Polygon:
(0,0)(17,0)(17,15)(5,15)(5,29)(0,29)
Polygon:
(0,0)(19,0)(19,10)(11,10)(11,24)(0,24)
Polygon:
(0,0)(15,0)(15,17)(14,17)(14,34)(0,34)
Polygon:
(0,0)(27,0)(27,9)(13,9)(13,13)(0,13)
Polygon:
(0,0)(23,0)(23,13)(5,13)(5,25)(0,25)
Polygon:
(0,0)(23,0)(23,14)(17,14)(17,20)(0,20)
Polygon:
(0,0)(20,0)(20,5)(6,5)(6,19)(0,19)
Polygon:
(0,0)(23,0)(23,7)(6,7)(6,17)(0,17)
Polygon:
(0,0)(8,0)(8,17)(5,17)(5,27)(0,27)
Polygon:
(0,0)(5,0)(5,7)(2,7)(2,18)(0,18)
Polygon:
(0,0)(29,0)(29,2)(14,2)(14,19)(0,19)
Polygon:
(0,0)(17,0)(17,14)(7,14)(7,15)(0,15)
Polygon:
(0,0)(25,0)(25,2)(8,2)(8,9)(0,9)
Polygon:
(0,0)(14,0)(14,12)(5,12)(5,16)(0,16)
Polygon:
(0,0)(13,0)(13,2)(6,2)(6,11)(0,11)
Polygon:
(0,0)(34,0)(34,9)(16,9)(16,10)(0,10)
Polygon:
(0,0)(24,0)(24,7)(8,7)(8,18)(0,18)
Polygon:
(0,0)(16,0)(16,9)(11,9)(11,20)(0,20)
Polygon:
(0,0)(24,0)(24,1)(8,1)(8,10)(0,10)
Polygon:
(0,0)(29,0)(29,5)(18,5)(18,16)(0,16)
Polygon:
(0,0)(8,0)(8,9)(2,9)(2,25)(0,25)
Polygon:
(0,0)(21,0)(21,5)(12,5)(12,14)(0,14)
Polygon:
(0,0)(14,0)(14,14)(2,14)(2,16)(0,16)
Polygon:
(0,0)(22,0)(22,11)(17,11)(17,27)(0,27)
Polygon:
(0,0)(33,0)(33,17)(16,17)(16,22)(0,22)
Polygon:
(0,0)(20,0)(20,9)(13,9)(13,17)(0,17)
Polygon:
(0,0)(23,0)(23,15)(18,15)(18,21)(0,21)
Polygon:
(0,0)(14,0)(14,15)(3,15)(3,33)(0,33)
Polygon:
(0,0)(28,0)(28,3)(10,3)(10,15)(0,15)
Polygon:
(0,0)(19,0)(19,3)(3,3)(3,17)(0,17)
Polygon:
(0,0)(30,0)(30,10)(12,10)(12,12)(0,12)
Polygon:
(0,0)(14,0)(14,10)(5,10)(5,19)(0,19)
Polygon:
(0,0)(18,0)(18,4)(16,4)(16,20)(0,20)
Polygon:
(0,0)(12,0)(12,9)(2,9)(2,23)(0,23)
Polygon:
(0,0)(8,0)(8,1)(3,1)(3,9)(0,9)
Polygon:
(0,0)(12,0)(12,12)(11,12)(11,21)(0,21)
Polygon:
(0,0)(31,0)(31,11)(17,11)(17,22)(0,22)
Polygon:
(0,0)(28,0)(28,10)(18,10)(18,18)(0,18)
Polygon:
(0,0)(19,0)(19,18)(18,18)(18,29)(0,29)
Polygon:
(0,0)(26,0)(26,13)(14,13)(14,17)(0,17)
Polygon:
(0,0)(21,0)(21,10)(3,10)(3,20)(0,20)
Polygon:
(0,0)(28,0)(28,1)(13,1)(13,2)(0,2)
Polygon:
(0,0)(18,0)(18,4)(7,4)(7,8)(0,8)
Polygon:
(0,0)(23,0)(23,16)(11,16)(11,34)(0,34)
Polygon:
(0,0)(15,0)(15,12)(3,12)(3,13)(0,13)
Polygon:
(0,0)(29,0)(29,14)(14,14)(14,20)(0,20)
Polygon:
(0,0)(25,0)(25,6)(13,6)(13,10)(0,10)
Polygon:
(0,0)(24,0)(24,8)(7,8)(7,11)(0,11)
Polygon:
(0,0)(27,0)(27,15)(14,15)(14,31)(0,31)
Polygon:
(0,0)(31,0)(31,2)(17,2)(17,18)(0,18)
Polygon:
(0,0)(16,0)(16,18)(5,18)(5,20)(0,20)
Polygon:
(0,0)(24,0)(24,12)(12,12)(12,24)(0,24)
Polygon:
(0,0)(23,0)(23,14)(14,14)(14,28)(0,28)
Polygon:
(0,0)(20,0)(20,10)(18,10)(18,11)(0,11)
Polygon:
(0,0)(21,0)(21,1)(18,1)(18,9)(0,9)
Polygon:
(0,0)(15,0)(15,7)(7,7)(7,14)(0,14)
Polygon:
(0,0)(20,0)(20,7)(11,7)(11,10)(0,10)
Polygon:
(0,0)(16,0)(16,18)(4,18)(4,29)(0,29)
Polygon:
(0,0)(11,0)(11,8)(9,8)(9,19)(0,19)
Polygon:
(0,0)(10,0)(10,8)(6,8)(6,18)(0,18)
Polygon:
(0,0)(10,0)(10,4)(9,4)(9,11)(0,11)
Polygon:
(0,0)(13,0)(13,14)(6,14)(6,18)(0,18)
Polygon:
(0,0)(6,0)(6,10)(4,10)(4,11)(0,11)
Polygon:
(0,0)(28,0)(28,7)(17,7)(17,9)(0,9)
Polygon:
(0,0)(21,0)(21,8)(18,8)(18,26)(0,26)
Polygon:
(0,0)(34,0)(34,10)(16,10)(16,22)(0,22)
Polygon:
(0,0)(7,0)(7,7)(5,7)(5,22)(0,22)
Polygon:
(0,0)(28,0)(28,1)(10,1)(10,10)(0,10)
Polygon:
(0,0)(26,0)(26,1)(17,1)(17,9)(0,9)
Polygon:
(0,0)(25,0)(25,5)(11,5)(11,9)(0,9)
Polygon:
(0,0)(25,0)(25,9)(17,9)(17,21)(0,21)
Polygon:
(0,0)(22,0)(22,4)(4,4)(4,12)(0,12)
Polygon:
(0,0)(11,0)(11,17)(2,17)(2,33)(0,33)
Polygon:
(0,0)(16,0)(16,18)(11,18)(11,21)(0,21)
Polygon:
(0,0)(8,0)(8,17)(2,17)(2,24)(0,24)
Polygon:
(0,0)(8,0)(8,1)(5,1)(5,8)(0,8)
Polygon:
(0,0)(21,0)(21,4)(3,4)(3,9)(0,9)
Polygon:
(0,0)(28,0)(28,16)(17,16)(17,23)(0,23)
Polygon:
(0,0)(25,0)(25,7)(13,7)(13,8)(0,8)
Polygon:
(0,0)(29,0)(29,15)(15,15)(15,17)(0,17)
Polygon:
(0,0)(13,0)(13,18)(9,18)(9,23)(0,23)
Polygon:
(0,0)(22,0)(22,10)(10,10)(10,28)(0,28)
Polygon:
(0,0)(22,0)(22,8)(8,8)(8,13)(0,13)
Polygon:
(0,0)(11,0)(11,6)(8,6)(8,24)(0,24)
Polygon:
(0,0)(21,0)(21,7)(14,7)(14,19)(0,19)
Polygon:
(0,0)(24,0)(24,3)(6,3)(6,7)(0,7)
Polygon:
(0,0)(34,0)(34,7)(17,7)(17,17)(0,17)
Polygon:
(0,0)(29,0)(29,3)(16,3)(16,4)(0,4)
Polygon:
(0,0)(19,0)(19,3)(18,3)(18,20)(0,20)
Polygon:
(0,0)(18,0)(18,18)(6,18)(6,29)(0,29)
Polygon:
(0,0)(29,0)(29,13)(17,13)(17,30)(0,30)
Polygon:
(0,0)(24,0)(24,5)(16,5)(16,13)(0,13)
Polygon:
(0,0)(14,0)(14,17)(9,17)(9,23)(0,23)
Polygon:
(0,0)(16,0)(16,5)(8,5)(8,16)(0,16)
Polygon:
(0,0)(19,0)(19,7)(14,7)(14,15)(0,15)
Polygon:
(0,0)(19,0)(19,10)(9,10)(9,24)(0,24)
Polygon:
(0,0)(4,0)(4,7)(1,7)(1,18)(0,18)
Polygon:
(0,0)(22,0)(22,9)(12,9)(12,27)(0,27)
Polygon:
(0,0)(26,0)(26,18)(18,18)(18,31)(0,31)
Polygon:
(0,0)(33,0)(33,16)(16,16)(16,30)(0,30)
Polygon:
(0,0)(16,0)(16,12)(3,12)(3,18)(0,18)
Polygon:
(0,0)(6,0)(6,10)(4,10)(4,17)(0,17)
Polygon:
(0,0)(22,0)(22,14)(17,14)(17,15)(0,15)
Polygon:
(0,0)(16,0)(16,13)(2,13)(2,25)(0,25)
Polygon:
(0,0)(16,0)(16,2)(11,2)(11,4)(0,4)
Polygon:
(0,0)(19,0)(19,1)(9,1)(9,16)(0,16)
Polygon:
(0,0)(27,0)(27,18)(14,18)(14,29)(0,29)
Polygon:
(0,0)(12,0)(12,13)(10,13)(10,25)(0,25)
Polygon:
(0,0)(29,0)(29,9)(11,9)(11,20)(0,20)
Polygon:
(0,0)(13,0)(13,3)(12,3)(12,8)(0,8)
Polygon:
(0,0)(11,0)(11,2)(6,2)(6,11)(0,11)
Polygon:
(0,0)(26,0)(26,8)(12,8)(12,13)(0,13)
Polygon:
(0,0)(24,0)(24,13)(18,13)(18,24)(0,24)
Polygon:
(0,0)(34,0)(34,3)(18,3)(18,11)(0,11)
Polygon:
(0,0)(27,0)(27,5)(12,5)(12,21)(0,21)
Polygon:
(0,0)(33,0)(33,8)(17,8)(17,13)(0,13)
Polygon:
(0,0)(27,0)(27,11)(10,11)(10,18)(0,18)
Polygon:
(0,0)(7,0)(7,8)(5,8)(5,25)(0,25)
Polygon:
(0,0)(14,0)(14,14)(2,14)(2,23)(0,23)
Polygon:
(0,0)(16,0)(16,8)(10,8)(10,17)(0,17)
Polygon:
(0,0)(13,0)(13,10)(8,10)(8,16)(0,16)
Polygon:
(0,0)(8,0)(8,18)(3,18)(3,23)(0,23)
Polygon:
(0,0)(15,0)(15,5)(1,5)(1,18)(0,18)
Polygon:
(0,0)(16,0)(16,3)(12,3)(12,6)(0,6)
Polygon:
(0,0)(29,0)(29,17)(12,17)(12,27)(0,27)
Polygon:
(0,0)(26,0)(26,5)(12,5)(12,17)(0,17)
Polygon:
(0,0)(10,0)(10,1)(3,1)(3,7)(0,7)
Polygon:
(0,0)(27,0)(27,18)(9,18)(9,35)(0,35)
Polygon:
(0,0)(22,0)(22,11)(18,11)(18,16)(0,16)
Polygon:
(0,0)(11,0)(11,8)(2,8)(2,16)(0,16)
Polygon:
(0,0)(19,0)(19,12)(10,12)(10,15)(0,15)
Polygon:
(0,0)(15,0)(15,14)(10,14)(10,20)(0,20)
Polygon:
(0,0)(17,0)(17,13)(2,13)(2,15)(0,15)
Polygon:
(0,0)(19,0)(19,9)(12,9)(12,14)(0,14)
Polygon:
(0,0)(19,0)(19,10)(7,10)(7,15)(0,15)
Polygon:
(0,0)(29,0)(29,4)(11,4)(11,10)(0,10)
Polygon:
(0,0)(26,0)(26,2)(9,2)(9,17)(0,17)
Polygon:
(0,0)(9,0)(9,14)(2,14)(2,22)(0,22)
Polygon:
(0,0)(27,0)(27,6)(9,6)(9,13)(0,13)
Polygon:
(0,0)(25,0)(25,18)(10,18)(10,33)(0,33)
Polygon:
(0,0)(21,0)(21,16)(3,16)(3,34)(0,34)
Polygon:
(0,0)(12,0)(12,2)(5,2)(5,13)(0,13)
Polygon:
(0,0)(20,0)(20,11)(10,11)(10,25)(0,25)
Polygon:
(0,0)(28,0)(28,5)(11,5)(11,8)(0,8)
Polygon:
(0,0)(25,0)(25,14)(8,14)(8,21)(0,21)
Polygon:
(0,0)(4,0)(4,15)(1,15)(1,25)(0,25)
Polygon:
(0,0)(21,0)(21,1)(18,1)(18,19)(0,19)
Polygon:
(0,0)(11,0)(11,1)(7,1)(7,14)(0,14)
Polygon:
(0,0)(19,0)(19,18)(15,18)(15,32)(0,32)
Polygon:
(0,0)(12,0)(12,10)(3,10)(3,14)(0,14)
Polygon:
(0,0)(8,0)(8,13)(7,13)(7,14)(0,14)
Polygon:
(0,0)(30,0)(30,9)(12,9)(12,16)(0,16)
Polygon:
(0,0)(20,0)(20,15)(13,15)(13,26)(0,26)
Polygon:
(0,0)(16,0)(16,7)(5,7)(5,8)(0,8)
Polygon:
(0,0)(8,0)(8,3)(1,3)(1,6)(0,6)
Polygon:
(0,0)(25,0)(25,7)(8,7)(8,24)(0,24)
Polygon:
(0,0)(21,0)(21,18)(5,18)(5,25)(0,25)
Polygon:
(0,0)(20,0)(20,16)(13,16)(13,22)(0,22)
Polygon:
(0,0)(18,0)(18,3)(15,3)(15,5)(0,5)
Polygon:
(0,0)(12,0)(12,15)(8,15)(8,22)(0,22)
Polygon:
(0,0)(32,0)(32,6)(18,6)(18,19)(0,19)
Polygon:
(0,0)(14,0)(14,2)(7,2)(7,16)(0,16)
Polygon:
(0,0)(18,0)(18,7)(13,7)(13,22)(0,22)
Polygon:
(0,0)(12,0)(12,12)(2,12)(2,30)(0,30)
Polygon:
(0,0)(11,0)(11,8)(6,8)(6,19)(0,19)
Polygon:
(0,0)(31,0)(31,1)(16,1)(16,15)(0,15)
Polygon:
(0,0)(15,0)(15,2)(7,2)(7,6)(0,6)
Polygon:
(0,0)(7,0)(7,14)(6,14)(6,15)(0,15)
Polygon:
(0,0)(21,0)(21,14)(7,14)(7,17)(0,17)
Polygon:
(0,0)(13,0)(13,15)(10,15)(10,19)(0,19)
Polygon:
(0,0)(33,0)(33,1)(18,1)(18,16)(0,16)
Polygon:
(0,0)(8,0)(8,8)(4,8)(4,22)(0,22)
Polygon:
(0,0)(13,0)(13,16)(8,16)(8,19)(0,19)
Polygon:
(0,0)(22,0)(22,6)(4,6)(4,17)(0,17)
Polygon:
(0,0)(8,0)(8,4)(4,4)(4,16)(0,16)
Polygon:
(0,0)(9,0)(9,10)(4,10)(4,11)(0,11)
Polygon:
(0,0)(17,0)(17,2)(2,2)(2,6)(0,6)
Polygon:
(0,0)(20,0)(20,8)(12,8)(12,23)(0,23)
Polygon:
(0,0)(16,0)(16,17)(6,17)(6,32)(0,32)
Polygon:
(0,0)(27,0)(27,5)(11,5)(11,18)(0,18)
Polygon:
(0,0)(31,0)(31,17)(18,17)(18,22)(0,22)
Polygon:
(0,0)(12,0)(12,17)(9,17)(9,35)(0,35)
Polygon:
(0,0)(19,0)(19,13)(18,13)(18,17)(0,17)
Polygon:
(0,0)(16,0)(16,6)(13,6)(13,22)(0,22)
Polygon:
(0,0)(27,0)(27,3)(15,3)(15,18)(0,18)
Polygon:
(0,0)(7,0)(7,9)(5,9)(5,25)(0,25)
Polygon:
(0,0)(24,0)(24,6)(15,6)(15,8)(0,8)
Polygon:
(0,0)(21,0)(21,5)(9,5)(9,22)(0,22)
Polygon:
(0,0)(26,0)(26,1)(9,1)(9,12)(0,12)
Polygon:
(0,0)(13,0)(13,7)(3,7)(3,13)(0,13)
Polygon:
(0,0)(13,0)(13,16)(3,16)(3,25)(0,25)
Polygon:
(0,0)(8,0)(8,10)(0,10)
Polygon:
(0,0)(15,0)(15,15)(0,15)
Polygon:
(0,0)(5,0)(5,17)(0,17)
Polygon:
(0,0)(15,0)(15,18)(10,18)(10,20)(6,20)(6,12)(0,12)
Polygon:
(0,0)(29,0)(29,5)(25,5)(25,2)(15,2)(15,12)(0,12)
Polygon:
(0,0)(23,0)(23,8)(18,8)(18,20)(6,20)(6,12)(0,12)
Polygon:
(0,0)(5,0)(5,4)(0,4)
Polygon:
(0,0)(42,0)(42,17)(32,17)(32,2)(15,2)(15,11)(0,11)
Polygon:
(0,0)(24,0)(24,13)(21,13)(21,6)(18,6)(18,17)(0,17)
Polygon:
(0,0)(39,0)(39,9)(27,9)(27,7)(18,7)(18,14)(0,14)
Polygon:
(0,0)(31,0)(31,5)(21,5)(21,15)(15,15)(15,12)(0,12)
Polygon:
(0,0)(15,0)(15,16)(0,16)
Polygon:
(0,0)(37,0)(37,8)(26,8)(26,25)(15,25)(15,11)(0,11)
Polygon:
(0,0)(30,0)(30,14)(18,14)(18,26)(5,26)(5,16)(0,16)
Polygon:
(0,0)(13,0)(13,16)(0,16)
Polygon:
(0,0)(35,0)(35,18)(26,18)(26,3)(17,3)(17,15)(0,15)
Polygon:
(0,0)(43,0)(43,8)(31,8)(31,9)(15,9)(15,7)(0,7)
Polygon:
(0,0)(34,0)(34,6)(20,6)(20,23)(8,23)(8,11)(0,11)
Polygon:
(0,0)(39,0)(39,15)(27,15)(27,28)(15,28)(15,17)(0,17)
Polygon:
(0,0)(16,0)(16,1)(0,1)
Polygon:
(0,0)(6,0)(6,5)(0,5)
Polygon:
(0,0)(18,0)(18,7)(2,7)(2,14)(1,14)(1,5)(0,5)
Polygon:
(0,0)(23,0)(23,14)(18,14)(18,2)(10,2)(10,15)(0,15)
Polygon:
(0,0)(14,0)(14,13)(0,13)
Polygon:
(0,0)(2,0)(2,1)(0,1)
Polygon:
(0,0)(13,0)(13,11)(0,11)
Polygon:
(0,0)(30,0)(30,16)(22,16)(22,19)(5,19)(5,4)(0,4)
Polygon:
(0,0)(4,0)(4,15)(0,15)
Polygon:
(0,0)(32,0)(32,26)(27,26)(27,10)(12,10)(12,17)(0,17)
Polygon:
(0,0)(14,0)(14,5)(0,5)
Polygon:
(0,0)(18,0)(18,14)(0,14)
Polygon:
(0,0)(8,0)(8,16)(0,16)
Polygon:
(0,0)(17,0)(17,14)(0,14)
Polygon:
(0,0)(5,0)(5,10)(0,10)
Polygon:
(0,0)(18,0)(18,10)(0,10)
Polygon:
(0,0)(21,0)(21,21)(15,21)(15,33)(8,33)(8,15)(0,15)
Polygon:
(0,0)(12,0)(12,15)(0,15)
Polygon:
(0,0)(6,0)(6,5)(0,5)
Polygon:
(0,0)(12,0)(12,10)(0,10)
Polygon:
(0,0)(4,0)(4,3)(0,3)
Polygon:
(0,0)(17,0)(17,9)(0,9)
Polygon:
(0,0)(11,0)(11,3)(0,3)
Polygon:
(0,0)(18,0)(18,3)(0,3)
Polygon:
(0,0)(25,0)(25,22)(16,22)(16,28)(11,28)(11,17)(0,17)
Polygon:
(0,0)(16,0)(16,17)(0,17)
Polygon:
(0,0)(11,0)(11,10)(0,10)
Polygon:
(0,0)(6,0)(6,6)(0,6)
Polygon:
(0,0)(12,0)(12,16)(9,16)(9,9)(5,9)(5,13)(0,13)
Polygon:
(0,0)(31,0)(31,11)(23,11)(23,14)(5,14)(5,9)(0,9)
Polygon:
(0,0)(7,0)(7,3)(0,3)
Polygon:
(0,0)(15,0)(15,4)(0,4)
Polygon:
(0,0)(40,0)(40,8)(31,8)(31,9)(18,9)(18,3)(0,3)
Polygon:
(0,0)(6,0)(6,10)(0,10)
Polygon:
(0,0)(16,0)(16,13)(0,13)
Polygon:
(0,0)(8,0)(8,10)(0,10)
Polygon:
(0,0)(32,0)(32,14)(23,14)(23,25)(7,25)(7,14)(0,14)
Polygon:
(0,0)(2,0)(2,2)(0,2)
Polygon:
(0,0)(40,0)(40,19)(23,19)(23,21)(15,21)(15,7)(0,7)
Polygon:
(0,0)(25,0)(25,20)(16,20)(16,9)(7,9)(7,13)(0,13)
Polygon:
(0,0)(38,0)(38,3)(20,3)(20,15)(16,15)(16,10)(0,10)
Polygon:
(0,0)(35,0)(35,28)(18,28)(18,30)(4,30)(4,14)(0,14)
Polygon:
(0,0)(3,0)(3,9)(0,9)
Polygon:
(0,0)(21,0)(21,5)(16,5)(16,9)(5,9)(5,5)(0,5)
Polygon:
(0,0)(4,0)(4,1)(0,1)
Polygon:
(0,0)(11,0)(11,13)(0,13)
Polygon:
(0,0)(30,0)(30,7)(16,7)(16,24)(1,24)(1,8)(0,8)
Polygon:
(0,0)(3,0)(3,6)(0,6)
Polygon:
(0,0)(27,0)(27,24)(25,24)(25,11)(18,11)(18,18)(0,18)
Polygon:
(0,0)(32,0)(32,14)(22,14)(22,26)(4,26)(4,8)(0,8)
Polygon:
(0,0)(11,0)(11,2)(0,2)
Polygon:
(0,0)(15,0)(15,8)(0,8)
Polygon:
(0,0)(33,0)(33,10)(30,10)(30,17)(17,17)(17,3)(0,3)
Polygon:
(0,0)(38,0)(38,15)(21,15)(21,21)(10,21)(10,16)(0,16)
Polygon:
(0,0)(35,0)(35,11)(30,11)(30,22)(13,22)(13,10)(0,10)
Polygon:
(0,0)(29,0)(29,3)(27,3)(27,18)(12,18)(12,15)(0,15)
Polygon:
(0,0)(5,0)(5,8)(0,8)
Polygon:
(0,0)(22,0)(22,6)(12,6)(12,15)(10,15)(10,4)(0,4)
Polygon:
(0,0)(39,0)(39,22)(29,22)(29,16)(15,16)(15,18)(0,18)
Polygon:
(0,0)(38,0)(38,26)(27,26)(27,28)(18,28)(18,15)(0,15)
Polygon:
(0,0)(16,0)(16,7)(12,7)(12,21)(9,21)(9,18)(0,18)
Polygon:
(0,0)(13,0)(13,14)(0,14)
Polygon:
(0,0)(9,0)(9,1)(0,1)
Polygon:
(0,0)(33,0)(33,21)(23,21)(23,22)(14,22)(14,4)(0,4)
Polygon:
(0,0)(2,0)(2,17)(0,17)
Polygon:
(0,0)(14,0)(14,2)(0,2)
Polygon:
(0,0)(24,0)(24,19)(16,19)(16,30)(7,30)(7,17)(0,17)
Polygon:
(0,0)(7,0)(7,3)(0,3)
Polygon:
(0,0)(4,0)(4,10)(0,10)
Polygon:
(0,0)(25,0)(25,4)(15,4)(15,7)(2,7)(2,6)(0,6)
Polygon:
(0,0)(6,0)(6,15)(0,15)
Polygon:
(0,0)(16,0)(16,15)(0,15)
Polygon:
(0,0)(30,0)(30,11)(19,11)(19,23)(12,23)(12,5)(0,5)
Polygon:
(0,0)(44,0)(44,17)(27,17)(27,18)(9,18)(9,7)(0,7)
Polygon:
(0,0)(26,0)(26,9)(10,9)(10,18)(2,18)(2,4)(0,4)
Polygon:
(0,0)(10,0)(10,13)(0,13)
Polygon:
(0,0)(16,0)(16,18)(0,18)
Polygon:
(0,0)(17,0)(17,2)(0,2)
Polygon:
(0,0)(8,0)(8,5)(0,5)
Polygon:
(0,0)(1,0)(1,1)(0,1)
Polygon:
(0,0)(51,0)(51,13)(34,13)(34,15)(18,15)(18,8)(0,8)
Polygon:
(0,0)(7,0)(7,10)(0,10)
Polygon:
(0,0)(32,0)(32,15)(28,15)(28,20)(18,20)(18,6)(0,6)
Polygon:
(0,0)(4,0)(4,16)(0,16)
Polygon:
(0,0)(41,0)(41,12)(31,12)(31,22)(14,22)(14,4)(0,4)
Polygon:
(0,0)(18,0)(18,3)(0,3)
Polygon:
(0,0)(37,0)(37,10)(19,10)(19,22)(18,22)(18,5)(0,5)
Polygon:
(0,0)(12,0)(12,9)(9,9)(9,18)(4,18)(4,15)(0,15)
Polygon:
(0,0)(9,0)(9,15)(0,15)
Polygon:
(0,0)(32,0)(32,18)(21,18)(21,29)(8,29)(8,17)(0,17)
Polygon:
(0,0)(2,0)(2,4)(0,4)
Polygon:
(0,0)(18,0)(18,3)(0,3)
Polygon:
(0,0)(1,0)(1,8)(0,8)
Polygon:
(0,0)(13,0)(13,21)(6,21)(6,26)(5,26)(5,16)(0,16)
Polygon:
(0,0)(8,0)(8,2)(0,2)
Polygon:
(0,0)(8,0)(8,12)(0,12)
Polygon:
(0,0)(12,0)(12,3)(0,3)
Polygon:
(0,0)(41,0)(41,15)(25,15)(25,32)(16,32)(16,18)(0,18)
Polygon:
(0,0)(7,0)(7,7)(0,7)
Polygon:
(0,0)(10,0)(10,9)(4,9)(4,2)(3,2)(3,15)(0,15)
Polygon:
(0,0)(5,0)(5,12)(0,12)
Polygon:
(0,0)(15,0)(15,10)(0,10)
Polygon:
(0,0)(22,0)(22,3)(19,3)(19,2)(3,2)(3,18)(0,18)
Polygon:
(0,0)(27,0)(27,12)(25,12)(25,21)(7,21)(7,14)(0,14)
Polygon:
(0,0)(16,0)(16,15)(0,15)
Polygon:
(0,0)(17,0)(17,10)(16,10)(16,26)(5,26)(5,14)(0,14)
Polygon:
(0,0)(13,0)(13,10)(0,10)
Polygon:
(0,0)(4,0)(4,16)(0,16)
Polygon:
(0,0)(11,0)(11,11)(0,11)
Polygon:
(0,0)(7,0)(7,8)(0,8)
Polygon:
(0,0)(8,0)(8,9)(0,9)
Polygon:
(0,0)(2,0)(2,17)(0,17)
Polygon:
(0,0)(10,0)(10,8)(0,8)
Polygon:
(0,0)(2,0)(2,14)(0,14)
Polygon:
(0,0)(8,0)(8,7)(0,7)
Polygon:
(0,0)(3,0)(3,12)(0,12)
Polygon:
(0,0)(4,0)(4,4)(0,4)
Polygon:
(0,0)(29,0)(29,8)(19,8)(19,24)(18,24)(18,18)(0,18)
Polygon:
(0,0)(7,0)(7,13)(0,13)
Polygon:
(0,0)(9,0)(9,7)(0,7)
Polygon:
(0,0)(23,0)(23,13)(21,13)(21,31)(5,31)(5,14)(0,14)
Polygon:
(0,0)(20,0)(20,15)(18,15)(18,28)(4,28)(4,11)(0,11)
Polygon:
(0,0)(2,0)(2,17)(0,17)
Polygon:
(0,0)(19,0)(19,3)(17,3)(17,9)(12,9)(12,1)(0,1)
Polygon:
(0,0)(30,0)(30,10)(17,10)(17,11)(2,11)(2,5)(0,5)
Polygon:
(0,0)(14,0)(14,18)(0,18)
Polygon:
(0,0)(31,0)(31,7)(17,7)(17,14)(8,14)(8,13)(0,13)
Polygon:
(0,0)(6,0)(6,3)(0,3)
Polygon:
(0,0)(26,0)(26,12)(12,12)(12,20)(10,20)(10,10)(0,10)
Polygon:
(0,0)(16,0)(16,2)(0,2)
Polygon:
(0,0)(18,0)(18,13)(0,13)
Polygon:
(0,0)(31,0)(31,18)(22,18)(22,5)(4,5)(4,11)(0,11)
Polygon:
(0,0)(51,0)(51,27)(34,27)(34,13)(17,13)(17,18)(0,18)
Polygon:
(0,0)(6,0)(6,17)(0,17)
Polygon:
(0,0)(19,0)(19,23)(11,23)(11,24)(6,24)(6,9)(0,9)
Polygon:
(0,0)(9,0)(9,6)(0,6)
Polygon:
(0,0)(14,0)(14,15)(0,15)
Polygon:
(0,0)(15,0)(15,17)(0,17)
Polygon:
(0,0)(11,0)(11,1)(0,1)
Polygon:
(0,0)(17,0)(17,13)(0,13)
Polygon:
(0,0)(14,0)(14,2)(0,2)
Polygon:
(0,0)(21,0)(21,17)(18,17)(18,1)(2,1)(2,11)(0,11)
Polygon:
(0,0)(35,0)(35,11)(25,11)(25,3)(18,3)(18,12)(0,12)
Polygon:
(0,0)(40,0)(40,31)(32,31)(32,33)(14,33)(14,15)(0,15)
Polygon:
(0,0)(30,0)(30,5)(19,5)(19,19)(10,19)(10,17)(0,17)
Polygon:
(0,0)(15,0)(15,6)(9,6)(9,20)(4,20)(4,12)(0,12)
Polygon:
(0,0)(16,0)(16,6)(0,6)
Polygon:
(0,0)(33,0)(33,11)(17,11)(17,17)(14,17)(14,1)(0,1)
Polygon:
(0,0)(15,0)(15,8)(0,8)
Polygon:
(0,0)(9,0)(9,14)(0,14)
Polygon:
(0,0)(1,0)(1,1)(0,1)
Polygon:
(0,0)(14,0)(14,1)(0,1)
Polygon:
(0,0)(6,0)(6,13)(0,13)
Polygon:
(0,0)(3,0)(3,8)(0,8)
Polygon:
(0,0)(14,0)(14,2)(0,2)
Polygon:
(0,0)(9,0)(9,9)(0,9)
Polygon:
(0,0)(33,0)(33,11)(15,11)(15,12)(1,12)(1,7)(0,7)
Polygon:
(0,0)(30,0)(30,4)(27,4)(27,21)(16,21)(16,11)(0,11)
Polygon:
(0,0)(27,0)(27,8)(24,8)(24,9)(17,9)(17,4)(0,4)
Polygon:
(0,0)(27,0)(27,8)(11,8)(11,22)(3,22)(3,9)(0,9)
Polygon:
(0,0)(12,0)(12,16)(0,16)
Polygon:
(0,0)(6,0)(6,9)(0,9)
Polygon:
(0,0)(7,0)(7,6)(0,6)
Polygon:
(0,0)(9,0)(9,3)(0,3)
Polygon:
(0,0)(49,0)(49,7)(31,7)(31,17)(17,17)(17,10)(0,10)
Polygon:
(0,0)(16,0)(16,29)(13,29)(13,30)(4,30)(4,13)(0,13)
Polygon:
(0,0)(23,0)(23,26)(11,26)(11,10)(6,10)(6,17)(0,17)
Polygon:
(0,0)(26,0)(26,10)(13,10)(13,17)(10,17)(10,4)(0,4)
Polygon:
(0,0)(17,0)(17,7)(0,7)
Polygon:
(0,0)(16,0)(16,18)(6,18)(6,21)(1,21)(1,6)(0,6)
Polygon:
(0,0)(33,0)(33,2)(19,2)(19,12)(3,12)(3,6)(0,6)
Polygon:
(0,0)(1,0)(1,2)(0,2)
Polygon:
(0,0)(16,0)(16,1)(0,1)
Polygon:
(0,0)(37,0)(37,18)(19,18)(19,22)(18,22)(18,8)(0,8)
Polygon:
(0,0)(1,0)(1,16)(0,16)
Polygon:
(0,0)(16,0)(16,4)(0,4)
Polygon:
(0,0)(9,0)(9,6)(0,6)
Polygon:
(0,0)(29,0)(29,12)(19,12)(19,20)(12,20)(12,14)(0,14)
Polygon:
(0,0)(21,0)(21,20)(14,20)(14,34)(10,34)(10,18)(0,18)
Polygon:
(0,0)(9,0)(9,14)(0,14)
Polygon:
(0,0)(15,0)(15,6)(0,6)
Polygon:
(0,0)(30,0)(30,10)(20,10)(20,15)(12,15)(12,14)(0,14)
Polygon:
(0,0)(27,0)(27,7)(22,7)(22,8)(16,8)(16,1)(0,1)
Polygon:
(0,0)(26,0)(26,20)(22,20)(22,3)(9,3)(9,18)(0,18)
Polygon:
(0,0)(8,0)(8,4)(0,4)
Polygon:
(0,0)(33,0)(33,12)(24,12)(24,1)(15,1)(15,8)(0,8)
Polygon:
(0,0)(3,0)(3,15)(0,15)
Polygon:
(0,0)(18,0)(18,19)(13,19)(13,20)(8,20)(8,16)(0,16)
Polygon:
(0,0)(2,0)(2,16)(0,16)
Polygon:
(0,0)(21,0)(21,11)(16,11)(16,20)(14,20)(14,2)(0,2)
Polygon:
(0,0)(2,0)(2,3)(0,3)
Polygon:
(0,0)(22,0)(22,8)(15,8)(15,14)(4,14)(4,2)(0,2)
Polygon:
(0,0)(12,0)(12,18)(0,18)
Polygon:
(0,0)(10,0)(10,12)(0,12)
Polygon:
(0,0)(26,0)(26,22)(24,22)(24,31)(18,31)(18,16)(0,16)
Polygon:
(0,0)(15,0)(15,1)(0,1)
Polygon:
(0,0)(9,0)(9,17)(0,17)
Polygon:
(0,0)(6,0)(6,4)(0,4)
Polygon:
(0,0)(12,0)(12,13)(0,13)
Polygon:
(0,0)(4,0)(4,3)(0,3)
Polygon:
(0,0)(34,0)(34,8)(18,8)(18,4)(3,4)(3,15)(0,15)
Polygon:
(0,0)(11,0)(11,1)(0,1)
Polygon:
(0,0)(14,0)(14,16)(0,16)
Polygon:
(0,0)(21,0)(21,8)(19,8)(19,15)(12,15)(12,9)(0,9)
Polygon:
(0,0)(15,0)(15,3)(0,3)
Polygon:
(0,0)(5,0)(5,4)(0,4)
Polygon:
(0,0)(3,0)(3,16)(0,16)
Polygon:
(0,0)(26,0)(26,4)(16,4)(16,8)(5,8)(5,3)(0,3)
Polygon:
(0,0)(20,0)(20,14)(15,14)(15,31)(10,31)(10,17)(0,17)
Polygon:
(0,0)(9,0)(9,6)(0,6)
Polygon:
(0,0)(14,0)(14,12)(10,12)(10,13)(8,13)(8,6)(0,6)
Polygon:
(0,0)(9,0)(9,13)(0,13)
Polygon:
(0,0)(16,0)(16,17)(0,17)
Polygon:
(0,0)(3,0)(3,10)(0,10)
Polygon:
(0,0)(18,0)(18,18)(16,18)(16,21)(10,21)(10,5)(0,5)
Polygon:
(0,0)(16,0)(16,4)(0,4)
Polygon:
(0,0)(15,0)(15,9)(0,9)
Polygon:
(0,0)(2,0)(2,9)(0,9)
Polygon:
(0,0)(9,0)(9,12)(0,12)
Polygon:
(0,0)(4,0)(4,18)(0,18)
Polygon:
(0,0)(31,0)(31,16)(13,16)(13,26)(8,26)(8,8)(0,8)
Polygon:
(0,0)(1,0)(1,10)(0,10)
Polygon:
(0,0)(35,0)(35,19)(30,19)(30,24)(13,24)(13,17)(0,17)
Polygon:
(0,0)(2,0)(2,5)(0,5)
Polygon:
(0,0)(6,0)(6,8)(0,8)
Polygon:
(0,0)(3,0)(3,15)(0,15)
Polygon:
(0,0)(15,0)(15,8)(0,8)
Polygon:
(0,0)(36,0)(36,8)(32,8)(32,17)(18,17)(18,15)(0,15)
Polygon:
(0,0)(7,0)(7,5)(0,5)
Polygon:
(0,0)(43,0)(43,15)(26,15)(26,16)(18,16)(18,6)(0,6)
Polygon:
(0,0)(25,0)(25,22)(11,22)(11,23)(9,23)(9,15)(0,15)
Polygon:
(0,0)(17,0)(17,2)(0,2)
Polygon:
(0,0)(30,0)(30,2)(23,2)(23,4)(15,4)(15,1)(0,1)
Polygon:
(0,0)(8,0)(8,11)(0,11)
Polygon:
(0,0)(13,0)(13,5)(0,5)
Polygon:
(0,0)(1,0)(1,6)(0,6)
Polygon:
(0,0)(23,0)(23,9)(10,9)(10,6)(2,6)(2,12)(0,12)
Polygon:
(0,0)(15,0)(15,14)(0,14)
Polygon:
(0,0)(15,0)(15,10)(0,10)
Polygon:
(0,0)(32,0)(32,9)(23,9)(23,10)(12,10)(12,6)(0,6)
Polygon:
(0,0)(3,0)(3,5)(0,5)
Polygon:
(0,0)(7,0)(7,6)(0,6)
Polygon:
(0,0)(11,0)(11,5)(0,5)
Polygon:
(0,0)(31,0)(31,17)(16,17)(16,19)(5,19)(5,11)(0,11)
Polygon:
(0,0)(31,0)(31,4)(16,4)(16,21)(15,21)(15,16)(0,16)
Polygon:
(0,0)(1,0)(1,13)(0,13)
Polygon:
(0,0)(40,0)(40,4)(23,4)(23,3)(17,3)(17,14)(0,14)
Polygon:
(0,0)(8,0)(8,11)(0,11)
Polygon:
(0,0)(35,0)(35,9)(27,9)(27,7)(13,7)(13,15)(0,15)
Polygon:
(0,0)(1,0)(1,16)(0,16)
Polygon:
(0,0)(38,0)(38,9)(25,9)(25,22)(17,22)(17,9)(0,9)
Polygon:
(0,0)(18,0)(18,17)(0,17)
Polygon:
(0,0)(16,0)(16,4)(0,4)
Polygon:
(0,0)(17,0)(17,5)(12,5)(12,4)(10,4)(10,10)(0,10)
Polygon:
(0,0)(17,0)(17,18)(10,18)(10,23)(8,23)(8,11)(0,11)
Polygon:
(0,0)(17,0)(17,6)(16,6)(16,21)(10,21)(10,7)(0,7)
Polygon:
(0,0)(22,0)(22,10)(15,10)(15,16)(14,16)(14,10)(0,10)
Polygon:
(0,0)(17,0)(17,16)(0,16)
Polygon:
(0,0)(36,0)(36,23)(24,23)(24,30)(15,30)(15,14)(0,14)
Polygon:
(0,0)(15,0)(15,3)(0,3)
Polygon:
(0,0)(14,0)(14,13)(0,13)
Polygon:
(0,0)(13,0)(13,1)(0,1)
Polygon:
(0,0)(27,0)(27,27)(11,27)(11,15)(3,15)(3,17)(0,17)
Polygon:
(0,0)(31,0)(31,11)(22,11)(22,3)(15,3)(15,16)(0,16)
Polygon:
(0,0)(3,0)(3,8)(0,8)
Polygon:
(0,0)(35,0)(35,5)(28,5)(28,18)(18,18)(18,16)(0,16)
Polygon:
(0,0)(16,0)(16,10)(0,10)
Polygon:
(0,0)(3,0)(3,7)(0,7)
Polygon:
(0,0)(14,0)(14,18)(0,18)
Polygon:
(0,0)(9,0)(9,4)(0,4)
Polygon:
(0,0)(16,0)(16,6)(0,6)
Polygon:
(0,0)(20,0)(20,12)(19,12)(19,11)(16,11)(16,18)(0,18)
Polygon:
(0,0)(9,0)(9,7)(5,7)(5,16)(1,16)(1,2)(0,2)
Polygon:
(0,0)(40,0)(40,12)(31,12)(31,9)(13,9)(13,14)(0,14)
Polygon:
(0,0)(27,0)(27,20)(19,20)(19,32)(13,32)(13,16)(0,16)
Polygon:
(0,0)(2,0)(2,6)(0,6)
Polygon:
(0,0)(28,0)(28,6)(27,6)(27,18)(15,18)(15,2)(0,2)
Polygon:
(0,0)(6,0)(6,6)(0,6)
Polygon:
(0,0)(16,0)(16,7)(0,7)
Polygon:
(0,0)(6,0)(6,3)(0,3)
Polygon:
(0,0)(13,0)(13,18)(0,18)
Polygon:
(0,0)(34,0)(34,8)(28,8)(28,24)(12,24)(12,6)(0,6)
Polygon:
(0,0)(10,0)(10,8)(0,8)
Polygon:
(0,0)(37,0)(37,12)(23,12)(23,5)(6,5)(6,7)(0,7)
Polygon:
(0,0)(32,0)(32,6)(17,6)(17,16)(16,16)(16,12)(0,12)
Polygon:
(0,0)(7,0)(7,14)(0,14)
Polygon:
(0,0)(18,0)(18,8)(0,8)
Polygon:
(0,0)(23,0)(23,2)(6,2)(6,17)(2,17)(2,1)(0,1)
Polygon:
(0,0)(25,0)(25,9)(12,9)(12,22)(8,22)(8,10)(0,10)
Polygon:
(0,0)(29,0)(29,12)(17,12)(17,19)(9,19)(9,9)(0,9)
Polygon:
(0,0)(20,0)(20,10)(14,10)(14,22)(3,22)(3,13)(0,13)
Polygon:
(0,0)(17,0)(17,6)(0,6)
Polygon:
(0,0)(16,0)(16,14)(0,14)
Polygon:
(0,0)(9,0)(9,1)(0,1)
Polygon:
(0,0)(4,0)(4,17)(0,17)
Polygon:
(0,0)(24,0)(24,17)(17,17)(17,19)(7,19)(7,6)(0,6)
Polygon:
(0,0)(13,0)(13,1)(3,1)(3,3)(1,3)(1,2)(0,2)
Polygon:
(0,0)(13,0)(13,12)(0,12)
Polygon:
(0,0)(12,0)(12,7)(0,7)
Polygon:
(0,0)(9,0)(9,4)(0,4)
Polygon:
(0,0)(25,0)(25,4)(12,4)(12,10)(4,10)(4,8)(0,8)
Polygon:
(0,0)(11,0)(11,17)(0,17)
Polygon:
(0,0)(6,0)(6,9)(0,9)
Polygon:
(0,0)(34,0)(34,14)(19,14)(19,9)(15,9)(15,10)(0,10)
Polygon:
(0,0)(13,0)(13,12)(0,12)
Polygon:
(0,0)(1,0)(1,5)(0,5)
Polygon:
(0,0)(26,0)(26,5)(11,5)(11,23)(3,23)(3,10)(0,10)
Polygon:
(0,0)(45,0)(45,15)(27,15)(27,21)(15,21)(15,9)(0,9)
Polygon:
(0,0)(7,0)(7,5)(0,5)
Polygon:
(0,0)(37,0)(37,11)(26,11)(26,1)(10,1)(10,8)(0,8)
Polygon:
(0,0)(23,0)(23,15)(7,15)(7,20)(4,20)(4,7)(0,7)
Polygon:
(0,0)(9,0)(9,3)(0,3)
Polygon:
(0,0)(40,0)(40,8)(26,8)(26,5)(16,5)(16,9)(0,9)
Polygon:
(0,0)(15,0)(15,18)(10,18)(10,21)(7,21)(7,13)(0,13)
Polygon:
(0,0)(28,0)(28,10)(24,10)(24,4)(14,4)(14,13)(0,13)
Polygon:
(0,0)(11,0)(11,10)(0,10)
Polygon:
(0,0)(33,0)(33,9)(19,9)(19,17)(3,17)(3,2)(0,2)
Polygon:
(0,0)(27,0)(27,18)(18,18)(18,27)(6,27)(6,13)(0,13)
Polygon:
(0,0)(42,0)(42,9)(26,9)(26,4)(12,4)(12,14)(0,14)
Polygon:
(0,0)(22,0)(22,4)(6,4)(6,17)(3,17)(3,4)(0,4)
Polygon:
(0,0)(13,0)(13,18)(0,18)
Polygon:
(0,0)(9,0)(9,14)(0,14)
Polygon:
(0,0)(5,0)(5,11)(0,11)
Polygon:
(0,0)(8,0)(8,11)(0,11)
Polygon:
(0,0)(2,0)(2,11)(0,11)
Polygon:
(0,0)(28,0)(28,4)(26,4)(26,20)(12,20)(12,12)(0,12)
Polygon:
(0,0)(13,0)(13,1)(0,1)
Polygon:
(0,0)(39,0)(39,6)(26,6)(26,19)(10,19)(10,16)(0,16)
Polygon:
(0,0)(16,0)(16,6)(0,6)
Polygon:
(0,0)(5,0)(5,9)(0,9)
Polygon:
(0,0)(19,0)(19,6)(17,6)(17,15)(7,15)(7,1)(0,1)
Polygon:
(0,0)(1,0)(1,5)(0,5)
Polygon:
(0,0)(37,0)(37,19)(33,19)(33,21)(15,21)(15,5)(0,5)
Polygon:
(0,0)(14,0)(14,7)(0,7)
Polygon:
(0,0)(25,0)(25,10)(18,10)(18,27)(12,27)(12,14)(0,14)
Polygon:
(0,0)(39,0)(39,17)(24,17)(24,4)(6,4)(6,12)(0,12)
Polygon:
(0,0)(15,0)(15,8)(0,8)
Polygon:
(0,0)(12,0)(12,15)(9,15)(9,24)(1,24)(1,7)(0,7)
Polygon:
(0,0)(30,0)(30,12)(17,12)(17,30)(6,30)(6,18)(0,18)
Polygon:
(0,0)(6,0)(6,17)(0,17)
Polygon:
(0,0)(17,0)(17,11)(0,11)
Polygon:
(0,0)(44,0)(44,8)(28,8)(28,16)(18,16)(18,11)(0,11)
Polygon:
(0,0)(31,0)(31,7)(22,7)(22,6)(10,6)(10,17)(0,17)
Polygon:
(0,0)(17,0)(17,10)(6,10)(6,17)(4,17)(4,1)(0,1)
Polygon:
(0,0)(40,0)(40,19)(25,19)(25,29)(14,29)(14,17)(0,17)
Polygon:
(0,0)(6,0)(6,8)(0,8)
Polygon:
(0,0)(14,0)(14,5)(0,5)
Polygon:
(0,0)(32,0)(32,1)(14,1)(14,16)(4,16)(4,4)(0,4)
Polygon:
(0,0)(16,0)(16,22)(9,22)(9,34)(3,34)(3,18)(0,18)
Polygon:
(0,0)(2,0)(2,17)(0,17)
Polygon:
(0,0)(11,0)(11,16)(0,16)
Polygon:
(0,0)(40,0)(40,5)(23,5)(23,8)(18,8)(18,2)(0,2)
Polygon:
(0,0)(6,0)(6,13)(0,13)
Polygon:
(0,0)(32,0)(32,10)(16,10)(16,19)(15,19)(15,15)(0,15)
Polygon:
(0,0)(6,0)(6,9)(0,9)
Polygon:
(0,0)(4,0)(4,17)(0,17)
Polygon:
(0,0)(14,0)(14,6)(0,6)
Polygon:
(0,0)(10,0)(10,18)(0,18)
Polygon:
(0,0)(10,0)(10,10)(0,10)
Polygon:
(0,0)(28,0)(28,25)(20,25)(20,32)(12,32)(12,18)(0,18)
Polygon:
(0,0)(34,0)(34,6)(21,6)(21,14)(6,14)(6,10)(0,10)
Polygon:
(0,0)(12,0)(12,2)(0,2)
Polygon:
(0,0)(8,0)(8,1)(5,1)(5,6)(1,6)(1,5)(0,5)
Polygon:
(0,0)(6,0)(6,8)(0,8)
Polygon:
(0,0)(5,0)(5,14)(0,14)
Polygon:
(0,0)(30,0)(30,17)(25,17)(25,28)(13,28)(13,13)(0,13)
Polygon:
(0,0)(33,0)(33,13)(16,13)(16,28)(8,28)(8,18)(0,18)
Polygon:
(0,0)(33,0)(33,17)(21,17)(21,20)(7,20)(7,9)(0,9)
Polygon:
(0,0)(8,0)(8,11)(0,11)
Polygon:
(0,0)(30,0)(30,14)(18,14)(18,32)(4,32)(4,18)(0,18)
Polygon:
(0,0)(23,0)(23,11)(22,11)(22,10)(11,10)(11,11)(0,11)
Polygon:
(0,0)(16,0)(16,1)(0,1)
Polygon:
(0,0)(15,0)(15,11)(0,11)
Polygon:
(0,0)(14,0)(14,6)(0,6)
Polygon:
(0,0)(26,0)(26,18)(20,18)(20,25)(10,25)(10,16)(0,16)
Polygon:
(0,0)(12,0)(12,13)(0,13)
Polygon:
(0,0)(14,0)(14,3)(13,3)(13,7)(9,7)(9,6)(0,6)
Polygon:
(0,0)(14,0)(14,3)(0,3)
Polygon:
(0,0)(2,0)(2,4)(0,4)
Polygon:
(0,0)(21,0)(21,16)(12,16)(12,28)(7,28)(7,17)(0,17)
Polygon:
(0,0)(33,0)(33,8)(23,8)(23,13)(14,13)(14,2)(0,2)
Polygon:
(0,0)(16,0)(16,14)(0,14)
Polygon:
(0,0)(17,0)(17,7)(0,7)
Polygon:
(0,0)(2,0)(2,1)(0,1)
Polygon:
(0,0)(11,0)(11,3)(0,3)
Polygon:
(0,0)(33,0)(33,18)(17,18)(17,20)(8,20)(8,8)(0,8)
Polygon:
(0,0)(20,0)(20,13)(16,13)(16,21)(6,21)(6,14)(0,14)
Polygon:
(0,0)(5,0)(5,12)(0,12)
Polygon:
(0,0)(22,0)(22,17)(6,17)(6,27)(5,27)(5,15)(0,15)
Polygon:
(0,0)(1,0)(1,9)(0,9)
Polygon:
(0,0)(14,0)(14,18)(0,18)
Polygon:
(0,0)(10,0)(10,14)(0,14)
Polygon:
(0,0)(5,0)(5,4)(0,4)
Polygon:
(0,0)(32,0)(32,9)(18,9)(18,12)(4,12)(4,1)(0,1)
Polygon:
(0,0)(4,0)(4,18)(0,18)
Polygon:
(0,0)(26,0)(26,16)(20,16)(20,29)(15,29)(15,18)(0,18)
Polygon:
(0,0)(30,0)(30,4)(23,4)(23,17)(12,17)(12,15)(0,15)
Polygon:
(0,0)(34,0)(34,8)(22,8)(22,26)(15,26)(15,15)(0,15)
Polygon:
(0,0)(23,0)(23,22)(20,22)(20,25)(10,25)(10,17)(0,17)
Polygon:
(0,0)(27,0)(27,5)(20,5)(20,16)(16,16)(16,14)(0,14)
Polygon:
(0,0)(23,0)(23,21)(6,21)(6,4)(1,4)(1,5)(0,5)
Polygon:
(0,0)(12,0)(12,7)(0,7)
Polygon:
(0,0)(16,0)(16,4)(13,4)(13,20)(10,20)(10,16)(0,16)
Polygon:
(0,0)(2,0)(2,18)(0,18)
Polygon:
(0,0)(15,0)(15,5)(0,5)
Polygon:
(0,0)(10,0)(10,27)(5,27)(5,9)(3,9)(3,11)(0,11)
Polygon:
(0,0)(22,0)(22,15)(18,15)(18,25)(10,25)(10,12)(0,12)
Polygon:
(0,0)(9,0)(9,18)(0,18)
Polygon:
(0,0)(36,0)(36,23)(20,23)(20,30)(3,30)(3,17)(0,17)
Polygon:
(0,0)(25,0)(25,18)(19,18)(19,1)(17,1)(17,2)(0,2)
Polygon:
(0,0)(17,0)(17,18)(0,18)
Polygon:
(0,0)(40,0)(40,20)(25,20)(25,4)(15,4)(15,6)(0,6)
Polygon:
(0,0)(20,0)(20,13)(15,13)(15,6)(4,6)(4,15)(0,15)
Polygon:
(0,0)(47,0)(47,17)(30,17)(30,2)(17,2)(17,5)(0,5)
Polygon:
(0,0)(10,0)(10,10)(0,10)
Polygon:
(0,0)(25,0)(25,4)(8,4)(8,3)(1,3)(1,16)(0,16)
Polygon:
(0,0)(24,0)(24,22)(15,22)(15,25)(14,25)(14,17)(0,17)
Polygon:
(0,0)(35,0)(35,6)(27,6)(27,19)(15,19)(15,10)(0,10)
Polygon:
(0,0)(2,0)(2,13)(0,13)
Polygon:
(0,0)(6,0)(6,6)(0,6)
Polygon:
(0,0)(4,0)(4,13)(0,13)
Polygon:
(0,0)(9,0)(9,11)(0,11)
Polygon:
(0,0)(47,0)(47,17)(32,17)(32,9)(15,9)(15,10)(0,10)
Polygon:
(0,0)(13,0)(13,17)(0,17)
Polygon:
(0,0)(45,0)(45,19)(30,19)(30,9)(17,9)(17,12)(0,12)
Polygon:
(0,0)(16,0)(16,5)(0,5)
Polygon:
(0,0)(22,0)(22,10)(7,10)(7,20)(3,20)(3,14)(0,14)
Polygon:
(0,0)(34,0)(34,17)(22,17)(22,19)(11,19)(11,15)(0,15)
Polygon:
(0,0)(10,0)(10,14)(0,14)
Polygon:
(0,0)(21,0)(21,12)(20,12)(20,9)(16,9)(16,12)(0,12)
Polygon:
(0,0)(5,0)(5,1)(0,1)
Polygon:
(0,0)(7,0)(7,4)(0,4)
Polygon:
(0,0)(16,0)(16,4)(0,4)
Polygon:
(0,0)(15,0)(15,9)(0,9)
Polygon:
(0,0)(16,0)(16,18)(0,18)
Polygon:
(0,0)(24,0)(24,10)(21,10)(21,12)(4,12)(4,6)(0,6)
Polygon:
(0,0)(12,0)(12,18)(0,18)
Polygon:
(0,0)(14,0)(14,6)(0,6)
Polygon:
(0,0)(15,0)(15,8)(0,8)
Polygon:
(0,0)(17,0)(17,8)(9,8)(9,19)(4,19)(4,12)(0,12)
Polygon:
(0,0)(11,0)(11,15)(0,15)
Polygon:
(0,0)(3,0)(3,2)(0,2)
Polygon:
(0,0)(37,0)(37,22)(29,22)(29,5)(14,5)(14,18)(0,18)
Polygon:
(0,0)(30,0)(30,6)(13,6)(13,18)(9,18)(9,4)(0,4)
Polygon:
(0,0)(18,0)(18,1)(0,1)
Polygon:
(0,0)(28,0)(28,9)(26,9)(26,8)(14,8)(14,13)(0,13)
Polygon:
(0,0)(5,0)(5,8)(0,8)
Polygon:
(0,0)(25,0)(25,14)(21,14)(21,19)(4,19)(4,16)(0,16)
Polygon:
(0,0)(2,0)(2,13)(0,13)
Polygon:
(0,0)(5,0)(5,12)(0,12)
Polygon:
(0,0)(6,0)(6,1)(0,1)
Polygon:
(0,0)(4,0)(4,14)(0,14)
Polygon:
(0,0)(5,0)(5,13)(0,13)
Polygon:
(0,0)(6,0)(6,18)(0,18)
Polygon:
(0,0)(8,0)(8,16)(0,16)
Polygon:
(0,0)(28,0)(28,28)(26,28)(26,31)(9,31)(9,14)(0,14)
Polygon:
(0,0)(10,0)(10,2)(0,2)
Polygon:
(0,0)(30,0)(30,13)(27,13)(27,17)(16,17)(16,5)(0,5)
Polygon:
(0,0)(13,0)(13,5)(0,5)
Polygon:
(0,0)(31,0)(31,10)(27,10)(27,5)(16,5)(16,18)(0,18)
Polygon:
(0,0)(4,0)(4,12)(0,12)
Polygon:
(0,0)(10,0)(10,4)(0,4)
Polygon:
(0,0)(9,0)(9,1)(0,1)
Polygon:
(0,0)(15,0)(15,9)(0,9)
Polygon:
(0,0)(39,0)(39,16)(29,16)(29,4)(17,4)(17,8)(0,8)
Polygon:
(0,0)(22,0)(22,3)(9,3)(9,6)(2,6)(2,2)(0,2)
Polygon:
(0,0)(38,0)(38,5)(33,5)(33,3)(16,3)(16,18)(0,18)
Polygon:
(0,0)(26,0)(26,16)(11,16)(11,29)(4,29)(4,12)(0,12)
Polygon:
(0,0)(5,0)(5,7)(0,7)
Polygon:
(0,0)(15,0)(15,3)(0,3)
Polygon:
(0,0)(26,0)(26,24)(10,24)(10,8)(7,8)(7,16)(0,16)
Polygon:
(0,0)(2,0)(2,15)(0,15)
Polygon:
(0,0)(11,0)(11,10)(0,10)
Polygon:
(0,0)(8,0)(8,16)(0,16)
Polygon:
(0,0)(13,0)(13,15)(0,15)
Polygon:
(0,0)(3,0)(3,9)(0,9)
Polygon:
(0,0)(39,0)(39,15)(28,15)(28,25)(16,25)(16,12)(0,12)
Polygon:
(0,0)(7,0)(7,12)(0,12)
Polygon:
(0,0)(7,0)(7,8)(0,8)
Polygon:
(0,0)(1,0)(1,14)(0,14)
Polygon:
(0,0)(40,0)(40,17)(27,17)(27,18)(11,18)(11,17)(0,17)
Polygon:
(0,0)(6,0)(6,14)(0,14)
Polygon:
(0,0)(10,0)(10,8)(0,8)
Polygon:
(0,0)(18,0)(18,18)(0,18)
Polygon:
(0,0)(14,0)(14,9)(8,9)(8,22)(6,22)(6,15)(0,15)
Polygon:
(0,0)(8,0)(8,9)(0,9)
Polygon:
(0,0)(30,0)(30,13)(18,13)(18,20)(9,20)(9,15)(0,15)
Polygon:
(0,0)(13,0)(13,7)(0,7)
Polygon:
(0,0)(6,0)(6,8)(0,8)
Polygon:
(0,0)(29,0)(29,5)(20,5)(20,8)(9,8)(9,7)(0,7)
Polygon:
(0,0)(11,0)(11,4)(0,4)
Polygon:
(0,0)(36,0)(36,7)(20,7)(20,1)(9,1)(9,13)(0,13)
Polygon:
(0,0)(44,0)(44,18)(29,18)(29,16)(18,16)(18,17)(0,17)
Polygon:
(0,0)(40,0)(40,11)(24,11)(24,22)(13,22)(13,5)(0,5)
Polygon:
(0,0)(2,0)(2,10)(0,10)
Polygon:
(0,0)(15,0)(15,12)(0,12)
Polygon:
(0,0)(27,0)(27,13)(11,13)(11,25)(9,25)(9,17)(0,17)
Polygon:
(0,0)(4,0)(4,5)(0,5)
Polygon:
(0,0)(12,0)(12,3)(0,3)
Polygon:
(0,0)(37,0)(37,2)(20,2)(20,19)(10,19)(10,10)(0,10)
Polygon:
(0,0)(30,0)(30,5)(20,5)(20,3)(2,3)(2,4)(0,4)
Polygon:
(0,0)(8,0)(8,9)(0,9)
Polygon:
(0,0)(9,0)(9,17)(0,17)
Polygon:
(0,0)(38,0)(38,19)(25,19)(25,2)(16,2)(16,10)(0,10)
Polygon:
(0,0)(19,0)(19,8)(12,8)(12,23)(4,23)(4,9)(0,9)
Polygon:
(0,0)(30,0)(30,9)(17,9)(17,16)(6,16)(6,4)(0,4)
Polygon:
(0,0)(10,0)(10,12)(0,12)
Polygon:
(0,0)(15,0)(15,15)(12,15)(12,22)(3,22)(3,5)(0,5)
Polygon:
(0,0)(8,0)(8,13)(0,13)
Polygon:
(0,0)(11,0)(11,11)(0,11)
Polygon:
(0,0)(4,0)(4,3)(0,3)
Polygon:
(0,0)(42,0)(42,19)(24,19)(24,4)(15,4)(15,18)(0,18)
Polygon:
(0,0)(6,0)(6,6)(0,6)
Polygon:
(0,0)(42,0)(42,13)(25,13)(25,4)(12,4)(12,6)(0,6)
Polygon:
(0,0)(5,0)(5,13)(0,13)
Polygon:
(0,0)(17,0)(17,18)(0,18)
Polygon:
(0,0)(42,0)(42,10)(25,10)(25,2)(15,2)(15,18)(0,18)
Polygon:
(0,0)(37,0)(37,7)(26,7)(26,20)(14,20)(14,13)(0,13)
Polygon:
(0,0)(9,0)(9,18)(0,18)
Polygon:
(0,0)(3,0)(3,1)(0,1)
Polygon:
(0,0)(14,0)(14,15)(0,15)
Polygon:
(0,0)(6,0)(6,3)(0,3)
Polygon:
(0,0)(12,0)(12,11)(0,11)
Polygon:
(0,0)(9,0)(9,16)(0,16)
Polygon:
(0,0)(27,0)(27,16)(23,16)(23,7)(17,7)(17,14)(0,14)
Polygon:
(0,0)(12,0)(12,13)(0,13)
Polygon:
(0,0)(42,0)(42,7)(28,7)(28,21)(13,21)(13,11)(0,11)
Polygon:
(0,0)(7,0)(7,5)(0,5)
Polygon:
(0,0)(2,0)(2,5)(0,5)
Polygon:
(0,0)(39,0)(39,13)(30,13)(30,31)(18,31)(18,14)(0,14)
Polygon:
(0,0)(31,0)(31,3)(30,3)(30,15)(13,15)(13,14)(0,14)
Polygon:
(0,0)(36,0)(36,10)(21,10)(21,21)(13,21)(13,11)(0,11)
Polygon:
(0,0)(28,0)(28,20)(13,20)(13,7)(5,7)(5,8)(0,8)
Polygon:
(0,0)(15,0)(15,5)(13,5)(13,8)(1,8)(1,2)(0,2)
Polygon:
(0,0)(25,0)(25,24)(18,24)(18,30)(7,30)(7,18)(0,18)
Polygon:
(0,0)(4,0)(4,8)(0,8)
Polygon:
(0,0)(26,0)(26,18)(14,18)(14,5)(3,5)(3,18)(0,18)
Polygon:
(0,0)(26,0)(26,20)(20,20)(20,21)(15,21)(15,10)(0,10)
Polygon:
(0,0)(36,0)(36,15)(25,15)(25,19)(8,19)(8,6)(0,6)
Polygon:
(0,0)(12,0)(12,4)(0,4)
Polygon:
(0,0)(9,0)(9,18)(0,18)
Polygon:
(0,0)(2,0)(2,7)(0,7)
Polygon:
(0,0)(34,0)(34,12)(33,12)(33,14)(18,14)(18,12)(0,12)
Polygon:
(0,0)(16,0)(16,21)(15,21)(15,25)(14,25)(14,15)(0,15)
Polygon:
(0,0)(8,0)(8,1)(0,1)
Polygon:
(0,0)(15,0)(15,10)(0,10)
Polygon:
(0,0)(32,0)(32,9)(24,9)(24,27)(6,27)(6,9)(0,9)
Polygon:
(0,0)(1,0)(1,6)(0,6)
Polygon:
(0,0)(12,0)(12,2)(0,2)
Polygon:
(0,0)(45,0)(45,19)(27,19)(27,20)(10,20)(10,18)(0,18)
Polygon:
(0,0)(11,0)(11,18)(10,18)(10,24)(8,24)(8,8)(0,8)
Polygon:
(0,0)(2,0)(2,18)(0,18)
Polygon:
(0,0)(17,0)(17,16)(0,16)
Polygon:
(0,0)(13,0)(13,7)(0,7)
Polygon:
(0,0)(31,0)(31,23)(13,23)(13,17)(9,17)(9,18)(0,18)
Polygon:
(0,0)(29,0)(29,1)(25,1)(25,14)(14,14)(14,13)(0,13)
Polygon:
(0,0)(5,0)(5,11)(0,11)
Polygon:
(0,0)(19,0)(19,15)(11,15)(11,10)(10,10)(10,18)(0,18)
Polygon:
(0,0)(21,0)(21,8)(10,8)(10,19)(4,19)(4,9)(0,9)
Polygon:
(0,0)(13,0)(13,4)(0,4)
Polygon:
(0,0)(4,0)(4,10)(0,10)
Polygon:
(0,0)(16,0)(16,7)(0,7)
Polygon:
(0,0)(38,0)(38,18)(29,18)(29,1)(11,1)(11,7)(0,7)
Polygon:
(0,0)(16,0)(16,16)(0,16)
Polygon:
(0,0)(12,0)(12,9)(4,9)(4,4)(3,4)(3,15)(0,15)
Polygon:
(0,0)(24,0)(24,12)(11,12)(11,26)(4,26)(4,10)(0,10)
Polygon:
(0,0)(12,0)(12,2)(0,2)
Polygon:
(0,0)(3,0)(3,14)(0,14)
Polygon:
(0,0)(12,0)(12,13)(0,13)
Polygon:
(0,0)(15,0)(15,6)(0,6)
Polygon:
(0,0)(8,0)(8,5)(0,5)
Polygon:
(0,0)(31,0)(31,21)(15,21)(15,23)(6,23)(6,6)(0,6)
Polygon:
(0,0)(5,0)(5,16)(0,16)
Polygon:
(0,0)(38,0)(38,13)(22,13)(22,1)(16,1)(16,18)(0,18)
Polygon:
(0,0)(20,0)(20,25)(14,25)(14,11)(10,11)(10,14)(0,14)
Polygon:
(0,0)(1,0)(1,10)(0,10)
Polygon:
(0,0)(45,0)(45,29)(33,29)(33,11)(16,11)(16,12)(0,12)
Polygon:
(0,0)(11,0)(11,3)(0,3)
Polygon:
(0,0)(11,0)(11,1)(0,1)
Polygon:
(0,0)(8,0)(8,15)(0,15)
Polygon:
(0,0)(42,0)(42,9)(33,9)(33,5)(15,5)(15,8)(0,8)
Polygon:
(0,0)(2,0)(2,17)(0,17)
Polygon:
(0,0)(3,0)(3,6)(0,6)
Polygon:
(0,0)(17,0)(17,9)(0,9)
Polygon:
(0,0)(33,0)(33,5)(28,5)(28,11)(13,11)(13,8)(0,8)
Polygon:
(0,0)(15,0)(15,13)(0,13)
Polygon:
(0,0)(8,0)(8,15)(0,15)
Polygon:
(0,0)(13,0)(13,7)(0,7)
Polygon:
(0,0)(9,0)(9,15)(0,15)
Polygon:
(0,0)(14,0)(14,29)(9,29)(9,32)(8,32)(8,17)(0,17)
Polygon:
(0,0)(10,0)(10,14)(0,14)
Polygon:
(0,0)(30,0)(30,2)(13,2)(13,18)(2,18)(2,10)(0,10)
Polygon:
(0,0)(17,0)(17,1)(0,1)
Polygon:
(0,0)(9,0)(9,4)(0,4)
Polygon:
(0,0)(49,0)(49,9)(31,9)(31,20)(13,20)(13,9)(0,9)
Polygon:
(0,0)(15,0)(15,17)(0,17)
Polygon:
(0,0)(33,0)(33,14)(18,14)(18,18)(11,18)(11,10)(0,10)
Polygon:
(0,0)(19,0)(19,18)(15,18)(15,21)(12,21)(12,6)(0,6)
Polygon:
(0,0)(30,0)(30,5)(25,5)(25,22)(14,22)(14,9)(0,9)
Polygon:
(0,0)(2,0)(2,5)(0,5)
Polygon:
(0,0)(15,0)(15,10)(0,10)
Polygon:
(0,0)(13,0)(13,7)(0,7)
Polygon:
(0,0)(20,0)(20,16)(7,16)(7,17)(2,17)(2,3)(0,3)
Polygon:
(0,0)(27,0)(27,22)(26,22)(26,24)(9,24)(9,11)(0,11)
Polygon:
(0,0)(23,0)(23,24)(20,24)(20,9)(10,9)(10,11)(0,11)
Polygon:
(0,0)(17,0)(17,7)(0,7)
Polygon:
(0,0)(12,0)(12,16)(0,16)
Polygon:
(0,0)(46,0)(46,5)(31,5)(31,4)(17,4)(17,9)(0,9)
Polygon:
(0,0)(15,0)(15,5)(0,5)
Polygon:
(0,0)(10,0)(10,10)(0,10)
Polygon:
(0,0)(31,0)(31,17)(19,17)(19,5)(12,5)(12,13)(0,13)
Polygon:
(0,0)(9,0)(9,16)(0,16)
Polygon:
(0,0)(35,0)(35,14)(19,14)(19,5)(18,5)(18,14)(0,14)
Polygon:
(0,0)(27,0)(27,18)(21,18)(21,27)(17,27)(17,14)(0,14)
Polygon:
(0,0)(33,0)(33,1)(21,1)(21,13)(5,13)(5,7)(0,7)
Polygon:
(0,0)(25,0)(25,4)(13,4)(13,15)(11,15)(11,14)(0,14)
Polygon:
(0,0)(16,0)(16,16)(0,16)
Polygon:
(0,0)(10,0)(10,17)(0,17)
Polygon:
(0,0)(5,0)(5,5)(0,5)
Polygon:
(0,0)(3,0)(3,3)(0,3)
Polygon:
(0,0)(11,0)(11,3)(0,3)
Polygon:
(0,0)(17,0)(17,8)(0,8)
Polygon:
(0,0)(2,0)(2,17)(0,17)
Polygon:
(0,0)(17,0)(17,16)(0,16)
Polygon:
(0,0)(33,0)(33,18)(20,18)(20,1)(12,1)(12,9)(0,9)
Polygon:
(0,0)(36,0)(36,28)(22,28)(22,35)(17,35)(17,17)(0,17)
Polygon:
(0,0)(23,0)(23,20)(18,20)(18,8)(2,8)(2,17)(0,17)
Polygon:
(0,0)(27,0)(27,15)(19,15)(19,21)(18,21)(18,5)(0,5)
Polygon:
(0,0)(8,0)(8,15)(0,15)
Polygon:
(0,0)(4,0)(4,14)(0,14)
Polygon:
(0,0)(4,0)(4,6)(0,6)
Polygon:
(0,0)(27,0)(27,13)(25,13)(25,21)(11,21)(11,8)(0,8)
Polygon:
(0,0)(12,0)(12,10)(0,10)
Polygon:
(0,0)(15,0)(15,7)(8,7)(8,19)(3,19)(3,9)(0,9)
Polygon:
(0,0)(41,0)(41,10)(23,10)(23,20)(10,20)(10,2)(0,2)
Polygon:
(0,0)(23,0)(23,32)(14,32)(14,33)(3,33)(3,18)(0,18)
Polygon:
(0,0)(11,0)(11,15)(0,15)
Polygon:
(0,0)(41,0)(41,11)(30,11)(30,12)(13,12)(13,6)(0,6)
Polygon:
(0,0)(15,0)(15,14)(0,14)
Polygon:
(0,0)(17,0)(17,22)(14,22)(14,7)(10,7)(10,14)(0,14)
Polygon:
(0,0)(3,0)(3,3)(0,3)
Polygon:
(0,0)(5,0)(5,7)(0,7)
Polygon:
(0,0)(16,0)(16,16)(0,16)
Polygon:
(0,0)(16,0)(16,3)(0,3)
Polygon:
(0,0)(12,0)(12,4)(0,4)
Polygon:
(0,0)(23,0)(23,30)(18,30)(18,17)(17,17)(17,18)(0,18)
Polygon:
(0,0)(26,0)(26,4)(22,4)(22,8)(10,8)(10,5)(0,5)
Polygon:
(0,0)(20,0)(20,17)(11,17)(11,1)(1,1)(1,8)(0,8)
Polygon:
(0,0)(10,0)(10,9)(4,9)(4,11)(1,11)(1,2)(0,2)
Polygon:
(0,0)(30,0)(30,26)(25,26)(25,28)(16,28)(16,18)(0,18)
Polygon:
(0,0)(15,0)(15,12)(0,12)
Polygon:
(0,0)(4,0)(4,2)(0,2)
Polygon:
(0,0)(9,0)(9,6)(0,6)
Polygon:
(0,0)(25,0)(25,12)(17,12)(17,23)(5,23)(5,6)(0,6)
Polygon:
(0,0)(35,0)(35,6)(23,6)(23,7)(14,7)(14,1)(0,1)
Polygon:
(0,0)(45,0)(45,4)(28,4)(28,3)(12,3)(12,4)(0,4)
Polygon:
(0,0)(35,0)(35,11)(24,11)(24,7)(13,7)(13,17)(0,17)
Polygon:
(0,0)(20,0)(20,10)(8,10)(8,4)(4,4)(4,10)(0,10)
Polygon:
(0,0)(28,0)(28,3)(23,3)(23,2)(6,2)(6,8)(0,8)
Polygon:
(0,0)(3,0)(3,16)(0,16)
Polygon:
(0,0)(15,0)(15,1)(0,1)
Polygon:
(0,0)(36,0)(36,8)(23,8)(23,2)(10,2)(10,16)(0,16)
Polygon:
(0,0)(17,0)(17,16)(0,16)
Polygon:
(0,0)(11,0)(11,8)(0,8)
Polygon:
(0,0)(10,0)(10,9)(0,9)
Polygon:
(0,0)(33,0)(33,1)(16,1)(16,11)(10,11)(10,10)(0,10)
Polygon:
(0,0)(8,0)(8,9)(0,9)
Polygon:
(0,0)(14,0)(14,14)(0,14)
Polygon:
(0,0)(11,0)(11,8)(0,8)
Polygon:
(0,0)(19,0)(19,25)(17,25)(17,27)(2,27)(2,12)(0,12)
Polygon:
(0,0)(12,0)(12,18)(0,18)
Polygon:
(0,0)(18,0)(18,4)(16,4)(16,13)(14,13)(14,5)(0,5)
Polygon:
(0,0)(17,0)(17,13)(0,13)
Polygon:
(0,0)(1,0)(1,16)(0,16)
Polygon:
(0,0)(2,0)(2,2)(0,2)
Polygon:
(0,0)(10,0)(10,13)(0,13)
Polygon:
(0,0)(8,0)(8,2)(0,2)
Polygon:
(0,0)(6,0)(6,2)(0,2)
Polygon:
(0,0)(18,0)(18,13)(0,13)
Polygon:
(0,0)(3,0)(3,18)(0,18)
Polygon:
(0,0)(4,0)(4,18)(0,18)
Polygon:
(0,0)(15,0)(15,17)(0,17)
Polygon:
(0,0)(17,0)(17,13)(0,13)
Polygon:
(0,0)(16,0)(16,12)(0,12)
Polygon:
(0,0)(34,0)(34,6)(16,6)(16,12)(13,12)(13,1)(0,1)
Polygon:
(0,0)(36,0)(36,3)(21,3)(21,15)(15,15)(15,1)(0,1)
Polygon:
(0,0)(1,0)(1,12)(0,12)
Polygon:
(0,0)(23,0)(23,17)(18,17)(18,4)(11,4)(11,8)(0,8)
Polygon:
(0,0)(28,0)(28,17)(21,17)(21,22)(7,22)(7,5)(0,5)
Polygon:
(0,0)(31,0)(31,15)(14,15)(14,8)(13,8)(13,18)(0,18)
Polygon:
(0,0)(13,0)(13,17)(0,17)
Polygon:
(0,0)(27,0)(27,12)(13,12)(13,1)(9,1)(9,17)(0,17)
Polygon:
(0,0)(16,0)(16,4)(0,4)
Polygon:
(0,0)(6,0)(6,15)(0,15)
Polygon:
(0,0)(2,0)(2,4)(0,4)
Polygon:
(0,0)(12,0)(12,8)(0,8)
Polygon:
(0,0)(18,0)(18,13)(0,13)
Polygon:
(0,0)(3,0)(3,17)(0,17)
Polygon:
(0,0)(10,0)(10,3)(0,3)
Polygon:
(0,0)(13,0)(13,18)(0,18)
Polygon:
(0,0)(36,0)(36,7)(30,7)(30,25)(18,25)(18,14)(0,14)
Polygon:
(0,0)(13,0)(13,13)(0,13)
Polygon:
(0,0)(14,0)(14,13)(0,13)
Polygon:
(0,0)(26,0)(26,7)(16,7)(16,6)(1,6)(1,11)(0,11)
Polygon:
(0,0)(14,0)(14,14)(0,14)
Polygon:
(0,0)(17,0)(17,3)(0,3)
Polygon:
(0,0)(4,0)(4,11)(0,11)
Polygon:
(0,0)(2,0)(2,1)(0,1)
Polygon:
(0,0)(46,0)(46,1)(28,1)(28,19)(14,19)(14,6)(0,6)
Polygon:
(0,0)(16,0)(16,5)(0,5)
Polygon:
(0,0)(12,0)(12,3)(0,3)
Polygon:
(0,0)(10,0)(10,4)(0,4)
Polygon:
(0,0)(7,0)(7,6)(0,6)
Polygon:
(0,0)(29,0)(29,21)(27,21)(27,31)(13,31)(13,15)(0,15)
Polygon:
(0,0)(12,0)(12,10)(0,10)
Polygon:
(0,0)(11,0)(11,17)(0,17)
Polygon:
(0,0)(15,0)(15,11)(0,11)
Polygon:
(0,0)(5,0)(5,4)(0,4)
Polygon:
(0,0)(41,0)(41,13)(27,13)(27,19)(15,19)(15,4)(0,4)
Polygon:
(0,0)(36,0)(36,21)(30,21)(30,28)(18,28)(18,13)(0,13)
Polygon:
(0,0)(31,0)(31,15)(23,15)(23,21)(14,21)(14,8)(0,8)
Polygon:
(0,0)(5,0)(5,10)(0,10)
Polygon:
(0,0)(27,0)(27,3)(23,3)(23,14)(7,14)(7,7)(0,7)
Polygon:
(0,0)(4,0)(4,12)(0,12)
Polygon:
(0,0)(2,0)(2,7)(0,7)
Polygon:
(0,0)(10,0)(10,16)(0,16)
Polygon:
(0,0)(42,0)(42,7)(28,7)(28,19)(14,19)(14,1)(0,1)
Polygon:
(0,0)(33,0)(33,29)(25,29)(25,17)(15,17)(15,22)(0,22)
Polygon:
(0,0)(24,0)(24,26)(16,26)(16,27)(15,27)(15,17)(0,17)
Polygon:
(0,0)(24,0)(24,18)(15,18)(15,24)(9,24)(9,8)(0,8)
Polygon:
(0,0)(25,0)(25,16)(15,16)(15,17)(10,17)(10,5)(0,5)
Polygon:
(0,0)(6,0)(6,16)(0,16)
Polygon:
(0,0)(25,0)(25,4)(9,4)(9,17)(7,17)(7,1)(0,1)
Polygon:
(0,0)(8,0)(8,14)(7,14)(7,17)(3,17)(3,11)(0,11)
Polygon:
(0,0)(10,0)(10,12)(0,12)
Polygon:
(0,0)(16,0)(16,20)(14,20)(14,4)(3,4)(3,11)(0,11)
Polygon:
(0,0)(15,0)(15,4)(0,4)
Polygon:
(0,0)(7,0)(7,2)(0,2)
Polygon:
(0,0)(18,0)(18,17)(14,17)(14,18)(5,18)(5,5)(0,5)
Polygon:
(0,0)(14,0)(14,7)(0,7)
Polygon:
(0,0)(38,0)(38,6)(20,6)(20,14)(4,14)(4,7)(0,7)
Polygon:
(0,0)(18,0)(18,4)(0,4)
Polygon:
(0,0)(10,0)(10,20)(9,20)(9,9)(1,9)(1,14)(0,14)
Polygon:
(0,0)(13,0)(13,13)(0,13)
Polygon:
(0,0)(37,0)(37,11)(28,11)(28,18)(15,18)(15,5)(0,5)
Polygon:
(0,0)(14,0)(14,7)(0,7)
Polygon:
(0,0)(1,0)(1,11)(0,11)
Polygon:
(0,0)(12,0)(12,16)(0,16)
Polygon:
(0,0)(2,0)(2,8)(0,8)
Polygon:
(0,0)(40,0)(40,13)(26,13)(26,25)(13,25)(13,11)(0,11)
Polygon:
(0,0)(13,0)(13,6)(0,6)
Polygon:
(0,0)(19,0)(19,14)(16,14)(16,20)(9,20)(9,7)(0,7)
Polygon:
(0,0)(18,0)(18,9)(0,9)
Polygon:
(0,0)(14,0)(14,12)(0,12)
Polygon:
(0,0)(32,0)(32,4)(15,4)(15,9)(14,9)(14,1)(0,1)
Polygon:
(0,0)(15,0)(15,8)(0,8)
Polygon:
(0,0)(32,0)(32,11)(18,11)(18,14)(2,14)(2,6)(0,6)
Polygon:
(0,0)(34,0)(34,15)(18,15)(18,23)(15,23)(15,5)(0,5)
Polygon:
(0,0)(2,0)(2,17)(0,17)
Polygon:
(0,0)(13,0)(13,9)(0,9)
Polygon:
(0,0)(1,0)(1,11)(0,11)
Polygon:
(0,0)(14,0)(14,25)(10,25)(10,26)(8,26)(8,15)(0,15)
Polygon:
(0,0)(12,0)(12,17)(0,17)
Polygon:
(0,0)(6,0)(6,17)(0,17)
Polygon:
(0,0)(8,0)(8,15)(0,15)
Polygon:
(0,0)(12,0)(12,18)(0,18)
Polygon:
(0,0)(11,0)(11,4)(0,4)
Polygon:
(0,0)(14,0)(14,4)(0,4)
Polygon:
(0,0)(7,0)(7,9)(0,9)
Polygon:
(0,0)(18,0)(18,11)(14,11)(14,2)(11,2)(11,4)(0,4)
Polygon:
(0,0)(6,0)(6,12)(0,12)
Polygon:
(0,0)(9,0)(9,17)(0,17)
Polygon:
(0,0)(5,0)(5,6)(0,6)
Polygon:
(0,0)(33,0)(33,3)(31,3)(31,16)(15,16)(15,8)(0,8)
Polygon:
(0,0)(13,0)(13,14)(12,14)(12,5)(5,5)(5,18)(0,18)
Polygon:
(0,0)(9,0)(9,1)(0,1)
Polygon:
(0,0)(3,0)(3,3)(0,3)
Polygon:
(0,0)(19,0)(19,15)(17,15)(17,22)(14,22)(14,5)(0,5)
Polygon:
(0,0)(10,0)(10,14)(0,14)
Polygon:
(0,0)(8,0)(8,6)(0,6)
Polygon:
(0,0)(7,0)(7,4)(0,4)
