Polygon:
(0,0)(16,0)(16,16)(7,16)(7,28)(0,28)
Polygon:
(0,0)(22,0)(22,8)(17,8)(17,18)(0,18)
Polygon:
(0,0)(10,0)(10,14)(3,14)(3,20)(0,20)
Polygon:
(0,0)(33,0)(33,6)(15,6)(15,10)(0,10)
Polygon:
(0,0)(18,0)(18,16)(10,16)(10,19)(0,19)
Polygon:
(0,0)(31,0)(31,17)(17,17)(17,24)(0,24)
Polygon:
(0,0)(29,0)(29,18)(17,18)(17,34)(0,34)
Polygon:
(0,0)(17,0)(17,10)(14,10)(14,11)(0,11)
Polygon:
(0,0)(24,0)(24,16)(7,16)(7,19)(0,19)
Polygon:
(0,0)(9,0)(9,6)(4,6)(4,16)(0,16)
Polygon:
(0,0)(15,0)(15,7)(4,7)(4,22)(0,22)
Polygon:
(0,0)(19,0)(19,18)(14,18)(14,27)(0,27)
Polygon:
(0,0)(16,0)(16,17)(12,17)(12,26)(0,26)
Polygon:
(0,0)(18,0)(18,3)(9,3)(9,7)(0,7)
Polygon:
(0,0)(34,0)(34,4)(16,4)(16,18)(0,18)
Polygon:
(0,0)(19,0)(19,10)(18,10)(18,25)(0,25)
Polygon:
(0,0)(27,0)(27,2)(16,2)(16,18)(0,18)
Polygon:
(0,0)(21,0)(21,12)(11,12)(11,27)(0,27)
Polygon:
(0,0)(26,0)(26,7)(15,7)(15,18)(0,18)
Polygon:
(0,0)(15,0)(15,3)(10,3)(10,19)(0,19)
Polygon:
(0,0)(11,0)(11,5)(7,5)(7,6)(0,6)
Polygon:
(0,0)(25,0)(25,11)(17,11)(17,19)(0,19)
Polygon:
(0,0)(14,0)(14,15)(7,15)(7,24)(0,24)
Polygon:
(0,0)(20,0)(20,3)(16,3)(16,11)(0,11)
Polygon:
(0,0)(3,0)(3,10)(1,10)(1,17)(0,17)
Polygon:
(0,0)(30,0)(30,6)(12,6)(12,11)(0,11)
Polygon:
(0,0)(19,0)(19,11)(15,11)(15,13)(0,13)
Polygon:
(0,0)(21,0)(21,7)(3,7)(3,22)(0,22)
Polygon:
(0,0)(33,0)(33,5)(18,5)(18,14)(0,14)
Polygon:
(0,0)(24,0)(24,6)(7,6)(7,10)(0,10)
Polygon:
(0,0)(30,0)(30,15)(16,15)(16,26)(0,26)
Polygon:
(0,0)(8,0)(8,17)(1,17)(1,22)(0,22)
Polygon:
(0,0)(9,0)(9,9)(6,9)(6,17)(0,17)
Polygon:
(0,0)(22,0)(22,3)(10,3)(10,5)(0,5)
Polygon:
(0,0)(8,0)(8,6)(2,6)(2,12)(0,12)
Polygon:
(0,0)(19,0)(19,10)(15,10)(15,26)(0,26)
Polygon:
(0,0)(29,0)(29,15)(14,15)(14,25)(0,25)
Polygon:
(0,0)(19,0)(19,17)(15,17)(15,22)(0,22)
Polygon:
(0,0)(16,0)(16,3)(8,3)(8,13)(0,13)
Polygon:
(0,0)(11,0)(11,10)(1,10)(1,17)(0,17)
Polygon:
(0,0)(19,0)(19,5)(14,5)(14,11)(0,11)
Polygon:
(0,0)(22,0)(22,17)(12,17)(12,18)(0,18)
Polygon:
(0,0)(26,0)(26,16)(13,16)(13,17)(0,17)
Polygon:
(0,0)(22,0)(22,10)(10,10)(10,22)(0,22)
Polygon:
(0,0)(22,0)(22,8)(8,8)(8,14)(0,14)
Polygon:
(0,0)(21,0)(21,15)(10,15)(10,19)(0,19)
Polygon:
(0,0)(24,0)(24,3)(15,3)(15,9)(0,9)
Polygon:
(0,0)(18,0)(18,12)(16,12)(16,23)(0,23)
Polygon:
(0,0)(16,0)(16,16)(9,16)(9,30)(0,30)
Polygon:
(0,0)(8,0)(8,14)(4,14)(4,15)(0,15)
Polygon:
(0,0)(26,0)(26,5)(10,5)(10,15)(0,15)
Polygon:
(0,0)(21,0)(21,16)(16,16)(16,17)(0,17)
Polygon:
(0,0)(21,0)(21,9)(9,9)(9,19)(0,19)
Polygon:
(0,0)(3,0)(3,5)(1,5)(1,13)(0,13)
Polygon:
(0,0)(23,0)(23,13)(7,13)(7,17)(0,17)
Polygon:
(0,0)(26,0)(26,2)(14,2)(14,9)(0,9)
Polygon:
(0,0)(23,0)(23,14)(17,14)(17,23)(0,23)
Polygon:
(0,0)(19,0)(19,3)(7,3)(7,6)(0,6)
Polygon:
(0,0)(24,0)(24,15)(18,15)(18,24)(0,24)
Polygon:
(0,0)(17,0)(17,5)(3,5)(3,7)(0,7)
Polygon:
(0,0)(15,0)(15,5)(1,5)(1,10)(0,10)
Polygon:
(0,0)(11,0)(11,7)(10,7)(10,12)(0,12)
Polygon:
(0,0)(23,0)(23,16)(18,16)(18,19)(0,19)
Polygon:
(0,0)(9,0)(9,4)(7,4)(7,20)(0,20)
Polygon:
(0,0)(20,0)(20,9)(4,9)(4,15)(0,15)
Polygon:
(0,0)(10,0)(10,17)(8,17)(8,26)(0,26)
Polygon:
(0,0)(25,0)(25,4)(16,4)(16,21)(0,21)
Polygon:
(0,0)(14,0)(14,3)(7,3)(7,20)(0,20)
Polygon:
(0,0)(20,0)(20,17)(8,17)(8,28)(0,28)
Polygon:
(0,0)(24,0)(24,11)(18,11)(18,29)(0,29)
Polygon:
(0,0)(25,0)(25,6)(11,6)(11,18)(0,18)
Polygon:
(0,0)(22,0)(22,12)(14,12)(14,28)(0,28)
Polygon:
(0,0)(27,0)(27,9)(9,9)(9,23)(0,23)
Polygon:
(0,0)(22,0)(22,8)(9,8)(9,24)(0,24)
Polygon:
(0,0)(30,0)(30,15)(15,15)(15,21)(0,21)
Polygon:
(0,0)(25,0)(25,12)(13,12)(13,15)(0,15)
Polygon:
(0,0)(20,0)(20,11)(18,11)(18,17)(0,17)
Polygon:
(0,0)(4,0)(4,18)(3,18)(3,23)(0,23)
Polygon:
(0,0)(11,0)(11,11)(7,11)(7,21)(0,21)
Polygon:
(0,0)(16,0)(16,11)(11,11)(11,25)(0,25)
Polygon:
(0,0)(7,0)(7,3)(0,3)
Polygon:
(0,0)(20,0)(20,6)(8,6)(8,3)(2,3)(2,14)(0,14)
Polygon:
(0,0)(40,0)(40,3)(22,3)(22,2)(12,2)(12,4)(0,4)
Polygon:
(0,0)(2,0)(2,7)(0,7)
Polygon:
(0,0)(8,0)(8,18)(0,18)
Polygon:
(0,0)(44,0)(44,14)(28,14)(28,1)(10,1)(10,13)(0,13)
Polygon:
(0,0)(45,0)(45,18)(32,18)(32,24)(18,24)(18,10)(0,10)
Polygon:
(0,0)(5,0)(5,4)(0,4)
Polygon:
(0,0)(27,0)(27,14)(12,14)(12,23)(6,23)(6,5)(0,5)
Polygon:
(0,0)(13,0)(13,16)(0,16)
Polygon:
(0,0)(8,0)(8,3)(0,3)
Polygon:
(0,0)(18,0)(18,4)(0,4)
Polygon:
(0,0)(41,0)(41,7)(23,7)(23,24)(16,24)(16,15)(0,15)
Polygon:
(0,0)(8,0)(8,18)(0,18)
Polygon:
(0,0)(17,0)(17,7)(0,7)
Polygon:
(0,0)(35,0)(35,10)(21,10)(21,14)(4,14)(4,3)(0,3)
Polygon:
(0,0)(6,0)(6,4)(0,4)
Polygon:
(0,0)(1,0)(1,8)(0,8)
Polygon:
(0,0)(34,0)(34,8)(23,8)(23,24)(9,24)(9,9)(0,9)
Polygon:
(0,0)(13,0)(13,15)(0,15)
Polygon:
(0,0)(6,0)(6,12)(0,12)
Polygon:
(0,0)(15,0)(15,9)(0,9)
Polygon:
(0,0)(16,0)(16,4)(0,4)
Polygon:
(0,0)(25,0)(25,13)(20,13)(20,9)(7,9)(7,16)(0,16)
Polygon:
(0,0)(39,0)(39,9)(24,9)(24,18)(18,18)(18,16)(0,16)
Polygon:
(0,0)(5,0)(5,9)(0,9)
Polygon:
(0,0)(10,0)(10,12)(0,12)
Polygon:
(0,0)(32,0)(32,19)(28,19)(28,4)(13,4)(13,15)(0,15)
Polygon:
(0,0)(21,0)(21,3)(14,3)(14,16)(6,16)(6,9)(0,9)
Polygon:
(0,0)(28,0)(28,8)(23,8)(23,5)(7,5)(7,18)(0,18)
Polygon:
(0,0)(44,0)(44,18)(26,18)(26,20)(15,20)(15,9)(0,9)
Polygon:
(0,0)(26,0)(26,13)(22,13)(22,2)(10,2)(10,18)(0,18)
Polygon:
(0,0)(4,0)(4,16)(0,16)
Polygon:
(0,0)(7,0)(7,17)(0,17)
Polygon:
(0,0)(11,0)(11,14)(0,14)
Polygon:
(0,0)(18,0)(18,10)(0,10)
Polygon:
(0,0)(11,0)(11,8)(0,8)
Polygon:
(0,0)(16,0)(16,13)(0,13)
Polygon:
(0,0)(31,0)(31,9)(16,9)(16,12)(2,12)(2,4)(0,4)
Polygon:
(0,0)(32,0)(32,5)(22,5)(22,20)(16,20)(16,18)(0,18)
Polygon:
(0,0)(7,0)(7,15)(0,15)
Polygon:
(0,0)(25,0)(25,16)(15,16)(15,4)(7,4)(7,12)(0,12)
Polygon:
(0,0)(3,0)(3,13)(0,13)
Polygon:
(0,0)(15,0)(15,10)(0,10)
Polygon:
(0,0)(12,0)(12,1)(0,1)
Polygon:
(0,0)(15,0)(15,11)(0,11)
Polygon:
(0,0)(17,0)(17,13)(0,13)
Polygon:
(0,0)(25,0)(25,21)(16,21)(16,22)(6,22)(6,6)(0,6)
Polygon:
(0,0)(30,0)(30,17)(28,17)(28,2)(16,2)(16,4)(0,4)
Polygon:
(0,0)(12,0)(12,16)(0,16)
Polygon:
(0,0)(15,0)(15,6)(0,6)
Polygon:
(0,0)(32,0)(32,22)(18,22)(18,4)(3,4)(3,5)(0,5)
Polygon:
(0,0)(9,0)(9,12)(0,12)
Polygon:
(0,0)(5,0)(5,14)(0,14)
Polygon:
(0,0)(24,0)(24,18)(16,18)(16,19)(4,19)(4,14)(0,14)
Polygon:
(0,0)(16,0)(16,6)(14,6)(14,13)(6,13)(6,12)(0,12)
Polygon:
(0,0)(2,0)(2,15)(0,15)
Polygon:
(0,0)(6,0)(6,4)(0,4)
Polygon:
(0,0)(14,0)(14,14)(0,14)
Polygon:
(0,0)(14,0)(14,2)(0,2)
Polygon:
(0,0)(23,0)(23,16)(21,16)(21,6)(18,6)(18,13)(0,13)
Polygon:
(0,0)(20,0)(20,14)(5,14)(5,19)(4,19)(4,16)(0,16)
Polygon:
(0,0)(7,0)(7,1)(0,1)
Polygon:
(0,0)(32,0)(32,12)(18,12)(18,8)(5,8)(5,13)(0,13)
Polygon:
(0,0)(6,0)(6,4)(0,4)
Polygon:
(0,0)(2,0)(2,5)(0,5)
Polygon:
(0,0)(21,0)(21,11)(20,11)(20,22)(11,22)(11,16)(0,16)
Polygon:
(0,0)(4,0)(4,2)(0,2)
Polygon:
(0,0)(16,0)(16,12)(0,12)
Polygon:
(0,0)(40,0)(40,12)(31,12)(31,27)(14,27)(14,14)(0,14)
Polygon:
(0,0)(8,0)(8,12)(4,12)(4,2)(2,2)(2,15)(0,15)
Polygon:
(0,0)(2,0)(2,1)(0,1)
Polygon:
(0,0)(1,0)(1,12)(0,12)
Polygon:
(0,0)(7,0)(7,12)(0,12)
Polygon:
(0,0)(8,0)(8,18)(0,18)
Polygon:
(0,0)(9,0)(9,12)(0,12)
Polygon:
(0,0)(14,0)(14,1)(7,1)(7,10)(3,10)(3,8)(0,8)
Polygon:
(0,0)(28,0)(28,21)(23,21)(23,12)(13,12)(13,14)(0,14)
Polygon:
(0,0)(16,0)(16,10)(0,10)
Polygon:
(0,0)(25,0)(25,18)(10,18)(10,1)(2,1)(2,3)(0,3)
Polygon:
(0,0)(46,0)(46,24)(28,24)(28,7)(17,7)(17,8)(0,8)
Polygon:
(0,0)(5,0)(5,5)(0,5)
Polygon:
(0,0)(6,0)(6,16)(0,16)
Polygon:
(0,0)(24,0)(24,25)(22,25)(22,35)(5,35)(5,17)(0,17)
Polygon:
(0,0)(14,0)(14,6)(0,6)
Polygon:
(0,0)(32,0)(32,11)(26,11)(26,4)(9,4)(9,7)(0,7)
Polygon:
(0,0)(35,0)(35,15)(18,15)(18,16)(14,16)(14,10)(0,10)
Polygon:
(0,0)(14,0)(14,12)(0,12)
Polygon:
(0,0)(40,0)(40,12)(26,12)(26,13)(9,13)(9,5)(0,5)
Polygon:
(0,0)(31,0)(31,12)(17,12)(17,17)(16,17)(16,5)(0,5)
Polygon:
(0,0)(7,0)(7,6)(0,6)
Polygon:
(0,0)(31,0)(31,5)(21,5)(21,15)(14,15)(14,14)(0,14)
Polygon:
(0,0)(2,0)(2,10)(0,10)
Polygon:
(0,0)(2,0)(2,2)(0,2)
Polygon:
(0,0)(11,0)(11,12)(0,12)
Polygon:
(0,0)(32,0)(32,18)(15,18)(15,20)(3,20)(3,17)(0,17)
Polygon:
(0,0)(25,0)(25,25)(16,25)(16,8)(4,8)(4,9)(0,9)
Polygon:
(0,0)(37,0)(37,4)(23,4)(23,11)(6,11)(6,2)(0,2)
Polygon:
(0,0)(12,0)(12,6)(10,6)(10,20)(8,20)(8,12)(0,12)
Polygon:
(0,0)(15,0)(15,1)(0,1)
Polygon:
(0,0)(26,0)(26,23)(11,23)(11,7)(4,7)(4,14)(0,14)
Polygon:
(0,0)(30,0)(30,16)(14,16)(14,26)(1,26)(1,17)(0,17)
Polygon:
(0,0)(36,0)(36,6)(21,6)(21,14)(6,14)(6,6)(0,6)
Polygon:
(0,0)(5,0)(5,10)(0,10)
Polygon:
(0,0)(16,0)(16,12)(0,12)
Polygon:
(0,0)(39,0)(39,19)(29,19)(29,1)(13,1)(13,15)(0,15)
Polygon:
(0,0)(5,0)(5,13)(0,13)
Polygon:
(0,0)(36,0)(36,5)(18,5)(18,12)(1,12)(1,6)(0,6)
Polygon:
(0,0)(15,0)(15,8)(0,8)
Polygon:
(0,0)(12,0)(12,12)(0,12)
Polygon:
(0,0)(34,0)(34,19)(19,19)(19,20)(14,20)(14,14)(0,14)
Polygon:
(0,0)(17,0)(17,6)(0,6)
Polygon:
(0,0)(2,0)(2,6)(0,6)
Polygon:
(0,0)(18,0)(18,2)(0,2)
Polygon:
(0,0)(48,0)(48,14)(31,14)(31,22)(13,22)(13,7)(0,7)
Polygon:
(0,0)(33,0)(33,11)(18,11)(18,15)(16,15)(16,11)(0,11)
Polygon:
(0,0)(10,0)(10,1)(0,1)
Polygon:
(0,0)(25,0)(25,8)(20,8)(20,26)(10,26)(10,18)(0,18)
Polygon:
(0,0)(12,0)(12,15)(0,15)
Polygon:
(0,0)(34,0)(34,7)(19,7)(19,18)(4,18)(4,16)(0,16)
