Polygon:
(0,0)(14,0)(14,15)(2,15)(2,19)(0,19)
Polygon:
(0,0)(21,0)(21,14)(15,14)(15,29)(0,29)
Polygon:
(0,0)(17,0)(17,11)(12,11)(12,19)(0,19)
Polygon:
(0,0)(16,0)(16,1)(13,1)(13,6)(0,6)
Polygon:
(0,0)(19,0)(19,14)(10,14)(10,27)(0,27)
Polygon:
(0,0)(18,0)(18,3)(11,3)(11,9)(0,9)
Polygon:
(0,0)(10,0)(10,4)(2,4)(2,5)(0,5)
Polygon:
(0,0)(8,0)(8,12)(5,12)(5,17)(0,17)
Polygon:
(0,0)(25,0)(25,13)(15,13)(15,23)(0,23)
Polygon:
(0,0)(20,0)(20,6)(10,6)(10,7)(0,7)
Polygon:
(0,0)(17,0)(17,1)(10,1)(10,9)(0,9)
Polygon:
(0,0)(22,0)(22,2)(16,2)(16,18)(0,18)
Polygon:
(0,0)(13,0)(13,17)(11,17)(11,34)(0,34)
Polygon:
(0,0)(11,0)(11,11)(5,11)(5,26)(0,26)
Polygon:
(0,0)(14,0)(14,4)(4,4)(4,6)(0,6)
Polygon:
(0,0)(12,0)(12,9)(1,9)(1,21)(0,21)
Polygon:
(0,0)(20,0)(20,11)(6,11)(6,16)(0,16)
Polygon:
(0,0)(5,0)(5,4)(2,4)(2,19)(0,19)
Polygon:
(0,0)(28,0)(28,10)(11,10)(11,27)(0,27)
Polygon:
(0,0)(21,0)(21,17)(3,17)(3,27)(0,27)
Polygon:
(0,0)(36,0)(36,17)(18,17)(18,22)(0,22)
Polygon:
(0,0)(12,0)(12,14)(6,14)(6,23)(0,23)
Polygon:
(0,0)(14,0)(14,9)(3,9)(3,25)(0,25)
Polygon:
(0,0)(7,0)(7,18)(2,18)(2,30)(0,30)
Polygon:
(0,0)(24,0)(24,6)(18,6)(18,13)(0,13)
Polygon:
(0,0)(29,0)(29,18)(15,18)(15,23)(0,23)
Polygon:
(0,0)(15,0)(15,15)(3,15)(3,22)(0,22)
Polygon:
(0,0)(22,0)(22,17)(18,17)(18,22)(0,22)
Polygon:
(0,0)(25,0)(25,9)(11,9)(11,16)(0,16)
Polygon:
(0,0)(22,0)(22,11)(10,11)(10,28)(0,28)
Polygon:
(0,0)(3,0)(3,13)(1,13)(1,14)(0,14)
Polygon:
(0,0)(11,0)(11,10)(4,10)(4,25)(0,25)
Polygon:
(0,0)(9,0)(9,18)(4,18)(4,24)(0,24)
Polygon:
(0,0)(28,0)(28,12)(18,12)(18,20)(0,20)
Polygon:
(0,0)(10,0)(10,3)(2,3)(2,19)(0,19)
Polygon:
(0,0)(17,0)(17,9)(5,9)(5,20)(0,20)
Polygon:
(0,0)(25,0)(25,13)(7,13)(7,18)(0,18)
Polygon:
(0,0)(32,0)(32,1)(16,1)(16,15)(0,15)
Polygon:
(0,0)(28,0)(28,10)(16,10)(16,14)(0,14)
Polygon:
(0,0)(14,0)(14,14)(3,14)(3,27)(0,27)
Polygon:
(0,0)(20,0)(20,17)(13,17)(13,35)(0,35)
Polygon:
(0,0)(7,0)(7,16)(1,16)(1,26)(0,26)
Polygon:
(0,0)(16,0)(16,13)(13,13)(13,22)(0,22)
Polygon:
(0,0)(7,0)(7,12)(1,12)(1,20)(0,20)
Polygon:
(0,0)(7,0)(7,6)(1,6)(1,15)(0,15)
Polygon:
(0,0)(2,0)(2,13)(1,13)(1,22)(0,22)
Polygon:
(0,0)(14,0)(14,1)(8,1)(8,15)(0,15)
Polygon:
(0,0)(16,0)(16,12)(10,12)(10,26)(0,26)
Polygon:
(0,0)(7,0)(7,7)(6,7)(6,24)(0,24)
Polygon:
(0,0)(32,0)(32,2)(18,2)(18,3)(0,3)
Polygon:
(0,0)(20,0)(20,13)(5,13)(5,27)(0,27)
Polygon:
(0,0)(19,0)(19,9)(14,9)(14,20)(0,20)
Polygon:
(0,0)(22,0)(22,13)(9,13)(9,27)(0,27)
Polygon:
(0,0)(21,0)(21,10)(9,10)(9,13)(0,13)
Polygon:
(0,0)(10,0)(10,15)(8,15)(8,20)(0,20)
Polygon:
(0,0)(16,0)(16,16)(3,16)(3,19)(0,19)
Polygon:
(0,0)(17,0)(17,5)(5,5)(5,10)(0,10)
Polygon:
(0,0)(18,0)(18,7)(4,7)(4,11)(0,11)
Polygon:
(0,0)(21,0)(21,5)(15,5)(15,6)(0,6)
Polygon:
(0,0)(18,0)(18,17)(10,17)(10,34)(0,34)
Polygon:
(0,0)(22,0)(22,1)(11,1)(11,13)(0,13)
Polygon:
(0,0)(23,0)(23,6)(7,6)(7,24)(0,24)
Polygon:
(0,0)(22,0)(22,9)(14,9)(14,24)(0,24)
Polygon:
(0,0)(16,0)(16,9)(10,9)(10,15)(0,15)
Polygon:
(0,0)(12,0)(12,12)(8,12)(8,27)(0,27)
Polygon:
(0,0)(16,0)(16,3)(2,3)(2,9)(0,9)
Polygon:
(0,0)(17,0)(17,3)(4,3)(4,13)(0,13)
Polygon:
(0,0)(23,0)(23,3)(5,3)(5,10)(0,10)
Polygon:
(0,0)(12,0)(12,7)(6,7)(6,21)(0,21)
Polygon:
(0,0)(8,0)(8,8)(7,8)(7,25)(0,25)
Polygon:
(0,0)(23,0)(23,13)(14,13)(14,23)(0,23)
Polygon:
(0,0)(8,0)(8,10)(5,10)(5,11)(0,11)
Polygon:
(0,0)(8,0)(8,13)(3,13)(3,30)(0,30)
Polygon:
(0,0)(24,0)(24,12)(8,12)(8,19)(0,19)
Polygon:
(0,0)(14,0)(14,10)(10,10)(10,17)(0,17)
Polygon:
(0,0)(29,0)(29,2)(18,2)(18,7)(0,7)
Polygon:
(0,0)(19,0)(19,1)(2,1)(2,17)(0,17)
Polygon:
(0,0)(29,0)(29,18)(12,18)(12,36)(0,36)
Polygon:
(0,0)(14,0)(14,2)(2,2)(2,10)(0,10)
Polygon:
(0,0)(24,0)(24,6)(14,6)(14,11)(0,11)
Polygon:
(0,0)(3,0)(3,9)(1,9)(1,13)(0,13)
Polygon:
(0,0)(11,0)(11,8)(7,8)(7,22)(0,22)
Polygon:
(0,0)(26,0)(26,13)(10,13)(10,21)(0,21)
Polygon:
(0,0)(23,0)(23,7)(17,7)(17,21)(0,21)
Polygon:
(0,0)(14,0)(14,2)(1,2)(1,5)(0,5)
Polygon:
(0,0)(10,0)(10,6)(8,6)(8,19)(0,19)
Polygon:
(0,0)(27,0)(27,5)(16,5)(16,6)(0,6)
Polygon:
(0,0)(22,0)(22,1)(12,1)(12,3)(0,3)
Polygon:
(0,0)(20,0)(20,5)(6,5)(6,12)(0,12)
Polygon:
(0,0)(21,0)(21,14)(6,14)(6,28)(0,28)
Polygon:
(0,0)(17,0)(17,17)(2,17)(2,20)(0,20)
Polygon:
(0,0)(26,0)(26,10)(10,10)(10,21)(0,21)
Polygon:
(0,0)(16,0)(16,11)(15,11)(15,29)(0,29)
Polygon:
(0,0)(16,0)(16,10)(1,10)(1,13)(0,13)
Polygon:
(0,0)(21,0)(21,13)(16,13)(16,23)(0,23)
Polygon:
(0,0)(24,0)(24,10)(18,10)(18,12)(0,12)
Polygon:
(0,0)(18,0)(18,16)(14,16)(14,19)(0,19)
Polygon:
(0,0)(32,0)(32,10)(17,10)(17,16)(0,16)
Polygon:
(0,0)(11,0)(11,13)(2,13)(2,30)(0,30)
Polygon:
(0,0)(25,0)(25,7)(8,7)(8,13)(0,13)
Polygon:
(0,0)(15,0)(15,11)(5,11)(5,20)(0,20)
Polygon:
(0,0)(17,0)(17,11)(7,11)(7,14)(0,14)
Polygon:
(0,0)(25,0)(25,11)(13,11)(13,28)(0,28)
Polygon:
(0,0)(22,0)(22,16)(6,16)(6,20)(0,20)
Polygon:
(0,0)(33,0)(33,10)(15,10)(15,27)(0,27)
Polygon:
(0,0)(27,0)(27,7)(9,7)(9,24)(0,24)
Polygon:
(0,0)(21,0)(21,7)(16,7)(16,17)(0,17)
Polygon:
(0,0)(27,0)(27,10)(18,10)(18,19)(0,19)
Polygon:
(0,0)(17,0)(17,2)(9,2)(9,10)(0,10)
Polygon:
(0,0)(20,0)(20,13)(3,13)(3,30)(0,30)
Polygon:
(0,0)(28,0)(28,10)(10,10)(10,14)(0,14)
Polygon:
(0,0)(24,0)(24,9)(9,9)(9,11)(0,11)
Polygon:
(0,0)(8,0)(8,15)(2,15)(2,17)(0,17)
Polygon:
(0,0)(15,0)(15,18)(13,18)(13,36)(0,36)
Polygon:
(0,0)(20,0)(20,18)(4,18)(4,33)(0,33)
Polygon:
(0,0)(24,0)(24,16)(15,16)(15,22)(0,22)
Polygon:
(0,0)(23,0)(23,17)(8,17)(8,33)(0,33)
Polygon:
(0,0)(21,0)(21,13)(6,13)(6,29)(0,29)
Polygon:
(0,0)(21,0)(21,7)(7,7)(7,14)(0,14)
Polygon:
(0,0)(14,0)(14,4)(5,4)(5,19)(0,19)
Polygon:
(0,0)(35,0)(35,4)(18,4)(18,5)(0,5)
Polygon:
(0,0)(22,0)(22,14)(10,14)(10,24)(0,24)
Polygon:
(0,0)(15,0)(15,6)(9,6)(9,10)(0,10)
Polygon:
(0,0)(18,0)(18,8)(10,8)(10,24)(0,24)
Polygon:
(0,0)(19,0)(19,18)(6,18)(6,33)(0,33)
Polygon:
(0,0)(30,0)(30,16)(12,16)(12,28)(0,28)
Polygon:
(0,0)(36,0)(36,12)(18,12)(18,24)(0,24)
Polygon:
(0,0)(18,0)(18,8)(17,8)(17,17)(0,17)
Polygon:
(0,0)(27,0)(27,8)(13,8)(13,15)(0,15)
Polygon:
(0,0)(33,0)(33,7)(16,7)(16,13)(0,13)
Polygon:
(0,0)(21,0)(21,13)(10,13)(10,23)(0,23)
Polygon:
(0,0)(11,0)(11,9)(10,9)(10,12)(0,12)
Polygon:
(0,0)(20,0)(20,10)(13,10)(13,23)(0,23)
Polygon:
(0,0)(26,0)(26,3)(17,3)(17,14)(0,14)
Polygon:
(0,0)(20,0)(20,8)(3,8)(3,9)(0,9)
Polygon:
(0,0)(29,0)(29,5)(17,5)(17,18)(0,18)
Polygon:
(0,0)(10,0)(10,10)(9,10)(9,17)(0,17)
Polygon:
(0,0)(28,0)(28,12)(11,12)(11,21)(0,21)
Polygon:
(0,0)(25,0)(25,10)(15,10)(15,21)(0,21)
Polygon:
(0,0)(23,0)(23,5)(7,5)(7,17)(0,17)
Polygon:
(0,0)(24,0)(24,4)(11,4)(11,15)(0,15)
Polygon:
(0,0)(9,0)(9,18)(7,18)(7,25)(0,25)
Polygon:
(0,0)(28,0)(28,1)(11,1)(11,12)(0,12)
Polygon:
(0,0)(28,0)(28,17)(16,17)(16,22)(0,22)
Polygon:
(0,0)(27,0)(27,15)(18,15)(18,16)(0,16)
Polygon:
(0,0)(23,0)(23,1)(17,1)(17,3)(0,3)
Polygon:
(0,0)(18,0)(18,9)(17,9)(17,27)(0,27)
Polygon:
(0,0)(13,0)(13,12)(5,12)(5,26)(0,26)
Polygon:
(0,0)(24,0)(24,13)(12,13)(12,25)(0,25)
Polygon:
(0,0)(25,0)(25,18)(11,18)(11,23)(0,23)
Polygon:
(0,0)(23,0)(23,13)(12,13)(12,22)(0,22)
Polygon:
(0,0)(24,0)(24,15)(13,15)(13,29)(0,29)
Polygon:
(0,0)(14,0)(14,15)(9,15)(9,24)(0,24)
Polygon:
(0,0)(20,0)(20,9)(15,9)(15,19)(0,19)
Polygon:
(0,0)(26,0)(26,12)(13,12)(13,21)(0,21)
Polygon:
(0,0)(4,0)(4,4)(2,4)(2,11)(0,11)
Polygon:
(0,0)(29,0)(29,4)(18,4)(18,22)(0,22)
Polygon:
(0,0)(18,0)(18,12)(13,12)(13,27)(0,27)
Polygon:
(0,0)(22,0)(22,3)(13,3)(13,19)(0,19)
Polygon:
(0,0)(27,0)(27,5)(9,5)(9,8)(0,8)
Polygon:
(0,0)(4,0)(4,4)(0,4)
Polygon:
(0,0)(7,0)(7,13)(0,13)
Polygon:
(0,0)(25,0)(25,3)(11,3)(11,17)(5,17)(5,1)(0,1)
Polygon:
(0,0)(29,0)(29,25)(24,25)(24,26)(9,26)(9,10)(0,10)
Polygon:
(0,0)(15,0)(15,8)(0,8)
Polygon:
(0,0)(34,0)(34,14)(19,14)(19,29)(17,29)(17,12)(0,12)
Polygon:
(0,0)(12,0)(12,13)(0,13)
Polygon:
(0,0)(8,0)(8,7)(0,7)
Polygon:
(0,0)(3,0)(3,8)(0,8)
Polygon:
(0,0)(29,0)(29,24)(16,24)(16,8)(5,8)(5,17)(0,17)
Polygon:
(0,0)(4,0)(4,2)(0,2)
Polygon:
(0,0)(30,0)(30,3)(17,3)(17,1)(6,1)(6,6)(0,6)
Polygon:
(0,0)(33,0)(33,9)(29,9)(29,11)(17,11)(17,9)(0,9)
Polygon:
(0,0)(1,0)(1,14)(0,14)
Polygon:
(0,0)(29,0)(29,8)(11,8)(11,11)(2,11)(2,3)(0,3)
Polygon:
(0,0)(9,0)(9,7)(0,7)
Polygon:
(0,0)(21,0)(21,27)(10,27)(10,16)(7,16)(7,17)(0,17)
Polygon:
(0,0)(11,0)(11,2)(0,2)
Polygon:
(0,0)(3,0)(3,16)(0,16)
Polygon:
(0,0)(6,0)(6,15)(5,15)(5,3)(2,3)(2,5)(0,5)
Polygon:
(0,0)(7,0)(7,10)(0,10)
Polygon:
(0,0)(16,0)(16,15)(3,15)(3,17)(1,17)(1,6)(0,6)
Polygon:
(0,0)(12,0)(12,1)(0,1)
Polygon:
(0,0)(8,0)(8,14)(0,14)
Polygon:
(0,0)(8,0)(8,11)(0,11)
Polygon:
(0,0)(36,0)(36,13)(32,13)(32,20)(17,20)(17,6)(0,6)
Polygon:
(0,0)(9,0)(9,4)(0,4)
Polygon:
(0,0)(10,0)(10,5)(0,5)
Polygon:
(0,0)(8,0)(8,1)(0,1)
Polygon:
(0,0)(30,0)(30,10)(16,10)(16,1)(5,1)(5,8)(0,8)
Polygon:
(0,0)(15,0)(15,11)(0,11)
Polygon:
(0,0)(17,0)(17,15)(0,15)
Polygon:
(0,0)(25,0)(25,15)(9,15)(9,11)(2,11)(2,14)(0,14)
Polygon:
(0,0)(17,0)(17,11)(0,11)
Polygon:
(0,0)(2,0)(2,13)(0,13)
Polygon:
(0,0)(30,0)(30,5)(17,5)(17,20)(3,20)(3,2)(0,2)
Polygon:
(0,0)(22,0)(22,18)(14,18)(14,9)(4,9)(4,15)(0,15)
Polygon:
(0,0)(11,0)(11,4)(0,4)
Polygon:
(0,0)(29,0)(29,13)(16,13)(16,4)(5,4)(5,18)(0,18)
Polygon:
(0,0)(8,0)(8,11)(0,11)
