Polygon:
(0,0)(14,0)(14,2)(5,2)(5,5)(0,5)
Polygon:
(0,0)(26,0)(26,6)(8,6)(8,15)(0,15)
Polygon:
(0,0)(8,0)(8,3)(7,3)(7,15)(0,15)
Polygon:
(0,0)(19,0)(19,11)(11,11)(11,15)(0,15)
Polygon:
(0,0)(16,0)(16,11)(13,11)(13,19)(0,19)
Polygon:
(0,0)(12,0)(12,11)(8,11)(8,16)(0,16)
Polygon:
(0,0)(17,0)(17,1)(15,1)(15,19)(0,19)
Polygon:
(0,0)(17,0)(17,15)(7,15)(7,27)(0,27)
Polygon:
(0,0)(35,0)(35,11)(18,11)(18,18)(0,18)
Polygon:
(0,0)(15,0)(15,10)(7,10)(7,12)(0,12)
Polygon:
(0,0)(7,0)(7,3)(1,3)(1,9)(0,9)
Polygon:
(0,0)(8,0)(8,7)(3,7)(3,9)(0,9)
Polygon:
(0,0)(20,0)(20,7)(16,7)(16,12)(0,12)
Polygon:
(0,0)(30,0)(30,18)(12,18)(12,33)(0,33)
Polygon:
(0,0)(21,0)(21,16)(6,16)(6,23)(0,23)
Polygon:
(0,0)(18,0)(18,9)(4,9)(4,19)(0,19)
Polygon:
(0,0)(14,0)(14,14)(9,14)(9,19)(0,19)
Polygon:
(0,0)(13,0)(13,1)(10,1)(10,16)(0,16)
Polygon:
(0,0)(15,0)(15,10)(6,10)(6,27)(0,27)
Polygon:
(0,0)(22,0)(22,3)(7,3)(7,18)(0,18)
Polygon:
(0,0)(18,0)(18,4)(17,4)(17,5)(0,5)
Polygon:
(0,0)(21,0)(21,10)(7,10)(7,15)(0,15)
Polygon:
(0,0)(8,0)(8,1)(2,1)(2,5)(0,5)
Polygon:
(0,0)(29,0)(29,13)(13,13)(13,18)(0,18)
Polygon:
(0,0)(24,0)(24,6)(17,6)(17,18)(0,18)
Polygon:
(0,0)(23,0)(23,17)(17,17)(17,19)(0,19)
Polygon:
(0,0)(18,0)(18,16)(9,16)(9,26)(0,26)
Polygon:
(0,0)(14,0)(14,11)(1,11)(1,19)(0,19)
Polygon:
(0,0)(4,0)(4,11)(1,11)(1,20)(0,20)
Polygon:
(0,0)(27,0)(27,11)(16,11)(16,26)(0,26)
Polygon:
(0,0)(10,0)(10,10)(1,10)(1,26)(0,26)
Polygon:
(0,0)(32,0)(32,14)(16,14)(16,32)(0,32)
Polygon:
(0,0)(22,0)(22,8)(18,8)(18,22)(0,22)
Polygon:
(0,0)(25,0)(25,15)(8,15)(8,23)(0,23)
Polygon:
(0,0)(22,0)(22,4)(8,4)(8,12)(0,12)
Polygon:
(0,0)(15,0)(15,17)(9,17)(9,35)(0,35)
Polygon:
(0,0)(19,0)(19,7)(3,7)(3,16)(0,16)
Polygon:
(0,0)(12,0)(12,3)(6,3)(6,15)(0,15)
Polygon:
(0,0)(14,0)(14,14)(6,14)(6,15)(0,15)
Polygon:
(0,0)(20,0)(20,12)(9,12)(9,15)(0,15)
Polygon:
(0,0)(14,0)(14,8)(2,8)(2,10)(0,10)
Polygon:
(0,0)(22,0)(22,6)(17,6)(17,17)(0,17)
Polygon:
(0,0)(25,0)(25,10)(9,10)(9,11)(0,11)
Polygon:
(0,0)(12,0)(12,2)(1,2)(1,7)(0,7)
Polygon:
(0,0)(16,0)(16,1)(8,1)(8,7)(0,7)
Polygon:
(0,0)(10,0)(10,7)(7,7)(7,16)(0,16)
Polygon:
(0,0)(21,0)(21,10)(11,10)(11,18)(0,18)
Polygon:
(0,0)(20,0)(20,15)(17,15)(17,19)(0,19)
Polygon:
(0,0)(27,0)(27,3)(10,3)(10,18)(0,18)
Polygon:
(0,0)(17,0)(17,17)(5,17)(5,26)(0,26)
Polygon:
(0,0)(31,0)(31,18)(18,18)(18,25)(0,25)
Polygon:
(0,0)(11,0)(11,17)(10,17)(10,19)(0,19)
Polygon:
(0,0)(8,0)(8,1)(7,1)(7,17)(0,17)
Polygon:
(0,0)(26,0)(26,9)(17,9)(17,18)(0,18)
Polygon:
(0,0)(17,0)(17,5)(10,5)(10,9)(0,9)
Polygon:
(0,0)(21,0)(21,8)(17,8)(17,22)(0,22)
Polygon:
(0,0)(26,0)(26,11)(17,11)(17,21)(0,21)
Polygon:
(0,0)(25,0)(25,5)(7,5)(7,9)(0,9)
Polygon:
(0,0)(20,0)(20,9)(12,9)(12,17)(0,17)
Polygon:
(0,0)(21,0)(21,14)(10,14)(10,26)(0,26)
Polygon:
(0,0)(24,0)(24,15)(12,15)(12,29)(0,29)
Polygon:
(0,0)(29,0)(29,17)(18,17)(18,23)(0,23)
Polygon:
(0,0)(22,0)(22,6)(10,6)(10,11)(0,11)
Polygon:
(0,0)(14,0)(14,6)(13,6)(13,22)(0,22)
Polygon:
(0,0)(22,0)(22,14)(9,14)(9,30)(0,30)
Polygon:
(0,0)(25,0)(25,6)(10,6)(10,16)(0,16)
Polygon:
(0,0)(16,0)(16,9)(7,9)(7,26)(0,26)
Polygon:
(0,0)(5,0)(5,11)(3,11)(3,20)(0,20)
Polygon:
(0,0)(19,0)(19,8)(6,8)(6,16)(0,16)
Polygon:
(0,0)(19,0)(19,4)(14,4)(14,17)(0,17)
Polygon:
(0,0)(20,0)(20,6)(15,6)(15,18)(0,18)
Polygon:
(0,0)(19,0)(19,18)(4,18)(4,24)(0,24)
Polygon:
(0,0)(16,0)(16,15)(12,15)(12,23)(0,23)
Polygon:
(0,0)(24,0)(24,14)(12,14)(12,32)(0,32)
Polygon:
(0,0)(19,0)(19,6)(3,6)(3,13)(0,13)
Polygon:
(0,0)(27,0)(27,8)(13,8)(13,14)(0,14)
Polygon:
(0,0)(8,0)(8,7)(5,7)(5,11)(0,11)
Polygon:
(0,0)(22,0)(22,6)(14,6)(14,14)(0,14)
Polygon:
(0,0)(30,0)(30,7)(17,7)(17,19)(0,19)
Polygon:
(0,0)(24,0)(24,1)(14,1)(14,17)(0,17)
Polygon:
(0,0)(19,0)(19,6)(1,6)(1,14)(0,14)
Polygon:
(0,0)(14,0)(14,8)(10,8)(10,25)(0,25)
Polygon:
(0,0)(14,0)(14,15)(6,15)(6,22)(0,22)
Polygon:
(0,0)(23,0)(23,15)(5,15)(5,28)(0,28)
Polygon:
(0,0)(13,0)(13,18)(2,18)(2,19)(0,19)
Polygon:
(0,0)(8,0)(8,5)(6,5)(6,13)(0,13)
Polygon:
(0,0)(31,0)(31,2)(13,2)(13,5)(0,5)
Polygon:
(0,0)(24,0)(24,14)(6,14)(6,19)(0,19)
Polygon:
(0,0)(20,0)(20,2)(14,2)(14,12)(0,12)
Polygon:
(0,0)(13,0)(13,10)(8,10)(8,12)(0,12)
Polygon:
(0,0)(8,0)(8,3)(2,3)(2,13)(0,13)
Polygon:
(0,0)(20,0)(20,11)(8,11)(8,17)(0,17)
Polygon:
(0,0)(11,0)(11,12)(7,12)(7,18)(0,18)
Polygon:
(0,0)(30,0)(30,3)(16,3)(16,6)(0,6)
Polygon:
(0,0)(8,0)(8,8)(1,8)(1,14)(0,14)
Polygon:
(0,0)(10,0)(10,5)(4,5)(4,16)(0,16)
Polygon:
(0,0)(19,0)(19,3)(12,3)(12,17)(0,17)
Polygon:
(0,0)(30,0)(30,8)(13,8)(13,12)(0,12)
Polygon:
(0,0)(28,0)(28,12)(13,12)(13,24)(0,24)
Polygon:
(0,0)(23,0)(23,12)(5,12)(5,17)(0,17)
Polygon:
(0,0)(10,0)(10,5)(5,5)(5,12)(0,12)
Polygon:
(0,0)(15,0)(15,4)(7,4)(7,9)(0,9)
Polygon:
(0,0)(14,0)(14,17)(9,17)(9,21)(0,21)
Polygon:
(0,0)(19,0)(19,7)(5,7)(5,17)(0,17)
Polygon:
(0,0)(18,0)(18,18)(17,18)(17,29)(0,29)
Polygon:
(0,0)(22,0)(22,16)(18,16)(18,30)(0,30)
Polygon:
(0,0)(26,0)(26,2)(15,2)(15,20)(0,20)
Polygon:
(0,0)(5,0)(5,5)(1,5)(1,23)(0,23)
Polygon:
(0,0)(18,0)(18,4)(4,4)(4,14)(0,14)
Polygon:
(0,0)(24,0)(24,11)(13,11)(13,12)(0,12)
Polygon:
(0,0)(8,0)(8,6)(1,6)(1,15)(0,15)
Polygon:
(0,0)(24,0)(24,4)(16,4)(16,5)(0,5)
Polygon:
(0,0)(20,0)(20,10)(7,10)(7,17)(0,17)
Polygon:
(0,0)(19,0)(19,1)(3,1)(3,6)(0,6)
Polygon:
(0,0)(27,0)(27,7)(15,7)(15,10)(0,10)
Polygon:
(0,0)(23,0)(23,16)(12,16)(12,22)(0,22)
Polygon:
(0,0)(18,0)(18,5)(17,5)(17,12)(0,12)
Polygon:
(0,0)(12,0)(12,10)(7,10)(7,11)(0,11)
Polygon:
(0,0)(16,0)(16,5)(15,5)(15,20)(0,20)
Polygon:
(0,0)(23,0)(23,6)(15,6)(15,11)(0,11)
Polygon:
(0,0)(12,0)(12,17)(0,17)
Polygon:
(0,0)(22,0)(22,8)(14,8)(14,7)(12,7)(12,21)(0,21)
Polygon:
(0,0)(18,0)(18,8)(0,8)
Polygon:
(0,0)(14,0)(14,12)(0,12)
Polygon:
(0,0)(3,0)(3,13)(0,13)
Polygon:
(0,0)(7,0)(7,2)(0,2)
Polygon:
(0,0)(11,0)(11,18)(0,18)
Polygon:
(0,0)(12,0)(12,20)(11,20)(11,29)(7,29)(7,18)(0,18)
Polygon:
(0,0)(17,0)(17,14)(15,14)(15,22)(6,22)(6,8)(0,8)
Polygon:
(0,0)(17,0)(17,13)(0,13)
Polygon:
(0,0)(22,0)(22,21)(17,21)(17,22)(9,22)(9,5)(0,5)
Polygon:
(0,0)(11,0)(11,7)(0,7)
Polygon:
(0,0)(33,0)(33,19)(15,19)(15,22)(10,22)(10,18)(0,18)
Polygon:
(0,0)(4,0)(4,6)(0,6)
Polygon:
(0,0)(10,0)(10,17)(0,17)
Polygon:
(0,0)(3,0)(3,18)(0,18)
Polygon:
(0,0)(26,0)(26,19)(19,19)(19,25)(9,25)(9,7)(0,7)
Polygon:
(0,0)(16,0)(16,9)(0,9)
Polygon:
(0,0)(13,0)(13,10)(0,10)
Polygon:
(0,0)(11,0)(11,7)(0,7)
Polygon:
(0,0)(3,0)(3,17)(0,17)
Polygon:
(0,0)(8,0)(8,13)(0,13)
Polygon:
(0,0)(29,0)(29,18)(17,18)(17,25)(6,25)(6,15)(0,15)
Polygon:
(0,0)(7,0)(7,7)(0,7)
Polygon:
(0,0)(21,0)(21,10)(18,10)(18,7)(5,7)(5,15)(0,15)
Polygon:
(0,0)(47,0)(47,13)(36,13)(36,19)(18,19)(18,8)(0,8)
Polygon:
(0,0)(14,0)(14,14)(12,14)(12,20)(11,20)(11,7)(0,7)
Polygon:
(0,0)(28,0)(28,21)(18,21)(18,24)(1,24)(1,6)(0,6)
Polygon:
(0,0)(8,0)(8,8)(0,8)
Polygon:
(0,0)(30,0)(30,11)(21,11)(21,7)(16,7)(16,10)(0,10)
Polygon:
(0,0)(9,0)(9,4)(0,4)
Polygon:
(0,0)(15,0)(15,8)(0,8)
Polygon:
(0,0)(3,0)(3,5)(0,5)
Polygon:
(0,0)(18,0)(18,7)(0,7)
Polygon:
(0,0)(34,0)(34,12)(24,12)(24,13)(17,13)(17,12)(0,12)
Polygon:
(0,0)(15,0)(15,5)(0,5)
Polygon:
(0,0)(28,0)(28,18)(23,18)(23,24)(6,24)(6,17)(0,17)
Polygon:
(0,0)(29,0)(29,13)(24,13)(24,29)(7,29)(7,11)(0,11)
Polygon:
(0,0)(16,0)(16,12)(0,12)
Polygon:
(0,0)(2,0)(2,11)(0,11)
Polygon:
(0,0)(15,0)(15,4)(0,4)
Polygon:
(0,0)(15,0)(15,7)(0,7)
Polygon:
(0,0)(11,0)(11,11)(0,11)
Polygon:
(0,0)(31,0)(31,13)(16,13)(16,4)(1,4)(1,11)(0,11)
Polygon:
(0,0)(32,0)(32,20)(29,20)(29,31)(18,31)(18,15)(0,15)
Polygon:
(0,0)(28,0)(28,7)(19,7)(19,6)(8,6)(8,16)(0,16)
Polygon:
(0,0)(8,0)(8,3)(0,3)
Polygon:
(0,0)(20,0)(20,18)(4,18)(4,23)(1,23)(1,18)(0,18)
Polygon:
(0,0)(18,0)(18,1)(0,1)
Polygon:
(0,0)(7,0)(7,7)(0,7)
Polygon:
(0,0)(5,0)(5,9)(0,9)
Polygon:
(0,0)(40,0)(40,21)(22,21)(22,5)(9,5)(9,12)(0,12)
Polygon:
(0,0)(1,0)(1,2)(0,2)
Polygon:
(0,0)(15,0)(15,6)(0,6)
Polygon:
(0,0)(15,0)(15,12)(0,12)
Polygon:
(0,0)(4,0)(4,17)(0,17)
Polygon:
(0,0)(14,0)(14,12)(11,12)(11,23)(7,23)(7,11)(0,11)
Polygon:
(0,0)(33,0)(33,15)(15,15)(15,12)(7,12)(7,17)(0,17)
Polygon:
(0,0)(5,0)(5,13)(0,13)
Polygon:
(0,0)(1,0)(1,10)(0,10)
Polygon:
(0,0)(1,0)(1,16)(0,16)
Polygon:
(0,0)(14,0)(14,4)(0,4)
Polygon:
(0,0)(31,0)(31,22)(23,22)(23,8)(18,8)(18,9)(0,9)
Polygon:
(0,0)(6,0)(6,4)(0,4)
Polygon:
(0,0)(16,0)(16,3)(0,3)
Polygon:
(0,0)(7,0)(7,17)(0,17)
Polygon:
(0,0)(41,0)(41,13)(25,13)(25,28)(14,28)(14,12)(0,12)
Polygon:
(0,0)(13,0)(13,17)(9,17)(9,2)(4,2)(4,14)(0,14)
Polygon:
(0,0)(14,0)(14,17)(0,17)
Polygon:
(0,0)(16,0)(16,18)(0,18)
Polygon:
(0,0)(30,0)(30,1)(19,1)(19,3)(9,3)(9,2)(0,2)
Polygon:
(0,0)(9,0)(9,11)(6,11)(6,21)(2,21)(2,10)(0,10)
Polygon:
(0,0)(18,0)(18,7)(0,7)
Polygon:
(0,0)(38,0)(38,12)(21,12)(21,6)(15,6)(15,8)(0,8)
Polygon:
(0,0)(14,0)(14,17)(4,17)(4,28)(3,28)(3,12)(0,12)
Polygon:
(0,0)(11,0)(11,15)(0,15)
Polygon:
(0,0)(14,0)(14,11)(0,11)
Polygon:
(0,0)(8,0)(8,4)(0,4)
Polygon:
(0,0)(5,0)(5,9)(0,9)
Polygon:
(0,0)(37,0)(37,13)(23,13)(23,15)(11,15)(11,4)(0,4)
