Polygon:
(0,0)(12,0)(12,8)(0,8)
Polygon:
(0,0)(18,0)(18,12)(0,12)
Polygon:
(0,0)(22,0)(22,30)(20,30)(20,31)(2,31)(2,13)(0,13)
Polygon:
(0,0)(13,0)(13,1)(0,1)
Polygon:
(0,0)(9,0)(9,14)(0,14)
Polygon:
(0,0)(22,0)(22,5)(19,5)(19,18)(14,18)(14,4)(0,4)
Polygon:
(0,0)(3,0)(3,3)(0,3)
Polygon:
(0,0)(34,0)(34,13)(19,13)(19,17)(9,17)(9,8)(0,8)
Polygon:
(0,0)(1,0)(1,7)(0,7)
Polygon:
(0,0)(11,0)(11,5)(0,5)
Polygon:
(0,0)(39,0)(39,1)(33,1)(33,16)(17,16)(17,15)(0,15)
Polygon:
(0,0)(18,0)(18,15)(0,15)
Polygon:
(0,0)(34,0)(34,10)(16,10)(16,28)(11,28)(11,18)(0,18)
Polygon:
(0,0)(1,0)(1,10)(0,10)
Polygon:
(0,0)(16,0)(16,7)(0,7)
Polygon:
(0,0)(41,0)(41,18)(24,18)(24,25)(9,25)(9,10)(0,10)
Polygon:
(0,0)(14,0)(14,8)(11,8)(11,5)(10,5)(10,11)(0,11)
Polygon:
(0,0)(16,0)(16,17)(0,17)
Polygon:
(0,0)(22,0)(22,24)(21,24)(21,6)(12,6)(12,17)(0,17)
Polygon:
(0,0)(7,0)(7,15)(0,15)
Polygon:
(0,0)(5,0)(5,7)(0,7)
Polygon:
(0,0)(23,0)(23,18)(9,18)(9,22)(6,22)(6,14)(0,14)
Polygon:
(0,0)(21,0)(21,23)(18,23)(18,15)(4,15)(4,18)(0,18)
Polygon:
(0,0)(14,0)(14,28)(10,28)(10,30)(4,30)(4,13)(0,13)
Polygon:
(0,0)(30,0)(30,24)(27,24)(27,8)(16,8)(16,16)(0,16)
Polygon:
(0,0)(3,0)(3,14)(0,14)
Polygon:
(0,0)(38,0)(38,7)(20,7)(20,24)(5,24)(5,14)(0,14)
Polygon:
(0,0)(1,0)(1,1)(0,1)
Polygon:
(0,0)(2,0)(2,16)(0,16)
Polygon:
(0,0)(8,0)(8,9)(0,9)
Polygon:
(0,0)(29,0)(29,25)(17,25)(17,7)(3,7)(3,9)(0,9)
Polygon:
(0,0)(36,0)(36,5)(29,5)(29,6)(12,6)(12,5)(0,5)
Polygon:
(0,0)(4,0)(4,8)(0,8)
Polygon:
(0,0)(17,0)(17,7)(0,7)
Polygon:
(0,0)(20,0)(20,16)(10,16)(10,15)(2,15)(2,17)(0,17)
Polygon:
(0,0)(10,0)(10,18)(0,18)
Polygon:
(0,0)(20,0)(20,9)(3,9)(3,10)(2,10)(2,1)(0,1)
Polygon:
(0,0)(29,0)(29,22)(25,22)(25,23)(16,23)(16,6)(0,6)
Polygon:
(0,0)(45,0)(45,2)(29,2)(29,1)(16,1)(16,6)(0,6)
Polygon:
(0,0)(25,0)(25,8)(23,8)(23,2)(16,2)(16,4)(0,4)
Polygon:
(0,0)(1,0)(1,8)(0,8)
Polygon:
(0,0)(16,0)(16,3)(0,3)
Polygon:
(0,0)(15,0)(15,11)(0,11)
Polygon:
(0,0)(3,0)(3,15)(0,15)
Polygon:
(0,0)(9,0)(9,9)(0,9)
Polygon:
(0,0)(15,0)(15,4)(0,4)
Polygon:
(0,0)(25,0)(25,16)(9,16)(9,5)(2,5)(2,17)(0,17)
Polygon:
(0,0)(11,0)(11,16)(0,16)
Polygon:
(0,0)(16,0)(16,8)(0,8)
Polygon:
(0,0)(33,0)(33,16)(31,16)(31,28)(17,28)(17,10)(0,10)
Polygon:
(0,0)(24,0)(24,25)(7,25)(7,11)(3,11)(3,18)(0,18)
Polygon:
(0,0)(15,0)(15,15)(0,15)
Polygon:
(0,0)(2,0)(2,10)(0,10)
Polygon:
(0,0)(7,0)(7,9)(0,9)
Polygon:
(0,0)(14,0)(14,9)(0,9)
Polygon:
(0,0)(15,0)(15,10)(13,10)(13,19)(9,19)(9,9)(0,9)
Polygon:
(0,0)(18,0)(18,14)(8,14)(8,23)(5,23)(5,16)(0,16)
Polygon:
(0,0)(9,0)(9,10)(0,10)
Polygon:
(0,0)(9,0)(9,10)(0,10)
Polygon:
(0,0)(28,0)(28,12)(20,12)(20,9)(9,9)(9,15)(0,15)
Polygon:
(0,0)(13,0)(13,21)(12,21)(12,23)(2,23)(2,5)(0,5)
Polygon:
(0,0)(44,0)(44,6)(31,6)(31,4)(18,4)(18,13)(0,13)
Polygon:
(0,0)(5,0)(5,3)(0,3)
Polygon:
(0,0)(41,0)(41,13)(25,13)(25,7)(11,7)(11,10)(0,10)
Polygon:
(0,0)(27,0)(27,9)(23,9)(23,13)(7,13)(7,5)(0,5)
Polygon:
(0,0)(2,0)(2,14)(0,14)
Polygon:
(0,0)(14,0)(14,1)(0,1)
Polygon:
(0,0)(14,0)(14,5)(0,5)
Polygon:
(0,0)(37,0)(37,31)(22,31)(22,16)(4,16)(4,17)(0,17)
Polygon:
(0,0)(27,0)(27,20)(15,20)(15,30)(13,30)(13,13)(0,13)
Polygon:
(0,0)(12,0)(12,3)(0,3)
Polygon:
(0,0)(9,0)(9,3)(0,3)
Polygon:
(0,0)(9,0)(9,18)(0,18)
Polygon:
(0,0)(6,0)(6,11)(0,11)
Polygon:
(0,0)(11,0)(11,7)(0,7)
Polygon:
(0,0)(14,0)(14,10)(0,10)
Polygon:
(0,0)(17,0)(17,14)(0,14)
Polygon:
(0,0)(35,0)(35,14)(26,14)(26,9)(13,9)(13,17)(0,17)
Polygon:
(0,0)(13,0)(13,1)(0,1)
Polygon:
(0,0)(2,0)(2,12)(0,12)
Polygon:
(0,0)(25,0)(25,14)(18,14)(18,15)(2,15)(2,1)(0,1)
Polygon:
(0,0)(11,0)(11,16)(0,16)
Polygon:
(0,0)(6,0)(6,7)(0,7)
Polygon:
(0,0)(18,0)(18,14)(0,14)
Polygon:
(0,0)(18,0)(18,11)(0,11)
Polygon:
(0,0)(28,0)(28,4)(14,4)(14,19)(3,19)(3,16)(0,16)
Polygon:
(0,0)(7,0)(7,18)(0,18)
Polygon:
(0,0)(12,0)(12,18)(0,18)
Polygon:
(0,0)(14,0)(14,11)(0,11)
Polygon:
(0,0)(17,0)(17,17)(0,17)
Polygon:
(0,0)(10,0)(10,12)(0,12)
Polygon:
(0,0)(26,0)(26,1)(8,1)(8,19)(2,19)(2,4)(0,4)
Polygon:
(0,0)(5,0)(5,6)(0,6)
Polygon:
(0,0)(11,0)(11,12)(0,12)
Polygon:
(0,0)(31,0)(31,10)(22,10)(22,13)(10,13)(10,3)(0,3)
Polygon:
(0,0)(16,0)(16,9)(0,9)
Polygon:
(0,0)(21,0)(21,11)(8,11)(8,25)(1,25)(1,7)(0,7)
Polygon:
(0,0)(16,0)(16,10)(0,10)
Polygon:
(0,0)(1,0)(1,7)(0,7)
Polygon:
(0,0)(13,0)(13,4)(0,4)
Polygon:
(0,0)(1,0)(1,1)(0,1)
Polygon:
(0,0)(26,0)(26,28)(21,28)(21,13)(6,13)(6,18)(0,18)
Polygon:
(0,0)(6,0)(6,18)(0,18)
Polygon:
(0,0)(3,0)(3,18)(0,18)
Polygon:
(0,0)(1,0)(1,6)(0,6)
Polygon:
(0,0)(17,0)(17,20)(11,20)(11,32)(5,32)(5,16)(0,16)
Polygon:
(0,0)(5,0)(5,6)(0,6)
Polygon:
(0,0)(4,0)(4,5)(0,5)
Polygon:
(0,0)(26,0)(26,24)(15,24)(15,34)(11,34)(11,18)(0,18)
Polygon:
(0,0)(12,0)(12,12)(0,12)
Polygon:
(0,0)(35,0)(35,14)(32,14)(32,21)(15,21)(15,7)(0,7)
Polygon:
(0,0)(10,0)(10,1)(0,1)
Polygon:
(0,0)(10,0)(10,5)(0,5)
Polygon:
(0,0)(29,0)(29,16)(19,16)(19,8)(13,8)(13,17)(0,17)
Polygon:
(0,0)(29,0)(29,9)(21,9)(21,1)(7,1)(7,2)(0,2)
Polygon:
(0,0)(10,0)(10,18)(0,18)
Polygon:
(0,0)(41,0)(41,19)(24,19)(24,8)(12,8)(12,15)(0,15)
Polygon:
(0,0)(35,0)(35,17)(26,17)(26,32)(18,32)(18,18)(0,18)
Polygon:
(0,0)(18,0)(18,1)(0,1)
Polygon:
(0,0)(4,0)(4,8)(0,8)
Polygon:
(0,0)(1,0)(1,9)(0,9)
Polygon:
(0,0)(11,0)(11,1)(0,1)
Polygon:
(0,0)(15,0)(15,12)(0,12)
Polygon:
(0,0)(30,0)(30,7)(23,7)(23,16)(6,16)(6,5)(0,5)
Polygon:
(0,0)(7,0)(7,15)(0,15)
Polygon:
(0,0)(22,0)(22,16)(5,16)(5,28)(2,28)(2,10)(0,10)
Polygon:
(0,0)(23,0)(23,19)(20,19)(20,29)(12,29)(12,15)(0,15)
Polygon:
(0,0)(13,0)(13,15)(0,15)
Polygon:
(0,0)(17,0)(17,3)(0,3)
Polygon:
(0,0)(16,0)(16,4)(0,4)
Polygon:
(0,0)(15,0)(15,3)(0,3)
Polygon:
(0,0)(16,0)(16,10)(0,10)
Polygon:
(0,0)(7,0)(7,13)(0,13)
Polygon:
(0,0)(8,0)(8,11)(0,11)
Polygon:
(0,0)(18,0)(18,1)(11,1)(11,10)(1,10)(1,1)(0,1)
Polygon:
(0,0)(5,0)(5,11)(0,11)
Polygon:
(0,0)(47,0)(47,4)(32,4)(32,17)(18,17)(18,8)(0,8)
Polygon:
(0,0)(22,0)(22,6)(14,6)(14,3)(12,3)(12,10)(0,10)
Polygon:
(0,0)(25,0)(25,17)(18,17)(18,26)(15,26)(15,15)(0,15)
Polygon:
(0,0)(16,0)(16,10)(0,10)
Polygon:
(0,0)(18,0)(18,16)(0,16)
Polygon:
(0,0)(29,0)(29,11)(22,11)(22,3)(8,3)(8,7)(0,7)
Polygon:
(0,0)(6,0)(6,12)(0,12)
Polygon:
(0,0)(32,0)(32,27)(29,27)(29,30)(13,30)(13,12)(0,12)
Polygon:
(0,0)(40,0)(40,21)(23,21)(23,31)(16,31)(16,16)(0,16)
Polygon:
(0,0)(21,0)(21,9)(19,9)(19,20)(6,20)(6,8)(0,8)
Polygon:
(0,0)(11,0)(11,6)(0,6)
Polygon:
(0,0)(13,0)(13,3)(0,3)
Polygon:
(0,0)(22,0)(22,15)(8,15)(8,20)(7,20)(7,17)(0,17)
Polygon:
(0,0)(13,0)(13,2)(0,2)
Polygon:
(0,0)(12,0)(12,15)(0,15)
Polygon:
(0,0)(9,0)(9,4)(0,4)
Polygon:
(0,0)(16,0)(16,5)(0,5)
Polygon:
(0,0)(36,0)(36,17)(22,17)(22,21)(13,21)(13,4)(0,4)
Polygon:
(0,0)(18,0)(18,9)(0,9)
Polygon:
(0,0)(13,0)(13,11)(8,11)(8,7)(1,7)(1,17)(0,17)
Polygon:
(0,0)(14,0)(14,9)(0,9)
Polygon:
(0,0)(2,0)(2,3)(0,3)
Polygon:
(0,0)(15,0)(15,17)(0,17)
Polygon:
(0,0)(12,0)(12,1)(0,1)
Polygon:
(0,0)(29,0)(29,3)(22,3)(22,7)(10,7)(10,5)(0,5)
Polygon:
(0,0)(4,0)(4,11)(0,11)
Polygon:
(0,0)(11,0)(11,12)(0,12)
Polygon:
(0,0)(5,0)(5,2)(0,2)
Polygon:
(0,0)(2,0)(2,8)(0,8)
Polygon:
(0,0)(30,0)(30,15)(19,15)(19,33)(13,33)(13,17)(0,17)
Polygon:
(0,0)(23,0)(23,2)(20,2)(20,13)(11,13)(11,2)(0,2)
Polygon:
(0,0)(3,0)(3,13)(0,13)
Polygon:
(0,0)(18,0)(18,13)(0,13)
Polygon:
(0,0)(4,0)(4,18)(0,18)
Polygon:
(0,0)(28,0)(28,30)(21,30)(21,36)(16,36)(16,18)(0,18)
Polygon:
(0,0)(25,0)(25,10)(9,10)(9,2)(6,2)(6,3)(0,3)
Polygon:
(0,0)(26,0)(26,22)(15,22)(15,6)(12,6)(12,17)(0,17)
Polygon:
(0,0)(38,0)(38,13)(23,13)(23,22)(13,22)(13,12)(0,12)
Polygon:
(0,0)(25,0)(25,20)(19,20)(19,6)(18,6)(18,18)(0,18)
Polygon:
(0,0)(9,0)(9,3)(0,3)
Polygon:
(0,0)(32,0)(32,23)(22,23)(22,13)(12,13)(12,14)(0,14)
Polygon:
(0,0)(14,0)(14,4)(0,4)
Polygon:
(0,0)(17,0)(17,11)(0,11)
Polygon:
(0,0)(13,0)(13,3)(0,3)
Polygon:
(0,0)(13,0)(13,6)(0,6)
Polygon:
(0,0)(40,0)(40,9)(30,9)(30,26)(18,26)(18,13)(0,13)
Polygon:
(0,0)(10,0)(10,1)(0,1)
Polygon:
(0,0)(5,0)(5,9)(0,9)
Polygon:
(0,0)(16,0)(16,3)(0,3)
Polygon:
(0,0)(7,0)(7,13)(0,13)
Polygon:
(0,0)(9,0)(9,9)(0,9)
Polygon:
(0,0)(12,0)(12,15)(0,15)
Polygon:
(0,0)(18,0)(18,3)(0,3)
Polygon:
(0,0)(22,0)(22,6)(15,6)(15,2)(14,2)(14,3)(0,3)
Polygon:
(0,0)(27,0)(27,14)(14,14)(14,20)(9,20)(9,8)(0,8)
Polygon:
(0,0)(12,0)(12,1)(0,1)
Polygon:
(0,0)(13,0)(13,4)(0,4)
Polygon:
(0,0)(26,0)(26,3)(16,3)(16,15)(3,15)(3,10)(0,10)
Polygon:
(0,0)(39,0)(39,10)(32,10)(32,15)(17,15)(17,13)(0,13)
Polygon:
(0,0)(17,0)(17,8)(12,8)(12,14)(2,14)(2,1)(0,1)
Polygon:
(0,0)(38,0)(38,7)(20,7)(20,11)(6,11)(6,8)(0,8)
Polygon:
(0,0)(18,0)(18,18)(0,18)
Polygon:
(0,0)(29,0)(29,19)(12,19)(12,20)(8,20)(8,3)(0,3)
Polygon:
(0,0)(6,0)(6,4)(0,4)
