Polygon:
(0,0)(17,0)(17,3)(11,3)(11,13)(0,13)
Polygon:
(0,0)(36,0)(36,15)(18,15)(18,27)(0,27)
Polygon:
(0,0)(13,0)(13,2)(7,2)(7,16)(0,16)
Polygon:
(0,0)(16,0)(16,18)(2,18)(2,27)(0,27)
Polygon:
(0,0)(14,0)(14,5)(11,5)(11,10)(0,10)
Polygon:
(0,0)(28,0)(28,1)(13,1)(13,10)(0,10)
Polygon:
(0,0)(30,0)(30,6)(18,6)(18,9)(0,9)
Polygon:
(0,0)(11,0)(11,5)(10,5)(10,12)(0,12)
Polygon:
(0,0)(33,0)(33,13)(16,13)(16,24)(0,24)
Polygon:
(0,0)(16,0)(16,14)(12,14)(12,21)(0,21)
Polygon:
(0,0)(23,0)(23,8)(7,8)(7,18)(0,18)
Polygon:
(0,0)(32,0)(32,17)(14,17)(14,33)(0,33)
Polygon:
(0,0)(23,0)(23,5)(13,5)(13,22)(0,22)
Polygon:
(0,0)(17,0)(17,2)(6,2)(6,4)(0,4)
Polygon:
(0,0)(17,0)(17,18)(3,18)(3,28)(0,28)
Polygon:
(0,0)(29,0)(29,16)(14,16)(14,27)(0,27)
Polygon:
(0,0)(11,0)(11,15)(7,15)(7,21)(0,21)
Polygon:
(0,0)(33,0)(33,2)(16,2)(16,20)(0,20)
Polygon:
(0,0)(15,0)(15,3)(6,3)(6,19)(0,19)
Polygon:
(0,0)(14,0)(14,13)(10,13)(10,20)(0,20)
Polygon:
(0,0)(12,0)(12,18)(2,18)(2,33)(0,33)
Polygon:
(0,0)(20,0)(20,10)(11,10)(11,22)(0,22)
Polygon:
(0,0)(16,0)(16,16)(15,16)(15,28)(0,28)
Polygon:
(0,0)(17,0)(17,14)(6,14)(6,16)(0,16)
Polygon:
(0,0)(23,0)(23,17)(10,17)(10,20)(0,20)
Polygon:
(0,0)(12,0)(12,13)(7,13)(7,19)(0,19)
Polygon:
(0,0)(10,0)(10,12)(8,12)(8,22)(0,22)
Polygon:
(0,0)(9,0)(9,10)(3,10)(3,11)(0,11)
Polygon:
(0,0)(21,0)(21,2)(4,2)(4,11)(0,11)
Polygon:
(0,0)(29,0)(29,11)(13,11)(13,21)(0,21)
Polygon:
(0,0)(23,0)(23,10)(11,10)(11,16)(0,16)
Polygon:
(0,0)(14,0)(14,18)(6,18)(6,35)(0,35)
Polygon:
(0,0)(15,0)(15,17)(1,17)(1,27)(0,27)
Polygon:
(0,0)(21,0)(21,9)(9,9)(9,10)(0,10)
Polygon:
(0,0)(18,0)(18,1)(5,1)(5,4)(0,4)
Polygon:
(0,0)(28,0)(28,4)(18,4)(18,16)(0,16)
Polygon:
(0,0)(17,0)(17,1)(12,1)(12,15)(0,15)
Polygon:
(0,0)(22,0)(22,9)(18,9)(18,20)(0,20)
Polygon:
(0,0)(33,0)(33,12)(17,12)(17,21)(0,21)
Polygon:
(0,0)(20,0)(20,17)(6,17)(6,22)(0,22)
Polygon:
(0,0)(13,0)(13,5)(0,5)
Polygon:
(0,0)(8,0)(8,2)(0,2)
Polygon:
(0,0)(4,0)(4,2)(0,2)
Polygon:
(0,0)(10,0)(10,16)(0,16)
Polygon:
(0,0)(29,0)(29,31)(23,31)(23,13)(5,13)(5,27)(0,27)
Polygon:
(0,0)(8,0)(8,11)(0,11)
Polygon:
(0,0)(18,0)(18,10)(0,10)
Polygon:
(0,0)(25,0)(25,3)(14,3)(14,11)(10,11)(10,2)(0,2)
Polygon:
(0,0)(6,0)(6,5)(0,5)
Polygon:
(0,0)(18,0)(18,9)(0,9)
Polygon:
(0,0)(8,0)(8,4)(0,4)
Polygon:
(0,0)(1,0)(1,4)(0,4)
Polygon:
(0,0)(13,0)(13,3)(0,3)
Polygon:
(0,0)(11,0)(11,4)(0,4)
Polygon:
(0,0)(40,0)(40,11)(25,11)(25,23)(11,23)(11,11)(0,11)
Polygon:
(0,0)(14,0)(14,18)(0,18)
Polygon:
(0,0)(31,0)(31,14)(19,14)(19,5)(12,5)(12,7)(0,7)
Polygon:
(0,0)(47,0)(47,16)(31,16)(31,17)(17,17)(17,1)(0,1)
Polygon:
(0,0)(4,0)(4,11)(0,11)
Polygon:
(0,0)(29,0)(29,7)(24,7)(24,16)(7,16)(7,11)(0,11)
Polygon:
(0,0)(7,0)(7,11)(0,11)
Polygon:
(0,0)(7,0)(7,4)(0,4)
Polygon:
(0,0)(18,0)(18,9)(0,9)
Polygon:
(0,0)(32,0)(32,2)(25,2)(25,6)(13,6)(13,5)(0,5)
Polygon:
(0,0)(37,0)(37,8)(21,8)(21,10)(16,10)(16,3)(0,3)
Polygon:
(0,0)(37,0)(37,15)(26,15)(26,20)(14,20)(14,18)(0,18)
Polygon:
(0,0)(40,0)(40,2)(31,2)(31,15)(18,15)(18,11)(0,11)
Polygon:
(0,0)(39,0)(39,9)(22,9)(22,22)(9,22)(9,15)(0,15)
Polygon:
(0,0)(4,0)(4,4)(0,4)
Polygon:
(0,0)(4,0)(4,9)(0,9)
Polygon:
(0,0)(2,0)(2,6)(0,6)
Polygon:
(0,0)(13,0)(13,8)(0,8)
Polygon:
(0,0)(6,0)(6,9)(0,9)
Polygon:
(0,0)(15,0)(15,11)(0,11)
Polygon:
(0,0)(25,0)(25,22)(14,22)(14,32)(8,32)(8,18)(0,18)
Polygon:
(0,0)(23,0)(23,7)(14,7)(14,24)(10,24)(10,16)(0,16)
Polygon:
(0,0)(8,0)(8,3)(0,3)
Polygon:
(0,0)(4,0)(4,6)(0,6)
Polygon:
(0,0)(1,0)(1,10)(0,10)
Polygon:
(0,0)(23,0)(23,12)(12,12)(12,4)(1,4)(1,13)(0,13)
Polygon:
(0,0)(40,0)(40,19)(25,19)(25,9)(18,9)(18,15)(0,15)
Polygon:
(0,0)(3,0)(3,13)(0,13)
Polygon:
(0,0)(8,0)(8,3)(0,3)
Polygon:
(0,0)(13,0)(13,16)(0,16)
Polygon:
(0,0)(18,0)(18,9)(0,9)
Polygon:
(0,0)(18,0)(18,1)(0,1)
Polygon:
(0,0)(37,0)(37,24)(19,24)(19,16)(15,16)(15,17)(0,17)
Polygon:
(0,0)(18,0)(18,13)(0,13)
Polygon:
(0,0)(2,0)(2,8)(0,8)
Polygon:
(0,0)(18,0)(18,18)(14,18)(14,22)(10,22)(10,15)(0,15)
Polygon:
(0,0)(13,0)(13,13)(0,13)
Polygon:
(0,0)(6,0)(6,8)(0,8)
Polygon:
(0,0)(12,0)(12,14)(0,14)
Polygon:
(0,0)(10,0)(10,3)(0,3)
Polygon:
(0,0)(23,0)(23,13)(22,13)(22,9)(11,9)(11,18)(0,18)
Polygon:
(0,0)(22,0)(22,13)(17,13)(17,28)(15,28)(15,15)(0,15)
Polygon:
(0,0)(11,0)(11,5)(0,5)
Polygon:
(0,0)(45,0)(45,6)(29,6)(29,2)(13,2)(13,11)(0,11)
Polygon:
(0,0)(3,0)(3,15)(0,15)
Polygon:
(0,0)(31,0)(31,16)(16,16)(16,33)(13,33)(13,17)(0,17)
Polygon:
(0,0)(9,0)(9,13)(0,13)
Polygon:
(0,0)(37,0)(37,16)(31,16)(31,20)(14,20)(14,16)(0,16)
Polygon:
(0,0)(18,0)(18,13)(0,13)
Polygon:
(0,0)(3,0)(3,12)(0,12)
Polygon:
(0,0)(16,0)(16,12)(0,12)
Polygon:
(0,0)(14,0)(14,15)(0,15)
Polygon:
(0,0)(16,0)(16,17)(0,17)
Polygon:
(0,0)(41,0)(41,10)(32,10)(32,13)(15,13)(15,4)(0,4)
Polygon:
(0,0)(38,0)(38,10)(22,10)(22,28)(12,28)(12,16)(0,16)
Polygon:
(0,0)(12,0)(12,15)(0,15)
Polygon:
(0,0)(16,0)(16,1)(0,1)
Polygon:
(0,0)(10,0)(10,15)(0,15)
Polygon:
(0,0)(7,0)(7,16)(0,16)
Polygon:
(0,0)(23,0)(23,7)(17,7)(17,1)(7,1)(7,8)(0,8)
Polygon:
(0,0)(16,0)(16,17)(15,17)(15,13)(10,13)(10,17)(0,17)
Polygon:
(0,0)(15,0)(15,11)(0,11)
Polygon:
(0,0)(25,0)(25,18)(14,18)(14,26)(4,26)(4,9)(0,9)
Polygon:
(0,0)(28,0)(28,16)(23,16)(23,19)(13,19)(13,12)(0,12)
Polygon:
(0,0)(9,0)(9,10)(0,10)
Polygon:
(0,0)(26,0)(26,12)(16,12)(16,1)(1,1)(1,7)(0,7)
Polygon:
(0,0)(40,0)(40,19)(29,19)(29,25)(18,25)(18,16)(0,16)
Polygon:
(0,0)(26,0)(26,27)(10,27)(10,30)(9,30)(9,12)(0,12)
Polygon:
(0,0)(18,0)(18,15)(0,15)
Polygon:
(0,0)(47,0)(47,12)(29,12)(29,23)(15,23)(15,16)(0,16)
Polygon:
(0,0)(21,0)(21,16)(6,16)(6,33)(3,33)(3,17)(0,17)
Polygon:
(0,0)(28,0)(28,5)(12,5)(12,20)(2,20)(2,3)(0,3)
Polygon:
(0,0)(40,0)(40,11)(25,11)(25,18)(15,18)(15,13)(0,13)
Polygon:
(0,0)(8,0)(8,17)(0,17)
Polygon:
(0,0)(24,0)(24,7)(19,7)(19,6)(18,6)(18,13)(0,13)
Polygon:
(0,0)(12,0)(12,1)(0,1)
Polygon:
(0,0)(10,0)(10,1)(0,1)
Polygon:
(0,0)(23,0)(23,21)(20,21)(20,26)(10,26)(10,10)(0,10)
Polygon:
(0,0)(34,0)(34,17)(18,17)(18,14)(9,14)(9,18)(0,18)
Polygon:
(0,0)(6,0)(6,11)(0,11)
Polygon:
(0,0)(47,0)(47,13)(29,13)(29,1)(12,1)(12,11)(0,11)
Polygon:
(0,0)(6,0)(6,18)(0,18)
Polygon:
(0,0)(15,0)(15,5)(0,5)
Polygon:
(0,0)(18,0)(18,19)(3,19)(3,21)(2,21)(2,16)(0,16)
Polygon:
(0,0)(10,0)(10,13)(0,13)
Polygon:
(0,0)(11,0)(11,18)(0,18)
Polygon:
(0,0)(6,0)(6,14)(0,14)
Polygon:
(0,0)(5,0)(5,7)(0,7)
Polygon:
(0,0)(10,0)(10,19)(7,19)(7,23)(3,23)(3,15)(0,15)
Polygon:
(0,0)(38,0)(38,14)(23,14)(23,2)(5,2)(5,12)(0,12)
Polygon:
(0,0)(31,0)(31,1)(20,1)(20,18)(15,18)(15,4)(0,4)
Polygon:
(0,0)(17,0)(17,18)(13,18)(13,12)(6,12)(6,15)(0,15)
Polygon:
(0,0)(9,0)(9,17)(0,17)
Polygon:
(0,0)(3,0)(3,5)(0,5)
Polygon:
(0,0)(30,0)(30,6)(14,6)(14,1)(8,1)(8,8)(0,8)
Polygon:
(0,0)(5,0)(5,8)(0,8)
Polygon:
(0,0)(3,0)(3,4)(0,4)
Polygon:
(0,0)(17,0)(17,3)(0,3)
Polygon:
(0,0)(1,0)(1,3)(0,3)
Polygon:
(0,0)(10,0)(10,1)(0,1)
Polygon:
(0,0)(17,0)(17,4)(0,4)
Polygon:
(0,0)(31,0)(31,16)(24,16)(24,19)(16,19)(16,8)(0,8)
Polygon:
(0,0)(25,0)(25,13)(19,13)(19,23)(9,23)(9,10)(0,10)
Polygon:
(0,0)(16,0)(16,5)(0,5)
Polygon:
(0,0)(18,0)(18,5)(0,5)
Polygon:
(0,0)(15,0)(15,5)(9,5)(9,19)(8,19)(8,16)(0,16)
Polygon:
(0,0)(12,0)(12,15)(0,15)
Polygon:
(0,0)(6,0)(6,9)(0,9)
Polygon:
(0,0)(26,0)(26,18)(16,18)(16,24)(5,24)(5,8)(0,8)
Polygon:
(0,0)(17,0)(17,4)(0,4)
Polygon:
(0,0)(17,0)(17,4)(0,4)
Polygon:
(0,0)(13,0)(13,12)(0,12)
Polygon:
(0,0)(16,0)(16,13)(0,13)
Polygon:
(0,0)(8,0)(8,3)(0,3)
Polygon:
(0,0)(12,0)(12,15)(0,15)
Polygon:
(0,0)(9,0)(9,12)(0,12)
Polygon:
(0,0)(29,0)(29,13)(14,13)(14,20)(3,20)(3,3)(0,3)
Polygon:
(0,0)(3,0)(3,17)(0,17)
Polygon:
(0,0)(29,0)(29,11)(19,11)(19,17)(14,17)(14,5)(0,5)
Polygon:
(0,0)(13,0)(13,1)(0,1)
Polygon:
(0,0)(3,0)(3,8)(0,8)
Polygon:
(0,0)(14,0)(14,11)(0,11)
Polygon:
(0,0)(4,0)(4,16)(0,16)
Polygon:
(0,0)(13,0)(13,13)(0,13)
Polygon:
(0,0)(33,0)(33,5)(28,5)(28,3)(16,3)(16,11)(0,11)
Polygon:
(0,0)(6,0)(6,7)(0,7)
Polygon:
(0,0)(15,0)(15,1)(0,1)
Polygon:
(0,0)(36,0)(36,18)(27,18)(27,8)(12,8)(12,14)(0,14)
Polygon:
(0,0)(28,0)(28,8)(21,8)(21,18)(17,18)(17,12)(0,12)
Polygon:
(0,0)(24,0)(24,20)(18,20)(18,34)(10,34)(10,16)(0,16)
Polygon:
(0,0)(38,0)(38,10)(28,10)(28,28)(17,28)(17,16)(0,16)
Polygon:
(0,0)(16,0)(16,8)(0,8)
Polygon:
(0,0)(4,0)(4,6)(0,6)
Polygon:
(0,0)(3,0)(3,9)(0,9)
Polygon:
(0,0)(25,0)(25,18)(12,18)(12,21)(11,21)(11,7)(0,7)
Polygon:
(0,0)(14,0)(14,7)(13,7)(13,16)(1,16)(1,1)(0,1)
Polygon:
(0,0)(47,0)(47,11)(29,11)(29,21)(13,21)(13,11)(0,11)
Polygon:
(0,0)(2,0)(2,9)(0,9)
Polygon:
(0,0)(18,0)(18,24)(16,24)(16,6)(15,6)(15,18)(0,18)
Polygon:
(0,0)(5,0)(5,8)(0,8)
Polygon:
(0,0)(8,0)(8,1)(0,1)
Polygon:
(0,0)(4,0)(4,4)(2,4)(2,12)(1,12)(1,6)(0,6)
Polygon:
(0,0)(12,0)(12,17)(0,17)
Polygon:
(0,0)(11,0)(11,16)(0,16)
Polygon:
(0,0)(5,0)(5,12)(0,12)
Polygon:
(0,0)(12,0)(12,1)(0,1)
