Polygon:
(0,0)(2,0)(2,5)(0,5)
Polygon:
(0,0)(14,0)(14,19)(10,19)(10,30)(5,30)(5,14)(0,14)
Polygon:
(0,0)(45,0)(45,10)(27,10)(27,14)(18,14)(18,4)(0,4)
Polygon:
(0,0)(8,0)(8,14)(0,14)
Polygon:
(0,0)(4,0)(4,8)(0,8)
Polygon:
(0,0)(43,0)(43,9)(26,9)(26,13)(17,13)(17,3)(0,3)
Polygon:
(0,0)(14,0)(14,1)(0,1)
Polygon:
(0,0)(6,0)(6,8)(0,8)
Polygon:
(0,0)(1,0)(1,5)(0,5)
Polygon:
(0,0)(4,0)(4,14)(0,14)
Polygon:
(0,0)(1,0)(1,12)(0,12)
Polygon:
(0,0)(17,0)(17,1)(12,1)(12,18)(11,18)(11,14)(0,14)
Polygon:
(0,0)(3,0)(3,2)(0,2)
Polygon:
(0,0)(31,0)(31,9)(23,9)(23,20)(13,20)(13,4)(0,4)
Polygon:
(0,0)(3,0)(3,2)(0,2)
Polygon:
(0,0)(31,0)(31,3)(24,3)(24,21)(16,21)(16,9)(0,9)
Polygon:
(0,0)(15,0)(15,13)(0,13)
Polygon:
(0,0)(15,0)(15,22)(7,22)(7,12)(2,12)(2,16)(0,16)
Polygon:
(0,0)(16,0)(16,22)(12,22)(12,4)(4,4)(4,8)(0,8)
Polygon:
(0,0)(9,0)(9,8)(0,8)
Polygon:
(0,0)(9,0)(9,10)(0,10)
Polygon:
(0,0)(15,0)(15,12)(0,12)
Polygon:
(0,0)(26,0)(26,19)(19,19)(19,20)(8,20)(8,8)(0,8)
Polygon:
(0,0)(13,0)(13,11)(10,11)(10,2)(6,2)(6,6)(0,6)
Polygon:
(0,0)(18,0)(18,10)(0,10)
Polygon:
(0,0)(13,0)(13,12)(0,12)
Polygon:
(0,0)(7,0)(7,6)(0,6)
Polygon:
(0,0)(25,0)(25,15)(13,15)(13,16)(5,16)(5,4)(0,4)
Polygon:
(0,0)(6,0)(6,12)(0,12)
Polygon:
(0,0)(28,0)(28,19)(19,19)(19,25)(3,25)(3,11)(0,11)
Polygon:
(0,0)(7,0)(7,7)(0,7)
Polygon:
(0,0)(29,0)(29,7)(12,7)(12,20)(6,20)(6,3)(0,3)
Polygon:
(0,0)(32,0)(32,9)(26,9)(26,21)(11,21)(11,4)(0,4)
Polygon:
(0,0)(41,0)(41,7)(35,7)(35,2)(18,2)(18,15)(0,15)
Polygon:
(0,0)(18,0)(18,6)(9,6)(9,20)(5,20)(5,15)(0,15)
Polygon:
(0,0)(13,0)(13,13)(0,13)
Polygon:
(0,0)(22,0)(22,6)(10,6)(10,14)(3,14)(3,12)(0,12)
Polygon:
(0,0)(5,0)(5,11)(0,11)
Polygon:
(0,0)(37,0)(37,25)(26,25)(26,29)(17,29)(17,13)(0,13)
Polygon:
(0,0)(4,0)(4,17)(0,17)
Polygon:
(0,0)(1,0)(1,7)(0,7)
Polygon:
(0,0)(23,0)(23,9)(11,9)(11,5)(3,5)(3,11)(0,11)
Polygon:
(0,0)(36,0)(36,14)(28,14)(28,19)(12,19)(12,1)(0,1)
Polygon:
(0,0)(17,0)(17,10)(0,10)
Polygon:
(0,0)(1,0)(1,4)(0,4)
Polygon:
(0,0)(1,0)(1,1)(0,1)
Polygon:
(0,0)(4,0)(4,14)(0,14)
Polygon:
(0,0)(27,0)(27,19)(19,19)(19,4)(16,4)(16,18)(0,18)
Polygon:
(0,0)(33,0)(33,15)(15,15)(15,2)(11,2)(11,11)(0,11)
Polygon:
(0,0)(8,0)(8,15)(0,15)
Polygon:
(0,0)(15,0)(15,14)(0,14)
Polygon:
(0,0)(15,0)(15,12)(0,12)
Polygon:
(0,0)(11,0)(11,8)(0,8)
Polygon:
(0,0)(8,0)(8,13)(0,13)
Polygon:
(0,0)(18,0)(18,6)(0,6)
Polygon:
(0,0)(17,0)(17,15)(0,15)
Polygon:
(0,0)(34,0)(34,15)(24,15)(24,20)(7,20)(7,7)(0,7)
Polygon:
(0,0)(11,0)(11,7)(0,7)
Polygon:
(0,0)(12,0)(12,2)(0,2)
Polygon:
(0,0)(36,0)(36,15)(18,15)(18,21)(7,21)(7,6)(0,6)
Polygon:
(0,0)(38,0)(38,26)(29,26)(29,9)(13,9)(13,12)(0,12)
Polygon:
(0,0)(24,0)(24,20)(19,20)(19,22)(3,22)(3,16)(0,16)
Polygon:
(0,0)(11,0)(11,8)(0,8)
Polygon:
(0,0)(13,0)(13,13)(12,13)(12,17)(10,17)(10,10)(0,10)
Polygon:
(0,0)(18,0)(18,17)(6,17)(6,7)(3,7)(3,8)(0,8)
Polygon:
(0,0)(21,0)(21,9)(11,9)(11,5)(9,5)(9,13)(0,13)
Polygon:
(0,0)(24,0)(24,10)(20,10)(20,13)(6,13)(6,1)(0,1)
Polygon:
(0,0)(17,0)(17,1)(0,1)
Polygon:
(0,0)(15,0)(15,16)(5,16)(5,13)(1,13)(1,15)(0,15)
Polygon:
(0,0)(13,0)(13,4)(0,4)
Polygon:
(0,0)(22,0)(22,13)(11,13)(11,22)(6,22)(6,16)(0,16)
Polygon:
(0,0)(13,0)(13,17)(0,17)
Polygon:
(0,0)(43,0)(43,6)(29,6)(29,16)(14,16)(14,10)(0,10)
Polygon:
(0,0)(13,0)(13,6)(0,6)
Polygon:
(0,0)(27,0)(27,5)(22,5)(22,3)(12,3)(12,8)(0,8)
Polygon:
(0,0)(2,0)(2,15)(0,15)
Polygon:
(0,0)(7,0)(7,3)(0,3)
Polygon:
(0,0)(11,0)(11,4)(0,4)
Polygon:
(0,0)(30,0)(30,6)(21,6)(21,17)(18,17)(18,9)(0,9)
Polygon:
(0,0)(42,0)(42,21)(25,21)(25,10)(17,10)(17,16)(0,16)
Polygon:
(0,0)(17,0)(17,16)(0,16)
Polygon:
(0,0)(10,0)(10,5)(0,5)
Polygon:
(0,0)(16,0)(16,17)(0,17)
Polygon:
(0,0)(6,0)(6,14)(0,14)
Polygon:
(0,0)(10,0)(10,3)(0,3)
Polygon:
(0,0)(5,0)(5,4)(0,4)
Polygon:
(0,0)(18,0)(18,28)(13,28)(13,12)(2,12)(2,13)(0,13)
Polygon:
(0,0)(12,0)(12,11)(0,11)
Polygon:
(0,0)(42,0)(42,14)(26,14)(26,15)(13,15)(13,6)(0,6)
Polygon:
(0,0)(14,0)(14,4)(0,4)
Polygon:
(0,0)(18,0)(18,18)(0,18)
Polygon:
(0,0)(37,0)(37,12)(19,12)(19,14)(4,14)(4,8)(0,8)
Polygon:
(0,0)(3,0)(3,13)(0,13)
Polygon:
(0,0)(7,0)(7,3)(0,3)
Polygon:
(0,0)(30,0)(30,2)(13,2)(13,6)(9,6)(9,1)(0,1)
Polygon:
(0,0)(12,0)(12,6)(0,6)
Polygon:
(0,0)(1,0)(1,16)(0,16)
Polygon:
(0,0)(9,0)(9,6)(0,6)
Polygon:
(0,0)(4,0)(4,9)(0,9)
Polygon:
(0,0)(13,0)(13,11)(0,11)
Polygon:
(0,0)(1,0)(1,16)(0,16)
Polygon:
(0,0)(12,0)(12,5)(0,5)
Polygon:
(0,0)(35,0)(35,16)(25,16)(25,24)(10,24)(10,6)(0,6)
Polygon:
(0,0)(1,0)(1,13)(0,13)
Polygon:
(0,0)(15,0)(15,7)(0,7)
Polygon:
(0,0)(15,0)(15,18)(0,18)
Polygon:
(0,0)(35,0)(35,19)(22,19)(22,22)(16,22)(16,8)(0,8)
Polygon:
(0,0)(32,0)(32,7)(23,7)(23,17)(11,17)(11,1)(0,1)
Polygon:
(0,0)(15,0)(15,15)(0,15)
Polygon:
(0,0)(13,0)(13,5)(0,5)
Polygon:
(0,0)(25,0)(25,21)(17,21)(17,28)(12,28)(12,17)(0,17)
Polygon:
(0,0)(49,0)(49,7)(32,7)(32,11)(18,11)(18,9)(0,9)
Polygon:
(0,0)(36,0)(36,4)(26,4)(26,14)(10,14)(10,13)(0,13)
Polygon:
(0,0)(34,0)(34,9)(19,9)(19,2)(8,2)(8,4)(0,4)
Polygon:
(0,0)(28,0)(28,14)(19,14)(19,31)(3,31)(3,14)(0,14)
Polygon:
(0,0)(14,0)(14,7)(10,7)(10,5)(6,5)(6,8)(0,8)
Polygon:
(0,0)(17,0)(17,18)(0,18)
Polygon:
(0,0)(35,0)(35,22)(22,22)(22,4)(8,4)(8,11)(0,11)
Polygon:
(0,0)(29,0)(29,10)(20,10)(20,24)(3,24)(3,15)(0,15)
Polygon:
(0,0)(41,0)(41,13)(28,13)(28,21)(10,21)(10,5)(0,5)
Polygon:
(0,0)(14,0)(14,3)(0,3)
Polygon:
(0,0)(7,0)(7,9)(0,9)
Polygon:
(0,0)(6,0)(6,15)(0,15)
Polygon:
(0,0)(39,0)(39,21)(25,21)(25,6)(14,6)(14,13)(0,13)
Polygon:
(0,0)(30,0)(30,2)(16,2)(16,8)(2,8)(2,1)(0,1)
Polygon:
(0,0)(1,0)(1,10)(0,10)
Polygon:
(0,0)(4,0)(4,15)(0,15)
Polygon:
(0,0)(7,0)(7,12)(0,12)
Polygon:
(0,0)(28,0)(28,5)(19,5)(19,8)(18,8)(18,4)(0,4)
Polygon:
(0,0)(42,0)(42,6)(24,6)(24,15)(10,15)(10,14)(0,14)
Polygon:
(0,0)(12,0)(12,18)(0,18)
Polygon:
(0,0)(14,0)(14,12)(11,12)(11,7)(6,7)(6,16)(0,16)
Polygon:
(0,0)(17,0)(17,9)(0,9)
Polygon:
(0,0)(7,0)(7,14)(0,14)
Polygon:
(0,0)(26,0)(26,26)(10,26)(10,13)(9,13)(9,17)(0,17)
Polygon:
(0,0)(16,0)(16,2)(0,2)
Polygon:
(0,0)(9,0)(9,18)(0,18)
Polygon:
(0,0)(15,0)(15,17)(0,17)
Polygon:
(0,0)(11,0)(11,2)(0,2)
Polygon:
(0,0)(3,0)(3,5)(0,5)
Polygon:
(0,0)(13,0)(13,4)(11,4)(11,7)(9,7)(9,6)(0,6)
Polygon:
(0,0)(24,0)(24,17)(18,17)(18,29)(8,29)(8,18)(0,18)
Polygon:
(0,0)(13,0)(13,3)(0,3)
Polygon:
(0,0)(35,0)(35,14)(27,14)(27,3)(10,3)(10,10)(0,10)
Polygon:
(0,0)(23,0)(23,7)(9,7)(9,2)(3,2)(3,9)(0,9)
Polygon:
(0,0)(7,0)(7,12)(0,12)
Polygon:
(0,0)(5,0)(5,8)(0,8)
Polygon:
(0,0)(2,0)(2,2)(0,2)
Polygon:
(0,0)(14,0)(14,17)(0,17)
Polygon:
(0,0)(18,0)(18,11)(0,11)
Polygon:
(0,0)(6,0)(6,10)(0,10)
Polygon:
(0,0)(26,0)(26,12)(22,12)(22,18)(10,18)(10,10)(0,10)
Polygon:
(0,0)(40,0)(40,24)(22,24)(22,12)(10,12)(10,13)(0,13)
Polygon:
(0,0)(15,0)(15,11)(0,11)
Polygon:
(0,0)(10,0)(10,3)(0,3)
Polygon:
(0,0)(8,0)(8,6)(0,6)
Polygon:
(0,0)(33,0)(33,10)(24,10)(24,17)(13,17)(13,1)(0,1)
Polygon:
(0,0)(9,0)(9,8)(0,8)
Polygon:
(0,0)(22,0)(22,14)(13,14)(13,17)(8,17)(8,5)(0,5)
Polygon:
(0,0)(30,0)(30,21)(26,21)(26,29)(13,29)(13,16)(0,16)
Polygon:
(0,0)(8,0)(8,1)(0,1)
Polygon:
(0,0)(43,0)(43,15)(29,15)(29,4)(11,4)(11,7)(0,7)
Polygon:
(0,0)(8,0)(8,4)(0,4)
Polygon:
(0,0)(3,0)(3,9)(0,9)
Polygon:
(0,0)(10,0)(10,13)(0,13)
Polygon:
(0,0)(6,0)(6,12)(0,12)
Polygon:
(0,0)(5,0)(5,8)(2,8)(2,22)(1,22)(1,4)(0,4)
Polygon:
(0,0)(36,0)(36,20)(24,20)(24,28)(17,28)(17,17)(0,17)
Polygon:
(0,0)(43,0)(43,1)(29,1)(29,11)(18,11)(18,7)(0,7)
Polygon:
(0,0)(1,0)(1,16)(0,16)
Polygon:
(0,0)(9,0)(9,11)(0,11)
Polygon:
(0,0)(21,0)(21,9)(18,9)(18,22)(14,22)(14,10)(0,10)
Polygon:
(0,0)(15,0)(15,3)(0,3)
Polygon:
(0,0)(5,0)(5,15)(0,15)
Polygon:
(0,0)(13,0)(13,15)(0,15)
Polygon:
(0,0)(26,0)(26,26)(16,26)(16,27)(12,27)(12,10)(0,10)
Polygon:
(0,0)(12,0)(12,10)(0,10)
Polygon:
(0,0)(4,0)(4,13)(0,13)
Polygon:
(0,0)(11,0)(11,12)(0,12)
Polygon:
(0,0)(5,0)(5,18)(0,18)
Polygon:
(0,0)(7,0)(7,14)(0,14)
Polygon:
(0,0)(7,0)(7,17)(0,17)
Polygon:
(0,0)(19,0)(19,8)(17,8)(17,24)(4,24)(4,18)(0,18)
Polygon:
(0,0)(18,0)(18,7)(0,7)
Polygon:
(0,0)(10,0)(10,17)(6,17)(6,29)(3,29)(3,12)(0,12)
Polygon:
(0,0)(12,0)(12,24)(5,24)(5,13)(2,13)(2,16)(0,16)
Polygon:
(0,0)(26,0)(26,8)(21,8)(21,1)(3,1)(3,5)(0,5)
Polygon:
(0,0)(8,0)(8,3)(0,3)
Polygon:
(0,0)(13,0)(13,1)(0,1)
Polygon:
(0,0)(7,0)(7,12)(0,12)
Polygon:
(0,0)(27,0)(27,11)(23,11)(23,24)(17,24)(17,14)(0,14)
Polygon:
(0,0)(28,0)(28,7)(20,7)(20,17)(16,17)(16,13)(0,13)
Polygon:
(0,0)(20,0)(20,14)(14,14)(14,25)(1,25)(1,7)(0,7)
Polygon:
(0,0)(9,0)(9,13)(0,13)
Polygon:
(0,0)(19,0)(19,2)(5,2)(5,15)(2,15)(2,10)(0,10)
Polygon:
(0,0)(41,0)(41,8)(26,8)(26,24)(11,24)(11,14)(0,14)
Polygon:
(0,0)(28,0)(28,19)(26,19)(26,26)(16,26)(16,11)(0,11)
Polygon:
(0,0)(21,0)(21,2)(20,2)(20,16)(8,16)(8,11)(0,11)
Polygon:
(0,0)(38,0)(38,8)(21,8)(21,6)(16,6)(16,12)(0,12)
Polygon:
(0,0)(7,0)(7,4)(0,4)
Polygon:
(0,0)(4,0)(4,17)(0,17)
Polygon:
(0,0)(7,0)(7,16)(0,16)
Polygon:
(0,0)(16,0)(16,4)(0,4)
Polygon:
(0,0)(18,0)(18,17)(0,17)
Polygon:
(0,0)(2,0)(2,14)(0,14)
Polygon:
(0,0)(35,0)(35,5)(27,5)(27,17)(14,17)(14,4)(0,4)
Polygon:
(0,0)(7,0)(7,13)(0,13)
Polygon:
(0,0)(2,0)(2,5)(0,5)
Polygon:
(0,0)(30,0)(30,15)(28,15)(28,17)(11,17)(11,5)(0,5)
Polygon:
(0,0)(52,0)(52,9)(34,9)(34,11)(16,11)(16,4)(0,4)
Polygon:
(0,0)(15,0)(15,12)(0,12)
Polygon:
(0,0)(36,0)(36,18)(23,18)(23,34)(7,34)(7,17)(0,17)
Polygon:
(0,0)(17,0)(17,12)(14,12)(14,22)(9,22)(9,8)(0,8)
Polygon:
(0,0)(17,0)(17,10)(0,10)
Polygon:
(0,0)(28,0)(28,2)(16,2)(16,18)(9,18)(9,15)(0,15)
Polygon:
(0,0)(39,0)(39,24)(21,24)(21,27)(13,27)(13,9)(0,9)
Polygon:
(0,0)(25,0)(25,8)(21,8)(21,13)(9,13)(9,12)(0,12)
Polygon:
(0,0)(30,0)(30,28)(26,28)(26,29)(14,29)(14,14)(0,14)
Polygon:
(0,0)(20,0)(20,22)(18,22)(18,15)(4,15)(4,18)(0,18)
Polygon:
(0,0)(14,0)(14,18)(0,18)
Polygon:
(0,0)(37,0)(37,11)(25,11)(25,21)(10,21)(10,3)(0,3)
Polygon:
(0,0)(15,0)(15,2)(0,2)
Polygon:
(0,0)(13,0)(13,9)(0,9)
Polygon:
(0,0)(5,0)(5,5)(0,5)
Polygon:
(0,0)(4,0)(4,14)(0,14)
Polygon:
(0,0)(22,0)(22,7)(16,7)(16,18)(2,18)(2,16)(0,16)
Polygon:
(0,0)(17,0)(17,24)(6,24)(6,12)(3,12)(3,18)(0,18)
Polygon:
(0,0)(13,0)(13,7)(8,7)(8,5)(3,5)(3,17)(0,17)
Polygon:
(0,0)(3,0)(3,3)(0,3)
Polygon:
(0,0)(18,0)(18,2)(10,2)(10,19)(3,19)(3,9)(0,9)
Polygon:
(0,0)(14,0)(14,4)(0,4)
Polygon:
(0,0)(1,0)(1,2)(0,2)
Polygon:
(0,0)(3,0)(3,9)(0,9)
Polygon:
(0,0)(9,0)(9,13)(0,13)
Polygon:
(0,0)(1,0)(1,8)(0,8)
Polygon:
(0,0)(8,0)(8,16)(0,16)
Polygon:
(0,0)(16,0)(16,2)(0,2)
Polygon:
(0,0)(18,0)(18,2)(0,2)
Polygon:
(0,0)(17,0)(17,6)(0,6)
Polygon:
(0,0)(17,0)(17,6)(0,6)
Polygon:
(0,0)(14,0)(14,4)(0,4)
Polygon:
(0,0)(44,0)(44,4)(29,4)(29,22)(16,22)(16,10)(0,10)
Polygon:
(0,0)(26,0)(26,23)(23,23)(23,30)(14,30)(14,17)(0,17)
Polygon:
(0,0)(36,0)(36,17)(19,17)(19,29)(4,29)(4,17)(0,17)
Polygon:
(0,0)(22,0)(22,14)(20,14)(20,20)(5,20)(5,10)(0,10)
Polygon:
(0,0)(18,0)(18,10)(16,10)(16,6)(10,6)(10,13)(0,13)
Polygon:
(0,0)(12,0)(12,11)(0,11)
Polygon:
(0,0)(18,0)(18,8)(0,8)
Polygon:
(0,0)(25,0)(25,10)(11,10)(11,15)(6,15)(6,6)(0,6)
Polygon:
(0,0)(2,0)(2,13)(0,13)
Polygon:
(0,0)(37,0)(37,2)(35,2)(35,8)(18,8)(18,1)(0,1)
Polygon:
(0,0)(15,0)(15,18)(0,18)
Polygon:
(0,0)(29,0)(29,4)(13,4)(13,21)(1,21)(1,10)(0,10)
Polygon:
(0,0)(34,0)(34,15)(21,15)(21,17)(16,17)(16,10)(0,10)
Polygon:
(0,0)(14,0)(14,16)(0,16)
Polygon:
(0,0)(8,0)(8,5)(0,5)
Polygon:
(0,0)(25,0)(25,10)(8,10)(8,15)(4,15)(4,10)(0,10)
Polygon:
(0,0)(37,0)(37,9)(21,9)(21,13)(7,13)(7,1)(0,1)
Polygon:
(0,0)(9,0)(9,10)(0,10)
Polygon:
(0,0)(11,0)(11,3)(0,3)
Polygon:
(0,0)(26,0)(26,13)(10,13)(10,25)(2,25)(2,13)(0,13)
Polygon:
(0,0)(2,0)(2,18)(0,18)
Polygon:
(0,0)(37,0)(37,21)(27,21)(27,27)(16,27)(16,9)(0,9)
Polygon:
(0,0)(10,0)(10,7)(0,7)
Polygon:
(0,0)(27,0)(27,20)(12,20)(12,4)(10,4)(10,8)(0,8)
Polygon:
(0,0)(23,0)(23,13)(20,13)(20,1)(7,1)(7,5)(0,5)
Polygon:
(0,0)(16,0)(16,2)(0,2)
Polygon:
(0,0)(16,0)(16,18)(0,18)
Polygon:
(0,0)(22,0)(22,17)(7,17)(7,31)(6,31)(6,14)(0,14)
Polygon:
(0,0)(2,0)(2,8)(0,8)
Polygon:
(0,0)(1,0)(1,1)(0,1)
Polygon:
(0,0)(7,0)(7,10)(0,10)
Polygon:
(0,0)(1,0)(1,16)(0,16)
Polygon:
(0,0)(10,0)(10,10)(0,10)
Polygon:
(0,0)(14,0)(14,16)(0,16)
Polygon:
(0,0)(15,0)(15,2)(0,2)
Polygon:
(0,0)(27,0)(27,15)(10,15)(10,18)(8,18)(8,2)(0,2)
Polygon:
(0,0)(12,0)(12,3)(0,3)
Polygon:
(0,0)(9,0)(9,13)(0,13)
Polygon:
(0,0)(1,0)(1,17)(0,17)
Polygon:
(0,0)(35,0)(35,9)(28,9)(28,11)(12,11)(12,4)(0,4)
Polygon:
(0,0)(3,0)(3,1)(0,1)
Polygon:
(0,0)(5,0)(5,9)(0,9)
Polygon:
(0,0)(13,0)(13,3)(0,3)
Polygon:
(0,0)(27,0)(27,17)(25,17)(25,18)(13,18)(13,7)(0,7)
Polygon:
(0,0)(16,0)(16,14)(0,14)
Polygon:
(0,0)(16,0)(16,5)(0,5)
Polygon:
(0,0)(6,0)(6,14)(0,14)
Polygon:
(0,0)(38,0)(38,7)(27,7)(27,11)(15,11)(15,1)(0,1)
Polygon:
(0,0)(3,0)(3,13)(0,13)
Polygon:
(0,0)(9,0)(9,16)(0,16)
Polygon:
(0,0)(5,0)(5,4)(0,4)
Polygon:
(0,0)(6,0)(6,15)(0,15)
Polygon:
(0,0)(6,0)(6,2)(0,2)
Polygon:
(0,0)(30,0)(30,7)(24,7)(24,20)(9,20)(9,3)(0,3)
Polygon:
(0,0)(32,0)(32,6)(22,6)(22,3)(8,3)(8,13)(0,13)
Polygon:
(0,0)(17,0)(17,6)(0,6)
Polygon:
(0,0)(12,0)(12,3)(0,3)
Polygon:
(0,0)(28,0)(28,4)(12,4)(12,17)(5,17)(5,1)(0,1)
Polygon:
(0,0)(28,0)(28,20)(22,20)(22,32)(10,32)(10,18)(0,18)
Polygon:
(0,0)(39,0)(39,15)(29,15)(29,5)(14,5)(14,16)(0,16)
Polygon:
(0,0)(10,0)(10,17)(0,17)
Polygon:
(0,0)(33,0)(33,5)(27,5)(27,16)(17,16)(17,12)(0,12)
Polygon:
(0,0)(3,0)(3,7)(0,7)
Polygon:
(0,0)(30,0)(30,10)(17,10)(17,24)(14,24)(14,17)(0,17)
Polygon:
(0,0)(2,0)(2,5)(0,5)
Polygon:
(0,0)(2,0)(2,10)(0,10)
Polygon:
(0,0)(4,0)(4,9)(0,9)
Polygon:
(0,0)(14,0)(14,11)(0,11)
Polygon:
(0,0)(9,0)(9,14)(0,14)
Polygon:
(0,0)(17,0)(17,11)(11,11)(11,15)(7,15)(7,11)(0,11)
Polygon:
(0,0)(1,0)(1,6)(0,6)
Polygon:
(0,0)(6,0)(6,10)(0,10)
Polygon:
(0,0)(14,0)(14,18)(11,18)(11,7)(3,7)(3,18)(0,18)
Polygon:
(0,0)(23,0)(23,16)(8,16)(8,24)(1,24)(1,6)(0,6)
Polygon:
(0,0)(12,0)(12,8)(0,8)
Polygon:
(0,0)(11,0)(11,9)(0,9)
Polygon:
(0,0)(15,0)(15,18)(0,18)
Polygon:
(0,0)(16,0)(16,5)(0,5)
Polygon:
(0,0)(9,0)(9,15)(0,15)
Polygon:
(0,0)(9,0)(9,14)(0,14)
Polygon:
(0,0)(6,0)(6,12)(0,12)
Polygon:
(0,0)(1,0)(1,6)(0,6)
Polygon:
(0,0)(1,0)(1,1)(0,1)
Polygon:
(0,0)(6,0)(6,18)(0,18)
Polygon:
(0,0)(1,0)(1,10)(0,10)
Polygon:
(0,0)(25,0)(25,23)(23,23)(23,17)(17,17)(17,29)(0,29)
Polygon:
(0,0)(12,0)(12,11)(10,11)(10,22)(2,22)(2,15)(0,15)
Polygon:
(0,0)(43,0)(43,5)(26,5)(26,4)(12,4)(12,10)(0,10)
Polygon:
(0,0)(2,0)(2,7)(0,7)
Polygon:
(0,0)(11,0)(11,2)(0,2)
Polygon:
(0,0)(5,0)(5,13)(0,13)
Polygon:
(0,0)(27,0)(27,14)(11,14)(11,18)(8,18)(8,9)(0,9)
Polygon:
(0,0)(31,0)(31,3)(22,3)(22,14)(11,14)(11,6)(0,6)
Polygon:
(0,0)(25,0)(25,12)(20,12)(20,28)(8,28)(8,18)(0,18)
Polygon:
(0,0)(6,0)(6,18)(0,18)
Polygon:
(0,0)(33,0)(33,7)(16,7)(16,22)(9,22)(9,4)(0,4)
Polygon:
(0,0)(6,0)(6,9)(0,9)
Polygon:
(0,0)(24,0)(24,24)(15,24)(15,12)(6,12)(6,17)(0,17)
Polygon:
(0,0)(12,0)(12,20)(8,20)(8,21)(3,21)(3,7)(0,7)
Polygon:
(0,0)(6,0)(6,8)(4,8)(4,19)(2,19)(2,13)(0,13)
Polygon:
(0,0)(3,0)(3,1)(0,1)
Polygon:
(0,0)(9,0)(9,2)(0,2)
Polygon:
(0,0)(27,0)(27,12)(18,12)(18,13)(9,13)(9,3)(0,3)
Polygon:
(0,0)(11,0)(11,12)(0,12)
Polygon:
(0,0)(2,0)(2,12)(0,12)
Polygon:
(0,0)(17,0)(17,4)(0,4)
Polygon:
(0,0)(8,0)(8,3)(0,3)
Polygon:
(0,0)(12,0)(12,4)(0,4)
Polygon:
(0,0)(4,0)(4,7)(0,7)
Polygon:
(0,0)(5,0)(5,5)(0,5)
Polygon:
(0,0)(43,0)(43,2)(31,2)(31,3)(15,3)(15,2)(0,2)
Polygon:
(0,0)(16,0)(16,9)(0,9)
Polygon:
(0,0)(19,0)(19,12)(14,12)(14,6)(11,6)(11,12)(0,12)
Polygon:
(0,0)(1,0)(1,12)(0,12)
Polygon:
(0,0)(29,0)(29,9)(15,9)(15,19)(2,19)(2,6)(0,6)
Polygon:
(0,0)(3,0)(3,9)(0,9)
Polygon:
(0,0)(3,0)(3,3)(0,3)
Polygon:
(0,0)(37,0)(37,24)(23,24)(23,11)(8,11)(8,15)(0,15)
Polygon:
(0,0)(2,0)(2,4)(0,4)
Polygon:
(0,0)(7,0)(7,9)(0,9)
Polygon:
(0,0)(10,0)(10,11)(0,11)
Polygon:
(0,0)(5,0)(5,4)(0,4)
Polygon:
(0,0)(25,0)(25,20)(23,20)(23,31)(5,31)(5,18)(0,18)
Polygon:
(0,0)(19,0)(19,12)(9,12)(9,6)(2,6)(2,10)(0,10)
Polygon:
(0,0)(10,0)(10,8)(0,8)
Polygon:
(0,0)(36,0)(36,5)(32,5)(32,2)(16,2)(16,15)(0,15)
Polygon:
(0,0)(39,0)(39,7)(24,7)(24,8)(17,8)(17,1)(0,1)
Polygon:
(0,0)(20,0)(20,10)(16,10)(16,1)(1,1)(1,15)(0,15)
Polygon:
(0,0)(16,0)(16,7)(0,7)
Polygon:
(0,0)(26,0)(26,1)(21,1)(21,16)(9,16)(9,1)(0,1)
Polygon:
(0,0)(27,0)(27,15)(24,15)(24,21)(11,21)(11,3)(0,3)
Polygon:
(0,0)(14,0)(14,11)(0,11)
Polygon:
(0,0)(4,0)(4,13)(0,13)
Polygon:
(0,0)(8,0)(8,3)(0,3)
Polygon:
(0,0)(34,0)(34,3)(19,3)(19,20)(8,20)(8,7)(0,7)
Polygon:
(0,0)(15,0)(15,12)(0,12)
Polygon:
(0,0)(9,0)(9,17)(0,17)
Polygon:
(0,0)(4,0)(4,10)(0,10)
Polygon:
(0,0)(13,0)(13,26)(9,26)(9,15)(8,15)(8,17)(0,17)
Polygon:
(0,0)(3,0)(3,17)(0,17)
Polygon:
(0,0)(39,0)(39,12)(24,12)(24,30)(7,30)(7,14)(0,14)
Polygon:
(0,0)(9,0)(9,2)(0,2)
Polygon:
(0,0)(37,0)(37,5)(21,5)(21,4)(9,4)(9,17)(0,17)
Polygon:
(0,0)(19,0)(19,1)(4,1)(4,4)(3,4)(3,2)(0,2)
Polygon:
(0,0)(2,0)(2,18)(0,18)
Polygon:
(0,0)(10,0)(10,9)(0,9)
Polygon:
(0,0)(24,0)(24,11)(15,11)(15,21)(2,21)(2,17)(0,17)
Polygon:
(0,0)(3,0)(3,5)(0,5)
Polygon:
(0,0)(37,0)(37,29)(22,29)(22,31)(13,31)(13,13)(0,13)
Polygon:
(0,0)(25,0)(25,16)(17,16)(17,1)(9,1)(9,17)(0,17)
Polygon:
(0,0)(1,0)(1,1)(0,1)
Polygon:
(0,0)(35,0)(35,9)(28,9)(28,3)(13,3)(13,13)(0,13)
Polygon:
(0,0)(27,0)(27,7)(16,7)(16,15)(13,15)(13,13)(0,13)
Polygon:
(0,0)(6,0)(6,2)(0,2)
Polygon:
(0,0)(9,0)(9,3)(0,3)
Polygon:
(0,0)(7,0)(7,12)(0,12)
Polygon:
(0,0)(28,0)(28,14)(11,14)(11,12)(6,12)(6,20)(0,20)
Polygon:
(0,0)(17,0)(17,16)(0,16)
Polygon:
(0,0)(38,0)(38,9)(23,9)(23,21)(9,21)(9,3)(0,3)
