Polygon:
(0,0)(22,0)(22,9)(8,9)(8,26)(0,26)
Polygon:
(0,0)(11,0)(11,3)(10,3)(10,21)(0,21)
Polygon:
(0,0)(30,0)(30,8)(15,8)(15,23)(0,23)
Polygon:
(0,0)(16,0)(16,14)(14,14)(14,28)(0,28)
Polygon:
(0,0)(5,0)(5,8)(2,8)(2,21)(0,21)
Polygon:
(0,0)(19,0)(19,12)(18,12)(18,26)(0,26)
Polygon:
(0,0)(18,0)(18,13)(6,13)(6,23)(0,23)
Polygon:
(0,0)(16,0)(16,4)(2,4)(2,10)(0,10)
Polygon:
(0,0)(28,0)(28,16)(13,16)(13,18)(0,18)
Polygon:
(0,0)(23,0)(23,2)(11,2)(11,8)(0,8)
Polygon:
(0,0)(30,0)(30,5)(16,5)(16,17)(0,17)
Polygon:
(0,0)(17,0)(17,10)(12,10)(12,11)(0,11)
Polygon:
(0,0)(28,0)(28,18)(11,18)(11,24)(0,24)
Polygon:
(0,0)(31,0)(31,3)(14,3)(14,17)(0,17)
Polygon:
(0,0)(29,0)(29,8)(16,8)(16,20)(0,20)
Polygon:
(0,0)(4,0)(4,5)(1,5)(1,9)(0,9)
Polygon:
(0,0)(20,0)(20,12)(17,12)(17,24)(0,24)
Polygon:
(0,0)(25,0)(25,12)(9,12)(9,18)(0,18)
Polygon:
(0,0)(24,0)(24,17)(12,17)(12,30)(0,30)
Polygon:
(0,0)(23,0)(23,14)(14,14)(14,32)(0,32)
Polygon:
(0,0)(26,0)(26,18)(18,18)(18,33)(0,33)
Polygon:
(0,0)(13,0)(13,15)(10,15)(10,24)(0,24)
Polygon:
(0,0)(5,0)(5,7)(3,7)(3,21)(0,21)
Polygon:
(0,0)(17,0)(17,9)(15,9)(15,26)(0,26)
Polygon:
(0,0)(34,0)(34,6)(18,6)(18,17)(0,17)
Polygon:
(0,0)(17,0)(17,15)(2,15)(2,21)(0,21)
Polygon:
(0,0)(11,0)(11,3)(3,3)(3,11)(0,11)
Polygon:
(0,0)(17,0)(17,7)(13,7)(13,19)(0,19)
Polygon:
(0,0)(22,0)(22,12)(7,12)(7,19)(0,19)
Polygon:
(0,0)(27,0)(27,7)(12,7)(12,24)(0,24)
Polygon:
(0,0)(19,0)(19,1)(1,1)(1,11)(0,11)
Polygon:
(0,0)(18,0)(18,10)(8,10)(8,27)(0,27)
Polygon:
(0,0)(17,0)(17,7)(8,7)(8,15)(0,15)
Polygon:
(0,0)(21,0)(21,5)(13,5)(13,8)(0,8)
Polygon:
(0,0)(14,0)(14,13)(1,13)(1,18)(0,18)
Polygon:
(0,0)(18,0)(18,17)(15,17)(15,26)(0,26)
Polygon:
(0,0)(12,0)(12,9)(11,9)(11,25)(0,25)
Polygon:
(0,0)(25,0)(25,11)(18,11)(18,16)(0,16)
Polygon:
(0,0)(10,0)(10,12)(9,12)(9,14)(0,14)
Polygon:
(0,0)(10,0)(10,9)(1,9)(1,12)(0,12)
Polygon:
(0,0)(27,0)(27,7)(18,7)(18,15)(0,15)
Polygon:
(0,0)(18,0)(18,3)(15,3)(15,11)(0,11)
Polygon:
(0,0)(20,0)(20,17)(14,17)(14,27)(0,27)
Polygon:
(0,0)(24,0)(24,11)(14,11)(14,20)(0,20)
Polygon:
(0,0)(25,0)(25,17)(15,17)(15,18)(0,18)
Polygon:
(0,0)(15,0)(15,10)(1,10)(1,19)(0,19)
Polygon:
(0,0)(14,0)(14,7)(1,7)(1,18)(0,18)
Polygon:
(0,0)(17,0)(17,3)(14,3)(14,7)(0,7)
Polygon:
(0,0)(19,0)(19,13)(18,13)(18,16)(0,16)
Polygon:
(0,0)(22,0)(22,9)(12,9)(12,11)(0,11)
Polygon:
(0,0)(17,0)(17,6)(11,6)(11,18)(0,18)
Polygon:
(0,0)(27,0)(27,12)(16,12)(16,15)(0,15)
Polygon:
(0,0)(7,0)(7,1)(2,1)(2,16)(0,16)
Polygon:
(0,0)(14,0)(14,17)(6,17)(6,27)(0,27)
Polygon:
(0,0)(21,0)(21,7)(17,7)(17,21)(0,21)
Polygon:
(0,0)(18,0)(18,8)(3,8)(3,18)(0,18)
Polygon:
(0,0)(26,0)(26,14)(12,14)(12,21)(0,21)
Polygon:
(0,0)(21,0)(21,18)(3,18)(3,34)(0,34)
Polygon:
(0,0)(17,0)(17,13)(1,13)(1,19)(0,19)
Polygon:
(0,0)(17,0)(17,12)(9,12)(9,17)(0,17)
Polygon:
(0,0)(17,0)(17,10)(12,10)(12,28)(0,28)
Polygon:
(0,0)(8,0)(8,2)(2,2)(2,18)(0,18)
Polygon:
(0,0)(11,0)(11,14)(9,14)(9,29)(0,29)
Polygon:
(0,0)(15,0)(15,6)(4,6)(4,18)(0,18)
Polygon:
(0,0)(13,0)(13,18)(6,18)(6,33)(0,33)
Polygon:
(0,0)(28,0)(28,17)(14,17)(14,19)(0,19)
Polygon:
(0,0)(21,0)(21,6)(18,6)(18,17)(0,17)
Polygon:
(0,0)(15,0)(15,3)(13,3)(13,13)(0,13)
Polygon:
(0,0)(18,0)(18,2)(4,2)(4,14)(0,14)
Polygon:
(0,0)(31,0)(31,4)(13,4)(13,14)(0,14)
Polygon:
(0,0)(10,0)(10,7)(5,7)(5,14)(0,14)
Polygon:
(0,0)(18,0)(18,10)(14,10)(14,13)(0,13)
Polygon:
(0,0)(17,0)(17,6)(10,6)(10,7)(0,7)
Polygon:
(0,0)(15,0)(15,15)(4,15)(4,25)(0,25)
Polygon:
(0,0)(22,0)(22,6)(12,6)(12,9)(0,9)
Polygon:
(0,0)(9,0)(9,7)(6,7)(6,24)(0,24)
Polygon:
(0,0)(14,0)(14,3)(3,3)(3,11)(0,11)
Polygon:
(0,0)(27,0)(27,10)(12,10)(12,20)(0,20)
Polygon:
(0,0)(6,0)(6,9)(5,9)(5,23)(0,23)
Polygon:
(0,0)(16,0)(16,3)(4,3)(4,21)(0,21)
Polygon:
(0,0)(9,0)(9,15)(0,15)
Polygon:
(0,0)(16,0)(16,4)(0,4)
Polygon:
(0,0)(31,0)(31,14)(13,14)(13,2)(6,2)(6,7)(0,7)
Polygon:
(0,0)(8,0)(8,7)(0,7)
Polygon:
(0,0)(17,0)(17,10)(16,10)(16,2)(1,2)(1,7)(0,7)
Polygon:
(0,0)(13,0)(13,16)(0,16)
Polygon:
(0,0)(32,0)(32,17)(30,17)(30,29)(18,29)(18,11)(0,11)
Polygon:
(0,0)(6,0)(6,18)(0,18)
Polygon:
(0,0)(38,0)(38,11)(30,11)(30,22)(17,22)(17,9)(0,9)
Polygon:
(0,0)(45,0)(45,28)(28,28)(28,33)(11,33)(11,18)(0,18)
Polygon:
(0,0)(13,0)(13,9)(0,9)
Polygon:
(0,0)(28,0)(28,4)(15,4)(15,20)(5,20)(5,10)(0,10)
Polygon:
(0,0)(29,0)(29,16)(14,16)(14,24)(5,24)(5,18)(0,18)
Polygon:
(0,0)(37,0)(37,14)(22,14)(22,3)(8,3)(8,14)(0,14)
Polygon:
(0,0)(23,0)(23,16)(12,16)(12,22)(10,22)(10,10)(0,10)
Polygon:
(0,0)(38,0)(38,9)(20,9)(20,26)(13,26)(13,12)(0,12)
Polygon:
(0,0)(9,0)(9,7)(0,7)
Polygon:
(0,0)(27,0)(27,18)(25,18)(25,3)(8,3)(8,9)(0,9)
Polygon:
(0,0)(18,0)(18,16)(11,16)(11,27)(5,27)(5,15)(0,15)
Polygon:
(0,0)(31,0)(31,22)(16,22)(16,13)(5,13)(5,18)(0,18)
Polygon:
(0,0)(9,0)(9,12)(0,12)
Polygon:
(0,0)(1,0)(1,2)(0,2)
Polygon:
(0,0)(27,0)(27,16)(20,16)(20,3)(9,3)(9,18)(0,18)
Polygon:
(0,0)(28,0)(28,7)(16,7)(16,14)(3,14)(3,8)(0,8)
Polygon:
(0,0)(5,0)(5,16)(0,16)
Polygon:
(0,0)(9,0)(9,5)(0,5)
Polygon:
(0,0)(17,0)(17,6)(0,6)
Polygon:
(0,0)(17,0)(17,17)(0,17)
Polygon:
(0,0)(15,0)(15,11)(0,11)
Polygon:
(0,0)(15,0)(15,4)(0,4)
Polygon:
(0,0)(1,0)(1,3)(0,3)
Polygon:
(0,0)(38,0)(38,3)(31,3)(31,5)(13,5)(13,1)(0,1)
Polygon:
(0,0)(3,0)(3,10)(0,10)
Polygon:
(0,0)(32,0)(32,17)(16,17)(16,3)(1,3)(1,5)(0,5)
Polygon:
(0,0)(11,0)(11,11)(0,11)
Polygon:
(0,0)(6,0)(6,8)(0,8)
Polygon:
(0,0)(6,0)(6,4)(5,4)(5,16)(1,16)(1,15)(0,15)
Polygon:
(0,0)(9,0)(9,3)(0,3)
Polygon:
(0,0)(23,0)(23,13)(6,13)(6,8)(3,8)(3,16)(0,16)
Polygon:
(0,0)(18,0)(18,13)(0,13)
Polygon:
(0,0)(35,0)(35,2)(19,2)(19,19)(11,19)(11,6)(0,6)
Polygon:
(0,0)(1,0)(1,12)(0,12)
Polygon:
(0,0)(26,0)(26,8)(11,8)(11,13)(6,13)(6,4)(0,4)
Polygon:
(0,0)(46,0)(46,7)(29,7)(29,23)(11,23)(11,5)(0,5)
Polygon:
(0,0)(30,0)(30,15)(29,15)(29,3)(15,3)(15,12)(0,12)
Polygon:
(0,0)(6,0)(6,6)(0,6)
Polygon:
(0,0)(27,0)(27,11)(26,11)(26,27)(10,27)(10,14)(0,14)
Polygon:
(0,0)(3,0)(3,14)(0,14)
Polygon:
(0,0)(8,0)(8,4)(0,4)
Polygon:
(0,0)(1,0)(1,15)(0,15)
Polygon:
(0,0)(43,0)(43,24)(31,24)(31,25)(14,25)(14,9)(0,9)
Polygon:
(0,0)(4,0)(4,9)(0,9)
Polygon:
(0,0)(11,0)(11,15)(0,15)
Polygon:
(0,0)(18,0)(18,14)(0,14)
Polygon:
(0,0)(10,0)(10,3)(0,3)
Polygon:
(0,0)(6,0)(6,10)(0,10)
Polygon:
(0,0)(1,0)(1,7)(0,7)
Polygon:
(0,0)(28,0)(28,8)(20,8)(20,6)(17,6)(17,8)(0,8)
Polygon:
(0,0)(17,0)(17,15)(0,15)
Polygon:
(0,0)(14,0)(14,10)(0,10)
Polygon:
(0,0)(11,0)(11,7)(0,7)
Polygon:
(0,0)(15,0)(15,9)(0,9)
Polygon:
(0,0)(16,0)(16,11)(0,11)
Polygon:
(0,0)(36,0)(36,25)(20,25)(20,9)(16,9)(16,14)(0,14)
Polygon:
(0,0)(14,0)(14,16)(0,16)
Polygon:
(0,0)(1,0)(1,8)(0,8)
Polygon:
(0,0)(10,0)(10,9)(0,9)
Polygon:
(0,0)(6,0)(6,12)(0,12)
Polygon:
(0,0)(24,0)(24,9)(20,9)(20,5)(4,5)(4,13)(0,13)
Polygon:
(0,0)(13,0)(13,10)(0,10)
Polygon:
(0,0)(28,0)(28,7)(22,7)(22,22)(14,22)(14,5)(0,5)
Polygon:
(0,0)(46,0)(46,14)(28,14)(28,20)(17,20)(17,4)(0,4)
Polygon:
(0,0)(1,0)(1,7)(0,7)
Polygon:
(0,0)(35,0)(35,25)(28,25)(28,12)(18,12)(18,18)(0,18)
Polygon:
(0,0)(8,0)(8,5)(0,5)
Polygon:
(0,0)(17,0)(17,5)(0,5)
Polygon:
(0,0)(41,0)(41,11)(28,11)(28,8)(13,8)(13,16)(0,16)
Polygon:
(0,0)(23,0)(23,12)(20,12)(20,17)(13,17)(13,4)(0,4)
Polygon:
(0,0)(16,0)(16,4)(0,4)
Polygon:
(0,0)(9,0)(9,9)(0,9)
Polygon:
(0,0)(7,0)(7,13)(0,13)
Polygon:
(0,0)(23,0)(23,5)(15,5)(15,19)(9,19)(9,13)(0,13)
Polygon:
(0,0)(9,0)(9,1)(0,1)
Polygon:
(0,0)(28,0)(28,20)(27,20)(27,5)(16,5)(16,7)(0,7)
Polygon:
(0,0)(26,0)(26,25)(11,25)(11,28)(3,28)(3,15)(0,15)
Polygon:
(0,0)(29,0)(29,12)(18,12)(18,13)(11,13)(11,3)(0,3)
Polygon:
(0,0)(6,0)(6,11)(0,11)
Polygon:
(0,0)(15,0)(15,3)(0,3)
Polygon:
(0,0)(11,0)(11,2)(0,2)
Polygon:
(0,0)(3,0)(3,18)(0,18)
Polygon:
(0,0)(28,0)(28,12)(24,12)(24,16)(12,16)(12,12)(0,12)
Polygon:
(0,0)(41,0)(41,7)(26,7)(26,21)(15,21)(15,14)(0,14)
Polygon:
(0,0)(7,0)(7,5)(0,5)
Polygon:
(0,0)(2,0)(2,1)(0,1)
Polygon:
(0,0)(12,0)(12,7)(0,7)
Polygon:
(0,0)(20,0)(20,9)(13,9)(13,5)(12,5)(12,8)(0,8)
Polygon:
(0,0)(28,0)(28,23)(21,23)(21,27)(6,27)(6,10)(0,10)
Polygon:
(0,0)(10,0)(10,12)(0,12)
Polygon:
(0,0)(13,0)(13,10)(0,10)
Polygon:
(0,0)(12,0)(12,3)(0,3)
Polygon:
(0,0)(5,0)(5,15)(0,15)
Polygon:
(0,0)(27,0)(27,17)(16,17)(16,6)(8,6)(8,13)(0,13)
Polygon:
(0,0)(16,0)(16,13)(0,13)
Polygon:
(0,0)(15,0)(15,13)(0,13)
Polygon:
(0,0)(13,0)(13,10)(0,10)
Polygon:
(0,0)(4,0)(4,17)(0,17)
Polygon:
(0,0)(4,0)(4,14)(0,14)
Polygon:
(0,0)(8,0)(8,20)(6,20)(6,6)(1,6)(1,9)(0,9)
Polygon:
(0,0)(3,0)(3,9)(0,9)
Polygon:
(0,0)(29,0)(29,10)(21,10)(21,24)(12,24)(12,10)(0,10)
Polygon:
(0,0)(33,0)(33,3)(24,3)(24,1)(18,1)(18,6)(0,6)
Polygon:
(0,0)(28,0)(28,20)(26,20)(26,23)(12,23)(12,10)(0,10)
Polygon:
(0,0)(20,0)(20,3)(19,3)(19,5)(5,5)(5,1)(0,1)
Polygon:
(0,0)(3,0)(3,2)(0,2)
Polygon:
(0,0)(23,0)(23,3)(10,3)(10,12)(6,12)(6,2)(0,2)
Polygon:
(0,0)(2,0)(2,14)(0,14)
Polygon:
(0,0)(7,0)(7,2)(0,2)
Polygon:
(0,0)(16,0)(16,17)(0,17)
Polygon:
(0,0)(7,0)(7,3)(0,3)
Polygon:
(0,0)(29,0)(29,10)(24,10)(24,2)(16,2)(16,20)(0,20)
Polygon:
(0,0)(30,0)(30,12)(19,12)(19,5)(15,5)(15,6)(0,6)
Polygon:
(0,0)(7,0)(7,1)(0,1)
Polygon:
(0,0)(41,0)(41,31)(32,31)(32,32)(18,32)(18,15)(0,15)
Polygon:
(0,0)(12,0)(12,15)(0,15)
Polygon:
(0,0)(25,0)(25,9)(17,9)(17,1)(2,1)(2,3)(0,3)
Polygon:
(0,0)(10,0)(10,9)(5,9)(5,21)(3,21)(3,3)(0,3)
Polygon:
(0,0)(10,0)(10,18)(0,18)
Polygon:
(0,0)(16,0)(16,19)(12,19)(12,21)(8,21)(8,4)(0,4)
Polygon:
(0,0)(11,0)(11,7)(0,7)
Polygon:
(0,0)(25,0)(25,1)(7,1)(7,2)(3,2)(3,1)(0,1)
Polygon:
(0,0)(28,0)(28,16)(15,16)(15,6)(3,6)(3,16)(0,16)
Polygon:
(0,0)(3,0)(3,13)(0,13)
Polygon:
(0,0)(29,0)(29,17)(17,17)(17,34)(14,34)(14,16)(0,16)
Polygon:
(0,0)(7,0)(7,16)(0,16)
Polygon:
(0,0)(9,0)(9,17)(0,17)
Polygon:
(0,0)(12,0)(12,16)(6,16)(6,11)(3,11)(3,17)(0,17)
Polygon:
(0,0)(6,0)(6,7)(0,7)
Polygon:
(0,0)(1,0)(1,7)(0,7)
Polygon:
(0,0)(35,0)(35,10)(27,10)(27,1)(10,1)(10,17)(0,17)
Polygon:
(0,0)(11,0)(11,13)(3,13)(3,20)(1,20)(1,5)(0,5)
Polygon:
(0,0)(11,0)(11,4)(0,4)
Polygon:
(0,0)(15,0)(15,1)(10,1)(10,15)(4,15)(4,8)(0,8)
Polygon:
(0,0)(8,0)(8,5)(0,5)
Polygon:
(0,0)(12,0)(12,2)(0,2)
Polygon:
(0,0)(24,0)(24,7)(14,7)(14,14)(2,14)(2,13)(0,13)
Polygon:
(0,0)(26,0)(26,16)(8,16)(8,22)(6,22)(6,14)(0,14)
Polygon:
(0,0)(8,0)(8,4)(0,4)
Polygon:
(0,0)(15,0)(15,16)(0,16)
Polygon:
(0,0)(12,0)(12,14)(0,14)
Polygon:
(0,0)(5,0)(5,2)(0,2)
Polygon:
(0,0)(39,0)(39,11)(24,11)(24,16)(15,16)(15,4)(0,4)
Polygon:
(0,0)(24,0)(24,14)(23,14)(23,3)(14,3)(14,8)(0,8)
Polygon:
(0,0)(7,0)(7,13)(0,13)
Polygon:
(0,0)(10,0)(10,10)(0,10)
Polygon:
(0,0)(38,0)(38,19)(22,19)(22,3)(6,3)(6,14)(0,14)
Polygon:
(0,0)(18,0)(18,16)(0,16)
Polygon:
(0,0)(21,0)(21,4)(6,4)(6,16)(3,16)(3,8)(0,8)
Polygon:
(0,0)(5,0)(5,2)(0,2)
Polygon:
(0,0)(16,0)(16,6)(0,6)
Polygon:
(0,0)(6,0)(6,1)(0,1)
Polygon:
(0,0)(16,0)(16,11)(11,11)(11,20)(1,20)(1,18)(0,18)
Polygon:
(0,0)(44,0)(44,13)(28,13)(28,17)(13,17)(13,12)(0,12)
Polygon:
(0,0)(40,0)(40,16)(26,16)(26,19)(13,19)(13,12)(0,12)
Polygon:
(0,0)(10,0)(10,4)(0,4)
Polygon:
(0,0)(51,0)(51,20)(34,20)(34,21)(17,21)(17,3)(0,3)
Polygon:
(0,0)(16,0)(16,3)(0,3)
Polygon:
(0,0)(35,0)(35,8)(19,8)(19,22)(7,22)(7,11)(0,11)
Polygon:
(0,0)(29,0)(29,1)(16,1)(16,19)(14,19)(14,3)(0,3)
Polygon:
(0,0)(2,0)(2,15)(0,15)
Polygon:
(0,0)(13,0)(13,9)(0,9)
Polygon:
(0,0)(25,0)(25,8)(10,8)(10,20)(6,20)(6,11)(0,11)
Polygon:
(0,0)(21,0)(21,17)(17,17)(17,5)(12,5)(12,15)(0,15)
Polygon:
(0,0)(5,0)(5,7)(0,7)
Polygon:
(0,0)(25,0)(25,18)(20,18)(20,8)(2,8)(2,10)(0,10)
Polygon:
(0,0)(2,0)(2,16)(0,16)
Polygon:
(0,0)(28,0)(28,3)(13,3)(13,1)(6,1)(6,2)(0,2)
Polygon:
(0,0)(7,0)(7,16)(0,16)
Polygon:
(0,0)(12,0)(12,11)(0,11)
Polygon:
(0,0)(4,0)(4,15)(0,15)
Polygon:
(0,0)(25,0)(25,9)(18,9)(18,1)(9,1)(9,7)(0,7)
Polygon:
(0,0)(24,0)(24,14)(17,14)(17,19)(3,19)(3,8)(0,8)
Polygon:
(0,0)(6,0)(6,8)(0,8)
Polygon:
(0,0)(3,0)(3,9)(0,9)
Polygon:
(0,0)(18,0)(18,3)(0,3)
Polygon:
(0,0)(13,0)(13,19)(8,19)(8,23)(4,23)(4,9)(0,9)
Polygon:
(0,0)(13,0)(13,5)(0,5)
Polygon:
(0,0)(8,0)(8,4)(0,4)
Polygon:
(0,0)(5,0)(5,9)(0,9)
Polygon:
(0,0)(34,0)(34,15)(29,15)(29,7)(11,7)(11,16)(0,16)
Polygon:
(0,0)(16,0)(16,7)(0,7)
Polygon:
(0,0)(3,0)(3,17)(0,17)
Polygon:
(0,0)(6,0)(6,5)(0,5)
Polygon:
(0,0)(5,0)(5,11)(0,11)
Polygon:
(0,0)(11,0)(11,9)(0,9)
Polygon:
(0,0)(22,0)(22,23)(9,23)(9,32)(3,32)(3,18)(0,18)
Polygon:
(0,0)(2,0)(2,5)(0,5)
Polygon:
(0,0)(12,0)(12,3)(0,3)
Polygon:
(0,0)(9,0)(9,2)(0,2)
Polygon:
(0,0)(29,0)(29,11)(21,11)(21,15)(11,15)(11,6)(0,6)
Polygon:
(0,0)(8,0)(8,8)(0,8)
Polygon:
(0,0)(34,0)(34,20)(25,20)(25,6)(8,6)(8,14)(0,14)
Polygon:
(0,0)(13,0)(13,3)(0,3)
Polygon:
(0,0)(13,0)(13,8)(0,8)
Polygon:
(0,0)(33,0)(33,19)(18,19)(18,6)(7,6)(7,7)(0,7)
Polygon:
(0,0)(22,0)(22,2)(17,2)(17,6)(10,6)(10,3)(0,3)
Polygon:
(0,0)(13,0)(13,18)(0,18)
Polygon:
(0,0)(11,0)(11,3)(0,3)
Polygon:
(0,0)(21,0)(21,14)(10,14)(10,19)(1,19)(1,18)(0,18)
Polygon:
(0,0)(2,0)(2,18)(0,18)
Polygon:
(0,0)(11,0)(11,14)(0,14)
Polygon:
(0,0)(5,0)(5,7)(0,7)
Polygon:
(0,0)(2,0)(2,13)(0,13)
Polygon:
(0,0)(15,0)(15,15)(0,15)
Polygon:
(0,0)(8,0)(8,4)(0,4)
Polygon:
(0,0)(32,0)(32,23)(21,23)(21,12)(7,12)(7,15)(0,15)
Polygon:
(0,0)(2,0)(2,15)(0,15)
Polygon:
(0,0)(20,0)(20,16)(14,16)(14,21)(3,21)(3,4)(0,4)
Polygon:
(0,0)(4,0)(4,9)(0,9)
Polygon:
(0,0)(9,0)(9,3)(0,3)
Polygon:
(0,0)(4,0)(4,12)(0,12)
Polygon:
(0,0)(7,0)(7,2)(0,2)
Polygon:
(0,0)(37,0)(37,3)(20,3)(20,9)(8,9)(8,2)(0,2)
Polygon:
(0,0)(18,0)(18,18)(0,18)
Polygon:
(0,0)(16,0)(16,18)(0,18)
Polygon:
(0,0)(28,0)(28,15)(11,15)(11,21)(2,21)(2,14)(0,14)
Polygon:
(0,0)(14,0)(14,8)(0,8)
Polygon:
(0,0)(4,0)(4,7)(0,7)
Polygon:
(0,0)(1,0)(1,6)(0,6)
Polygon:
(0,0)(36,0)(36,11)(26,11)(26,14)(15,14)(15,2)(0,2)
Polygon:
(0,0)(29,0)(29,10)(15,10)(15,22)(3,22)(3,7)(0,7)
Polygon:
(0,0)(12,0)(12,17)(0,17)
Polygon:
(0,0)(40,0)(40,22)(23,22)(23,17)(5,17)(5,18)(0,18)
Polygon:
(0,0)(10,0)(10,3)(0,3)
Polygon:
(0,0)(46,0)(46,22)(32,22)(32,13)(16,13)(16,16)(0,16)
Polygon:
(0,0)(27,0)(27,23)(25,23)(25,29)(15,29)(15,18)(0,18)
Polygon:
(0,0)(1,0)(1,14)(0,14)
Polygon:
(0,0)(7,0)(7,3)(0,3)
Polygon:
(0,0)(34,0)(34,1)(20,1)(20,14)(2,14)(2,10)(0,10)
Polygon:
(0,0)(32,0)(32,23)(18,23)(18,6)(8,6)(8,24)(0,24)
Polygon:
(0,0)(29,0)(29,27)(16,27)(16,31)(8,31)(8,18)(0,18)
Polygon:
(0,0)(28,0)(28,5)(16,5)(16,10)(1,10)(1,6)(0,6)
Polygon:
(0,0)(16,0)(16,1)(0,1)
Polygon:
(0,0)(26,0)(26,4)(17,4)(17,18)(7,18)(7,3)(0,3)
Polygon:
(0,0)(7,0)(7,18)(0,18)
Polygon:
(0,0)(8,0)(8,8)(5,8)(5,21)(4,21)(4,14)(0,14)
Polygon:
(0,0)(4,0)(4,2)(0,2)
Polygon:
(0,0)(15,0)(15,1)(0,1)
Polygon:
(0,0)(10,0)(10,1)(0,1)
Polygon:
(0,0)(20,0)(20,23)(17,23)(17,5)(13,5)(13,16)(0,16)
Polygon:
(0,0)(32,0)(32,7)(21,7)(21,19)(18,19)(18,16)(0,16)
Polygon:
(0,0)(14,0)(14,16)(0,16)
Polygon:
(0,0)(36,0)(36,12)(19,12)(19,28)(2,28)(2,11)(0,11)
Polygon:
(0,0)(18,0)(18,10)(0,10)
Polygon:
(0,0)(15,0)(15,6)(0,6)
Polygon:
(0,0)(27,0)(27,26)(26,26)(26,28)(9,28)(9,12)(0,12)
Polygon:
(0,0)(2,0)(2,12)(0,12)
Polygon:
(0,0)(12,0)(12,2)(0,2)
Polygon:
(0,0)(8,0)(8,5)(0,5)
Polygon:
(0,0)(35,0)(35,19)(31,19)(31,27)(14,27)(14,9)(0,9)
Polygon:
(0,0)(10,0)(10,3)(0,3)
Polygon:
(0,0)(45,0)(45,16)(29,16)(29,2)(16,2)(16,14)(0,14)
Polygon:
(0,0)(26,0)(26,11)(22,11)(22,23)(12,23)(12,18)(0,18)
Polygon:
(0,0)(18,0)(18,5)(0,5)
Polygon:
(0,0)(12,0)(12,14)(0,14)
Polygon:
(0,0)(14,0)(14,6)(0,6)
Polygon:
(0,0)(26,0)(26,14)(25,14)(25,31)(7,31)(7,14)(0,14)
Polygon:
(0,0)(15,0)(15,2)(0,2)
Polygon:
(0,0)(15,0)(15,19)(8,19)(8,21)(3,21)(3,12)(0,12)
Polygon:
(0,0)(4,0)(4,1)(0,1)
Polygon:
(0,0)(38,0)(38,5)(29,5)(29,3)(12,3)(12,8)(0,8)
Polygon:
(0,0)(15,0)(15,4)(0,4)
Polygon:
(0,0)(18,0)(18,4)(0,4)
Polygon:
(0,0)(31,0)(31,8)(23,8)(23,4)(14,4)(14,10)(0,10)
Polygon:
(0,0)(5,0)(5,14)(0,14)
Polygon:
(0,0)(21,0)(21,20)(18,20)(18,3)(10,3)(10,15)(0,15)
Polygon:
(0,0)(20,0)(20,30)(18,30)(18,34)(15,34)(15,16)(0,16)
Polygon:
(0,0)(30,0)(30,8)(17,8)(17,15)(15,15)(15,9)(0,9)
Polygon:
(0,0)(38,0)(38,10)(24,10)(24,21)(11,21)(11,5)(0,5)
Polygon:
(0,0)(20,0)(20,14)(16,14)(16,15)(2,15)(2,14)(0,14)
Polygon:
(0,0)(11,0)(11,14)(0,14)
Polygon:
(0,0)(5,0)(5,4)(0,4)
Polygon:
(0,0)(16,0)(16,15)(0,15)
Polygon:
(0,0)(37,0)(37,12)(30,12)(30,23)(12,23)(12,17)(0,17)
Polygon:
(0,0)(26,0)(26,14)(18,14)(18,2)(16,2)(16,4)(0,4)
Polygon:
(0,0)(12,0)(12,19)(9,19)(9,25)(1,25)(1,16)(0,16)
Polygon:
(0,0)(2,0)(2,8)(0,8)
Polygon:
(0,0)(31,0)(31,16)(24,16)(24,22)(12,22)(12,6)(0,6)
Polygon:
(0,0)(16,0)(16,4)(0,4)
Polygon:
(0,0)(11,0)(11,12)(0,12)
Polygon:
(0,0)(33,0)(33,5)(27,5)(27,11)(13,11)(13,7)(0,7)
Polygon:
(0,0)(34,0)(34,12)(22,12)(22,1)(9,1)(9,16)(0,16)
Polygon:
(0,0)(37,0)(37,21)(30,21)(30,4)(15,4)(15,10)(0,10)
Polygon:
(0,0)(9,0)(9,3)(0,3)
Polygon:
(0,0)(6,0)(6,11)(0,11)
Polygon:
(0,0)(21,0)(21,26)(16,26)(16,8)(12,8)(12,13)(0,13)
Polygon:
(0,0)(12,0)(12,5)(0,5)
Polygon:
(0,0)(39,0)(39,10)(29,10)(29,19)(17,19)(17,2)(0,2)
Polygon:
(0,0)(15,0)(15,21)(14,21)(14,25)(9,25)(9,8)(0,8)
Polygon:
(0,0)(16,0)(16,6)(0,6)
Polygon:
(0,0)(1,0)(1,14)(0,14)
Polygon:
(0,0)(12,0)(12,16)(0,16)
Polygon:
(0,0)(34,0)(34,14)(29,14)(29,4)(14,4)(14,6)(0,6)
Polygon:
(0,0)(34,0)(34,18)(25,18)(25,1)(16,1)(16,18)(0,18)
Polygon:
(0,0)(3,0)(3,15)(0,15)
Polygon:
(0,0)(16,0)(16,12)(0,12)
Polygon:
(0,0)(14,0)(14,5)(0,5)
Polygon:
(0,0)(29,0)(29,26)(19,26)(19,12)(6,12)(6,13)(0,13)
Polygon:
(0,0)(35,0)(35,24)(17,24)(17,26)(14,26)(14,18)(0,18)
Polygon:
(0,0)(24,0)(24,11)(12,11)(12,9)(11,9)(11,15)(0,15)
Polygon:
(0,0)(10,0)(10,7)(0,7)
Polygon:
(0,0)(31,0)(31,3)(27,3)(27,1)(15,1)(15,15)(0,15)
Polygon:
(0,0)(9,0)(9,7)(0,7)
Polygon:
(0,0)(12,0)(12,4)(0,4)
Polygon:
(0,0)(38,0)(38,16)(21,16)(21,27)(16,27)(16,9)(0,9)
Polygon:
(0,0)(23,0)(23,2)(21,2)(21,20)(16,20)(16,6)(0,6)
Polygon:
(0,0)(29,0)(29,21)(19,21)(19,13)(13,13)(13,24)(0,24)
Polygon:
(0,0)(15,0)(15,1)(0,1)
Polygon:
(0,0)(13,0)(13,3)(0,3)
Polygon:
(0,0)(16,0)(16,10)(0,10)
Polygon:
(0,0)(13,0)(13,10)(0,10)
