Polygon:
(0,0)(30,0)(30,17)(14,17)(14,23)(0,23)
Polygon:
(0,0)(18,0)(18,14)(15,14)(15,19)(0,19)
Polygon:
(0,0)(27,0)(27,17)(14,17)(14,32)(0,32)
Polygon:
(0,0)(35,0)(35,8)(18,8)(18,16)(0,16)
Polygon:
(0,0)(31,0)(31,11)(18,11)(18,25)(0,25)
Polygon:
(0,0)(23,0)(23,12)(16,12)(16,30)(0,30)
Polygon:
(0,0)(21,0)(21,4)(9,4)(9,18)(0,18)
Polygon:
(0,0)(7,0)(7,14)(6,14)(6,32)(0,32)
Polygon:
(0,0)(13,0)(13,8)(10,8)(10,11)(0,11)
Polygon:
(0,0)(11,0)(11,6)(7,6)(7,7)(0,7)
Polygon:
(0,0)(12,0)(12,10)(2,10)(2,24)(0,24)
Polygon:
(0,0)(16,0)(16,9)(13,9)(13,13)(0,13)
Polygon:
(0,0)(13,0)(13,16)(12,16)(12,20)(0,20)
Polygon:
(0,0)(21,0)(21,15)(17,15)(17,16)(0,16)
Polygon:
(0,0)(23,0)(23,10)(10,10)(10,22)(0,22)
Polygon:
(0,0)(20,0)(20,11)(4,11)(4,20)(0,20)
Polygon:
(0,0)(19,0)(19,13)(14,13)(14,29)(0,29)
Polygon:
(0,0)(15,0)(15,14)(2,14)(2,23)(0,23)
Polygon:
(0,0)(13,0)(13,6)(2,6)(2,20)(0,20)
Polygon:
(0,0)(13,0)(13,9)(9,9)(9,12)(0,12)
Polygon:
(0,0)(14,0)(14,3)(13,3)(13,18)(0,18)
Polygon:
(0,0)(11,0)(11,3)(6,3)(6,10)(0,10)
Polygon:
(0,0)(16,0)(16,16)(5,16)(5,32)(0,32)
Polygon:
(0,0)(15,0)(15,7)(7,7)(7,10)(0,10)
Polygon:
(0,0)(23,0)(23,14)(10,14)(10,18)(0,18)
Polygon:
(0,0)(10,0)(10,8)(4,8)(4,18)(0,18)
Polygon:
(0,0)(7,0)(7,6)(1,6)(1,22)(0,22)
Polygon:
(0,0)(17,0)(17,18)(13,18)(13,21)(0,21)
Polygon:
(0,0)(23,0)(23,7)(10,7)(10,22)(0,22)
Polygon:
(0,0)(24,0)(24,3)(11,3)(11,16)(0,16)
Polygon:
(0,0)(22,0)(22,16)(6,16)(6,21)(0,21)
Polygon:
(0,0)(21,0)(21,14)(5,14)(5,23)(0,23)
Polygon:
(0,0)(14,0)(14,2)(1,2)(1,9)(0,9)
Polygon:
(0,0)(5,0)(5,14)(2,14)(2,30)(0,30)
Polygon:
(0,0)(26,0)(26,5)(8,5)(8,8)(0,8)
Polygon:
(0,0)(14,0)(14,9)(4,9)(4,24)(0,24)
Polygon:
(0,0)(31,0)(31,8)(14,8)(14,21)(0,21)
Polygon:
(0,0)(15,0)(15,7)(3,7)(3,21)(0,21)
Polygon:
(0,0)(20,0)(20,1)(15,1)(15,2)(0,2)
Polygon:
(0,0)(32,0)(32,3)(15,3)(15,11)(0,11)
Polygon:
(0,0)(21,0)(21,13)(12,13)(12,16)(0,16)
Polygon:
(0,0)(12,0)(12,14)(5,14)(5,30)(0,30)
Polygon:
(0,0)(22,0)(22,4)(5,4)(5,5)(0,5)
Polygon:
(0,0)(16,0)(16,18)(8,18)(8,25)(0,25)
Polygon:
(0,0)(16,0)(16,4)(13,4)(13,11)(0,11)
Polygon:
(0,0)(33,0)(33,6)(17,6)(17,21)(0,21)
Polygon:
(0,0)(22,0)(22,17)(10,17)(10,29)(0,29)
Polygon:
(0,0)(11,0)(11,13)(9,13)(9,24)(0,24)
Polygon:
(0,0)(22,0)(22,18)(4,18)(4,35)(0,35)
Polygon:
(0,0)(10,0)(10,6)(3,6)(3,21)(0,21)
Polygon:
(0,0)(13,0)(13,11)(12,11)(12,28)(0,28)
Polygon:
(0,0)(27,0)(27,7)(12,7)(12,16)(0,16)
Polygon:
(0,0)(21,0)(21,17)(5,17)(5,28)(0,28)
Polygon:
(0,0)(21,0)(21,6)(9,6)(9,24)(0,24)
Polygon:
(0,0)(16,0)(16,11)(4,11)(4,23)(0,23)
Polygon:
(0,0)(17,0)(17,4)(11,4)(11,14)(0,14)
Polygon:
(0,0)(11,0)(11,5)(5,5)(5,10)(0,10)
Polygon:
(0,0)(24,0)(24,11)(6,11)(6,21)(0,21)
Polygon:
(0,0)(28,0)(28,10)(14,10)(14,23)(0,23)
Polygon:
(0,0)(27,0)(27,12)(9,12)(9,26)(0,26)
Polygon:
(0,0)(16,0)(16,11)(14,11)(14,18)(0,18)
Polygon:
(0,0)(26,0)(26,18)(8,18)(8,20)(0,20)
Polygon:
(0,0)(26,0)(26,4)(13,4)(13,21)(0,21)
Polygon:
(0,0)(22,0)(22,6)(5,6)(5,23)(0,23)
Polygon:
(0,0)(19,0)(19,13)(3,13)(3,22)(0,22)
Polygon:
(0,0)(22,0)(22,18)(7,18)(7,21)(0,21)
Polygon:
(0,0)(26,0)(26,8)(17,8)(17,11)(0,11)
Polygon:
(0,0)(14,0)(14,15)(11,15)(11,27)(0,27)
Polygon:
(0,0)(20,0)(20,7)(18,7)(18,17)(0,17)
Polygon:
(0,0)(22,0)(22,1)(18,1)(18,12)(0,12)
Polygon:
(0,0)(30,0)(30,8)(17,8)(17,9)(0,9)
Polygon:
(0,0)(14,0)(14,11)(2,11)(2,22)(0,22)
Polygon:
(0,0)(25,0)(25,17)(15,17)(15,33)(0,33)
Polygon:
(0,0)(10,0)(10,11)(9,11)(9,13)(0,13)
Polygon:
(0,0)(30,0)(30,12)(14,12)(14,15)(0,15)
Polygon:
(0,0)(23,0)(23,13)(16,13)(16,25)(0,25)
Polygon:
(0,0)(23,0)(23,7)(13,7)(13,16)(0,16)
Polygon:
(0,0)(12,0)(12,13)(9,13)(9,26)(0,26)
Polygon:
(0,0)(16,0)(16,11)(9,11)(9,24)(0,24)
Polygon:
(0,0)(8,0)(8,15)(4,15)(4,33)(0,33)
Polygon:
(0,0)(15,0)(15,17)(6,17)(6,31)(0,31)
Polygon:
(0,0)(11,0)(11,8)(7,8)(7,21)(0,21)
Polygon:
(0,0)(15,0)(15,10)(8,10)(8,22)(0,22)
Polygon:
(0,0)(28,0)(28,18)(17,18)(17,30)(0,30)
Polygon:
(0,0)(19,0)(19,6)(6,6)(6,19)(0,19)
Polygon:
(0,0)(18,0)(18,12)(8,12)(8,30)(0,30)
Polygon:
(0,0)(21,0)(21,1)(4,1)(4,16)(0,16)
Polygon:
(0,0)(21,0)(21,10)(12,10)(12,18)(0,18)
Polygon:
(0,0)(16,0)(16,6)(13,6)(13,24)(0,24)
Polygon:
(0,0)(22,0)(22,5)(14,5)(14,12)(0,12)
Polygon:
(0,0)(15,0)(15,5)(9,5)(9,13)(0,13)
Polygon:
(0,0)(21,0)(21,17)(17,17)(17,29)(0,29)
Polygon:
(0,0)(8,0)(8,7)(2,7)(2,10)(0,10)
Polygon:
(0,0)(8,0)(8,1)(6,1)(6,2)(0,2)
Polygon:
(0,0)(20,0)(20,17)(15,17)(15,18)(0,18)
Polygon:
(0,0)(9,0)(9,1)(8,1)(8,8)(0,8)
Polygon:
(0,0)(22,0)(22,4)(17,4)(17,15)(0,15)
Polygon:
(0,0)(18,0)(18,14)(3,14)(3,28)(0,28)
Polygon:
(0,0)(27,0)(27,9)(12,9)(12,24)(0,24)
Polygon:
(0,0)(15,0)(15,5)(2,5)(2,8)(0,8)
Polygon:
(0,0)(26,0)(26,3)(14,3)(14,12)(0,12)
Polygon:
(0,0)(15,0)(15,4)(7,4)(7,5)(0,5)
Polygon:
(0,0)(17,0)(17,2)(5,2)(5,14)(0,14)
Polygon:
(0,0)(29,0)(29,6)(17,6)(17,16)(0,16)
Polygon:
(0,0)(32,0)(32,4)(14,4)(14,9)(0,9)
Polygon:
(0,0)(20,0)(20,7)(3,7)(3,19)(0,19)
Polygon:
(0,0)(23,0)(23,11)(5,11)(5,26)(0,26)
Polygon:
(0,0)(10,0)(10,3)(1,3)(1,12)(0,12)
Polygon:
(0,0)(24,0)(24,7)(12,7)(12,13)(0,13)
Polygon:
(0,0)(7,0)(7,3)(1,3)(1,7)(0,7)
Polygon:
(0,0)(20,0)(20,5)(18,5)(18,14)(0,14)
Polygon:
(0,0)(27,0)(27,17)(18,17)(18,32)(0,32)
Polygon:
(0,0)(11,0)(11,4)(9,4)(9,21)(0,21)
Polygon:
(0,0)(28,0)(28,15)(15,15)(15,19)(0,19)
Polygon:
(0,0)(26,0)(26,3)(10,3)(10,19)(0,19)
Polygon:
(0,0)(20,0)(20,3)(9,3)(9,19)(0,19)
Polygon:
(0,0)(23,0)(23,3)(5,3)(5,19)(0,19)
Polygon:
(0,0)(23,0)(23,14)(11,14)(11,29)(0,29)
Polygon:
(0,0)(16,0)(16,13)(11,13)(11,31)(0,31)
Polygon:
(0,0)(19,0)(19,13)(1,13)(1,14)(0,14)
Polygon:
(0,0)(20,0)(20,8)(18,8)(18,12)(0,12)
Polygon:
(0,0)(17,0)(17,11)(4,11)(4,25)(0,25)
Polygon:
(0,0)(9,0)(9,1)(8,1)(8,5)(0,5)
Polygon:
(0,0)(19,0)(19,4)(10,4)(10,10)(0,10)
Polygon:
(0,0)(24,0)(24,11)(15,11)(15,17)(0,17)
Polygon:
(0,0)(26,0)(26,13)(18,13)(18,16)(0,16)
Polygon:
(0,0)(33,0)(33,9)(17,9)(17,12)(0,12)
Polygon:
(0,0)(24,0)(24,7)(16,7)(16,10)(0,10)
Polygon:
(0,0)(5,0)(5,15)(4,15)(4,26)(0,26)
Polygon:
(0,0)(34,0)(34,10)(16,10)(16,11)(0,11)
Polygon:
(0,0)(12,0)(12,9)(7,9)(7,13)(0,13)
Polygon:
(0,0)(21,0)(21,12)(17,12)(17,30)(0,30)
Polygon:
(0,0)(12,0)(12,6)(6,6)(6,24)(0,24)
Polygon:
(0,0)(18,0)(18,8)(7,8)(7,18)(0,18)
Polygon:
(0,0)(6,0)(6,18)(3,18)(3,36)(0,36)
Polygon:
(0,0)(14,0)(14,17)(2,17)(2,18)(0,18)
Polygon:
(0,0)(14,0)(14,5)(1,5)(1,7)(0,7)
Polygon:
(0,0)(30,0)(30,6)(16,6)(16,11)(0,11)
Polygon:
(0,0)(27,0)(27,17)(17,17)(17,32)(0,32)
Polygon:
(0,0)(23,0)(23,14)(8,14)(8,20)(0,20)
Polygon:
(0,0)(20,0)(20,1)(16,1)(16,12)(0,12)
Polygon:
(0,0)(27,0)(27,8)(9,8)(9,13)(0,13)
Polygon:
(0,0)(9,0)(9,7)(3,7)(3,16)(0,16)
Polygon:
(0,0)(27,0)(27,15)(16,15)(16,22)(0,22)
Polygon:
(0,0)(18,0)(18,14)(11,14)(11,20)(0,20)
Polygon:
(0,0)(34,0)(34,14)(17,14)(17,31)(0,31)
Polygon:
(0,0)(34,0)(34,9)(17,9)(17,12)(0,12)
Polygon:
(0,0)(22,0)(22,7)(18,7)(18,8)(0,8)
Polygon:
(0,0)(17,0)(17,3)(14,3)(14,13)(0,13)
Polygon:
(0,0)(23,0)(23,5)(17,5)(17,18)(0,18)
Polygon:
(0,0)(5,0)(5,1)(3,1)(3,2)(0,2)
Polygon:
(0,0)(24,0)(24,9)(18,9)(18,14)(0,14)
Polygon:
(0,0)(14,0)(14,4)(6,4)(6,17)(0,17)
Polygon:
(0,0)(24,0)(24,12)(11,12)(11,18)(0,18)
Polygon:
(0,0)(19,0)(19,5)(10,5)(10,15)(0,15)
Polygon:
(0,0)(9,0)(9,18)(1,18)(1,22)(0,22)
Polygon:
(0,0)(19,0)(19,8)(12,8)(12,14)(0,14)
Polygon:
(0,0)(20,0)(20,4)(13,4)(13,8)(0,8)
Polygon:
(0,0)(32,0)(32,7)(14,7)(14,20)(0,20)
Polygon:
(0,0)(24,0)(24,5)(18,5)(18,19)(0,19)
Polygon:
(0,0)(23,0)(23,10)(6,10)(6,23)(0,23)
Polygon:
(0,0)(22,0)(22,16)(4,16)(4,30)(0,30)
Polygon:
(0,0)(16,0)(16,4)(5,4)(5,17)(0,17)
Polygon:
(0,0)(21,0)(21,14)(12,14)(12,27)(0,27)
Polygon:
(0,0)(22,0)(22,16)(4,16)(4,18)(0,18)
Polygon:
(0,0)(12,0)(12,15)(5,15)(5,22)(0,22)
Polygon:
(0,0)(19,0)(19,15)(2,15)(2,32)(0,32)
Polygon:
(0,0)(28,0)(28,1)(18,1)(18,5)(0,5)
Polygon:
(0,0)(12,0)(12,15)(3,15)(3,16)(0,16)
Polygon:
(0,0)(31,0)(31,12)(13,12)(13,20)(0,20)
Polygon:
(0,0)(12,0)(12,8)(7,8)(7,22)(0,22)
Polygon:
(0,0)(36,0)(36,15)(18,15)(18,24)(0,24)
Polygon:
(0,0)(29,0)(29,4)(15,4)(15,10)(0,10)
Polygon:
(0,0)(18,0)(18,17)(16,17)(16,32)(0,32)
Polygon:
(0,0)(20,0)(20,10)(4,10)(4,15)(0,15)
Polygon:
(0,0)(32,0)(32,12)(16,12)(16,19)(0,19)
Polygon:
(0,0)(13,0)(13,16)(3,16)(3,21)(0,21)
Polygon:
(0,0)(16,0)(16,2)(8,2)(8,7)(0,7)
Polygon:
(0,0)(24,0)(24,4)(10,4)(10,19)(0,19)
Polygon:
(0,0)(14,0)(14,1)(3,1)(3,15)(0,15)
Polygon:
(0,0)(16,0)(16,16)(9,16)(9,31)(0,31)
Polygon:
(0,0)(7,0)(7,7)(3,7)(3,9)(0,9)
Polygon:
(0,0)(18,0)(18,3)(16,3)(16,7)(0,7)
Polygon:
(0,0)(34,0)(34,4)(17,4)(17,17)(0,17)
Polygon:
(0,0)(16,0)(16,15)(12,15)(12,20)(0,20)
Polygon:
(0,0)(31,0)(31,15)(15,15)(15,17)(0,17)
Polygon:
(0,0)(6,0)(6,13)(3,13)(3,20)(0,20)
Polygon:
(0,0)(26,0)(26,8)(14,8)(14,21)(0,21)
Polygon:
(0,0)(13,0)(13,8)(6,8)(6,14)(0,14)
Polygon:
(0,0)(16,0)(16,7)(8,7)(8,12)(0,12)
Polygon:
(0,0)(30,0)(30,8)(13,8)(13,11)(0,11)
Polygon:
(0,0)(10,0)(10,8)(5,8)(5,20)(0,20)
Polygon:
(0,0)(20,0)(20,16)(3,16)(3,31)(0,31)
Polygon:
(0,0)(21,0)(21,12)(17,12)(17,20)(0,20)
Polygon:
(0,0)(21,0)(21,8)(5,8)(5,21)(0,21)
Polygon:
(0,0)(28,0)(28,12)(17,12)(17,21)(0,21)
Polygon:
(0,0)(9,0)(9,9)(1,9)(1,21)(0,21)
Polygon:
(0,0)(15,0)(15,10)(10,10)(10,22)(0,22)
Polygon:
(0,0)(21,0)(21,10)(3,10)(3,18)(0,18)
Polygon:
(0,0)(16,0)(16,15)(11,15)(11,29)(0,29)
Polygon:
(0,0)(20,0)(20,6)(4,6)(4,12)(0,12)
Polygon:
(0,0)(20,0)(20,11)(7,11)(7,20)(0,20)
Polygon:
(0,0)(25,0)(25,13)(17,13)(17,28)(0,28)
Polygon:
(0,0)(18,0)(18,17)(16,17)(16,23)(0,23)
Polygon:
(0,0)(17,0)(17,2)(1,2)(1,7)(0,7)
Polygon:
(0,0)(25,0)(25,16)(11,16)(11,30)(0,30)
Polygon:
(0,0)(15,0)(15,14)(1,14)(1,20)(0,20)
Polygon:
(0,0)(27,0)(27,16)(18,16)(18,18)(0,18)
Polygon:
(0,0)(13,0)(13,1)(7,1)(7,8)(0,8)
Polygon:
(0,0)(14,0)(14,4)(7,4)(7,19)(0,19)
Polygon:
(0,0)(16,0)(16,18)(4,18)(4,19)(0,19)
Polygon:
(0,0)(15,0)(15,9)(6,9)(6,13)(0,13)
Polygon:
(0,0)(20,0)(20,13)(6,13)(6,28)(0,28)
Polygon:
(0,0)(8,0)(8,2)(7,2)(7,7)(0,7)
Polygon:
(0,0)(7,0)(7,9)(2,9)(2,25)(0,25)
Polygon:
(0,0)(9,0)(9,15)(8,15)(8,32)(0,32)
Polygon:
(0,0)(21,0)(21,15)(3,15)(3,23)(0,23)
Polygon:
(0,0)(29,0)(29,14)(16,14)(16,15)(0,15)
Polygon:
(0,0)(18,0)(18,10)(11,10)(11,14)(0,14)
Polygon:
(0,0)(31,0)(31,7)(16,7)(16,12)(0,12)
Polygon:
(0,0)(35,0)(35,5)(17,5)(17,8)(0,8)
Polygon:
(0,0)(14,0)(14,16)(7,16)(7,22)(0,22)
Polygon:
(0,0)(24,0)(24,8)(13,8)(13,12)(0,12)
Polygon:
(0,0)(11,0)(11,5)(1,5)(1,17)(0,17)
Polygon:
(0,0)(28,0)(28,8)(15,8)(15,9)(0,9)
Polygon:
(0,0)(17,0)(17,10)(16,10)(16,23)(0,23)
Polygon:
(0,0)(33,0)(33,9)(17,9)(17,23)(0,23)
Polygon:
(0,0)(2,0)(2,8)(1,8)(1,18)(0,18)
Polygon:
(0,0)(12,0)(12,11)(9,11)(9,18)(0,18)
Polygon:
(0,0)(35,0)(35,10)(17,10)(17,22)(0,22)
Polygon:
(0,0)(24,0)(24,5)(8,5)(8,13)(0,13)
Polygon:
(0,0)(28,0)(28,15)(14,15)(14,31)(0,31)
Polygon:
(0,0)(34,0)(34,16)(18,16)(18,30)(0,30)
Polygon:
(0,0)(22,0)(22,15)(17,15)(17,20)(0,20)
Polygon:
(0,0)(9,0)(9,5)(2,5)(2,6)(0,6)
Polygon:
(0,0)(19,0)(19,5)(5,5)(5,15)(0,15)
Polygon:
(0,0)(23,0)(23,1)(7,1)(7,14)(0,14)
Polygon:
(0,0)(3,0)(3,11)(1,11)(1,17)(0,17)
Polygon:
(0,0)(19,0)(19,2)(12,2)(12,7)(0,7)
Polygon:
(0,0)(10,0)(10,10)(1,10)(1,18)(0,18)
Polygon:
(0,0)(24,0)(24,6)(9,6)(9,18)(0,18)
Polygon:
(0,0)(26,0)(26,4)(18,4)(18,6)(0,6)
Polygon:
(0,0)(26,0)(26,18)(16,18)(16,29)(0,29)
Polygon:
(0,0)(8,0)(8,5)(3,5)(3,9)(0,9)
Polygon:
(0,0)(9,0)(9,10)(2,10)(2,26)(0,26)
Polygon:
(0,0)(30,0)(30,11)(14,11)(14,19)(0,19)
Polygon:
(0,0)(13,0)(13,4)(9,4)(9,5)(0,5)
Polygon:
(0,0)(25,0)(25,17)(7,17)(7,29)(0,29)
Polygon:
(0,0)(28,0)(28,5)(17,5)(17,18)(0,18)
Polygon:
(0,0)(13,0)(13,1)(3,1)(3,7)(0,7)
Polygon:
(0,0)(13,0)(13,9)(3,9)(3,22)(0,22)
Polygon:
(0,0)(14,0)(14,10)(4,10)(4,24)(0,24)
Polygon:
(0,0)(22,0)(22,6)(15,6)(15,23)(0,23)
Polygon:
(0,0)(22,0)(22,7)(14,7)(14,10)(0,10)
Polygon:
(0,0)(23,0)(23,12)(17,12)(17,24)(0,24)
Polygon:
(0,0)(18,0)(18,12)(9,12)(9,14)(0,14)
Polygon:
(0,0)(19,0)(19,4)(6,4)(6,5)(0,5)
Polygon:
(0,0)(22,0)(22,13)(6,13)(6,31)(0,31)
Polygon:
(0,0)(21,0)(21,7)(11,7)(11,18)(0,18)
Polygon:
(0,0)(18,0)(18,13)(9,13)(9,19)(0,19)
Polygon:
(0,0)(7,0)(7,15)(6,15)(6,31)(0,31)
Polygon:
(0,0)(29,0)(29,15)(16,15)(16,28)(0,28)
Polygon:
(0,0)(15,0)(15,4)(6,4)(6,18)(0,18)
Polygon:
(0,0)(6,0)(6,2)(4,2)(4,16)(0,16)
Polygon:
(0,0)(6,0)(6,10)(2,10)(2,26)(0,26)
Polygon:
(0,0)(18,0)(18,15)(11,15)(11,28)(0,28)
Polygon:
(0,0)(29,0)(29,14)(17,14)(17,17)(0,17)
Polygon:
(0,0)(6,0)(6,5)(1,5)(1,15)(0,15)
Polygon:
(0,0)(7,0)(7,12)(4,12)(4,29)(0,29)
Polygon:
(0,0)(21,0)(21,8)(15,8)(15,19)(0,19)
Polygon:
(0,0)(27,0)(27,8)(14,8)(14,11)(0,11)
Polygon:
(0,0)(15,0)(15,10)(4,10)(4,18)(0,18)
Polygon:
(0,0)(8,0)(8,10)(1,10)(1,28)(0,28)
Polygon:
(0,0)(19,0)(19,7)(14,7)(14,17)(0,17)
Polygon:
(0,0)(17,0)(17,13)(8,13)(8,19)(0,19)
Polygon:
(0,0)(19,0)(19,14)(1,14)(1,16)(0,16)
Polygon:
(0,0)(18,0)(18,12)(13,12)(13,30)(0,30)
Polygon:
(0,0)(21,0)(21,18)(18,18)(18,35)(0,35)
Polygon:
(0,0)(18,0)(18,2)(8,2)(8,5)(0,5)
Polygon:
(0,0)(15,0)(15,8)(14,8)(14,26)(0,26)
Polygon:
(0,0)(17,0)(17,11)(6,11)(6,17)(0,17)
Polygon:
(0,0)(19,0)(19,4)(15,4)(15,15)(0,15)
Polygon:
(0,0)(21,0)(21,14)(16,14)(16,21)(0,21)
Polygon:
(0,0)(11,0)(11,3)(7,3)(7,12)(0,12)
Polygon:
(0,0)(32,0)(32,13)(17,13)(17,22)(0,22)
Polygon:
(0,0)(16,0)(16,15)(4,15)(4,21)(0,21)
Polygon:
(0,0)(6,0)(6,9)(5,9)(5,15)(0,15)
Polygon:
(0,0)(11,0)(11,6)(1,6)(1,11)(0,11)
Polygon:
(0,0)(15,0)(15,5)(4,5)(4,14)(0,14)
Polygon:
(0,0)(20,0)(20,11)(3,11)(3,25)(0,25)
Polygon:
(0,0)(31,0)(31,18)(17,18)(17,20)(0,20)
Polygon:
(0,0)(15,0)(15,11)(5,11)(5,23)(0,23)
Polygon:
(0,0)(22,0)(22,11)(7,11)(7,15)(0,15)
Polygon:
(0,0)(26,0)(26,16)(17,16)(17,18)(0,18)
Polygon:
(0,0)(24,0)(24,16)(12,16)(12,29)(0,29)
Polygon:
(0,0)(22,0)(22,12)(15,12)(15,13)(0,13)
Polygon:
(0,0)(31,0)(31,5)(13,5)(13,16)(0,16)
Polygon:
(0,0)(29,0)(29,5)(11,5)(11,22)(0,22)
Polygon:
(0,0)(30,0)(30,9)(13,9)(13,16)(0,16)
Polygon:
(0,0)(10,0)(10,6)(2,6)(2,19)(0,19)
Polygon:
(0,0)(22,0)(22,5)(4,5)(4,16)(0,16)
Polygon:
(0,0)(24,0)(24,1)(6,1)(6,19)(0,19)
Polygon:
(0,0)(17,0)(17,6)(3,6)(3,16)(0,16)
Polygon:
(0,0)(21,0)(21,5)(7,5)(7,21)(0,21)
Polygon:
(0,0)(20,0)(20,12)(17,12)(17,21)(0,21)
Polygon:
(0,0)(23,0)(23,11)(16,11)(16,29)(0,29)
Polygon:
(0,0)(30,0)(30,9)(13,9)(13,12)(0,12)
Polygon:
(0,0)(12,0)(12,14)(9,14)(9,31)(0,31)
Polygon:
(0,0)(33,0)(33,15)(17,15)(17,25)(0,25)
Polygon:
(0,0)(19,0)(19,1)(12,1)(12,15)(0,15)
Polygon:
(0,0)(4,0)(4,14)(1,14)(1,23)(0,23)
Polygon:
(0,0)(13,0)(13,7)(1,7)(1,23)(0,23)
Polygon:
(0,0)(20,0)(20,1)(8,1)(8,15)(0,15)
Polygon:
(0,0)(12,0)(12,7)(5,7)(5,13)(0,13)
Polygon:
(0,0)(30,0)(30,6)(16,6)(16,22)(0,22)
Polygon:
(0,0)(32,0)(32,11)(16,11)(16,25)(0,25)
Polygon:
(0,0)(25,0)(25,10)(10,10)(10,20)(0,20)
Polygon:
(0,0)(23,0)(23,5)(15,5)(15,17)(0,17)
Polygon:
(0,0)(19,0)(19,14)(9,14)(9,31)(0,31)
Polygon:
(0,0)(9,0)(9,7)(8,7)(8,22)(0,22)
Polygon:
(0,0)(9,0)(9,12)(0,12)
Polygon:
(0,0)(8,0)(8,18)(0,18)
Polygon:
(0,0)(12,0)(12,12)(0,12)
Polygon:
(0,0)(4,0)(4,17)(0,17)
Polygon:
(0,0)(13,0)(13,17)(0,17)
Polygon:
(0,0)(2,0)(2,13)(0,13)
Polygon:
(0,0)(7,0)(7,7)(0,7)
Polygon:
(0,0)(2,0)(2,6)(0,6)
Polygon:
(0,0)(10,0)(10,16)(0,16)
Polygon:
(0,0)(11,0)(11,16)(0,16)
Polygon:
(0,0)(17,0)(17,10)(0,10)
Polygon:
(0,0)(21,0)(21,29)(18,29)(18,13)(17,13)(17,17)(0,17)
Polygon:
(0,0)(8,0)(8,1)(0,1)
Polygon:
(0,0)(11,0)(11,8)(8,8)(8,15)(6,15)(6,4)(0,4)
Polygon:
(0,0)(7,0)(7,3)(0,3)
Polygon:
(0,0)(2,0)(2,17)(0,17)
Polygon:
(0,0)(16,0)(16,13)(0,13)
Polygon:
(0,0)(12,0)(12,13)(0,13)
Polygon:
(0,0)(8,0)(8,4)(0,4)
Polygon:
(0,0)(16,0)(16,10)(15,10)(15,27)(5,27)(5,15)(0,15)
Polygon:
(0,0)(26,0)(26,23)(13,23)(13,14)(8,14)(8,16)(0,16)
Polygon:
(0,0)(1,0)(1,4)(0,4)
Polygon:
(0,0)(6,0)(6,5)(0,5)
Polygon:
(0,0)(22,0)(22,11)(18,11)(18,3)(17,3)(17,18)(0,18)
Polygon:
(0,0)(29,0)(29,8)(15,8)(15,17)(14,17)(14,1)(0,1)
Polygon:
(0,0)(33,0)(33,6)(22,6)(22,19)(10,19)(10,8)(0,8)
Polygon:
(0,0)(2,0)(2,10)(0,10)
Polygon:
(0,0)(12,0)(12,6)(0,6)
Polygon:
(0,0)(32,0)(32,13)(20,13)(20,14)(4,14)(4,1)(0,1)
Polygon:
(0,0)(24,0)(24,6)(11,6)(11,1)(3,1)(3,2)(0,2)
Polygon:
(0,0)(7,0)(7,9)(0,9)
Polygon:
(0,0)(15,0)(15,14)(0,14)
Polygon:
(0,0)(51,0)(51,10)(34,10)(34,6)(18,6)(18,10)(0,10)
Polygon:
(0,0)(17,0)(17,8)(0,8)
Polygon:
(0,0)(7,0)(7,1)(0,1)
Polygon:
(0,0)(13,0)(13,2)(0,2)
Polygon:
(0,0)(18,0)(18,13)(0,13)
Polygon:
(0,0)(21,0)(21,16)(16,16)(16,9)(12,9)(12,17)(0,17)
Polygon:
(0,0)(4,0)(4,12)(0,12)
Polygon:
(0,0)(15,0)(15,15)(0,15)
Polygon:
(0,0)(18,0)(18,7)(5,7)(5,6)(3,6)(3,8)(0,8)
Polygon:
(0,0)(18,0)(18,6)(0,6)
Polygon:
(0,0)(43,0)(43,18)(31,18)(31,1)(17,1)(17,8)(0,8)
Polygon:
(0,0)(44,0)(44,21)(27,21)(27,33)(12,33)(12,16)(0,16)
Polygon:
(0,0)(44,0)(44,13)(27,13)(27,20)(15,20)(15,13)(0,13)
Polygon:
(0,0)(6,0)(6,8)(0,8)
Polygon:
(0,0)(16,0)(16,11)(0,11)
Polygon:
(0,0)(35,0)(35,20)(20,20)(20,5)(6,5)(6,9)(0,9)
Polygon:
(0,0)(34,0)(34,3)(28,3)(28,19)(17,19)(17,11)(0,11)
Polygon:
(0,0)(10,0)(10,16)(0,16)
Polygon:
(0,0)(3,0)(3,1)(0,1)
Polygon:
(0,0)(8,0)(8,15)(0,15)
Polygon:
(0,0)(15,0)(15,15)(0,15)
Polygon:
(0,0)(13,0)(13,23)(4,23)(4,12)(1,12)(1,16)(0,16)
Polygon:
(0,0)(21,0)(21,13)(17,13)(17,15)(3,15)(3,10)(0,10)
Polygon:
(0,0)(18,0)(18,6)(6,6)(6,2)(4,2)(4,14)(0,14)
Polygon:
(0,0)(28,0)(28,22)(10,22)(10,35)(4,35)(4,18)(0,18)
Polygon:
(0,0)(8,0)(8,10)(0,10)
Polygon:
(0,0)(14,0)(14,3)(0,3)
Polygon:
(0,0)(16,0)(16,17)(0,17)
Polygon:
(0,0)(13,0)(13,1)(0,1)
Polygon:
(0,0)(4,0)(4,17)(0,17)
Polygon:
(0,0)(18,0)(18,11)(0,11)
Polygon:
(0,0)(23,0)(23,10)(18,10)(18,28)(1,28)(1,13)(0,13)
Polygon:
(0,0)(10,0)(10,16)(0,16)
Polygon:
(0,0)(29,0)(29,13)(20,13)(20,18)(14,18)(14,16)(0,16)
Polygon:
(0,0)(3,0)(3,9)(0,9)
Polygon:
(0,0)(21,0)(21,17)(20,17)(20,1)(16,1)(16,7)(0,7)
Polygon:
(0,0)(1,0)(1,2)(0,2)
Polygon:
(0,0)(7,0)(7,18)(0,18)
Polygon:
(0,0)(39,0)(39,10)(29,10)(29,20)(18,20)(18,5)(0,5)
Polygon:
(0,0)(5,0)(5,9)(0,9)
Polygon:
(0,0)(15,0)(15,6)(0,6)
Polygon:
(0,0)(27,0)(27,4)(16,4)(16,19)(6,19)(6,17)(0,17)
Polygon:
(0,0)(14,0)(14,6)(0,6)
Polygon:
(0,0)(18,0)(18,10)(9,10)(9,27)(1,27)(1,13)(0,13)
Polygon:
(0,0)(3,0)(3,1)(0,1)
Polygon:
(0,0)(17,0)(17,6)(0,6)
Polygon:
(0,0)(12,0)(12,17)(0,17)
Polygon:
(0,0)(18,0)(18,15)(12,15)(12,5)(7,5)(7,18)(0,18)
