Polygon:
(0,0)(11,0)(11,13)(5,13)(5,16)(0,16)
Polygon:
(0,0)(19,0)(19,10)(15,10)(15,24)(0,24)
Polygon:
(0,0)(19,0)(19,16)(5,16)(5,34)(0,34)
Polygon:
(0,0)(18,0)(18,4)(4,4)(4,19)(0,19)
Polygon:
(0,0)(17,0)(17,13)(5,13)(5,27)(0,27)
Polygon:
(0,0)(8,0)(8,9)(6,9)(6,26)(0,26)
Polygon:
(0,0)(10,0)(10,18)(4,18)(4,32)(0,32)
Polygon:
(0,0)(18,0)(18,6)(2,6)(2,21)(0,21)
Polygon:
(0,0)(14,0)(14,18)(7,18)(7,33)(0,33)
Polygon:
(0,0)(13,0)(13,15)(5,15)(5,19)(0,19)
Polygon:
(0,0)(21,0)(21,12)(8,12)(8,25)(0,25)
Polygon:
(0,0)(20,0)(20,7)(7,7)(7,19)(0,19)
Polygon:
(0,0)(32,0)(32,9)(17,9)(17,23)(0,23)
Polygon:
(0,0)(13,0)(13,18)(3,18)(3,36)(0,36)
Polygon:
(0,0)(18,0)(18,2)(16,2)(16,6)(0,6)
Polygon:
(0,0)(24,0)(24,13)(12,13)(12,24)(0,24)
Polygon:
(0,0)(30,0)(30,6)(17,6)(17,17)(0,17)
Polygon:
(0,0)(29,0)(29,9)(14,9)(14,24)(0,24)
Polygon:
(0,0)(22,0)(22,14)(10,14)(10,32)(0,32)
Polygon:
(0,0)(23,0)(23,1)(8,1)(8,9)(0,9)
Polygon:
(0,0)(18,0)(18,2)(11,2)(11,19)(0,19)
Polygon:
(0,0)(28,0)(28,3)(14,3)(14,14)(0,14)
Polygon:
(0,0)(32,0)(32,17)(17,17)(17,35)(0,35)
Polygon:
(0,0)(26,0)(26,11)(9,11)(9,25)(0,25)
Polygon:
(0,0)(23,0)(23,8)(9,8)(9,17)(0,17)
Polygon:
(0,0)(29,0)(29,3)(18,3)(18,6)(0,6)
Polygon:
(0,0)(11,0)(11,16)(8,16)(8,24)(0,24)
Polygon:
(0,0)(17,0)(17,11)(13,11)(13,21)(0,21)
Polygon:
(0,0)(14,0)(14,7)(13,7)(13,13)(0,13)
Polygon:
(0,0)(21,0)(21,8)(14,8)(14,19)(0,19)
Polygon:
(0,0)(24,0)(24,4)(13,4)(13,8)(0,8)
Polygon:
(0,0)(28,0)(28,8)(12,8)(12,18)(0,18)
Polygon:
(0,0)(20,0)(20,6)(13,6)(13,21)(0,21)
Polygon:
(0,0)(27,0)(27,3)(18,3)(18,4)(0,4)
Polygon:
(0,0)(31,0)(31,18)(18,18)(18,20)(0,20)
Polygon:
(0,0)(21,0)(21,7)(11,7)(11,12)(0,12)
Polygon:
(0,0)(22,0)(22,18)(6,18)(6,30)(0,30)
Polygon:
(0,0)(31,0)(31,2)(18,2)(18,19)(0,19)
Polygon:
(0,0)(19,0)(19,6)(7,6)(7,7)(0,7)
Polygon:
(0,0)(18,0)(18,8)(2,8)(2,9)(0,9)
Polygon:
(0,0)(9,0)(9,17)(2,17)(2,20)(0,20)
Polygon:
(0,0)(24,0)(24,7)(12,7)(12,16)(0,16)
Polygon:
(0,0)(19,0)(19,15)(1,15)(1,33)(0,33)
Polygon:
(0,0)(24,0)(24,16)(9,16)(9,23)(0,23)
Polygon:
(0,0)(22,0)(22,4)(11,4)(11,9)(0,9)
Polygon:
(0,0)(28,0)(28,6)(15,6)(15,22)(0,22)
Polygon:
(0,0)(17,0)(17,9)(11,9)(11,22)(0,22)
Polygon:
(0,0)(21,0)(21,7)(16,7)(16,25)(0,25)
Polygon:
(0,0)(20,0)(20,2)(3,2)(3,7)(0,7)
Polygon:
(0,0)(14,0)(14,11)(1,11)(1,29)(0,29)
Polygon:
(0,0)(11,0)(11,7)(1,7)(1,9)(0,9)
Polygon:
(0,0)(27,0)(27,18)(9,18)(9,22)(0,22)
Polygon:
(0,0)(9,0)(9,18)(8,18)(8,20)(0,20)
Polygon:
(0,0)(23,0)(23,10)(5,10)(5,23)(0,23)
Polygon:
(0,0)(12,0)(12,8)(9,8)(9,13)(0,13)
Polygon:
(0,0)(15,0)(15,16)(11,16)(11,27)(0,27)
Polygon:
(0,0)(19,0)(19,2)(16,2)(16,16)(0,16)
Polygon:
(0,0)(17,0)(17,5)(7,5)(7,11)(0,11)
Polygon:
(0,0)(9,0)(9,11)(6,11)(6,29)(0,29)
Polygon:
(0,0)(20,0)(20,9)(11,9)(11,17)(0,17)
Polygon:
(0,0)(17,0)(17,7)(7,7)(7,22)(0,22)
Polygon:
(0,0)(27,0)(27,10)(13,10)(13,24)(0,24)
Polygon:
(0,0)(3,0)(3,7)(2,7)(2,15)(0,15)
Polygon:
(0,0)(24,0)(24,8)(8,8)(8,25)(0,25)
Polygon:
(0,0)(19,0)(19,2)(11,2)(11,18)(0,18)
Polygon:
(0,0)(31,0)(31,16)(18,16)(18,23)(0,23)
Polygon:
(0,0)(31,0)(31,6)(13,6)(13,10)(0,10)
Polygon:
(0,0)(21,0)(21,13)(10,13)(10,31)(0,31)
Polygon:
(0,0)(12,0)(12,5)(6,5)(6,8)(0,8)
Polygon:
(0,0)(19,0)(19,1)(5,1)(5,7)(0,7)
Polygon:
(0,0)(16,0)(16,7)(14,7)(14,22)(0,22)
Polygon:
(0,0)(7,0)(7,2)(1,2)(1,14)(0,14)
Polygon:
(0,0)(10,0)(10,4)(9,4)(9,13)(0,13)
Polygon:
(0,0)(19,0)(19,4)(3,4)(3,15)(0,15)
Polygon:
(0,0)(15,0)(15,16)(11,16)(11,24)(0,24)
Polygon:
(0,0)(20,0)(20,18)(8,18)(8,28)(0,28)
Polygon:
(0,0)(23,0)(23,15)(5,15)(5,24)(0,24)
Polygon:
(0,0)(27,0)(27,9)(11,9)(11,24)(0,24)
Polygon:
(0,0)(27,0)(27,16)(13,16)(13,23)(0,23)
Polygon:
(0,0)(20,0)(20,3)(9,3)(9,16)(0,16)
Polygon:
(0,0)(23,0)(23,8)(9,8)(9,21)(0,21)
Polygon:
(0,0)(25,0)(25,8)(17,8)(17,16)(0,16)
Polygon:
(0,0)(26,0)(26,14)(16,14)(16,29)(0,29)
Polygon:
(0,0)(18,0)(18,2)(10,2)(10,7)(0,7)
Polygon:
(0,0)(8,0)(8,14)(4,14)(4,17)(0,17)
Polygon:
(0,0)(18,0)(18,6)(7,6)(7,14)(0,14)
Polygon:
(0,0)(10,0)(10,14)(7,14)(7,32)(0,32)
Polygon:
(0,0)(16,0)(16,5)(15,5)(15,16)(0,16)
Polygon:
(0,0)(13,0)(13,17)(1,17)(1,32)(0,32)
Polygon:
(0,0)(28,0)(28,16)(11,16)(11,23)(0,23)
Polygon:
(0,0)(28,0)(28,8)(12,8)(12,24)(0,24)
Polygon:
(0,0)(32,0)(32,17)(18,17)(18,31)(0,31)
Polygon:
(0,0)(29,0)(29,18)(18,18)(18,34)(0,34)
Polygon:
(0,0)(23,0)(23,17)(12,17)(12,22)(0,22)
Polygon:
(0,0)(17,0)(17,6)(3,6)(3,9)(0,9)
Polygon:
(0,0)(22,0)(22,6)(14,6)(14,17)(0,17)
Polygon:
(0,0)(20,0)(20,1)(15,1)(15,12)(0,12)
Polygon:
(0,0)(32,0)(32,9)(18,9)(18,26)(0,26)
Polygon:
(0,0)(9,0)(9,1)(3,1)(3,7)(0,7)
Polygon:
(0,0)(35,0)(35,5)(18,5)(18,18)(0,18)
Polygon:
(0,0)(5,0)(5,9)(1,9)(1,11)(0,11)
Polygon:
(0,0)(19,0)(19,12)(12,12)(12,16)(0,16)
Polygon:
(0,0)(16,0)(16,17)(10,17)(10,29)(0,29)
Polygon:
(0,0)(23,0)(23,16)(18,16)(18,26)(0,26)
Polygon:
(0,0)(16,0)(16,13)(6,13)(6,19)(0,19)
Polygon:
(0,0)(7,0)(7,13)(2,13)(2,17)(0,17)
Polygon:
(0,0)(19,0)(19,3)(14,3)(14,19)(0,19)
Polygon:
(0,0)(8,0)(8,1)(6,1)(6,5)(0,5)
Polygon:
(0,0)(19,0)(19,2)(16,2)(16,17)(0,17)
Polygon:
(0,0)(17,0)(17,4)(8,4)(8,20)(0,20)
Polygon:
(0,0)(19,0)(19,17)(18,17)(18,24)(0,24)
Polygon:
(0,0)(18,0)(18,9)(5,9)(5,12)(0,12)
Polygon:
(0,0)(26,0)(26,1)(14,1)(14,17)(0,17)
Polygon:
(0,0)(15,0)(15,10)(12,10)(12,19)(0,19)
Polygon:
(0,0)(25,0)(25,17)(18,17)(18,19)(0,19)
Polygon:
(0,0)(11,0)(11,13)(10,13)(10,15)(0,15)
Polygon:
(0,0)(8,0)(8,15)(6,15)(6,26)(0,26)
Polygon:
(0,0)(23,0)(23,16)(17,16)(17,28)(0,28)
Polygon:
(0,0)(33,0)(33,11)(17,11)(17,25)(0,25)
Polygon:
(0,0)(19,0)(19,9)(18,9)(18,21)(0,21)
Polygon:
(0,0)(6,0)(6,4)(2,4)(2,20)(0,20)
Polygon:
(0,0)(16,0)(16,17)(12,17)(12,28)(0,28)
Polygon:
(0,0)(18,0)(18,17)(13,17)(13,22)(0,22)
Polygon:
(0,0)(21,0)(21,9)(3,9)(3,19)(0,19)
Polygon:
(0,0)(24,0)(24,2)(16,2)(16,10)(0,10)
Polygon:
(0,0)(14,0)(14,7)(2,7)(2,22)(0,22)
Polygon:
(0,0)(26,0)(26,18)(17,18)(17,20)(0,20)
Polygon:
(0,0)(11,0)(11,1)(8,1)(8,12)(0,12)
Polygon:
(0,0)(28,0)(28,10)(11,10)(11,17)(0,17)
Polygon:
(0,0)(17,0)(17,15)(5,15)(5,25)(0,25)
Polygon:
(0,0)(15,0)(15,10)(4,10)(4,26)(0,26)
Polygon:
(0,0)(13,0)(13,18)(5,18)(5,36)(0,36)
Polygon:
(0,0)(21,0)(21,12)(16,12)(16,14)(0,14)
Polygon:
(0,0)(17,0)(17,1)(1,1)(1,5)(0,5)
Polygon:
(0,0)(18,0)(18,13)(8,13)(8,30)(0,30)
Polygon:
(0,0)(11,0)(11,12)(1,12)(1,19)(0,19)
Polygon:
(0,0)(31,0)(31,12)(15,12)(15,15)(0,15)
Polygon:
(0,0)(5,0)(5,15)(2,15)(2,21)(0,21)
Polygon:
(0,0)(12,0)(12,4)(3,4)(3,21)(0,21)
Polygon:
(0,0)(21,0)(21,17)(17,17)(17,25)(0,25)
Polygon:
(0,0)(21,0)(21,10)(3,10)(3,18)(0,18)
Polygon:
(0,0)(16,0)(16,6)(6,6)(6,8)(0,8)
Polygon:
(0,0)(25,0)(25,18)(16,18)(16,36)(0,36)
Polygon:
(0,0)(17,0)(17,4)(3,4)(3,10)(0,10)
Polygon:
(0,0)(22,0)(22,3)(15,3)(15,16)(0,16)
Polygon:
(0,0)(12,0)(12,17)(6,17)(6,33)(0,33)
Polygon:
(0,0)(16,0)(16,13)(10,13)(10,21)(0,21)
Polygon:
(0,0)(13,0)(13,14)(1,14)(1,29)(0,29)
Polygon:
(0,0)(20,0)(20,13)(9,13)(9,31)(0,31)
Polygon:
(0,0)(31,0)(31,18)(18,18)(18,31)(0,31)
Polygon:
(0,0)(27,0)(27,13)(14,13)(14,31)(0,31)
Polygon:
(0,0)(12,0)(12,7)(7,7)(7,25)(0,25)
Polygon:
(0,0)(16,0)(16,6)(15,6)(15,12)(0,12)
Polygon:
(0,0)(23,0)(23,9)(10,9)(10,10)(0,10)
Polygon:
(0,0)(26,0)(26,12)(17,12)(17,25)(0,25)
Polygon:
(0,0)(10,0)(10,7)(2,7)(2,8)(0,8)
Polygon:
(0,0)(18,0)(18,13)(7,13)(7,27)(0,27)
Polygon:
(0,0)(11,0)(11,9)(5,9)(5,27)(0,27)
Polygon:
(0,0)(14,0)(14,9)(7,9)(7,11)(0,11)
Polygon:
(0,0)(7,0)(7,4)(6,4)(6,20)(0,20)
Polygon:
(0,0)(7,0)(7,8)(0,8)
Polygon:
(0,0)(12,0)(12,17)(0,17)
Polygon:
(0,0)(7,0)(7,11)(0,11)
Polygon:
(0,0)(33,0)(33,23)(16,23)(16,14)(9,14)(9,15)(0,15)
Polygon:
(0,0)(10,0)(10,15)(0,15)
Polygon:
(0,0)(18,0)(18,6)(11,6)(11,22)(3,22)(3,16)(0,16)
Polygon:
(0,0)(5,0)(5,18)(0,18)
Polygon:
(0,0)(40,0)(40,4)(22,4)(22,12)(11,12)(11,7)(0,7)
Polygon:
(0,0)(31,0)(31,8)(15,8)(15,14)(6,14)(6,7)(0,7)
Polygon:
(0,0)(9,0)(9,2)(0,2)
Polygon:
(0,0)(13,0)(13,17)(0,17)
Polygon:
(0,0)(20,0)(20,18)(15,18)(15,27)(6,27)(6,9)(0,9)
Polygon:
(0,0)(8,0)(8,13)(0,13)
Polygon:
(0,0)(32,0)(32,10)(26,10)(26,3)(16,3)(16,6)(0,6)
Polygon:
(0,0)(5,0)(5,6)(0,6)
Polygon:
(0,0)(10,0)(10,16)(0,16)
Polygon:
(0,0)(43,0)(43,22)(26,22)(26,23)(11,23)(11,18)(0,18)
Polygon:
(0,0)(18,0)(18,7)(0,7)
Polygon:
(0,0)(8,0)(8,14)(0,14)
Polygon:
(0,0)(38,0)(38,31)(20,31)(20,13)(17,13)(17,15)(0,15)
Polygon:
(0,0)(16,0)(16,2)(0,2)
Polygon:
(0,0)(32,0)(32,21)(14,21)(14,12)(8,12)(8,16)(0,16)
Polygon:
(0,0)(42,0)(42,25)(27,25)(27,9)(17,9)(17,15)(0,15)
Polygon:
(0,0)(7,0)(7,17)(0,17)
Polygon:
(0,0)(4,0)(4,12)(0,12)
Polygon:
(0,0)(11,0)(11,5)(0,5)
Polygon:
(0,0)(7,0)(7,7)(0,7)
Polygon:
(0,0)(7,0)(7,7)(0,7)
Polygon:
(0,0)(1,0)(1,7)(0,7)
Polygon:
(0,0)(17,0)(17,17)(9,17)(9,23)(8,23)(8,14)(0,14)
Polygon:
(0,0)(34,0)(34,23)(23,23)(23,33)(14,33)(14,18)(0,18)
Polygon:
(0,0)(5,0)(5,18)(0,18)
Polygon:
(0,0)(24,0)(24,4)(14,4)(14,7)(12,7)(12,1)(0,1)
Polygon:
(0,0)(49,0)(49,5)(33,5)(33,21)(15,21)(15,9)(0,9)
Polygon:
(0,0)(33,0)(33,16)(17,16)(17,9)(1,9)(1,14)(0,14)
Polygon:
(0,0)(9,0)(9,2)(0,2)
Polygon:
(0,0)(4,0)(4,10)(0,10)
Polygon:
(0,0)(12,0)(12,4)(0,4)
Polygon:
(0,0)(9,0)(9,17)(0,17)
Polygon:
(0,0)(45,0)(45,28)(35,28)(35,31)(17,31)(17,16)(0,16)
Polygon:
(0,0)(24,0)(24,15)(18,15)(18,2)(10,2)(10,18)(0,18)
Polygon:
(0,0)(15,0)(15,16)(11,16)(11,20)(5,20)(5,9)(0,9)
Polygon:
(0,0)(37,0)(37,15)(19,15)(19,18)(16,18)(16,13)(0,13)
Polygon:
(0,0)(6,0)(6,3)(0,3)
Polygon:
(0,0)(12,0)(12,12)(0,12)
Polygon:
(0,0)(11,0)(11,18)(0,18)
Polygon:
(0,0)(8,0)(8,17)(0,17)
Polygon:
(0,0)(16,0)(16,1)(0,1)
Polygon:
(0,0)(25,0)(25,22)(20,22)(20,13)(12,13)(12,16)(0,16)
Polygon:
(0,0)(3,0)(3,17)(0,17)
Polygon:
(0,0)(13,0)(13,15)(0,15)
Polygon:
(0,0)(35,0)(35,8)(22,8)(22,16)(6,16)(6,8)(0,8)
Polygon:
(0,0)(11,0)(11,18)(0,18)
Polygon:
(0,0)(7,0)(7,16)(0,16)
Polygon:
(0,0)(31,0)(31,12)(17,12)(17,27)(3,27)(3,10)(0,10)
Polygon:
(0,0)(33,0)(33,19)(24,19)(24,25)(9,25)(9,11)(0,11)
Polygon:
(0,0)(15,0)(15,12)(0,12)
Polygon:
(0,0)(1,0)(1,16)(0,16)
Polygon:
(0,0)(26,0)(26,24)(11,24)(11,6)(6,6)(6,7)(0,7)
Polygon:
(0,0)(4,0)(4,8)(0,8)
Polygon:
(0,0)(3,0)(3,11)(0,11)
Polygon:
(0,0)(10,0)(10,3)(0,3)
Polygon:
(0,0)(15,0)(15,3)(0,3)
Polygon:
(0,0)(12,0)(12,2)(0,2)
Polygon:
(0,0)(2,0)(2,11)(0,11)
Polygon:
(0,0)(30,0)(30,10)(27,10)(27,2)(13,2)(13,8)(0,8)
Polygon:
(0,0)(13,0)(13,5)(10,5)(10,4)(7,4)(7,6)(0,6)
Polygon:
(0,0)(8,0)(8,5)(0,5)
Polygon:
(0,0)(4,0)(4,13)(0,13)
Polygon:
(0,0)(18,0)(18,9)(16,9)(16,12)(13,12)(13,1)(0,1)
Polygon:
(0,0)(26,0)(26,17)(15,17)(15,22)(2,22)(2,8)(0,8)
Polygon:
(0,0)(13,0)(13,7)(0,7)
Polygon:
(0,0)(16,0)(16,3)(0,3)
Polygon:
(0,0)(1,0)(1,1)(0,1)
Polygon:
(0,0)(16,0)(16,5)(0,5)
Polygon:
(0,0)(15,0)(15,14)(0,14)
Polygon:
(0,0)(15,0)(15,18)(0,18)
Polygon:
(0,0)(13,0)(13,7)(0,7)
Polygon:
(0,0)(3,0)(3,12)(0,12)
Polygon:
(0,0)(22,0)(22,11)(18,11)(18,5)(4,5)(4,18)(0,18)
Polygon:
(0,0)(14,0)(14,9)(0,9)
Polygon:
(0,0)(12,0)(12,3)(0,3)
Polygon:
(0,0)(18,0)(18,2)(0,2)
Polygon:
(0,0)(44,0)(44,6)(30,6)(30,17)(15,17)(15,11)(0,11)
Polygon:
(0,0)(14,0)(14,15)(0,15)
Polygon:
(0,0)(15,0)(15,17)(0,17)
Polygon:
(0,0)(24,0)(24,15)(8,15)(8,16)(4,16)(4,2)(0,2)
Polygon:
(0,0)(18,0)(18,7)(0,7)
Polygon:
(0,0)(36,0)(36,3)(25,3)(25,21)(11,21)(11,4)(0,4)
Polygon:
(0,0)(7,0)(7,5)(0,5)
Polygon:
(0,0)(1,0)(1,17)(0,17)
Polygon:
(0,0)(11,0)(11,2)(0,2)
Polygon:
(0,0)(12,0)(12,15)(9,15)(9,19)(5,19)(5,7)(0,7)
Polygon:
(0,0)(38,0)(38,16)(25,16)(25,25)(16,25)(16,14)(0,14)
Polygon:
(0,0)(29,0)(29,8)(15,8)(15,16)(6,16)(6,3)(0,3)
Polygon:
(0,0)(34,0)(34,11)(27,11)(27,14)(16,14)(16,7)(0,7)
Polygon:
(0,0)(7,0)(7,11)(0,11)
Polygon:
(0,0)(10,0)(10,7)(0,7)
Polygon:
(0,0)(9,0)(9,1)(0,1)
Polygon:
(0,0)(18,0)(18,10)(0,10)
Polygon:
(0,0)(21,0)(21,4)(14,4)(14,21)(5,21)(5,5)(0,5)
Polygon:
(0,0)(11,0)(11,13)(0,13)
Polygon:
(0,0)(12,0)(12,8)(0,8)
Polygon:
(0,0)(16,0)(16,15)(0,15)
Polygon:
(0,0)(4,0)(4,3)(0,3)
Polygon:
(0,0)(15,0)(15,9)(0,9)
Polygon:
(0,0)(5,0)(5,6)(0,6)
Polygon:
(0,0)(34,0)(34,14)(31,14)(31,20)(13,20)(13,10)(0,10)
Polygon:
(0,0)(18,0)(18,4)(0,4)
Polygon:
(0,0)(8,0)(8,13)(0,13)
Polygon:
(0,0)(42,0)(42,10)(31,10)(31,17)(18,17)(18,8)(0,8)
Polygon:
(0,0)(25,0)(25,13)(20,13)(20,1)(12,1)(12,6)(0,6)
Polygon:
(0,0)(15,0)(15,5)(0,5)
Polygon:
(0,0)(34,0)(34,20)(26,20)(26,10)(13,10)(13,18)(0,18)
Polygon:
(0,0)(25,0)(25,13)(8,13)(8,15)(1,15)(1,4)(0,4)
Polygon:
(0,0)(20,0)(20,7)(8,7)(8,24)(7,24)(7,13)(0,13)
Polygon:
(0,0)(13,0)(13,12)(0,12)
Polygon:
(0,0)(14,0)(14,3)(0,3)
Polygon:
(0,0)(1,0)(1,12)(0,12)
Polygon:
(0,0)(8,0)(8,18)(0,18)
Polygon:
(0,0)(18,0)(18,16)(0,16)
Polygon:
(0,0)(32,0)(32,8)(20,8)(20,11)(3,11)(3,4)(0,4)
Polygon:
(0,0)(26,0)(26,8)(13,8)(13,3)(12,3)(12,16)(0,16)
Polygon:
(0,0)(29,0)(29,23)(21,23)(21,25)(3,25)(3,12)(0,12)
Polygon:
(0,0)(12,0)(12,16)(0,16)
Polygon:
(0,0)(18,0)(18,18)(0,18)
Polygon:
(0,0)(13,0)(13,15)(0,15)
Polygon:
(0,0)(9,0)(9,3)(0,3)
Polygon:
(0,0)(17,0)(17,3)(0,3)
Polygon:
(0,0)(22,0)(22,22)(17,22)(17,24)(14,24)(14,9)(0,9)
Polygon:
(0,0)(32,0)(32,5)(31,5)(31,14)(14,14)(14,3)(0,3)
Polygon:
(0,0)(42,0)(42,9)(27,9)(27,17)(13,17)(13,4)(0,4)
Polygon:
(0,0)(33,0)(33,18)(19,18)(19,21)(9,21)(9,5)(0,5)
Polygon:
(0,0)(8,0)(8,12)(0,12)
Polygon:
(0,0)(46,0)(46,4)(30,4)(30,3)(14,3)(14,5)(0,5)
Polygon:
(0,0)(6,0)(6,1)(0,1)
Polygon:
(0,0)(30,0)(30,17)(19,17)(19,4)(3,4)(3,11)(0,11)
Polygon:
(0,0)(34,0)(34,23)(22,23)(22,6)(6,6)(6,11)(0,11)
Polygon:
(0,0)(39,0)(39,15)(23,15)(23,23)(18,23)(18,5)(0,5)
Polygon:
(0,0)(40,0)(40,16)(23,16)(23,27)(12,27)(12,9)(0,9)
Polygon:
(0,0)(3,0)(3,11)(0,11)
Polygon:
(0,0)(3,0)(3,7)(0,7)
Polygon:
(0,0)(10,0)(10,8)(7,8)(7,4)(6,4)(6,10)(0,10)
Polygon:
(0,0)(8,0)(8,17)(0,17)
Polygon:
(0,0)(27,0)(27,6)(22,6)(22,14)(11,14)(11,1)(0,1)
Polygon:
(0,0)(15,0)(15,15)(0,15)
Polygon:
(0,0)(36,0)(36,12)(29,12)(29,13)(11,13)(11,4)(0,4)
Polygon:
(0,0)(14,0)(14,5)(0,5)
Polygon:
(0,0)(15,0)(15,5)(0,5)
Polygon:
(0,0)(14,0)(14,17)(0,17)
Polygon:
(0,0)(5,0)(5,10)(0,10)
Polygon:
(0,0)(7,0)(7,14)(0,14)
Polygon:
(0,0)(6,0)(6,13)(0,13)
Polygon:
(0,0)(17,0)(17,2)(0,2)
Polygon:
(0,0)(21,0)(21,21)(15,21)(15,3)(10,3)(10,11)(0,11)
Polygon:
(0,0)(15,0)(15,3)(12,3)(12,13)(3,13)(3,2)(0,2)
Polygon:
(0,0)(32,0)(32,24)(15,24)(15,25)(2,25)(2,12)(0,12)
Polygon:
(0,0)(31,0)(31,8)(15,8)(15,10)(6,10)(6,2)(0,2)
Polygon:
(0,0)(13,0)(13,14)(0,14)
Polygon:
(0,0)(16,0)(16,12)(0,12)
Polygon:
(0,0)(13,0)(13,6)(0,6)
Polygon:
(0,0)(35,0)(35,6)(33,6)(33,20)(15,20)(15,15)(0,15)
Polygon:
(0,0)(34,0)(34,17)(24,17)(24,27)(14,27)(14,16)(0,16)
Polygon:
(0,0)(7,0)(7,1)(0,1)
Polygon:
(0,0)(9,0)(9,6)(0,6)
Polygon:
(0,0)(14,0)(14,5)(11,5)(11,3)(7,3)(7,8)(0,8)
Polygon:
(0,0)(9,0)(9,9)(0,9)
Polygon:
(0,0)(20,0)(20,6)(17,6)(17,24)(11,24)(11,15)(0,15)
Polygon:
(0,0)(5,0)(5,18)(0,18)
Polygon:
(0,0)(9,0)(9,16)(0,16)
Polygon:
(0,0)(14,0)(14,15)(7,15)(7,12)(6,12)(6,16)(0,16)
Polygon:
(0,0)(5,0)(5,12)(0,12)
Polygon:
(0,0)(14,0)(14,6)(0,6)
Polygon:
(0,0)(23,0)(23,20)(18,20)(18,23)(17,23)(17,17)(0,17)
Polygon:
(0,0)(5,0)(5,8)(0,8)
Polygon:
(0,0)(4,0)(4,11)(0,11)
Polygon:
(0,0)(13,0)(13,10)(0,10)
Polygon:
(0,0)(25,0)(25,6)(9,6)(9,23)(5,23)(5,12)(0,12)
Polygon:
(0,0)(36,0)(36,18)(21,18)(21,4)(10,4)(10,12)(0,12)
Polygon:
(0,0)(15,0)(15,16)(14,16)(14,4)(12,4)(12,12)(0,12)
Polygon:
(0,0)(27,0)(27,26)(15,26)(15,30)(6,30)(6,15)(0,15)
Polygon:
(0,0)(39,0)(39,19)(25,19)(25,33)(17,33)(17,17)(0,17)
Polygon:
(0,0)(4,0)(4,6)(0,6)
Polygon:
(0,0)(6,0)(6,11)(0,11)
Polygon:
(0,0)(5,0)(5,9)(0,9)
Polygon:
(0,0)(14,0)(14,22)(11,22)(11,28)(1,28)(1,10)(0,10)
Polygon:
(0,0)(16,0)(16,9)(0,9)
Polygon:
(0,0)(12,0)(12,18)(0,18)
Polygon:
(0,0)(15,0)(15,12)(0,12)
Polygon:
(0,0)(13,0)(13,1)(0,1)
Polygon:
(0,0)(12,0)(12,3)(0,3)
Polygon:
(0,0)(20,0)(20,16)(13,16)(13,1)(9,1)(9,18)(0,18)
Polygon:
(0,0)(16,0)(16,9)(13,9)(13,22)(11,22)(11,15)(0,15)
Polygon:
(0,0)(9,0)(9,9)(0,9)
Polygon:
(0,0)(6,0)(6,15)(0,15)
Polygon:
(0,0)(16,0)(16,3)(0,3)
Polygon:
(0,0)(37,0)(37,17)(33,17)(33,29)(15,29)(15,13)(0,13)
Polygon:
(0,0)(14,0)(14,3)(0,3)
Polygon:
(0,0)(4,0)(4,9)(0,9)
Polygon:
(0,0)(5,0)(5,14)(0,14)
Polygon:
(0,0)(35,0)(35,10)(29,10)(29,2)(13,2)(13,4)(0,4)
Polygon:
(0,0)(14,0)(14,1)(12,1)(12,7)(8,7)(8,2)(0,2)
Polygon:
(0,0)(4,0)(4,18)(0,18)
Polygon:
(0,0)(10,0)(10,6)(0,6)
Polygon:
(0,0)(16,0)(16,10)(0,10)
Polygon:
(0,0)(34,0)(34,5)(19,5)(19,3)(8,3)(8,6)(0,6)
Polygon:
(0,0)(23,0)(23,4)(18,4)(18,17)(13,17)(13,2)(0,2)
Polygon:
(0,0)(29,0)(29,17)(18,17)(18,19)(5,19)(5,1)(0,1)
Polygon:
(0,0)(23,0)(23,21)(13,21)(13,23)(12,23)(12,5)(0,5)
Polygon:
(0,0)(6,0)(6,1)(0,1)
Polygon:
(0,0)(27,0)(27,23)(21,23)(21,24)(10,24)(10,16)(0,16)
Polygon:
(0,0)(13,0)(13,17)(0,17)
Polygon:
(0,0)(11,0)(11,15)(0,15)
Polygon:
(0,0)(5,0)(5,14)(0,14)
Polygon:
(0,0)(1,0)(1,13)(0,13)
Polygon:
(0,0)(21,0)(21,15)(7,15)(7,1)(2,1)(2,10)(0,10)
Polygon:
(0,0)(18,0)(18,13)(0,13)
Polygon:
(0,0)(29,0)(29,15)(16,15)(16,3)(8,3)(8,7)(0,7)
Polygon:
(0,0)(9,0)(9,6)(0,6)
Polygon:
(0,0)(25,0)(25,18)(12,18)(12,21)(9,21)(9,14)(0,14)
Polygon:
(0,0)(47,0)(47,6)(32,6)(32,11)(18,11)(18,1)(0,1)
Polygon:
(0,0)(35,0)(35,8)(24,8)(24,21)(17,21)(17,9)(0,9)
Polygon:
(0,0)(40,0)(40,14)(32,14)(32,19)(16,19)(16,5)(0,5)
Polygon:
(0,0)(6,0)(6,7)(0,7)
Polygon:
(0,0)(1,0)(1,17)(0,17)
Polygon:
(0,0)(11,0)(11,9)(5,9)(5,16)(1,16)(1,1)(0,1)
Polygon:
(0,0)(16,0)(16,14)(0,14)
Polygon:
(0,0)(13,0)(13,15)(0,15)
Polygon:
(0,0)(14,0)(14,7)(12,7)(12,6)(3,6)(3,17)(0,17)
Polygon:
(0,0)(40,0)(40,6)(22,6)(22,16)(6,16)(6,8)(0,8)
Polygon:
(0,0)(12,0)(12,16)(0,16)
Polygon:
(0,0)(28,0)(28,24)(20,24)(20,31)(17,31)(17,15)(0,15)
Polygon:
(0,0)(10,0)(10,18)(0,18)
Polygon:
(0,0)(5,0)(5,14)(0,14)
Polygon:
(0,0)(11,0)(11,3)(0,3)
Polygon:
(0,0)(34,0)(34,31)(24,31)(24,13)(14,13)(14,14)(0,14)
Polygon:
(0,0)(25,0)(25,23)(18,23)(18,30)(17,30)(17,17)(0,17)
Polygon:
(0,0)(32,0)(32,9)(27,9)(27,23)(13,23)(13,5)(0,5)
Polygon:
(0,0)(28,0)(28,13)(18,13)(18,3)(1,3)(1,15)(0,15)
Polygon:
(0,0)(37,0)(37,13)(26,13)(26,1)(8,1)(8,4)(0,4)
