Polygon:
(0,0)(17,0)(17,11)(8,11)(8,23)(0,23)
Polygon:
(0,0)(20,0)(20,6)(15,6)(15,7)(0,7)
Polygon:
(0,0)(13,0)(13,11)(6,11)(6,25)(0,25)
Polygon:
(0,0)(16,0)(16,12)(14,12)(14,13)(0,13)
Polygon:
(0,0)(17,0)(17,18)(12,18)(12,25)(0,25)
Polygon:
(0,0)(7,0)(7,1)(5,1)(5,7)(0,7)
Polygon:
(0,0)(14,0)(14,10)(13,10)(13,22)(0,22)
Polygon:
(0,0)(29,0)(29,3)(11,3)(11,10)(0,10)
Polygon:
(0,0)(20,0)(20,9)(14,9)(14,20)(0,20)
Polygon:
(0,0)(10,0)(10,17)(9,17)(9,21)(0,21)
Polygon:
(0,0)(27,0)(27,5)(10,5)(10,15)(0,15)
Polygon:
(0,0)(20,0)(20,3)(18,3)(18,11)(0,11)
Polygon:
(0,0)(18,0)(18,17)(13,17)(13,19)(0,19)
Polygon:
(0,0)(17,0)(17,6)(9,6)(9,17)(0,17)
Polygon:
(0,0)(19,0)(19,8)(12,8)(12,10)(0,10)
Polygon:
(0,0)(32,0)(32,14)(17,14)(17,26)(0,26)
Polygon:
(0,0)(7,0)(7,6)(3,6)(3,18)(0,18)
Polygon:
(0,0)(21,0)(21,11)(15,11)(15,14)(0,14)
Polygon:
(0,0)(18,0)(18,9)(15,9)(15,21)(0,21)
Polygon:
(0,0)(14,0)(14,15)(5,15)(5,32)(0,32)
Polygon:
(0,0)(14,0)(14,10)(5,10)(5,11)(0,11)
Polygon:
(0,0)(11,0)(11,4)(10,4)(10,7)(0,7)
Polygon:
(0,0)(12,0)(12,14)(5,14)(5,16)(0,16)
Polygon:
(0,0)(19,0)(19,6)(8,6)(8,22)(0,22)
Polygon:
(0,0)(21,0)(21,16)(16,16)(16,19)(0,19)
Polygon:
(0,0)(30,0)(30,15)(18,15)(18,20)(0,20)
Polygon:
(0,0)(11,0)(11,17)(8,17)(8,18)(0,18)
Polygon:
(0,0)(16,0)(16,18)(4,18)(4,33)(0,33)
Polygon:
(0,0)(16,0)(16,13)(5,13)(5,19)(0,19)
Polygon:
(0,0)(15,0)(15,5)(11,5)(11,11)(0,11)
Polygon:
(0,0)(22,0)(22,12)(17,12)(17,22)(0,22)
Polygon:
(0,0)(10,0)(10,16)(6,16)(6,23)(0,23)
Polygon:
(0,0)(14,0)(14,14)(9,14)(9,25)(0,25)
Polygon:
(0,0)(16,0)(16,5)(3,5)(3,19)(0,19)
Polygon:
(0,0)(4,0)(4,1)(3,1)(3,15)(0,15)
Polygon:
(0,0)(17,0)(17,10)(5,10)(5,14)(0,14)
Polygon:
(0,0)(13,0)(13,1)(1,1)(1,8)(0,8)
Polygon:
(0,0)(16,0)(16,10)(9,10)(9,28)(0,28)
Polygon:
(0,0)(2,0)(2,12)(1,12)(1,16)(0,16)
Polygon:
(0,0)(13,0)(13,8)(8,8)(8,12)(0,12)
Polygon:
(0,0)(17,0)(17,10)(4,10)(4,11)(0,11)
Polygon:
(0,0)(23,0)(23,8)(11,8)(11,24)(0,24)
Polygon:
(0,0)(14,0)(14,12)(11,12)(11,23)(0,23)
Polygon:
(0,0)(17,0)(17,16)(11,16)(11,25)(0,25)
Polygon:
(0,0)(20,0)(20,16)(8,16)(8,34)(0,34)
Polygon:
(0,0)(19,0)(19,3)(5,3)(5,11)(0,11)
Polygon:
(0,0)(27,0)(27,13)(13,13)(13,16)(0,16)
Polygon:
(0,0)(32,0)(32,14)(17,14)(17,29)(0,29)
Polygon:
(0,0)(29,0)(29,9)(15,9)(15,13)(0,13)
Polygon:
(0,0)(20,0)(20,14)(5,14)(5,20)(0,20)
Polygon:
(0,0)(20,0)(20,8)(7,8)(7,18)(0,18)
Polygon:
(0,0)(22,0)(22,9)(9,9)(9,15)(0,15)
Polygon:
(0,0)(30,0)(30,1)(15,1)(15,9)(0,9)
Polygon:
(0,0)(22,0)(22,4)(12,4)(12,15)(0,15)
Polygon:
(0,0)(24,0)(24,16)(9,16)(9,21)(0,21)
Polygon:
(0,0)(15,0)(15,8)(13,8)(13,16)(0,16)
Polygon:
(0,0)(24,0)(24,9)(9,9)(9,21)(0,21)
Polygon:
(0,0)(31,0)(31,13)(15,13)(15,20)(0,20)
Polygon:
(0,0)(27,0)(27,4)(10,4)(10,17)(0,17)
Polygon:
(0,0)(26,0)(26,11)(16,11)(16,20)(0,20)
Polygon:
(0,0)(25,0)(25,17)(7,17)(7,34)(0,34)
Polygon:
(0,0)(13,0)(13,15)(10,15)(10,16)(0,16)
Polygon:
(0,0)(20,0)(20,1)(16,1)(16,2)(0,2)
Polygon:
(0,0)(25,0)(25,10)(16,10)(16,26)(0,26)
Polygon:
(0,0)(14,0)(14,9)(4,9)(4,17)(0,17)
Polygon:
(0,0)(16,0)(16,11)(4,11)(4,14)(0,14)
Polygon:
(0,0)(11,0)(11,1)(1,1)(1,18)(0,18)
Polygon:
(0,0)(16,0)(16,14)(8,14)(8,25)(0,25)
Polygon:
(0,0)(18,0)(18,18)(6,18)(6,21)(0,21)
Polygon:
(0,0)(16,0)(16,17)(10,17)(10,34)(0,34)
Polygon:
(0,0)(29,0)(29,16)(14,16)(14,24)(0,24)
Polygon:
(0,0)(12,0)(12,6)(7,6)(7,21)(0,21)
Polygon:
(0,0)(21,0)(21,18)(5,18)(5,30)(0,30)
Polygon:
(0,0)(19,0)(19,17)(12,17)(12,25)(0,25)
Polygon:
(0,0)(17,0)(17,15)(6,15)(6,19)(0,19)
Polygon:
(0,0)(10,0)(10,15)(4,15)(4,26)(0,26)
Polygon:
(0,0)(10,0)(10,16)(2,16)(2,30)(0,30)
Polygon:
(0,0)(17,0)(17,10)(8,10)(8,23)(0,23)
Polygon:
(0,0)(26,0)(26,16)(8,16)(8,21)(0,21)
Polygon:
(0,0)(18,0)(18,15)(5,15)(5,23)(0,23)
Polygon:
(0,0)(12,0)(12,17)(5,17)(5,28)(0,28)
Polygon:
(0,0)(34,0)(34,4)(16,4)(16,15)(0,15)
Polygon:
(0,0)(23,0)(23,7)(15,7)(15,17)(0,17)
Polygon:
(0,0)(7,0)(7,8)(5,8)(5,21)(0,21)
Polygon:
(0,0)(31,0)(31,11)(15,11)(15,26)(0,26)
Polygon:
(0,0)(9,0)(9,17)(1,17)(1,20)(0,20)
Polygon:
(0,0)(23,0)(23,3)(11,3)(11,4)(0,4)
Polygon:
(0,0)(28,0)(28,3)(10,3)(10,7)(0,7)
Polygon:
(0,0)(29,0)(29,14)(11,14)(11,20)(0,20)
Polygon:
(0,0)(22,0)(22,6)(9,6)(9,15)(0,15)
Polygon:
(0,0)(26,0)(26,1)(17,1)(17,5)(0,5)
Polygon:
(0,0)(14,0)(14,9)(4,9)(4,22)(0,22)
Polygon:
(0,0)(23,0)(23,5)(6,5)(6,17)(0,17)
Polygon:
(0,0)(21,0)(21,14)(10,14)(10,26)(0,26)
Polygon:
(0,0)(21,0)(21,8)(5,8)(5,22)(0,22)
Polygon:
(0,0)(18,0)(18,15)(2,15)(2,24)(0,24)
Polygon:
(0,0)(17,0)(17,2)(6,2)(6,7)(0,7)
Polygon:
(0,0)(11,0)(11,4)(9,4)(9,20)(0,20)
Polygon:
(0,0)(31,0)(31,3)(16,3)(16,18)(0,18)
Polygon:
(0,0)(18,0)(18,18)(2,18)(2,26)(0,26)
Polygon:
(0,0)(20,0)(20,13)(18,13)(18,26)(0,26)
Polygon:
(0,0)(13,0)(13,17)(1,17)(1,18)(0,18)
Polygon:
(0,0)(35,0)(35,15)(17,15)(17,33)(0,33)
Polygon:
(0,0)(25,0)(25,8)(12,8)(12,20)(0,20)
Polygon:
(0,0)(22,0)(22,17)(6,17)(6,27)(0,27)
Polygon:
(0,0)(21,0)(21,3)(4,3)(4,11)(0,11)
Polygon:
(0,0)(22,0)(22,7)(7,7)(7,25)(0,25)
Polygon:
(0,0)(33,0)(33,2)(16,2)(16,16)(0,16)
Polygon:
(0,0)(18,0)(18,10)(14,10)(14,22)(0,22)
Polygon:
(0,0)(18,0)(18,7)(12,7)(12,25)(0,25)
Polygon:
(0,0)(26,0)(26,13)(10,13)(10,18)(0,18)
Polygon:
(0,0)(32,0)(32,11)(18,11)(18,18)(0,18)
Polygon:
(0,0)(12,0)(12,11)(8,11)(8,14)(0,14)
Polygon:
(0,0)(23,0)(23,11)(15,11)(15,23)(0,23)
Polygon:
(0,0)(17,0)(17,11)(13,11)(13,12)(0,12)
Polygon:
(0,0)(14,0)(14,9)(7,9)(7,27)(0,27)
Polygon:
(0,0)(6,0)(6,9)(1,9)(1,27)(0,27)
Polygon:
(0,0)(19,0)(19,5)(2,5)(2,20)(0,20)
Polygon:
(0,0)(7,0)(7,12)(6,12)(6,17)(0,17)
Polygon:
(0,0)(16,0)(16,14)(15,14)(15,29)(0,29)
Polygon:
(0,0)(22,0)(22,9)(10,9)(10,15)(0,15)
Polygon:
(0,0)(34,0)(34,14)(17,14)(17,18)(0,18)
Polygon:
(0,0)(15,0)(15,2)(1,2)(1,7)(0,7)
Polygon:
(0,0)(26,0)(26,3)(14,3)(14,19)(0,19)
Polygon:
(0,0)(11,0)(11,7)(5,7)(5,24)(0,24)
Polygon:
(0,0)(29,0)(29,1)(11,1)(11,17)(0,17)
Polygon:
(0,0)(21,0)(21,8)(11,8)(11,16)(0,16)
Polygon:
(0,0)(13,0)(13,3)(11,3)(11,4)(0,4)
Polygon:
(0,0)(21,0)(21,2)(3,2)(3,5)(0,5)
Polygon:
(0,0)(21,0)(21,16)(8,16)(8,31)(0,31)
Polygon:
(0,0)(29,0)(29,17)(14,17)(14,33)(0,33)
Polygon:
(0,0)(12,0)(12,6)(11,6)(11,21)(0,21)
Polygon:
(0,0)(20,0)(20,16)(5,16)(5,26)(0,26)
Polygon:
(0,0)(35,0)(35,4)(18,4)(18,5)(0,5)
Polygon:
(0,0)(24,0)(24,12)(16,12)(16,13)(0,13)
Polygon:
(0,0)(4,0)(4,12)(1,12)(1,20)(0,20)
Polygon:
(0,0)(10,0)(10,9)(3,9)(3,14)(0,14)
Polygon:
(0,0)(24,0)(24,3)(15,3)(15,7)(0,7)
Polygon:
(0,0)(16,0)(16,1)(15,1)(15,17)(0,17)
Polygon:
(0,0)(17,0)(17,10)(13,10)(13,24)(0,24)
Polygon:
(0,0)(19,0)(19,13)(17,13)(17,23)(0,23)
Polygon:
(0,0)(32,0)(32,8)(18,8)(18,12)(0,12)
Polygon:
(0,0)(19,0)(19,16)(10,16)(10,26)(0,26)
Polygon:
(0,0)(16,0)(16,12)(8,12)(8,24)(0,24)
Polygon:
(0,0)(19,0)(19,12)(7,12)(7,17)(0,17)
Polygon:
(0,0)(13,0)(13,3)(5,3)(5,5)(0,5)
Polygon:
(0,0)(25,0)(25,3)(7,3)(7,4)(0,4)
Polygon:
(0,0)(16,0)(16,3)(8,3)(8,13)(0,13)
Polygon:
(0,0)(19,0)(19,18)(15,18)(15,21)(0,21)
Polygon:
(0,0)(24,0)(24,11)(17,11)(17,22)(0,22)
Polygon:
(0,0)(27,0)(27,5)(16,5)(16,21)(0,21)
Polygon:
(0,0)(25,0)(25,1)(14,1)(14,7)(0,7)
Polygon:
(0,0)(10,0)(10,1)(8,1)(8,13)(0,13)
Polygon:
(0,0)(28,0)(28,12)(12,12)(12,19)(0,19)
Polygon:
(0,0)(13,0)(13,17)(10,17)(10,23)(0,23)
Polygon:
(0,0)(13,0)(13,5)(3,5)(3,6)(0,6)
Polygon:
(0,0)(16,0)(16,15)(1,15)(1,16)(0,16)
Polygon:
(0,0)(20,0)(20,4)(3,4)(3,8)(0,8)
Polygon:
(0,0)(24,0)(24,18)(7,18)(7,32)(0,32)
Polygon:
(0,0)(28,0)(28,14)(14,14)(14,19)(0,19)
Polygon:
(0,0)(8,0)(8,6)(1,6)(1,13)(0,13)
Polygon:
(0,0)(21,0)(21,3)(5,3)(5,15)(0,15)
Polygon:
(0,0)(14,0)(14,12)(10,12)(10,16)(0,16)
Polygon:
(0,0)(5,0)(5,17)(2,17)(2,20)(0,20)
Polygon:
(0,0)(30,0)(30,6)(17,6)(17,24)(0,24)
Polygon:
(0,0)(32,0)(32,6)(18,6)(18,24)(0,24)
Polygon:
(0,0)(20,0)(20,8)(8,8)(8,23)(0,23)
Polygon:
(0,0)(24,0)(24,9)(16,9)(16,20)(0,20)
Polygon:
(0,0)(29,0)(29,9)(11,9)(11,27)(0,27)
Polygon:
(0,0)(4,0)(4,4)(1,4)(1,18)(0,18)
Polygon:
(0,0)(17,0)(17,8)(16,8)(16,11)(0,11)
Polygon:
(0,0)(10,0)(10,6)(5,6)(5,19)(0,19)
Polygon:
(0,0)(17,0)(17,13)(3,13)(3,21)(0,21)
Polygon:
(0,0)(26,0)(26,13)(14,13)(14,20)(0,20)
Polygon:
(0,0)(22,0)(22,15)(15,15)(15,33)(0,33)
Polygon:
(0,0)(26,0)(26,18)(10,18)(10,28)(0,28)
Polygon:
(0,0)(21,0)(21,12)(16,12)(16,21)(0,21)
Polygon:
(0,0)(14,0)(14,10)(3,10)(3,19)(0,19)
Polygon:
(0,0)(26,0)(26,11)(10,11)(10,14)(0,14)
Polygon:
(0,0)(17,0)(17,12)(7,12)(7,25)(0,25)
Polygon:
(0,0)(20,0)(20,13)(12,13)(12,23)(0,23)
Polygon:
(0,0)(23,0)(23,7)(5,7)(5,8)(0,8)
Polygon:
(0,0)(21,0)(21,14)(10,14)(10,15)(0,15)
Polygon:
(0,0)(18,0)(18,4)(3,4)(3,7)(0,7)
Polygon:
(0,0)(24,0)(24,12)(11,12)(11,19)(0,19)
Polygon:
(0,0)(23,0)(23,2)(11,2)(11,14)(0,14)
Polygon:
(0,0)(26,0)(26,3)(13,3)(13,20)(0,20)
Polygon:
(0,0)(16,0)(16,8)(8,8)(8,20)(0,20)
Polygon:
(0,0)(19,0)(19,11)(17,11)(17,25)(0,25)
Polygon:
(0,0)(28,0)(28,5)(15,5)(15,7)(0,7)
Polygon:
(0,0)(26,0)(26,8)(12,8)(12,18)(0,18)
Polygon:
(0,0)(31,0)(31,13)(15,13)(15,18)(0,18)
Polygon:
(0,0)(31,0)(31,18)(16,18)(16,27)(0,27)
Polygon:
(0,0)(20,0)(20,13)(8,13)(8,20)(0,20)
Polygon:
(0,0)(13,0)(13,6)(5,6)(5,7)(0,7)
Polygon:
(0,0)(15,0)(15,12)(4,12)(4,18)(0,18)
Polygon:
(0,0)(11,0)(11,3)(7,3)(7,5)(0,5)
Polygon:
(0,0)(6,0)(6,17)(5,17)(5,26)(0,26)
Polygon:
(0,0)(5,0)(5,10)(4,10)(4,23)(0,23)
Polygon:
(0,0)(14,0)(14,12)(13,12)(13,15)(0,15)
Polygon:
(0,0)(30,0)(30,13)(15,13)(15,26)(0,26)
Polygon:
(0,0)(3,0)(3,17)(1,17)(1,26)(0,26)
Polygon:
(0,0)(32,0)(32,9)(14,9)(14,13)(0,13)
Polygon:
(0,0)(33,0)(33,4)(17,4)(17,8)(0,8)
Polygon:
(0,0)(15,0)(15,13)(5,13)(5,28)(0,28)
Polygon:
(0,0)(19,0)(19,16)(6,16)(6,26)(0,26)
Polygon:
(0,0)(32,0)(32,14)(18,14)(18,21)(0,21)
Polygon:
(0,0)(21,0)(21,16)(7,16)(7,18)(0,18)
Polygon:
(0,0)(10,0)(10,8)(9,8)(9,24)(0,24)
Polygon:
(0,0)(16,0)(16,1)(9,1)(9,7)(0,7)
Polygon:
(0,0)(21,0)(21,2)(3,2)(3,17)(0,17)
Polygon:
(0,0)(21,0)(21,13)(10,13)(10,23)(0,23)
Polygon:
(0,0)(29,0)(29,8)(12,8)(12,23)(0,23)
Polygon:
(0,0)(9,0)(9,15)(1,15)(1,29)(0,29)
Polygon:
(0,0)(12,0)(12,13)(10,13)(10,25)(0,25)
Polygon:
(0,0)(26,0)(26,16)(8,16)(8,25)(0,25)
Polygon:
(0,0)(8,0)(8,7)(5,7)(5,17)(0,17)
Polygon:
(0,0)(17,0)(17,15)(10,15)(10,26)(0,26)
Polygon:
(0,0)(20,0)(20,12)(2,12)(2,17)(0,17)
Polygon:
(0,0)(9,0)(9,14)(1,14)(1,32)(0,32)
Polygon:
(0,0)(27,0)(27,3)(11,3)(11,19)(0,19)
Polygon:
(0,0)(17,0)(17,16)(8,16)(8,32)(0,32)
Polygon:
(0,0)(12,0)(12,4)(3,4)(3,11)(0,11)
Polygon:
(0,0)(10,0)(10,17)(7,17)(7,20)(0,20)
Polygon:
(0,0)(28,0)(28,6)(11,6)(11,22)(0,22)
Polygon:
(0,0)(12,0)(12,11)(11,11)(11,20)(0,20)
Polygon:
(0,0)(12,0)(12,12)(11,12)(11,19)(0,19)
Polygon:
(0,0)(20,0)(20,5)(8,5)(8,11)(0,11)
Polygon:
(0,0)(32,0)(32,16)(15,16)(15,21)(0,21)
Polygon:
(0,0)(11,0)(11,2)(10,2)(10,5)(0,5)
Polygon:
(0,0)(20,0)(20,1)(18,1)(18,9)(0,9)
Polygon:
(0,0)(15,0)(15,15)(12,15)(12,22)(0,22)
Polygon:
(0,0)(15,0)(15,3)(13,3)(13,9)(0,9)
Polygon:
(0,0)(16,0)(16,18)(11,18)(11,28)(0,28)
Polygon:
(0,0)(24,0)(24,4)(14,4)(14,15)(0,15)
Polygon:
(0,0)(26,0)(26,14)(12,14)(12,24)(0,24)
Polygon:
(0,0)(21,0)(21,10)(3,10)(3,19)(0,19)
Polygon:
(0,0)(18,0)(18,14)(15,14)(15,27)(0,27)
Polygon:
(0,0)(29,0)(29,18)(12,18)(12,31)(0,31)
Polygon:
(0,0)(7,0)(7,3)(5,3)(5,21)(0,21)
Polygon:
(0,0)(13,0)(13,12)(0,12)
Polygon:
(0,0)(12,0)(12,4)(0,4)
Polygon:
(0,0)(31,0)(31,8)(14,8)(14,5)(11,5)(11,11)(0,11)
Polygon:
(0,0)(23,0)(23,13)(22,13)(22,18)(18,18)(18,5)(0,5)
Polygon:
(0,0)(16,0)(16,14)(0,14)
Polygon:
(0,0)(1,0)(1,9)(0,9)
Polygon:
(0,0)(29,0)(29,6)(12,6)(12,10)(5,10)(5,3)(0,3)
Polygon:
(0,0)(8,0)(8,7)(0,7)
Polygon:
(0,0)(4,0)(4,14)(0,14)
Polygon:
(0,0)(40,0)(40,15)(22,15)(22,17)(8,17)(8,10)(0,10)
Polygon:
(0,0)(14,0)(14,5)(0,5)
Polygon:
(0,0)(34,0)(34,12)(19,12)(19,21)(10,21)(10,14)(0,14)
Polygon:
(0,0)(29,0)(29,11)(17,11)(17,23)(10,23)(10,6)(0,6)
Polygon:
(0,0)(11,0)(11,16)(0,16)
Polygon:
(0,0)(30,0)(30,17)(12,17)(12,26)(2,26)(2,16)(0,16)
Polygon:
(0,0)(15,0)(15,16)(12,16)(12,29)(10,29)(10,12)(0,12)
Polygon:
(0,0)(17,0)(17,3)(0,3)
Polygon:
(0,0)(13,0)(13,17)(0,17)
Polygon:
(0,0)(5,0)(5,6)(0,6)
Polygon:
(0,0)(5,0)(5,6)(0,6)
Polygon:
(0,0)(17,0)(17,9)(0,9)
Polygon:
(0,0)(24,0)(24,12)(23,12)(23,16)(6,16)(6,9)(0,9)
Polygon:
(0,0)(20,0)(20,24)(10,24)(10,9)(5,9)(5,12)(0,12)
Polygon:
(0,0)(39,0)(39,15)(21,15)(21,16)(8,16)(8,8)(0,8)
Polygon:
(0,0)(17,0)(17,5)(0,5)
Polygon:
(0,0)(3,0)(3,8)(0,8)
Polygon:
(0,0)(15,0)(15,17)(0,17)
Polygon:
(0,0)(10,0)(10,5)(0,5)
Polygon:
(0,0)(32,0)(32,2)(31,2)(31,10)(14,10)(14,8)(0,8)
Polygon:
(0,0)(30,0)(30,16)(21,16)(21,21)(5,21)(5,13)(0,13)
Polygon:
(0,0)(5,0)(5,11)(0,11)
Polygon:
(0,0)(41,0)(41,33)(31,33)(31,15)(14,15)(14,18)(0,18)
Polygon:
(0,0)(12,0)(12,18)(0,18)
Polygon:
(0,0)(18,0)(18,5)(0,5)
Polygon:
(0,0)(27,0)(27,15)(22,15)(22,1)(6,1)(6,7)(0,7)
Polygon:
(0,0)(27,0)(27,4)(18,4)(18,5)(7,5)(7,2)(0,2)
Polygon:
(0,0)(23,0)(23,28)(19,28)(19,29)(9,29)(9,11)(0,11)
Polygon:
(0,0)(37,0)(37,7)(29,7)(29,17)(18,17)(18,4)(0,4)
Polygon:
(0,0)(7,0)(7,12)(0,12)
Polygon:
(0,0)(5,0)(5,17)(0,17)
Polygon:
(0,0)(36,0)(36,10)(20,10)(20,28)(6,28)(6,17)(0,17)
Polygon:
(0,0)(41,0)(41,8)(29,8)(29,18)(18,18)(18,3)(0,3)
Polygon:
(0,0)(5,0)(5,5)(0,5)
Polygon:
(0,0)(11,0)(11,6)(0,6)
Polygon:
(0,0)(11,0)(11,14)(0,14)
Polygon:
(0,0)(30,0)(30,3)(21,3)(21,13)(8,13)(8,1)(0,1)
Polygon:
(0,0)(38,0)(38,19)(22,19)(22,23)(15,23)(15,18)(0,18)
Polygon:
(0,0)(11,0)(11,17)(0,17)
Polygon:
(0,0)(1,0)(1,4)(0,4)
Polygon:
(0,0)(8,0)(8,5)(0,5)
Polygon:
(0,0)(19,0)(19,14)(14,14)(14,18)(3,18)(3,10)(0,10)
Polygon:
(0,0)(21,0)(21,24)(11,24)(11,27)(1,27)(1,12)(0,12)
Polygon:
(0,0)(34,0)(34,20)(19,20)(19,22)(18,22)(18,8)(0,8)
Polygon:
(0,0)(19,0)(19,25)(11,25)(11,27)(2,27)(2,13)(0,13)
Polygon:
(0,0)(33,0)(33,12)(24,12)(24,7)(18,7)(18,11)(0,11)
Polygon:
(0,0)(18,0)(18,15)(0,15)
Polygon:
(0,0)(26,0)(26,10)(22,10)(22,15)(8,15)(8,9)(0,9)
Polygon:
(0,0)(35,0)(35,23)(18,23)(18,25)(7,25)(7,10)(0,10)
Polygon:
(0,0)(12,0)(12,9)(0,9)
Polygon:
(0,0)(25,0)(25,16)(14,16)(14,20)(9,20)(9,5)(0,5)
Polygon:
(0,0)(14,0)(14,15)(0,15)
Polygon:
(0,0)(27,0)(27,13)(25,13)(25,1)(14,1)(14,18)(0,18)
Polygon:
(0,0)(29,0)(29,13)(27,13)(27,8)(10,8)(10,16)(0,16)
Polygon:
(0,0)(41,0)(41,12)(29,12)(29,1)(13,1)(13,12)(0,12)
Polygon:
(0,0)(21,0)(21,10)(12,10)(12,12)(3,12)(3,4)(0,4)
Polygon:
(0,0)(14,0)(14,14)(0,14)
Polygon:
(0,0)(19,0)(19,23)(13,23)(13,6)(12,6)(12,16)(0,16)
Polygon:
(0,0)(9,0)(9,18)(5,18)(5,12)(2,12)(2,18)(0,18)
Polygon:
(0,0)(26,0)(26,18)(22,18)(22,20)(15,20)(15,5)(0,5)
Polygon:
(0,0)(6,0)(6,16)(0,16)
Polygon:
(0,0)(32,0)(32,17)(20,17)(20,5)(4,5)(4,13)(0,13)
Polygon:
(0,0)(15,0)(15,3)(0,3)
Polygon:
(0,0)(19,0)(19,20)(15,20)(15,23)(4,23)(4,8)(0,8)
Polygon:
(0,0)(2,0)(2,2)(0,2)
Polygon:
(0,0)(33,0)(33,5)(21,5)(21,6)(15,6)(15,2)(0,2)
Polygon:
(0,0)(30,0)(30,15)(18,15)(18,6)(11,6)(11,10)(0,10)
Polygon:
(0,0)(4,0)(4,18)(0,18)
Polygon:
(0,0)(11,0)(11,14)(0,14)
Polygon:
(0,0)(8,0)(8,13)(0,13)
Polygon:
(0,0)(24,0)(24,23)(18,23)(18,25)(12,25)(12,18)(0,18)
Polygon:
(0,0)(23,0)(23,18)(14,18)(14,24)(13,24)(13,8)(0,8)
Polygon:
(0,0)(5,0)(5,4)(0,4)
Polygon:
(0,0)(30,0)(30,14)(27,14)(27,11)(14,11)(14,16)(0,16)
Polygon:
(0,0)(25,0)(25,20)(9,20)(9,9)(4,9)(4,16)(0,16)
Polygon:
(0,0)(30,0)(30,9)(20,9)(20,20)(6,20)(6,11)(0,11)
Polygon:
(0,0)(20,0)(20,11)(16,11)(16,15)(1,15)(1,3)(0,3)
Polygon:
(0,0)(17,0)(17,1)(10,1)(10,14)(4,14)(4,3)(0,3)
Polygon:
(0,0)(11,0)(11,6)(0,6)
Polygon:
(0,0)(1,0)(1,11)(0,11)
Polygon:
(0,0)(41,0)(41,14)(29,14)(29,26)(15,26)(15,15)(0,15)
Polygon:
(0,0)(13,0)(13,13)(0,13)
Polygon:
(0,0)(7,0)(7,12)(0,12)
Polygon:
(0,0)(36,0)(36,31)(19,31)(19,32)(15,32)(15,15)(0,15)
Polygon:
(0,0)(19,0)(19,4)(17,4)(17,22)(9,22)(9,17)(0,17)
Polygon:
(0,0)(17,0)(17,6)(0,6)
Polygon:
(0,0)(14,0)(14,10)(0,10)
Polygon:
(0,0)(13,0)(13,18)(0,18)
Polygon:
(0,0)(30,0)(30,25)(24,25)(24,8)(15,8)(15,10)(0,10)
Polygon:
(0,0)(1,0)(1,8)(0,8)
Polygon:
(0,0)(15,0)(15,14)(0,14)
Polygon:
(0,0)(28,0)(28,26)(27,26)(27,13)(11,13)(11,28)(0,28)
Polygon:
(0,0)(24,0)(24,9)(20,9)(20,10)(7,10)(7,5)(0,5)
Polygon:
(0,0)(13,0)(13,15)(0,15)
Polygon:
(0,0)(32,0)(32,26)(27,26)(27,10)(15,10)(15,11)(0,11)
Polygon:
(0,0)(31,0)(31,2)(26,2)(26,14)(10,14)(10,11)(0,11)
Polygon:
(0,0)(10,0)(10,15)(0,15)
Polygon:
(0,0)(17,0)(17,14)(0,14)
Polygon:
(0,0)(40,0)(40,15)(33,15)(33,2)(15,2)(15,4)(0,4)
Polygon:
(0,0)(2,0)(2,9)(0,9)
Polygon:
(0,0)(18,0)(18,21)(9,21)(9,10)(2,10)(2,15)(0,15)
Polygon:
(0,0)(9,0)(9,10)(3,10)(3,23)(2,23)(2,16)(0,16)
Polygon:
(0,0)(31,0)(31,7)(13,7)(13,15)(2,15)(2,2)(0,2)
Polygon:
(0,0)(15,0)(15,19)(9,19)(9,31)(2,31)(2,13)(0,13)
Polygon:
(0,0)(40,0)(40,12)(29,12)(29,1)(14,1)(14,18)(0,18)
Polygon:
(0,0)(17,0)(17,5)(0,5)
Polygon:
(0,0)(15,0)(15,2)(0,2)
Polygon:
(0,0)(8,0)(8,16)(0,16)
Polygon:
(0,0)(36,0)(36,8)(34,8)(34,19)(18,19)(18,4)(0,4)
Polygon:
(0,0)(47,0)(47,8)(31,8)(31,3)(13,3)(13,18)(0,18)
Polygon:
(0,0)(31,0)(31,13)(27,13)(27,15)(11,15)(11,4)(0,4)
Polygon:
(0,0)(28,0)(28,7)(16,7)(16,5)(8,5)(8,6)(0,6)
Polygon:
(0,0)(13,0)(13,3)(0,3)
Polygon:
(0,0)(15,0)(15,1)(9,1)(9,3)(7,3)(7,2)(0,2)
Polygon:
(0,0)(6,0)(6,7)(0,7)
Polygon:
(0,0)(40,0)(40,4)(24,4)(24,3)(7,3)(7,4)(0,4)
Polygon:
(0,0)(7,0)(7,4)(0,4)
Polygon:
(0,0)(19,0)(19,18)(13,18)(13,7)(1,7)(1,11)(0,11)
Polygon:
(0,0)(8,0)(8,5)(0,5)
Polygon:
(0,0)(1,0)(1,2)(0,2)
Polygon:
(0,0)(49,0)(49,17)(31,17)(31,4)(13,4)(13,15)(0,15)
Polygon:
(0,0)(39,0)(39,16)(27,16)(27,8)(9,8)(9,12)(0,12)
Polygon:
(0,0)(11,0)(11,15)(0,15)
Polygon:
(0,0)(4,0)(4,3)(0,3)
Polygon:
(0,0)(17,0)(17,11)(0,11)
Polygon:
(0,0)(5,0)(5,4)(0,4)
Polygon:
(0,0)(17,0)(17,18)(10,18)(10,20)(2,20)(2,16)(0,16)
Polygon:
(0,0)(4,0)(4,11)(0,11)
Polygon:
(0,0)(4,0)(4,3)(0,3)
Polygon:
(0,0)(6,0)(6,8)(0,8)
Polygon:
(0,0)(1,0)(1,5)(0,5)
Polygon:
(0,0)(4,0)(4,17)(0,17)
Polygon:
(0,0)(17,0)(17,10)(0,10)
Polygon:
(0,0)(3,0)(3,7)(0,7)
Polygon:
(0,0)(7,0)(7,4)(0,4)
Polygon:
(0,0)(9,0)(9,5)(0,5)
Polygon:
(0,0)(37,0)(37,10)(34,10)(34,28)(16,28)(16,16)(0,16)
Polygon:
(0,0)(7,0)(7,9)(0,9)
Polygon:
(0,0)(12,0)(12,14)(0,14)
Polygon:
(0,0)(15,0)(15,17)(0,17)
Polygon:
(0,0)(29,0)(29,12)(18,12)(18,1)(8,1)(8,3)(0,3)
Polygon:
(0,0)(7,0)(7,4)(0,4)
Polygon:
(0,0)(3,0)(3,11)(0,11)
Polygon:
(0,0)(18,0)(18,9)(0,9)
Polygon:
(0,0)(17,0)(17,18)(0,18)
Polygon:
(0,0)(10,0)(10,4)(0,4)
Polygon:
(0,0)(30,0)(30,7)(16,7)(16,11)(10,11)(10,2)(0,2)
Polygon:
(0,0)(10,0)(10,6)(0,6)
Polygon:
(0,0)(10,0)(10,3)(0,3)
Polygon:
(0,0)(9,0)(9,3)(0,3)
Polygon:
(0,0)(36,0)(36,4)(20,4)(20,20)(5,20)(5,9)(0,9)
