Polygon:
(0,0)(13,0)(13,5)(12,5)(12,15)(0,15)
Polygon:
(0,0)(19,0)(19,8)(5,8)(5,21)(0,21)
Polygon:
(0,0)(16,0)(16,9)(5,9)(5,21)(0,21)
Polygon:
(0,0)(28,0)(28,8)(12,8)(12,12)(0,12)
Polygon:
(0,0)(29,0)(29,1)(18,1)(18,5)(0,5)
Polygon:
(0,0)(20,0)(20,8)(10,8)(10,25)(0,25)
Polygon:
(0,0)(27,0)(27,14)(14,14)(14,15)(0,15)
Polygon:
(0,0)(23,0)(23,2)(12,2)(12,4)(0,4)
Polygon:
(0,0)(25,0)(25,14)(13,14)(13,30)(0,30)
Polygon:
(0,0)(13,0)(13,3)(1,3)(1,7)(0,7)
Polygon:
(0,0)(18,0)(18,17)(7,17)(7,23)(0,23)
Polygon:
(0,0)(21,0)(21,11)(8,11)(8,27)(0,27)
Polygon:
(0,0)(9,0)(9,7)(4,7)(4,20)(0,20)
Polygon:
(0,0)(28,0)(28,2)(12,2)(12,12)(0,12)
Polygon:
(0,0)(23,0)(23,17)(10,17)(10,18)(0,18)
Polygon:
(0,0)(16,0)(16,17)(14,17)(14,29)(0,29)
Polygon:
(0,0)(16,0)(16,18)(9,18)(9,19)(0,19)
Polygon:
(0,0)(30,0)(30,10)(18,10)(18,19)(0,19)
Polygon:
(0,0)(11,0)(11,14)(10,14)(10,16)(0,16)
Polygon:
(0,0)(11,0)(11,18)(7,18)(7,21)(0,21)
Polygon:
(0,0)(17,0)(17,1)(5,1)(5,8)(0,8)
Polygon:
(0,0)(20,0)(20,4)(17,4)(17,16)(0,16)
Polygon:
(0,0)(25,0)(25,1)(16,1)(16,3)(0,3)
Polygon:
(0,0)(28,0)(28,7)(10,7)(10,17)(0,17)
Polygon:
(0,0)(20,0)(20,2)(5,2)(5,6)(0,6)
Polygon:
(0,0)(3,0)(3,3)(2,3)(2,16)(0,16)
Polygon:
(0,0)(23,0)(23,2)(16,2)(16,11)(0,11)
Polygon:
(0,0)(22,0)(22,18)(11,18)(11,19)(0,19)
Polygon:
(0,0)(28,0)(28,18)(17,18)(17,21)(0,21)
Polygon:
(0,0)(24,0)(24,14)(10,14)(10,18)(0,18)
Polygon:
(0,0)(22,0)(22,12)(13,12)(13,24)(0,24)
Polygon:
(0,0)(4,0)(4,8)(3,8)(3,18)(0,18)
Polygon:
(0,0)(19,0)(19,12)(2,12)(2,20)(0,20)
Polygon:
(0,0)(21,0)(21,4)(5,4)(5,6)(0,6)
Polygon:
(0,0)(18,0)(18,3)(13,3)(13,18)(0,18)
Polygon:
(0,0)(24,0)(24,5)(6,5)(6,17)(0,17)
Polygon:
(0,0)(20,0)(20,3)(2,3)(2,10)(0,10)
Polygon:
(0,0)(13,0)(13,4)(4,4)(4,18)(0,18)
Polygon:
(0,0)(13,0)(13,3)(11,3)(11,12)(0,12)
Polygon:
(0,0)(22,0)(22,13)(17,13)(17,18)(0,18)
Polygon:
(0,0)(15,0)(15,7)(8,7)(8,17)(0,17)
Polygon:
(0,0)(15,0)(15,5)(7,5)(7,18)(0,18)
Polygon:
(0,0)(7,0)(7,5)(5,5)(5,6)(0,6)
Polygon:
(0,0)(15,0)(15,4)(5,4)(5,9)(0,9)
Polygon:
(0,0)(8,0)(8,8)(2,8)(2,13)(0,13)
Polygon:
(0,0)(27,0)(27,11)(14,11)(14,22)(0,22)
Polygon:
(0,0)(27,0)(27,1)(11,1)(11,6)(0,6)
Polygon:
(0,0)(16,0)(16,14)(5,14)(5,22)(0,22)
Polygon:
(0,0)(21,0)(21,16)(4,16)(4,34)(0,34)
Polygon:
(0,0)(20,0)(20,11)(6,11)(6,25)(0,25)
Polygon:
(0,0)(32,0)(32,5)(15,5)(15,6)(0,6)
Polygon:
(0,0)(22,0)(22,2)(15,2)(15,3)(0,3)
Polygon:
(0,0)(12,0)(12,8)(10,8)(10,21)(0,21)
Polygon:
(0,0)(20,0)(20,15)(13,15)(13,17)(0,17)
Polygon:
(0,0)(14,0)(14,9)(6,9)(6,18)(0,18)
Polygon:
(0,0)(19,0)(19,13)(8,13)(8,27)(0,27)
Polygon:
(0,0)(7,0)(7,12)(5,12)(5,19)(0,19)
Polygon:
(0,0)(29,0)(29,5)(16,5)(16,7)(0,7)
Polygon:
(0,0)(10,0)(10,18)(3,18)(3,28)(0,28)
Polygon:
(0,0)(21,0)(21,2)(10,2)(10,17)(0,17)
Polygon:
(0,0)(8,0)(8,3)(7,3)(7,10)(0,10)
Polygon:
(0,0)(33,0)(33,15)(15,15)(15,20)(0,20)
Polygon:
(0,0)(15,0)(15,8)(4,8)(4,20)(0,20)
Polygon:
(0,0)(20,0)(20,3)(18,3)(18,17)(0,17)
Polygon:
(0,0)(18,0)(18,5)(10,5)(10,9)(0,9)
Polygon:
(0,0)(21,0)(21,15)(15,15)(15,21)(0,21)
Polygon:
(0,0)(21,0)(21,17)(12,17)(12,18)(0,18)
Polygon:
(0,0)(31,0)(31,6)(16,6)(16,20)(0,20)
Polygon:
(0,0)(15,0)(15,9)(3,9)(3,17)(0,17)
Polygon:
(0,0)(31,0)(31,8)(15,8)(15,23)(0,23)
Polygon:
(0,0)(24,0)(24,2)(15,2)(15,12)(0,12)
Polygon:
(0,0)(23,0)(23,6)(11,6)(11,7)(0,7)
Polygon:
(0,0)(14,0)(14,14)(9,14)(9,31)(0,31)
Polygon:
(0,0)(17,0)(17,12)(11,12)(11,27)(0,27)
Polygon:
(0,0)(19,0)(19,6)(18,6)(18,12)(0,12)
Polygon:
(0,0)(16,0)(16,1)(4,1)(4,19)(0,19)
Polygon:
(0,0)(4,0)(4,12)(1,12)(1,28)(0,28)
Polygon:
(0,0)(25,0)(25,14)(7,14)(7,27)(0,27)
Polygon:
(0,0)(19,0)(19,3)(13,3)(13,8)(0,8)
Polygon:
(0,0)(27,0)(27,8)(11,8)(11,26)(0,26)
Polygon:
(0,0)(4,0)(4,6)(2,6)(2,9)(0,9)
Polygon:
(0,0)(11,0)(11,2)(10,2)(10,19)(0,19)
Polygon:
(0,0)(2,0)(2,2)(1,2)(1,16)(0,16)
Polygon:
(0,0)(16,0)(16,1)(3,1)(3,12)(0,12)
Polygon:
(0,0)(12,0)(12,12)(5,12)(5,17)(0,17)
Polygon:
(0,0)(9,0)(9,16)(6,16)(6,31)(0,31)
Polygon:
(0,0)(18,0)(18,10)(13,10)(13,11)(0,11)
Polygon:
(0,0)(7,0)(7,16)(6,16)(6,22)(0,22)
Polygon:
(0,0)(22,0)(22,2)(11,2)(11,5)(0,5)
Polygon:
(0,0)(24,0)(24,14)(6,14)(6,21)(0,21)
Polygon:
(0,0)(25,0)(25,3)(17,3)(17,9)(0,9)
Polygon:
(0,0)(31,0)(31,7)(16,7)(16,10)(0,10)
Polygon:
(0,0)(23,0)(23,7)(5,7)(5,23)(0,23)
Polygon:
(0,0)(19,0)(19,4)(3,4)(3,15)(0,15)
Polygon:
(0,0)(21,0)(21,5)(9,5)(9,8)(0,8)
Polygon:
(0,0)(18,0)(18,14)(7,14)(7,23)(0,23)
Polygon:
(0,0)(8,0)(8,1)(2,1)(2,11)(0,11)
Polygon:
(0,0)(12,0)(12,3)(9,3)(9,16)(0,16)
Polygon:
(0,0)(8,0)(8,13)(5,13)(5,23)(0,23)
Polygon:
(0,0)(11,0)(11,1)(7,1)(7,6)(0,6)
Polygon:
(0,0)(10,0)(10,10)(5,10)(5,26)(0,26)
Polygon:
(0,0)(15,0)(15,9)(8,9)(8,15)(0,15)
Polygon:
(0,0)(7,0)(7,16)(1,16)(1,24)(0,24)
Polygon:
(0,0)(12,0)(12,10)(2,10)(2,16)(0,16)
Polygon:
(0,0)(5,0)(5,11)(4,11)(4,25)(0,25)
Polygon:
(0,0)(6,0)(6,10)(4,10)(4,14)(0,14)
Polygon:
(0,0)(16,0)(16,15)(7,15)(7,19)(0,19)
Polygon:
(0,0)(26,0)(26,10)(13,10)(13,16)(0,16)
Polygon:
(0,0)(18,0)(18,11)(10,11)(10,20)(0,20)
Polygon:
(0,0)(21,0)(21,7)(14,7)(14,15)(0,15)
Polygon:
(0,0)(33,0)(33,4)(18,4)(18,19)(0,19)
Polygon:
(0,0)(31,0)(31,16)(18,16)(18,17)(0,17)
Polygon:
(0,0)(6,0)(6,12)(5,12)(5,13)(0,13)
Polygon:
(0,0)(26,0)(26,16)(15,16)(15,21)(0,21)
Polygon:
(0,0)(25,0)(25,13)(11,13)(11,20)(0,20)
Polygon:
(0,0)(18,0)(18,13)(14,13)(14,21)(0,21)
Polygon:
(0,0)(23,0)(23,12)(16,12)(16,25)(0,25)
Polygon:
(0,0)(22,0)(22,4)(14,4)(14,15)(0,15)
Polygon:
(0,0)(16,0)(16,12)(8,12)(8,23)(0,23)
Polygon:
(0,0)(15,0)(15,13)(11,13)(11,31)(0,31)
Polygon:
(0,0)(11,0)(11,1)(6,1)(6,19)(0,19)
Polygon:
(0,0)(18,0)(18,9)(11,9)(11,27)(0,27)
Polygon:
(0,0)(33,0)(33,13)(15,13)(15,22)(0,22)
Polygon:
(0,0)(15,0)(15,1)(9,1)(9,13)(0,13)
Polygon:
(0,0)(29,0)(29,11)(18,11)(18,19)(0,19)
Polygon:
(0,0)(20,0)(20,17)(18,17)(18,30)(0,30)
Polygon:
(0,0)(30,0)(30,1)(16,1)(16,8)(0,8)
Polygon:
(0,0)(14,0)(14,18)(12,18)(12,26)(0,26)
Polygon:
(0,0)(19,0)(19,10)(7,10)(7,27)(0,27)
Polygon:
(0,0)(21,0)(21,16)(15,16)(15,28)(0,28)
Polygon:
(0,0)(12,0)(12,15)(6,15)(6,27)(0,27)
Polygon:
(0,0)(28,0)(28,15)(15,15)(15,30)(0,30)
Polygon:
(0,0)(23,0)(23,14)(15,14)(15,20)(0,20)
Polygon:
(0,0)(13,0)(13,5)(5,5)(5,11)(0,11)
Polygon:
(0,0)(25,0)(25,3)(11,3)(11,14)(0,14)
Polygon:
(0,0)(25,0)(25,16)(9,16)(9,20)(0,20)
Polygon:
(0,0)(17,0)(17,3)(4,3)(4,13)(0,13)
Polygon:
(0,0)(23,0)(23,11)(16,11)(16,23)(0,23)
Polygon:
(0,0)(33,0)(33,10)(16,10)(16,23)(0,23)
Polygon:
(0,0)(17,0)(17,13)(8,13)(8,30)(0,30)
Polygon:
(0,0)(14,0)(14,14)(6,14)(6,21)(0,21)
Polygon:
(0,0)(22,0)(22,9)(11,9)(11,16)(0,16)
Polygon:
(0,0)(25,0)(25,1)(15,1)(15,14)(0,14)
Polygon:
(0,0)(7,0)(7,15)(2,15)(2,25)(0,25)
Polygon:
(0,0)(20,0)(20,2)(3,2)(3,19)(0,19)
Polygon:
(0,0)(15,0)(15,4)(1,4)(1,11)(0,11)
Polygon:
(0,0)(6,0)(6,8)(4,8)(4,9)(0,9)
Polygon:
(0,0)(19,0)(19,2)(6,2)(6,8)(0,8)
Polygon:
(0,0)(17,0)(17,2)(7,2)(7,19)(0,19)
Polygon:
(0,0)(28,0)(28,11)(14,11)(14,15)(0,15)
Polygon:
(0,0)(26,0)(26,7)(10,7)(10,13)(0,13)
Polygon:
(0,0)(16,0)(16,7)(6,7)(6,16)(0,16)
Polygon:
(0,0)(8,0)(8,10)(1,10)(1,27)(0,27)
Polygon:
(0,0)(19,0)(19,13)(11,13)(11,27)(0,27)
Polygon:
(0,0)(14,0)(14,3)(1,3)(1,7)(0,7)
Polygon:
(0,0)(10,0)(10,14)(4,14)(4,23)(0,23)
Polygon:
(0,0)(32,0)(32,12)(16,12)(16,29)(0,29)
Polygon:
(0,0)(30,0)(30,2)(14,2)(14,20)(0,20)
Polygon:
(0,0)(21,0)(21,4)(3,4)(3,8)(0,8)
Polygon:
(0,0)(17,0)(17,15)(2,15)(2,22)(0,22)
Polygon:
(0,0)(23,0)(23,11)(10,11)(10,27)(0,27)
Polygon:
(0,0)(17,0)(17,5)(5,5)(5,10)(0,10)
Polygon:
(0,0)(31,0)(31,18)(15,18)(15,27)(0,27)
Polygon:
(0,0)(12,0)(12,6)(1,6)(1,24)(0,24)
Polygon:
(0,0)(27,0)(27,4)(16,4)(16,14)(0,14)
Polygon:
(0,0)(18,0)(18,6)(9,6)(9,13)(0,13)
Polygon:
(0,0)(10,0)(10,9)(3,9)(3,12)(0,12)
Polygon:
(0,0)(16,0)(16,10)(14,10)(14,11)(0,11)
Polygon:
(0,0)(10,0)(10,3)(4,3)(4,5)(0,5)
Polygon:
(0,0)(29,0)(29,5)(11,5)(11,7)(0,7)
Polygon:
(0,0)(21,0)(21,12)(16,12)(16,24)(0,24)
Polygon:
(0,0)(29,0)(29,2)(12,2)(12,15)(0,15)
Polygon:
(0,0)(25,0)(25,15)(17,15)(17,23)(0,23)
Polygon:
(0,0)(17,0)(17,15)(13,15)(13,23)(0,23)
Polygon:
(0,0)(11,0)(11,4)(5,4)(5,20)(0,20)
Polygon:
(0,0)(25,0)(25,15)(17,15)(17,29)(0,29)
Polygon:
(0,0)(17,0)(17,7)(14,7)(14,11)(0,11)
Polygon:
(0,0)(12,0)(12,8)(3,8)(3,25)(0,25)
Polygon:
(0,0)(33,0)(33,6)(18,6)(18,13)(0,13)
Polygon:
(0,0)(28,0)(28,18)(18,18)(18,26)(0,26)
Polygon:
(0,0)(31,0)(31,14)(16,14)(16,18)(0,18)
Polygon:
(0,0)(34,0)(34,3)(16,3)(16,12)(0,12)
Polygon:
(0,0)(12,0)(12,1)(8,1)(8,13)(0,13)
Polygon:
(0,0)(6,0)(6,2)(3,2)(3,19)(0,19)
Polygon:
(0,0)(28,0)(28,12)(13,12)(13,27)(0,27)
Polygon:
(0,0)(21,0)(21,5)(12,5)(12,12)(0,12)
Polygon:
(0,0)(26,0)(26,8)(13,8)(13,18)(0,18)
Polygon:
(0,0)(10,0)(10,16)(9,16)(9,23)(0,23)
Polygon:
(0,0)(13,0)(13,3)(3,3)(3,21)(0,21)
Polygon:
(0,0)(9,0)(9,17)(2,17)(2,29)(0,29)
Polygon:
(0,0)(29,0)(29,6)(12,6)(12,10)(0,10)
Polygon:
(0,0)(17,0)(17,13)(13,13)(13,24)(0,24)
Polygon:
(0,0)(23,0)(23,11)(12,11)(12,28)(0,28)
Polygon:
(0,0)(7,0)(7,11)(5,11)(5,22)(0,22)
Polygon:
(0,0)(9,0)(9,17)(1,17)(1,24)(0,24)
Polygon:
(0,0)(27,0)(27,10)(15,10)(15,18)(0,18)
Polygon:
(0,0)(19,0)(19,17)(5,17)(5,29)(0,29)
Polygon:
(0,0)(20,0)(20,17)(14,17)(14,33)(0,33)
Polygon:
(0,0)(24,0)(24,11)(17,11)(17,22)(0,22)
Polygon:
(0,0)(16,0)(16,16)(14,16)(14,29)(0,29)
Polygon:
(0,0)(18,0)(18,13)(9,13)(9,15)(0,15)
Polygon:
(0,0)(14,0)(14,13)(7,13)(7,17)(0,17)
Polygon:
(0,0)(21,0)(21,8)(9,8)(9,24)(0,24)
Polygon:
(0,0)(26,0)(26,6)(13,6)(13,12)(0,12)
Polygon:
(0,0)(21,0)(21,6)(18,6)(18,21)(0,21)
Polygon:
(0,0)(23,0)(23,10)(17,10)(17,20)(0,20)
Polygon:
(0,0)(25,0)(25,8)(11,8)(11,14)(0,14)
Polygon:
(0,0)(14,0)(14,13)(7,13)(7,23)(0,23)
Polygon:
(0,0)(21,0)(21,10)(5,10)(5,11)(0,11)
Polygon:
(0,0)(10,0)(10,4)(8,4)(8,16)(0,16)
Polygon:
(0,0)(12,0)(12,15)(7,15)(7,30)(0,30)
Polygon:
(0,0)(20,0)(20,16)(15,16)(15,20)(0,20)
Polygon:
(0,0)(19,0)(19,4)(2,4)(2,16)(0,16)
Polygon:
(0,0)(23,0)(23,9)(11,9)(11,20)(0,20)
Polygon:
(0,0)(19,0)(19,6)(8,6)(8,15)(0,15)
Polygon:
(0,0)(14,0)(14,13)(6,13)(6,22)(0,22)
Polygon:
(0,0)(7,0)(7,18)(2,18)(2,21)(0,21)
Polygon:
(0,0)(23,0)(23,1)(5,1)(5,14)(0,14)
Polygon:
(0,0)(23,0)(23,6)(10,6)(10,23)(0,23)
Polygon:
(0,0)(24,0)(24,5)(12,5)(12,17)(0,17)
Polygon:
(0,0)(26,0)(26,15)(9,15)(9,19)(0,19)
Polygon:
(0,0)(19,0)(19,18)(10,18)(10,19)(0,19)
Polygon:
(0,0)(22,0)(22,3)(8,3)(8,18)(0,18)
Polygon:
(0,0)(19,0)(19,13)(15,13)(15,30)(0,30)
Polygon:
(0,0)(4,0)(4,15)(3,15)(3,18)(0,18)
Polygon:
(0,0)(28,0)(28,9)(10,9)(10,15)(0,15)
Polygon:
(0,0)(5,0)(5,6)(3,6)(3,11)(0,11)
Polygon:
(0,0)(14,0)(14,3)(9,3)(9,4)(0,4)
Polygon:
(0,0)(22,0)(22,16)(18,16)(18,31)(0,31)
Polygon:
(0,0)(30,0)(30,11)(15,11)(15,23)(0,23)
Polygon:
(0,0)(26,0)(26,5)(9,5)(9,10)(0,10)
Polygon:
(0,0)(10,0)(10,1)(6,1)(6,12)(0,12)
Polygon:
(0,0)(14,0)(14,2)(13,2)(13,6)(0,6)
Polygon:
(0,0)(5,0)(5,16)(4,16)(4,25)(0,25)
Polygon:
(0,0)(11,0)(11,3)(10,3)(10,16)(0,16)
Polygon:
(0,0)(8,0)(8,18)(1,18)(1,23)(0,23)
Polygon:
(0,0)(20,0)(20,3)(5,3)(5,15)(0,15)
Polygon:
(0,0)(13,0)(13,8)(10,8)(10,13)(0,13)
Polygon:
(0,0)(33,0)(33,3)(16,3)(16,6)(0,6)
Polygon:
(0,0)(17,0)(17,9)(13,9)(13,13)(0,13)
Polygon:
(0,0)(17,0)(17,4)(9,4)(9,7)(0,7)
Polygon:
(0,0)(29,0)(29,16)(14,16)(14,27)(0,27)
Polygon:
(0,0)(22,0)(22,17)(14,17)(14,26)(0,26)
Polygon:
(0,0)(36,0)(36,17)(18,17)(18,35)(0,35)
Polygon:
(0,0)(19,0)(19,7)(17,7)(17,24)(0,24)
Polygon:
(0,0)(23,0)(23,1)(8,1)(8,13)(0,13)
Polygon:
(0,0)(30,0)(30,17)(15,17)(15,19)(0,19)
Polygon:
(0,0)(29,0)(29,4)(17,4)(17,21)(0,21)
Polygon:
(0,0)(17,0)(17,16)(6,16)(6,23)(0,23)
Polygon:
(0,0)(19,0)(19,8)(17,8)(17,18)(0,18)
Polygon:
(0,0)(14,0)(14,10)(1,10)(1,19)(0,19)
Polygon:
(0,0)(17,0)(17,14)(1,14)(1,15)(0,15)
Polygon:
(0,0)(16,0)(16,15)(9,15)(9,22)(0,22)
Polygon:
(0,0)(11,0)(11,3)(6,3)(6,17)(0,17)
Polygon:
(0,0)(15,0)(15,10)(14,10)(14,25)(0,25)
Polygon:
(0,0)(20,0)(20,10)(5,10)(5,18)(0,18)
Polygon:
(0,0)(30,0)(30,7)(14,7)(14,10)(0,10)
Polygon:
(0,0)(19,0)(19,15)(3,15)(3,21)(0,21)
Polygon:
(0,0)(17,0)(17,12)(5,12)(5,13)(0,13)
Polygon:
(0,0)(21,0)(21,3)(10,3)(10,7)(0,7)
Polygon:
(0,0)(18,0)(18,17)(17,17)(17,20)(0,20)
Polygon:
(0,0)(16,0)(16,7)(1,7)(1,17)(0,17)
Polygon:
(0,0)(15,0)(15,3)(3,3)(3,13)(0,13)
Polygon:
(0,0)(26,0)(26,12)(11,12)(11,26)(0,26)
Polygon:
(0,0)(18,0)(18,7)(4,7)(4,14)(0,14)
Polygon:
(0,0)(11,0)(11,10)(8,10)(8,17)(0,17)
Polygon:
(0,0)(17,0)(17,8)(1,8)(1,19)(0,19)
Polygon:
(0,0)(31,0)(31,14)(17,14)(17,27)(0,27)
Polygon:
(0,0)(12,0)(12,10)(6,10)(6,18)(0,18)
Polygon:
(0,0)(20,0)(20,17)(14,17)(14,30)(0,30)
Polygon:
(0,0)(16,0)(16,14)(1,14)(1,18)(0,18)
Polygon:
(0,0)(20,0)(20,15)(2,15)(2,32)(0,32)
Polygon:
(0,0)(23,0)(23,4)(14,4)(14,14)(0,14)
Polygon:
(0,0)(14,0)(14,18)(10,18)(10,23)(0,23)
Polygon:
(0,0)(24,0)(24,8)(7,8)(7,19)(0,19)
Polygon:
(0,0)(28,0)(28,10)(14,10)(14,24)(0,24)
Polygon:
(0,0)(24,0)(24,1)(17,1)(17,16)(0,16)
Polygon:
(0,0)(18,0)(18,12)(15,12)(15,18)(0,18)
Polygon:
(0,0)(24,0)(24,1)(9,1)(9,7)(0,7)
Polygon:
(0,0)(17,0)(17,16)(15,16)(15,28)(0,28)
Polygon:
(0,0)(20,0)(20,18)(3,18)(3,19)(0,19)
Polygon:
(0,0)(12,0)(12,2)(4,2)(4,19)(0,19)
Polygon:
(0,0)(23,0)(23,10)(6,10)(6,22)(0,22)
Polygon:
(0,0)(13,0)(13,13)(11,13)(11,18)(0,18)
Polygon:
(0,0)(27,0)(27,5)(15,5)(15,22)(0,22)
Polygon:
(0,0)(30,0)(30,12)(16,12)(16,28)(0,28)
Polygon:
(0,0)(14,0)(14,6)(12,6)(12,9)(0,9)
Polygon:
(0,0)(11,0)(11,5)(1,5)(1,20)(0,20)
Polygon:
(0,0)(21,0)(21,5)(8,5)(8,8)(0,8)
Polygon:
(0,0)(9,0)(9,10)(7,10)(7,19)(0,19)
Polygon:
(0,0)(14,0)(14,15)(8,15)(8,20)(0,20)
Polygon:
(0,0)(20,0)(20,14)(10,14)(10,29)(0,29)
Polygon:
(0,0)(16,0)(16,4)(9,4)(9,22)(0,22)
Polygon:
(0,0)(6,0)(6,12)(3,12)(3,26)(0,26)
Polygon:
(0,0)(14,0)(14,11)(12,11)(12,18)(0,18)
Polygon:
(0,0)(19,0)(19,10)(13,10)(13,13)(0,13)
Polygon:
(0,0)(26,0)(26,16)(15,16)(15,31)(0,31)
Polygon:
(0,0)(4,0)(4,9)(2,9)(2,25)(0,25)
Polygon:
(0,0)(23,0)(23,2)(6,2)(6,14)(0,14)
Polygon:
(0,0)(24,0)(24,16)(12,16)(12,32)(0,32)
Polygon:
(0,0)(17,0)(17,9)(14,9)(14,20)(0,20)
Polygon:
(0,0)(18,0)(18,3)(6,3)(6,12)(0,12)
Polygon:
(0,0)(8,0)(8,7)(2,7)(2,22)(0,22)
Polygon:
(0,0)(27,0)(27,11)(12,11)(12,12)(0,12)
Polygon:
(0,0)(14,0)(14,14)(6,14)(6,31)(0,31)
Polygon:
(0,0)(25,0)(25,7)(16,7)(16,11)(0,11)
Polygon:
(0,0)(4,0)(4,6)(2,6)(2,22)(0,22)
Polygon:
(0,0)(26,0)(26,2)(11,2)(11,18)(0,18)
Polygon:
(0,0)(15,0)(15,3)(13,3)(13,14)(0,14)
Polygon:
(0,0)(21,0)(21,2)(10,2)(10,13)(0,13)
Polygon:
(0,0)(23,0)(23,15)(16,15)(16,27)(0,27)
Polygon:
(0,0)(25,0)(25,4)(11,4)(11,15)(0,15)
Polygon:
(0,0)(23,0)(23,7)(18,7)(18,24)(0,24)
Polygon:
(0,0)(15,0)(15,2)(4,2)(4,10)(0,10)
Polygon:
(0,0)(24,0)(24,4)(16,4)(16,13)(0,13)
Polygon:
(0,0)(23,0)(23,6)(8,6)(8,14)(0,14)
Polygon:
(0,0)(10,0)(10,12)(8,12)(8,22)(0,22)
Polygon:
(0,0)(14,0)(14,2)(6,2)(6,5)(0,5)
Polygon:
(0,0)(22,0)(22,11)(14,11)(14,15)(0,15)
Polygon:
(0,0)(27,0)(27,1)(14,1)(14,3)(0,3)
Polygon:
(0,0)(16,0)(16,4)(12,4)(12,6)(0,6)
Polygon:
(0,0)(27,0)(27,18)(11,18)(11,21)(0,21)
Polygon:
(0,0)(13,0)(13,17)(9,17)(9,29)(0,29)
Polygon:
(0,0)(11,0)(11,15)(4,15)(4,25)(0,25)
Polygon:
(0,0)(26,0)(26,14)(12,14)(12,27)(0,27)
Polygon:
(0,0)(9,0)(9,2)(3,2)(3,8)(0,8)
Polygon:
(0,0)(32,0)(32,15)(17,15)(17,22)(0,22)
Polygon:
(0,0)(31,0)(31,18)(16,18)(16,35)(0,35)
Polygon:
(0,0)(14,0)(14,13)(7,13)(7,23)(0,23)
Polygon:
(0,0)(14,0)(14,10)(1,10)(1,28)(0,28)
Polygon:
(0,0)(20,0)(20,2)(15,2)(15,6)(0,6)
Polygon:
(0,0)(20,0)(20,2)(9,2)(9,6)(0,6)
Polygon:
(0,0)(7,0)(7,3)(5,3)(5,7)(0,7)
Polygon:
(0,0)(20,0)(20,14)(4,14)(4,28)(0,28)
Polygon:
(0,0)(18,0)(18,13)(6,13)(6,23)(0,23)
Polygon:
(0,0)(20,0)(20,9)(7,9)(7,22)(0,22)
Polygon:
(0,0)(6,0)(6,11)(1,11)(1,12)(0,12)
Polygon:
(0,0)(9,0)(9,7)(7,7)(7,17)(0,17)
Polygon:
(0,0)(17,0)(17,17)(16,17)(16,22)(0,22)
Polygon:
(0,0)(20,0)(20,11)(16,11)(16,27)(0,27)
Polygon:
(0,0)(25,0)(25,6)(8,6)(8,17)(0,17)
Polygon:
(0,0)(16,0)(16,6)(12,6)(12,22)(0,22)
Polygon:
(0,0)(23,0)(23,7)(16,7)(16,21)(0,21)
Polygon:
(0,0)(24,0)(24,9)(12,9)(12,10)(0,10)
Polygon:
(0,0)(14,0)(14,15)(13,15)(13,16)(0,16)
Polygon:
(0,0)(19,0)(19,5)(1,5)(1,16)(0,16)
Polygon:
(0,0)(14,0)(14,1)(5,1)(5,12)(0,12)
Polygon:
(0,0)(32,0)(32,18)(17,18)(17,25)(0,25)
Polygon:
(0,0)(29,0)(29,17)(18,17)(18,26)(0,26)
Polygon:
(0,0)(27,0)(27,15)(16,15)(16,25)(0,25)
Polygon:
(0,0)(24,0)(24,12)(17,12)(17,14)(0,14)
Polygon:
(0,0)(25,0)(25,18)(8,18)(8,28)(0,28)
Polygon:
(0,0)(17,0)(17,5)(5,5)(5,15)(0,15)
Polygon:
(0,0)(24,0)(24,18)(8,18)(8,33)(0,33)
Polygon:
(0,0)(21,0)(21,9)(8,9)(8,20)(0,20)
Polygon:
(0,0)(10,0)(10,2)(9,2)(9,10)(0,10)
Polygon:
(0,0)(31,0)(31,10)(14,10)(14,13)(0,13)
Polygon:
(0,0)(17,0)(17,12)(13,12)(13,15)(0,15)
Polygon:
(0,0)(23,0)(23,12)(9,12)(9,24)(0,24)
Polygon:
(0,0)(10,0)(10,12)(3,12)(3,29)(0,29)
Polygon:
(0,0)(25,0)(25,6)(15,6)(15,24)(0,24)
Polygon:
(0,0)(13,0)(13,17)(6,17)(6,33)(0,33)
Polygon:
(0,0)(12,0)(12,10)(9,10)(9,17)(0,17)
Polygon:
(0,0)(21,0)(21,6)(17,6)(17,13)(0,13)
Polygon:
(0,0)(9,0)(9,11)(2,11)(2,25)(0,25)
Polygon:
(0,0)(20,0)(20,5)(13,5)(13,16)(0,16)
Polygon:
(0,0)(24,0)(24,15)(12,15)(12,16)(0,16)
Polygon:
(0,0)(9,0)(9,18)(7,18)(7,28)(0,28)
Polygon:
(0,0)(19,0)(19,16)(13,16)(13,20)(0,20)
Polygon:
(0,0)(25,0)(25,5)(17,5)(17,13)(0,13)
Polygon:
(0,0)(20,0)(20,11)(6,11)(6,29)(0,29)
Polygon:
(0,0)(7,0)(7,10)(4,10)(4,22)(0,22)
Polygon:
(0,0)(9,0)(9,8)(7,8)(7,16)(0,16)
Polygon:
(0,0)(26,0)(26,18)(18,18)(18,30)(0,30)
Polygon:
(0,0)(29,0)(29,15)(15,15)(15,30)(0,30)
Polygon:
(0,0)(29,0)(29,17)(12,17)(12,34)(0,34)
Polygon:
(0,0)(21,0)(21,13)(9,13)(9,14)(0,14)
Polygon:
(0,0)(26,0)(26,12)(16,12)(16,13)(0,13)
Polygon:
(0,0)(6,0)(6,14)(2,14)(2,32)(0,32)
Polygon:
(0,0)(17,0)(17,3)(7,3)(7,7)(0,7)
Polygon:
(0,0)(6,0)(6,3)(4,3)(4,17)(0,17)
Polygon:
(0,0)(24,0)(24,18)(10,18)(10,19)(0,19)
Polygon:
(0,0)(18,0)(18,10)(5,10)(5,19)(0,19)
Polygon:
(0,0)(23,0)(23,11)(7,11)(7,22)(0,22)
Polygon:
(0,0)(7,0)(7,13)(2,13)(2,15)(0,15)
Polygon:
(0,0)(16,0)(16,1)(1,1)(1,13)(0,13)
Polygon:
(0,0)(26,0)(26,9)(9,9)(9,24)(0,24)
Polygon:
(0,0)(18,0)(18,15)(9,15)(9,16)(0,16)
Polygon:
(0,0)(34,0)(34,8)(16,8)(16,24)(0,24)
Polygon:
(0,0)(21,0)(21,14)(14,14)(14,16)(0,16)
Polygon:
(0,0)(33,0)(33,9)(18,9)(18,10)(0,10)
Polygon:
(0,0)(26,0)(26,13)(17,13)(17,15)(0,15)
Polygon:
(0,0)(26,0)(26,18)(17,18)(17,21)(0,21)
Polygon:
(0,0)(15,0)(15,8)(5,8)(5,16)(0,16)
Polygon:
(0,0)(33,0)(33,15)(15,15)(15,26)(0,26)
Polygon:
(0,0)(21,0)(21,3)(6,3)(6,20)(0,20)
Polygon:
(0,0)(27,0)(27,15)(18,15)(18,32)(0,32)
Polygon:
(0,0)(26,0)(26,14)(17,14)(17,20)(0,20)
Polygon:
(0,0)(17,0)(17,18)(4,18)(4,27)(0,27)
Polygon:
(0,0)(23,0)(23,11)(9,11)(9,13)(0,13)
Polygon:
(0,0)(17,0)(17,2)(3,2)(3,20)(0,20)
Polygon:
(0,0)(18,0)(18,1)(14,1)(14,6)(0,6)
Polygon:
(0,0)(34,0)(34,17)(16,17)(16,30)(0,30)
Polygon:
(0,0)(19,0)(19,14)(4,14)(4,31)(0,31)
Polygon:
(0,0)(30,0)(30,4)(12,4)(12,14)(0,14)
Polygon:
(0,0)(6,0)(6,8)(2,8)(2,13)(0,13)
Polygon:
(0,0)(27,0)(27,9)(12,9)(12,23)(0,23)
Polygon:
(0,0)(23,0)(23,8)(16,8)(16,15)(0,15)
Polygon:
(0,0)(22,0)(22,16)(15,16)(15,33)(0,33)
Polygon:
(0,0)(21,0)(21,6)(18,6)(18,22)(0,22)
Polygon:
(0,0)(22,0)(22,3)(6,3)(6,5)(0,5)
Polygon:
(0,0)(3,0)(3,18)(1,18)(1,22)(0,22)
Polygon:
(0,0)(16,0)(16,11)(6,11)(6,12)(0,12)
Polygon:
(0,0)(29,0)(29,1)(18,1)(18,5)(0,5)
Polygon:
(0,0)(26,0)(26,1)(8,1)(8,16)(0,16)
Polygon:
(0,0)(11,0)(11,6)(6,6)(6,22)(0,22)
Polygon:
(0,0)(15,0)(15,15)(3,15)(3,31)(0,31)
Polygon:
(0,0)(14,0)(14,12)(5,12)(5,28)(0,28)
Polygon:
(0,0)(17,0)(17,15)(2,15)(2,21)(0,21)
Polygon:
(0,0)(26,0)(26,9)(11,9)(11,16)(0,16)
Polygon:
(0,0)(33,0)(33,8)(15,8)(15,11)(0,11)
Polygon:
(0,0)(22,0)(22,16)(17,16)(17,28)(0,28)
Polygon:
(0,0)(17,0)(17,16)(16,16)(16,27)(0,27)
Polygon:
(0,0)(10,0)(10,6)(2,6)(2,8)(0,8)
Polygon:
(0,0)(20,0)(20,17)(11,17)(11,28)(0,28)
Polygon:
(0,0)(23,0)(23,8)(8,8)(8,10)(0,10)
Polygon:
(0,0)(17,0)(17,8)(3,8)(3,10)(0,10)
Polygon:
(0,0)(26,0)(26,8)(18,8)(18,25)(0,25)
Polygon:
(0,0)(15,0)(15,4)(8,4)(8,9)(0,9)
Polygon:
(0,0)(23,0)(23,3)(9,3)(9,17)(0,17)
Polygon:
(0,0)(31,0)(31,12)(17,12)(17,18)(0,18)
Polygon:
(0,0)(21,0)(21,15)(16,15)(16,22)(0,22)
Polygon:
(0,0)(27,0)(27,11)(14,11)(14,18)(0,18)
Polygon:
(0,0)(27,0)(27,10)(10,10)(10,26)(0,26)
Polygon:
(0,0)(19,0)(19,9)(13,9)(13,17)(0,17)
Polygon:
(0,0)(21,0)(21,10)(12,10)(12,17)(0,17)
Polygon:
(0,0)(22,0)(22,4)(14,4)(14,12)(0,12)
Polygon:
(0,0)(19,0)(19,17)(7,17)(7,34)(0,34)
Polygon:
(0,0)(30,0)(30,12)(12,12)(12,30)(0,30)
Polygon:
(0,0)(8,0)(8,7)(1,7)(1,8)(0,8)
Polygon:
(0,0)(31,0)(31,3)(14,3)(14,14)(0,14)
Polygon:
(0,0)(17,0)(17,14)(9,14)(9,29)(0,29)
Polygon:
(0,0)(28,0)(28,8)(16,8)(16,14)(0,14)
Polygon:
(0,0)(21,0)(21,11)(12,11)(12,17)(0,17)
Polygon:
(0,0)(20,0)(20,12)(12,12)(12,16)(0,16)
Polygon:
(0,0)(17,0)(17,16)(11,16)(11,20)(0,20)
Polygon:
(0,0)(24,0)(24,13)(13,13)(13,14)(0,14)
Polygon:
(0,0)(21,0)(21,16)(7,16)(7,33)(0,33)
Polygon:
(0,0)(23,0)(23,12)(11,12)(11,24)(0,24)
Polygon:
(0,0)(7,0)(7,2)(3,2)(3,15)(0,15)
Polygon:
(0,0)(14,0)(14,11)(7,11)(7,22)(0,22)
Polygon:
(0,0)(22,0)(22,3)(7,3)(7,17)(0,17)
Polygon:
(0,0)(27,0)(27,7)(17,7)(17,8)(0,8)
Polygon:
(0,0)(22,0)(22,1)(18,1)(18,6)(0,6)
Polygon:
(0,0)(16,0)(16,12)(10,12)(10,16)(0,16)
Polygon:
(0,0)(31,0)(31,12)(18,12)(18,30)(0,30)
Polygon:
(0,0)(17,0)(17,16)(6,16)(6,28)(0,28)
Polygon:
(0,0)(15,0)(15,5)(3,5)(3,22)(0,22)
Polygon:
(0,0)(18,0)(18,4)(11,4)(11,15)(0,15)
Polygon:
(0,0)(8,0)(8,11)(2,11)(2,16)(0,16)
Polygon:
(0,0)(13,0)(13,18)(8,18)(8,25)(0,25)
Polygon:
(0,0)(21,0)(21,13)(10,13)(10,14)(0,14)
Polygon:
(0,0)(18,0)(18,5)(11,5)(11,12)(0,12)
Polygon:
(0,0)(14,0)(14,6)(4,6)(4,15)(0,15)
Polygon:
(0,0)(26,0)(26,12)(11,12)(11,25)(0,25)
Polygon:
(0,0)(23,0)(23,17)(11,17)(11,28)(0,28)
Polygon:
(0,0)(17,0)(17,8)(11,8)(11,12)(0,12)
Polygon:
(0,0)(28,0)(28,8)(13,8)(13,16)(0,16)
Polygon:
(0,0)(15,0)(15,5)(4,5)(4,20)(0,20)
Polygon:
(0,0)(30,0)(30,5)(18,5)(18,13)(0,13)
Polygon:
(0,0)(18,0)(18,17)(11,17)(11,35)(0,35)
Polygon:
(0,0)(18,0)(18,6)(15,6)(15,13)(0,13)
Polygon:
(0,0)(24,0)(24,9)(7,9)(7,17)(0,17)
Polygon:
(0,0)(17,0)(17,4)(9,4)(9,7)(0,7)
Polygon:
(0,0)(15,0)(15,1)(4,1)(4,5)(0,5)
Polygon:
(0,0)(6,0)(6,16)(3,16)(3,26)(0,26)
Polygon:
(0,0)(22,0)(22,9)(11,9)(11,26)(0,26)
Polygon:
(0,0)(24,0)(24,8)(17,8)(17,18)(0,18)
Polygon:
(0,0)(16,0)(16,17)(2,17)(2,21)(0,21)
Polygon:
(0,0)(30,0)(30,1)(17,1)(17,3)(0,3)
Polygon:
(0,0)(32,0)(32,27)(30,27)(30,14)(18,14)(18,15)(0,15)
Polygon:
(0,0)(18,0)(18,13)(0,13)
Polygon:
(0,0)(16,0)(16,7)(0,7)
Polygon:
(0,0)(7,0)(7,5)(0,5)
Polygon:
(0,0)(10,0)(10,14)(0,14)
Polygon:
(0,0)(20,0)(20,4)(4,4)(4,22)(3,22)(3,13)(0,13)
Polygon:
(0,0)(29,0)(29,17)(11,17)(11,18)(2,18)(2,6)(0,6)
Polygon:
(0,0)(36,0)(36,13)(20,13)(20,2)(11,2)(11,4)(0,4)
Polygon:
(0,0)(17,0)(17,4)(0,4)
Polygon:
(0,0)(28,0)(28,17)(15,17)(15,25)(9,25)(9,8)(0,8)
Polygon:
(0,0)(3,0)(3,3)(0,3)
Polygon:
(0,0)(8,0)(8,2)(0,2)
Polygon:
(0,0)(3,0)(3,8)(0,8)
Polygon:
(0,0)(10,0)(10,11)(0,11)
Polygon:
(0,0)(26,0)(26,15)(19,15)(19,20)(11,20)(11,14)(0,14)
Polygon:
(0,0)(29,0)(29,4)(14,4)(14,16)(11,16)(11,2)(0,2)
Polygon:
(0,0)(49,0)(49,17)(31,17)(31,22)(15,22)(15,16)(0,16)
Polygon:
(0,0)(40,0)(40,14)(28,14)(28,7)(11,7)(11,14)(0,14)
Polygon:
(0,0)(29,0)(29,23)(19,23)(19,15)(16,15)(16,17)(0,17)
Polygon:
(0,0)(12,0)(12,13)(0,13)
Polygon:
(0,0)(4,0)(4,8)(0,8)
Polygon:
(0,0)(33,0)(33,17)(18,17)(18,4)(8,4)(8,7)(0,7)
Polygon:
(0,0)(20,0)(20,22)(14,22)(14,24)(3,24)(3,11)(0,11)
Polygon:
(0,0)(9,0)(9,18)(0,18)
Polygon:
(0,0)(7,0)(7,6)(0,6)
Polygon:
(0,0)(4,0)(4,10)(0,10)
Polygon:
(0,0)(25,0)(25,23)(15,23)(15,31)(1,31)(1,14)(0,14)
Polygon:
(0,0)(16,0)(16,17)(10,17)(10,19)(9,19)(9,4)(0,4)
Polygon:
(0,0)(11,0)(11,4)(0,4)
Polygon:
(0,0)(5,0)(5,7)(0,7)
Polygon:
(0,0)(13,0)(13,17)(0,17)
Polygon:
(0,0)(9,0)(9,4)(0,4)
Polygon:
(0,0)(7,0)(7,1)(0,1)
Polygon:
(0,0)(27,0)(27,1)(11,1)(11,17)(8,17)(8,10)(0,10)
Polygon:
(0,0)(28,0)(28,26)(22,26)(22,11)(18,11)(18,12)(0,12)
Polygon:
(0,0)(29,0)(29,10)(25,10)(25,17)(12,17)(12,12)(0,12)
Polygon:
(0,0)(13,0)(13,13)(0,13)
Polygon:
(0,0)(6,0)(6,18)(0,18)
Polygon:
(0,0)(17,0)(17,11)(0,11)
Polygon:
(0,0)(2,0)(2,2)(0,2)
Polygon:
(0,0)(13,0)(13,17)(0,17)
Polygon:
(0,0)(6,0)(6,9)(0,9)
Polygon:
(0,0)(11,0)(11,2)(0,2)
Polygon:
(0,0)(47,0)(47,17)(35,17)(35,22)(18,22)(18,4)(0,4)
Polygon:
(0,0)(18,0)(18,15)(0,15)
Polygon:
(0,0)(6,0)(6,17)(0,17)
Polygon:
(0,0)(38,0)(38,8)(27,8)(27,24)(10,24)(10,8)(0,8)
Polygon:
(0,0)(18,0)(18,16)(0,16)
Polygon:
(0,0)(24,0)(24,14)(18,14)(18,2)(9,2)(9,10)(0,10)
Polygon:
(0,0)(28,0)(28,27)(20,27)(20,17)(8,17)(8,18)(0,18)
Polygon:
(0,0)(24,0)(24,4)(16,4)(16,17)(11,17)(11,16)(0,16)
Polygon:
(0,0)(18,0)(18,13)(0,13)
Polygon:
(0,0)(29,0)(29,1)(11,1)(11,11)(3,11)(3,3)(0,3)
Polygon:
(0,0)(11,0)(11,14)(0,14)
Polygon:
(0,0)(5,0)(5,15)(0,15)
Polygon:
(0,0)(12,0)(12,15)(0,15)
Polygon:
(0,0)(44,0)(44,16)(29,16)(29,5)(15,5)(15,6)(0,6)
Polygon:
(0,0)(32,0)(32,19)(17,19)(17,22)(7,22)(7,16)(0,16)
Polygon:
(0,0)(7,0)(7,9)(0,9)
Polygon:
(0,0)(16,0)(16,14)(0,14)
Polygon:
(0,0)(14,0)(14,2)(0,2)
Polygon:
(0,0)(39,0)(39,13)(21,13)(21,19)(7,19)(7,3)(0,3)
Polygon:
(0,0)(37,0)(37,10)(26,10)(26,13)(9,13)(9,1)(0,1)
Polygon:
(0,0)(9,0)(9,13)(0,13)
Polygon:
(0,0)(2,0)(2,17)(0,17)
Polygon:
(0,0)(14,0)(14,17)(0,17)
Polygon:
(0,0)(34,0)(34,5)(16,5)(16,4)(2,4)(2,15)(0,15)
Polygon:
(0,0)(13,0)(13,6)(0,6)
Polygon:
(0,0)(31,0)(31,17)(15,17)(15,18)(2,18)(2,5)(0,5)
Polygon:
(0,0)(41,0)(41,3)(26,3)(26,16)(12,16)(12,5)(0,5)
Polygon:
(0,0)(34,0)(34,10)(17,10)(17,14)(4,14)(4,9)(0,9)
Polygon:
(0,0)(17,0)(17,9)(0,9)
Polygon:
(0,0)(5,0)(5,20)(4,20)(4,6)(1,6)(1,10)(0,10)
Polygon:
(0,0)(7,0)(7,16)(0,16)
Polygon:
(0,0)(6,0)(6,10)(0,10)
Polygon:
(0,0)(12,0)(12,17)(0,17)
Polygon:
(0,0)(20,0)(20,16)(16,16)(16,13)(14,13)(14,15)(0,15)
Polygon:
(0,0)(18,0)(18,4)(0,4)
Polygon:
(0,0)(3,0)(3,17)(0,17)
Polygon:
(0,0)(35,0)(35,10)(17,10)(17,21)(4,21)(4,18)(0,18)
Polygon:
(0,0)(1,0)(1,15)(0,15)
Polygon:
(0,0)(38,0)(38,17)(23,17)(23,31)(7,31)(7,13)(0,13)
Polygon:
(0,0)(37,0)(37,11)(21,11)(21,27)(14,27)(14,9)(0,9)
Polygon:
(0,0)(47,0)(47,19)(29,19)(29,5)(12,5)(12,12)(0,12)
Polygon:
(0,0)(29,0)(29,19)(17,19)(17,9)(4,9)(4,13)(0,13)
Polygon:
(0,0)(28,0)(28,15)(21,15)(21,18)(18,18)(18,5)(0,5)
Polygon:
(0,0)(4,0)(4,3)(0,3)
Polygon:
(0,0)(18,0)(18,9)(14,9)(14,5)(13,5)(13,10)(0,10)
Polygon:
(0,0)(2,0)(2,5)(0,5)
Polygon:
(0,0)(13,0)(13,17)(0,17)
Polygon:
(0,0)(8,0)(8,9)(0,9)
Polygon:
(0,0)(3,0)(3,16)(0,16)
Polygon:
(0,0)(34,0)(34,8)(32,8)(32,12)(14,12)(14,7)(0,7)
Polygon:
(0,0)(17,0)(17,14)(0,14)
Polygon:
(0,0)(6,0)(6,18)(0,18)
Polygon:
(0,0)(7,0)(7,7)(0,7)
Polygon:
(0,0)(27,0)(27,9)(20,9)(20,14)(15,14)(15,5)(0,5)
Polygon:
(0,0)(6,0)(6,9)(0,9)
Polygon:
(0,0)(6,0)(6,5)(0,5)
Polygon:
(0,0)(8,0)(8,10)(0,10)
Polygon:
(0,0)(9,0)(9,6)(0,6)
Polygon:
(0,0)(12,0)(12,17)(6,17)(6,24)(3,24)(3,6)(0,6)
Polygon:
(0,0)(34,0)(34,15)(29,15)(29,26)(18,26)(18,12)(0,12)
Polygon:
(0,0)(9,0)(9,7)(0,7)
Polygon:
(0,0)(1,0)(1,17)(0,17)
Polygon:
(0,0)(14,0)(14,17)(12,17)(12,11)(1,11)(1,14)(0,14)
Polygon:
(0,0)(32,0)(32,24)(15,24)(15,26)(11,26)(11,12)(0,12)
Polygon:
(0,0)(32,0)(32,8)(21,8)(21,25)(6,25)(6,12)(0,12)
Polygon:
(0,0)(28,0)(28,6)(26,6)(26,2)(8,2)(8,17)(0,17)
Polygon:
(0,0)(6,0)(6,12)(0,12)
Polygon:
(0,0)(38,0)(38,18)(32,18)(32,3)(15,3)(15,9)(0,9)
Polygon:
(0,0)(33,0)(33,1)(19,1)(19,14)(11,14)(11,7)(0,7)
Polygon:
(0,0)(18,0)(18,16)(0,16)
Polygon:
(0,0)(17,0)(17,9)(0,9)
Polygon:
(0,0)(33,0)(33,16)(20,16)(20,30)(17,30)(17,12)(0,12)
Polygon:
(0,0)(23,0)(23,16)(18,16)(18,21)(2,21)(2,7)(0,7)
Polygon:
(0,0)(40,0)(40,21)(25,21)(25,3)(8,3)(8,15)(0,15)
Polygon:
(0,0)(13,0)(13,14)(0,14)
Polygon:
(0,0)(2,0)(2,6)(0,6)
Polygon:
(0,0)(35,0)(35,16)(31,16)(31,2)(16,2)(16,6)(0,6)
