Polygon:
(0,0)(5,0)(5,18)(3,18)(3,23)(0,23)
Polygon:
(0,0)(22,0)(22,9)(9,9)(9,13)(0,13)
Polygon:
(0,0)(27,0)(27,18)(14,18)(14,28)(0,28)
Polygon:
(0,0)(32,0)(32,12)(17,12)(17,17)(0,17)
Polygon:
(0,0)(26,0)(26,5)(10,5)(10,23)(0,23)
Polygon:
(0,0)(24,0)(24,1)(11,1)(11,16)(0,16)
Polygon:
(0,0)(20,0)(20,16)(13,16)(13,30)(0,30)
Polygon:
(0,0)(16,0)(16,16)(7,16)(7,31)(0,31)
Polygon:
(0,0)(24,0)(24,17)(9,17)(9,20)(0,20)
Polygon:
(0,0)(25,0)(25,5)(18,5)(18,8)(0,8)
Polygon:
(0,0)(20,0)(20,9)(9,9)(9,13)(0,13)
Polygon:
(0,0)(25,0)(25,13)(12,13)(12,14)(0,14)
Polygon:
(0,0)(30,0)(30,6)(14,6)(14,16)(0,16)
Polygon:
(0,0)(14,0)(14,17)(11,17)(11,24)(0,24)
Polygon:
(0,0)(11,0)(11,5)(4,5)(4,18)(0,18)
Polygon:
(0,0)(26,0)(26,10)(18,10)(18,27)(0,27)
Polygon:
(0,0)(31,0)(31,9)(18,9)(18,17)(0,17)
Polygon:
(0,0)(21,0)(21,3)(17,3)(17,14)(0,14)
Polygon:
(0,0)(25,0)(25,10)(16,10)(16,21)(0,21)
Polygon:
(0,0)(24,0)(24,7)(11,7)(11,24)(0,24)
Polygon:
(0,0)(20,0)(20,9)(4,9)(4,19)(0,19)
Polygon:
(0,0)(17,0)(17,15)(6,15)(6,32)(0,32)
Polygon:
(0,0)(16,0)(16,10)(3,10)(3,25)(0,25)
Polygon:
(0,0)(26,0)(26,16)(17,16)(17,17)(0,17)
Polygon:
(0,0)(25,0)(25,11)(8,11)(8,29)(0,29)
Polygon:
(0,0)(21,0)(21,6)(4,6)(4,7)(0,7)
Polygon:
(0,0)(15,0)(15,9)(8,9)(8,12)(0,12)
Polygon:
(0,0)(20,0)(20,13)(2,13)(2,30)(0,30)
Polygon:
(0,0)(11,0)(11,5)(6,5)(6,9)(0,9)
Polygon:
(0,0)(20,0)(20,1)(18,1)(18,7)(0,7)
Polygon:
(0,0)(13,0)(13,18)(3,18)(3,27)(0,27)
Polygon:
(0,0)(17,0)(17,2)(7,2)(7,8)(0,8)
Polygon:
(0,0)(9,0)(9,5)(7,5)(7,16)(0,16)
Polygon:
(0,0)(13,0)(13,18)(11,18)(11,32)(0,32)
Polygon:
(0,0)(26,0)(26,4)(17,4)(17,15)(0,15)
Polygon:
(0,0)(33,0)(33,4)(15,4)(15,19)(0,19)
Polygon:
(0,0)(15,0)(15,16)(1,16)(1,17)(0,17)
Polygon:
(0,0)(14,0)(14,6)(12,6)(12,21)(0,21)
Polygon:
(0,0)(21,0)(21,13)(7,13)(7,18)(0,18)
Polygon:
(0,0)(23,0)(23,18)(14,18)(14,28)(0,28)
Polygon:
(0,0)(30,0)(30,6)(13,6)(13,20)(0,20)
Polygon:
(0,0)(4,0)(4,16)(2,16)(2,18)(0,18)
Polygon:
(0,0)(19,0)(19,16)(7,16)(7,20)(0,20)
Polygon:
(0,0)(12,0)(12,12)(8,12)(8,21)(0,21)
Polygon:
(0,0)(11,0)(11,4)(1,4)(1,16)(0,16)
Polygon:
(0,0)(18,0)(18,12)(17,12)(17,30)(0,30)
Polygon:
(0,0)(16,0)(16,3)(15,3)(15,4)(0,4)
Polygon:
(0,0)(17,0)(17,14)(12,14)(12,23)(0,23)
Polygon:
(0,0)(13,0)(13,13)(3,13)(3,18)(0,18)
Polygon:
(0,0)(18,0)(18,18)(12,18)(12,35)(0,35)
Polygon:
(0,0)(14,0)(14,12)(1,12)(1,27)(0,27)
Polygon:
(0,0)(15,0)(15,12)(2,12)(2,16)(0,16)
Polygon:
(0,0)(20,0)(20,16)(3,16)(3,22)(0,22)
Polygon:
(0,0)(15,0)(15,15)(6,15)(6,17)(0,17)
Polygon:
(0,0)(30,0)(30,11)(17,11)(17,16)(0,16)
Polygon:
(0,0)(17,0)(17,17)(11,17)(11,19)(0,19)
Polygon:
(0,0)(14,0)(14,10)(12,10)(12,16)(0,16)
Polygon:
(0,0)(17,0)(17,8)(12,8)(12,16)(0,16)
Polygon:
(0,0)(23,0)(23,8)(9,8)(9,26)(0,26)
Polygon:
(0,0)(13,0)(13,15)(8,15)(8,32)(0,32)
Polygon:
(0,0)(8,0)(8,13)(6,13)(6,24)(0,24)
Polygon:
(0,0)(23,0)(23,5)(5,5)(5,17)(0,17)
Polygon:
(0,0)(16,0)(16,6)(13,6)(13,11)(0,11)
Polygon:
(0,0)(22,0)(22,11)(12,11)(12,20)(0,20)
Polygon:
(0,0)(22,0)(22,7)(10,7)(10,14)(0,14)
Polygon:
(0,0)(29,0)(29,13)(16,13)(16,24)(0,24)
Polygon:
(0,0)(10,0)(10,16)(4,16)(4,30)(0,30)
Polygon:
(0,0)(15,0)(15,12)(10,12)(10,21)(0,21)
Polygon:
(0,0)(14,0)(14,17)(10,17)(10,21)(0,21)
Polygon:
(0,0)(22,0)(22,9)(5,9)(5,17)(0,17)
Polygon:
(0,0)(15,0)(15,1)(1,1)(1,16)(0,16)
Polygon:
(0,0)(24,0)(24,1)(10,1)(10,7)(0,7)
Polygon:
(0,0)(28,0)(28,17)(13,17)(13,18)(0,18)
Polygon:
(0,0)(5,0)(5,16)(3,16)(3,31)(0,31)
Polygon:
(0,0)(29,0)(29,7)(18,7)(18,19)(0,19)
Polygon:
(0,0)(17,0)(17,2)(13,2)(13,12)(0,12)
Polygon:
(0,0)(12,0)(12,12)(6,12)(6,13)(0,13)
Polygon:
(0,0)(18,0)(18,7)(4,7)(4,9)(0,9)
Polygon:
(0,0)(4,0)(4,10)(2,10)(2,25)(0,25)
Polygon:
(0,0)(8,0)(8,15)(6,15)(6,29)(0,29)
Polygon:
(0,0)(12,0)(12,10)(2,10)(2,25)(0,25)
Polygon:
(0,0)(23,0)(23,7)(16,7)(16,15)(0,15)
Polygon:
(0,0)(25,0)(25,5)(18,5)(18,21)(0,21)
Polygon:
(0,0)(14,0)(14,6)(6,6)(6,15)(0,15)
Polygon:
(0,0)(26,0)(26,2)(18,2)(18,20)(0,20)
Polygon:
(0,0)(9,0)(9,12)(8,12)(8,26)(0,26)
Polygon:
(0,0)(25,0)(25,13)(7,13)(7,25)(0,25)
Polygon:
(0,0)(31,0)(31,9)(16,9)(16,17)(0,17)
Polygon:
(0,0)(19,0)(19,17)(13,17)(13,29)(0,29)
Polygon:
(0,0)(12,0)(12,10)(8,10)(8,20)(0,20)
Polygon:
(0,0)(26,0)(26,4)(8,4)(8,5)(0,5)
Polygon:
(0,0)(10,0)(10,14)(8,14)(8,25)(0,25)
Polygon:
(0,0)(9,0)(9,12)(8,12)(8,14)(0,14)
Polygon:
(0,0)(17,0)(17,7)(15,7)(15,23)(0,23)
Polygon:
(0,0)(13,0)(13,14)(12,14)(12,17)(0,17)
Polygon:
(0,0)(19,0)(19,14)(6,14)(6,23)(0,23)
Polygon:
(0,0)(29,0)(29,4)(11,4)(11,16)(0,16)
Polygon:
(0,0)(12,0)(12,6)(9,6)(9,19)(0,19)
Polygon:
(0,0)(17,0)(17,13)(4,13)(4,24)(0,24)
Polygon:
(0,0)(18,0)(18,11)(14,11)(14,22)(0,22)
Polygon:
(0,0)(18,0)(18,9)(6,9)(6,23)(0,23)
Polygon:
(0,0)(13,0)(13,5)(9,5)(9,19)(0,19)
Polygon:
(0,0)(13,0)(13,7)(3,7)(3,14)(0,14)
Polygon:
(0,0)(5,0)(5,2)(1,2)(1,11)(0,11)
Polygon:
(0,0)(30,0)(30,10)(15,10)(15,16)(0,16)
Polygon:
(0,0)(13,0)(13,7)(11,7)(11,16)(0,16)
Polygon:
(0,0)(7,0)(7,6)(3,6)(3,22)(0,22)
Polygon:
(0,0)(21,0)(21,4)(16,4)(16,10)(0,10)
Polygon:
(0,0)(15,0)(15,11)(3,11)(3,26)(0,26)
Polygon:
(0,0)(15,0)(15,14)(7,14)(7,26)(0,26)
Polygon:
(0,0)(20,0)(20,10)(15,10)(15,17)(0,17)
Polygon:
(0,0)(24,0)(24,12)(10,12)(10,26)(0,26)
Polygon:
(0,0)(23,0)(23,3)(10,3)(10,11)(0,11)
Polygon:
(0,0)(9,0)(9,2)(1,2)(1,10)(0,10)
Polygon:
(0,0)(25,0)(25,12)(10,12)(10,22)(0,22)
Polygon:
(0,0)(24,0)(24,3)(7,3)(7,20)(0,20)
Polygon:
(0,0)(21,0)(21,1)(13,1)(13,17)(0,17)
Polygon:
(0,0)(31,0)(31,11)(18,11)(18,21)(0,21)
Polygon:
(0,0)(20,0)(20,18)(3,18)(3,31)(0,31)
Polygon:
(0,0)(31,0)(31,12)(13,12)(13,20)(0,20)
Polygon:
(0,0)(18,0)(18,11)(1,11)(1,22)(0,22)
Polygon:
(0,0)(21,0)(21,13)(15,13)(15,15)(0,15)
Polygon:
(0,0)(19,0)(19,15)(18,15)(18,21)(0,21)
Polygon:
(0,0)(21,0)(21,12)(17,12)(17,21)(0,21)
Polygon:
(0,0)(13,0)(13,18)(10,18)(10,35)(0,35)
Polygon:
(0,0)(14,0)(14,3)(2,3)(2,10)(0,10)
Polygon:
(0,0)(30,0)(30,9)(12,9)(12,16)(0,16)
Polygon:
(0,0)(19,0)(19,18)(2,18)(2,21)(0,21)
Polygon:
(0,0)(14,0)(14,12)(7,12)(7,19)(0,19)
Polygon:
(0,0)(11,0)(11,3)(2,3)(2,5)(0,5)
Polygon:
(0,0)(18,0)(18,3)(14,3)(14,17)(0,17)
Polygon:
(0,0)(26,0)(26,6)(10,6)(10,24)(0,24)
Polygon:
(0,0)(22,0)(22,10)(18,10)(18,15)(0,15)
Polygon:
(0,0)(15,0)(15,16)(9,16)(9,27)(0,27)
Polygon:
(0,0)(23,0)(23,17)(6,17)(6,24)(0,24)
Polygon:
(0,0)(21,0)(21,5)(5,5)(5,8)(0,8)
Polygon:
(0,0)(27,0)(27,10)(18,10)(18,15)(0,15)
Polygon:
(0,0)(21,0)(21,1)(16,1)(16,3)(0,3)
Polygon:
(0,0)(17,0)(17,10)(3,10)(3,21)(0,21)
Polygon:
(0,0)(27,0)(27,1)(10,1)(10,10)(0,10)
Polygon:
(0,0)(29,0)(29,10)(16,10)(16,23)(0,23)
Polygon:
(0,0)(7,0)(7,8)(1,8)(1,13)(0,13)
Polygon:
(0,0)(27,0)(27,15)(9,15)(9,30)(0,30)
Polygon:
(0,0)(34,0)(34,3)(18,3)(18,13)(0,13)
Polygon:
(0,0)(28,0)(28,9)(17,9)(17,12)(0,12)
Polygon:
(0,0)(25,0)(25,11)(18,11)(18,15)(0,15)
Polygon:
(0,0)(21,0)(21,10)(17,10)(17,25)(0,25)
Polygon:
(0,0)(25,0)(25,17)(11,17)(11,21)(0,21)
Polygon:
(0,0)(21,0)(21,3)(14,3)(14,20)(0,20)
Polygon:
(0,0)(26,0)(26,12)(16,12)(16,18)(0,18)
Polygon:
(0,0)(22,0)(22,1)(13,1)(13,3)(0,3)
Polygon:
(0,0)(17,0)(17,16)(4,16)(4,32)(0,32)
Polygon:
(0,0)(22,0)(22,13)(6,13)(6,25)(0,25)
Polygon:
(0,0)(33,0)(33,1)(15,1)(15,15)(0,15)
Polygon:
(0,0)(8,0)(8,5)(4,5)(4,9)(0,9)
Polygon:
(0,0)(8,0)(8,2)(4,2)(4,14)(0,14)
Polygon:
(0,0)(11,0)(11,8)(4,8)(4,13)(0,13)
Polygon:
(0,0)(8,0)(8,7)(4,7)(4,23)(0,23)
Polygon:
(0,0)(21,0)(21,16)(8,16)(8,18)(0,18)
Polygon:
(0,0)(12,0)(12,13)(7,13)(7,15)(0,15)
Polygon:
(0,0)(22,0)(22,8)(15,8)(15,9)(0,9)
Polygon:
(0,0)(9,0)(9,10)(3,10)(3,16)(0,16)
Polygon:
(0,0)(23,0)(23,11)(8,11)(8,21)(0,21)
Polygon:
(0,0)(27,0)(27,12)(17,12)(17,20)(0,20)
Polygon:
(0,0)(21,0)(21,5)(11,5)(11,23)(0,23)
Polygon:
(0,0)(18,0)(18,2)(9,2)(9,3)(0,3)
Polygon:
(0,0)(12,0)(12,15)(7,15)(7,21)(0,21)
Polygon:
(0,0)(6,0)(6,14)(5,14)(5,28)(0,28)
Polygon:
(0,0)(29,0)(29,5)(18,5)(18,11)(0,11)
Polygon:
(0,0)(27,0)(27,4)(17,4)(17,14)(0,14)
Polygon:
(0,0)(10,0)(10,17)(6,17)(6,25)(0,25)
Polygon:
(0,0)(27,0)(27,13)(16,13)(16,26)(0,26)
Polygon:
(0,0)(13,0)(13,2)(2,2)(2,5)(0,5)
Polygon:
(0,0)(12,0)(12,13)(7,13)(7,28)(0,28)
Polygon:
(0,0)(26,0)(26,16)(11,16)(11,26)(0,26)
Polygon:
(0,0)(21,0)(21,4)(15,4)(15,5)(0,5)
Polygon:
(0,0)(23,0)(23,9)(5,9)(5,17)(0,17)
Polygon:
(0,0)(11,0)(11,6)(2,6)(2,20)(0,20)
Polygon:
(0,0)(16,0)(16,16)(2,16)(2,17)(0,17)
Polygon:
(0,0)(29,0)(29,15)(15,15)(15,28)(0,28)
Polygon:
(0,0)(20,0)(20,6)(6,6)(6,9)(0,9)
Polygon:
(0,0)(12,0)(12,6)(5,6)(5,8)(0,8)
Polygon:
(0,0)(28,0)(28,17)(18,17)(18,26)(0,26)
Polygon:
(0,0)(17,0)(17,3)(14,3)(14,5)(0,5)
Polygon:
(0,0)(20,0)(20,6)(12,6)(12,15)(0,15)
Polygon:
(0,0)(14,0)(14,2)(10,2)(10,3)(0,3)
Polygon:
(0,0)(14,0)(14,16)(6,16)(6,29)(0,29)
Polygon:
(0,0)(18,0)(18,1)(4,1)(4,4)(0,4)
Polygon:
(0,0)(8,0)(8,13)(2,13)(2,30)(0,30)
Polygon:
(0,0)(25,0)(25,17)(17,17)(17,25)(0,25)
Polygon:
(0,0)(7,0)(7,15)(3,15)(3,32)(0,32)
Polygon:
(0,0)(7,0)(7,4)(3,4)(3,15)(0,15)
Polygon:
(0,0)(25,0)(25,9)(17,9)(17,18)(0,18)
Polygon:
(0,0)(5,0)(5,14)(3,14)(3,15)(0,15)
Polygon:
(0,0)(19,0)(19,5)(17,5)(17,7)(0,7)
Polygon:
(0,0)(14,0)(14,16)(5,16)(5,20)(0,20)
Polygon:
(0,0)(21,0)(21,16)(12,16)(12,31)(0,31)
Polygon:
(0,0)(17,0)(17,8)(14,8)(14,11)(0,11)
Polygon:
(0,0)(31,0)(31,10)(18,10)(18,21)(0,21)
Polygon:
(0,0)(5,0)(5,14)(4,14)(4,25)(0,25)
Polygon:
(0,0)(23,0)(23,16)(12,16)(12,25)(0,25)
Polygon:
(0,0)(13,0)(13,4)(11,4)(11,18)(0,18)
Polygon:
(0,0)(11,0)(11,13)(3,13)(3,17)(0,17)
Polygon:
(0,0)(22,0)(22,4)(5,4)(5,15)(0,15)
Polygon:
(0,0)(32,0)(32,10)(18,10)(18,16)(0,16)
Polygon:
(0,0)(22,0)(22,10)(4,10)(4,20)(0,20)
Polygon:
(0,0)(16,0)(16,10)(8,10)(8,13)(0,13)
Polygon:
(0,0)(18,0)(18,8)(5,8)(5,22)(0,22)
Polygon:
(0,0)(11,0)(11,2)(5,2)(5,16)(0,16)
Polygon:
(0,0)(15,0)(15,3)(14,3)(14,8)(0,8)
Polygon:
(0,0)(10,0)(10,18)(8,18)(8,34)(0,34)
Polygon:
(0,0)(7,0)(7,10)(3,10)(3,13)(0,13)
Polygon:
(0,0)(34,0)(34,10)(16,10)(16,17)(0,17)
Polygon:
(0,0)(29,0)(29,18)(12,18)(12,32)(0,32)
Polygon:
(0,0)(8,0)(8,1)(4,1)(4,16)(0,16)
Polygon:
(0,0)(17,0)(17,13)(10,13)(10,20)(0,20)
Polygon:
(0,0)(26,0)(26,18)(16,18)(16,26)(0,26)
Polygon:
(0,0)(13,0)(13,6)(12,6)(12,14)(0,14)
Polygon:
(0,0)(15,0)(15,16)(9,16)(9,31)(0,31)
Polygon:
(0,0)(7,0)(7,8)(1,8)(1,26)(0,26)
Polygon:
(0,0)(14,0)(14,5)(3,5)(3,10)(0,10)
Polygon:
(0,0)(7,0)(7,15)(5,15)(5,25)(0,25)
Polygon:
(0,0)(17,0)(17,16)(16,16)(16,26)(0,26)
Polygon:
(0,0)(25,0)(25,17)(17,17)(17,26)(0,26)
Polygon:
(0,0)(17,0)(17,3)(16,3)(16,9)(0,9)
Polygon:
(0,0)(23,0)(23,10)(16,10)(16,26)(0,26)
Polygon:
(0,0)(28,0)(28,2)(10,2)(10,14)(0,14)
Polygon:
(0,0)(21,0)(21,15)(8,15)(8,16)(0,16)
Polygon:
(0,0)(17,0)(17,7)(3,7)(3,8)(0,8)
Polygon:
(0,0)(6,0)(6,11)(1,11)(1,21)(0,21)
Polygon:
(0,0)(23,0)(23,9)(13,9)(13,15)(0,15)
Polygon:
(0,0)(19,0)(19,5)(16,5)(16,16)(0,16)
Polygon:
(0,0)(21,0)(21,1)(4,1)(4,12)(0,12)
Polygon:
(0,0)(15,0)(15,9)(13,9)(13,25)(0,25)
Polygon:
(0,0)(18,0)(18,7)(17,7)(17,20)(0,20)
Polygon:
(0,0)(22,0)(22,10)(17,10)(17,13)(0,13)
Polygon:
(0,0)(23,0)(23,2)(6,2)(6,9)(0,9)
Polygon:
(0,0)(28,0)(28,8)(18,8)(18,25)(0,25)
Polygon:
(0,0)(23,0)(23,1)(14,1)(14,5)(0,5)
Polygon:
(0,0)(18,0)(18,3)(11,3)(11,6)(0,6)
Polygon:
(0,0)(11,0)(11,7)(0,7)
Polygon:
(0,0)(36,0)(36,10)(28,10)(28,16)(10,16)(10,5)(0,5)
Polygon:
(0,0)(10,0)(10,13)(8,13)(8,22)(3,22)(3,6)(0,6)
Polygon:
(0,0)(23,0)(23,10)(19,10)(19,15)(14,15)(14,5)(0,5)
Polygon:
(0,0)(29,0)(29,11)(28,11)(28,9)(14,9)(14,10)(0,10)
Polygon:
(0,0)(10,0)(10,5)(0,5)
Polygon:
(0,0)(17,0)(17,4)(0,4)
Polygon:
(0,0)(15,0)(15,4)(0,4)
Polygon:
(0,0)(27,0)(27,13)(26,13)(26,19)(10,19)(10,3)(0,3)
Polygon:
(0,0)(29,0)(29,15)(21,15)(21,16)(8,16)(8,6)(0,6)
Polygon:
(0,0)(3,0)(3,10)(0,10)
Polygon:
(0,0)(13,0)(13,5)(0,5)
Polygon:
(0,0)(26,0)(26,18)(23,18)(23,31)(8,31)(8,16)(0,16)
Polygon:
(0,0)(12,0)(12,7)(0,7)
Polygon:
(0,0)(6,0)(6,5)(0,5)
Polygon:
(0,0)(5,0)(5,9)(0,9)
Polygon:
(0,0)(14,0)(14,4)(0,4)
Polygon:
(0,0)(5,0)(5,11)(0,11)
Polygon:
(0,0)(22,0)(22,30)(18,30)(18,33)(6,33)(6,16)(0,16)
Polygon:
(0,0)(36,0)(36,2)(20,2)(20,20)(7,20)(7,2)(0,2)
Polygon:
(0,0)(25,0)(25,14)(23,14)(23,20)(7,20)(7,15)(0,15)
Polygon:
(0,0)(1,0)(1,14)(0,14)
Polygon:
(0,0)(5,0)(5,6)(0,6)
Polygon:
(0,0)(20,0)(20,17)(17,17)(17,5)(5,5)(5,7)(0,7)
Polygon:
(0,0)(2,0)(2,2)(0,2)
Polygon:
(0,0)(13,0)(13,18)(0,18)
Polygon:
(0,0)(14,0)(14,4)(0,4)
Polygon:
(0,0)(5,0)(5,2)(0,2)
Polygon:
(0,0)(24,0)(24,16)(12,16)(12,15)(3,15)(3,17)(0,17)
Polygon:
(0,0)(11,0)(11,13)(0,13)
Polygon:
(0,0)(8,0)(8,11)(0,11)
Polygon:
(0,0)(42,0)(42,16)(34,16)(34,14)(17,14)(17,18)(0,18)
Polygon:
(0,0)(11,0)(11,17)(0,17)
Polygon:
(0,0)(2,0)(2,8)(0,8)
Polygon:
(0,0)(5,0)(5,10)(0,10)
Polygon:
(0,0)(42,0)(42,6)(29,6)(29,14)(17,14)(17,8)(0,8)
Polygon:
(0,0)(33,0)(33,6)(16,6)(16,20)(14,20)(14,8)(0,8)
Polygon:
(0,0)(17,0)(17,15)(0,15)
Polygon:
(0,0)(29,0)(29,2)(16,2)(16,10)(15,10)(15,4)(0,4)
Polygon:
(0,0)(28,0)(28,3)(23,3)(23,8)(18,8)(18,1)(0,1)
Polygon:
(0,0)(40,0)(40,10)(29,10)(29,22)(11,22)(11,5)(0,5)
Polygon:
(0,0)(16,0)(16,3)(0,3)
Polygon:
(0,0)(18,0)(18,7)(0,7)
Polygon:
(0,0)(6,0)(6,10)(4,10)(4,12)(2,12)(2,11)(0,11)
Polygon:
(0,0)(4,0)(4,9)(0,9)
Polygon:
(0,0)(20,0)(20,12)(13,12)(13,11)(3,11)(3,14)(0,14)
Polygon:
(0,0)(12,0)(12,7)(0,7)
Polygon:
(0,0)(1,0)(1,1)(0,1)
Polygon:
(0,0)(37,0)(37,5)(31,5)(31,10)(15,10)(15,2)(0,2)
Polygon:
(0,0)(3,0)(3,17)(0,17)
Polygon:
(0,0)(33,0)(33,13)(17,13)(17,8)(8,8)(8,16)(0,16)
Polygon:
(0,0)(31,0)(31,26)(24,26)(24,11)(13,11)(13,15)(0,15)
Polygon:
(0,0)(16,0)(16,14)(0,14)
Polygon:
(0,0)(10,0)(10,6)(0,6)
Polygon:
(0,0)(44,0)(44,6)(36,6)(36,3)(18,3)(18,4)(0,4)
Polygon:
(0,0)(4,0)(4,6)(0,6)
Polygon:
(0,0)(7,0)(7,2)(0,2)
Polygon:
(0,0)(12,0)(12,18)(0,18)
Polygon:
(0,0)(21,0)(21,14)(5,14)(5,10)(2,10)(2,11)(0,11)
Polygon:
(0,0)(40,0)(40,7)(35,7)(35,8)(17,8)(17,1)(0,1)
Polygon:
(0,0)(23,0)(23,18)(20,18)(20,10)(6,10)(6,14)(0,14)
Polygon:
(0,0)(20,0)(20,20)(7,20)(7,9)(4,9)(4,15)(0,15)
Polygon:
(0,0)(13,0)(13,1)(0,1)
Polygon:
(0,0)(25,0)(25,6)(24,6)(24,9)(17,9)(17,2)(0,2)
Polygon:
(0,0)(14,0)(14,1)(0,1)
Polygon:
(0,0)(33,0)(33,15)(27,15)(27,19)(17,19)(17,2)(0,2)
Polygon:
(0,0)(23,0)(23,20)(16,20)(16,9)(9,9)(9,15)(0,15)
Polygon:
(0,0)(14,0)(14,10)(0,10)
Polygon:
(0,0)(14,0)(14,18)(0,18)
Polygon:
(0,0)(4,0)(4,6)(0,6)
Polygon:
(0,0)(22,0)(22,6)(6,6)(6,2)(5,2)(5,10)(0,10)
Polygon:
(0,0)(17,0)(17,16)(0,16)
Polygon:
(0,0)(18,0)(18,15)(0,15)
Polygon:
(0,0)(16,0)(16,5)(0,5)
Polygon:
(0,0)(24,0)(24,15)(22,15)(22,31)(13,31)(13,15)(0,15)
Polygon:
(0,0)(9,0)(9,6)(0,6)
Polygon:
(0,0)(16,0)(16,14)(3,14)(3,7)(2,7)(2,10)(0,10)
Polygon:
(0,0)(14,0)(14,17)(12,17)(12,25)(5,25)(5,9)(0,9)
Polygon:
(0,0)(3,0)(3,5)(0,5)
Polygon:
(0,0)(18,0)(18,11)(0,11)
Polygon:
(0,0)(11,0)(11,2)(0,2)
Polygon:
(0,0)(7,0)(7,11)(0,11)
Polygon:
(0,0)(33,0)(33,2)(23,2)(23,15)(8,15)(8,12)(0,12)
Polygon:
(0,0)(9,0)(9,7)(0,7)
Polygon:
(0,0)(17,0)(17,11)(0,11)
Polygon:
(0,0)(23,0)(23,17)(15,17)(15,21)(7,21)(7,3)(0,3)
Polygon:
(0,0)(19,0)(19,10)(15,10)(15,2)(8,2)(8,7)(0,7)
Polygon:
(0,0)(13,0)(13,17)(0,17)
Polygon:
(0,0)(15,0)(15,11)(0,11)
Polygon:
(0,0)(17,0)(17,14)(13,14)(13,16)(5,16)(5,3)(0,3)
Polygon:
(0,0)(14,0)(14,9)(0,9)
Polygon:
(0,0)(9,0)(9,8)(0,8)
Polygon:
(0,0)(4,0)(4,1)(0,1)
Polygon:
(0,0)(26,0)(26,14)(21,14)(21,24)(7,24)(7,7)(0,7)
Polygon:
(0,0)(50,0)(50,16)(33,16)(33,19)(17,19)(17,16)(0,16)
Polygon:
(0,0)(44,0)(44,10)(29,10)(29,20)(17,20)(17,18)(0,18)
Polygon:
(0,0)(24,0)(24,20)(15,20)(15,33)(11,33)(11,16)(0,16)
Polygon:
(0,0)(16,0)(16,17)(0,17)
Polygon:
(0,0)(12,0)(12,14)(0,14)
Polygon:
(0,0)(41,0)(41,23)(25,23)(25,31)(17,31)(17,16)(0,16)
Polygon:
(0,0)(15,0)(15,3)(0,3)
Polygon:
(0,0)(3,0)(3,16)(0,16)
Polygon:
(0,0)(46,0)(46,13)(28,13)(28,6)(18,6)(18,8)(0,8)
Polygon:
(0,0)(31,0)(31,16)(20,16)(20,4)(11,4)(11,13)(0,13)
Polygon:
(0,0)(9,0)(9,7)(0,7)
Polygon:
(0,0)(15,0)(15,14)(0,14)
Polygon:
(0,0)(11,0)(11,16)(0,16)
Polygon:
(0,0)(11,0)(11,8)(0,8)
Polygon:
(0,0)(18,0)(18,2)(0,2)
Polygon:
(0,0)(20,0)(20,20)(18,20)(18,25)(12,25)(12,7)(0,7)
Polygon:
(0,0)(6,0)(6,10)(0,10)
Polygon:
(0,0)(13,0)(13,11)(7,11)(7,28)(4,28)(4,10)(0,10)
Polygon:
(0,0)(5,0)(5,7)(0,7)
Polygon:
(0,0)(3,0)(3,16)(0,16)
Polygon:
(0,0)(45,0)(45,22)(30,22)(30,10)(14,10)(14,16)(0,16)
Polygon:
(0,0)(36,0)(36,12)(20,12)(20,10)(18,10)(18,11)(0,11)
Polygon:
(0,0)(42,0)(42,15)(26,15)(26,6)(14,6)(14,18)(0,18)
Polygon:
(0,0)(4,0)(4,15)(0,15)
Polygon:
(0,0)(37,0)(37,7)(34,7)(34,22)(18,22)(18,5)(0,5)
Polygon:
(0,0)(26,0)(26,20)(19,20)(19,8)(11,8)(11,15)(0,15)
Polygon:
(0,0)(14,0)(14,3)(0,3)
Polygon:
(0,0)(36,0)(36,12)(21,12)(21,28)(8,28)(8,17)(0,17)
Polygon:
(0,0)(21,0)(21,6)(7,6)(7,4)(2,4)(2,10)(0,10)
Polygon:
(0,0)(24,0)(24,19)(10,19)(10,2)(8,2)(8,3)(0,3)
Polygon:
(0,0)(13,0)(13,13)(0,13)
Polygon:
(0,0)(7,0)(7,2)(0,2)
Polygon:
(0,0)(15,0)(15,3)(0,3)
Polygon:
(0,0)(38,0)(38,8)(25,8)(25,21)(8,21)(8,16)(0,16)
Polygon:
(0,0)(7,0)(7,9)(0,9)
Polygon:
(0,0)(33,0)(33,12)(21,12)(21,10)(9,10)(9,18)(0,18)
Polygon:
(0,0)(6,0)(6,1)(0,1)
Polygon:
(0,0)(3,0)(3,9)(0,9)
Polygon:
(0,0)(1,0)(1,13)(0,13)
Polygon:
(0,0)(25,0)(25,20)(24,20)(24,33)(9,33)(9,15)(0,15)
Polygon:
(0,0)(10,0)(10,12)(0,12)
Polygon:
(0,0)(6,0)(6,15)(0,15)
Polygon:
(0,0)(16,0)(16,6)(0,6)
Polygon:
(0,0)(15,0)(15,4)(0,4)
Polygon:
(0,0)(18,0)(18,3)(0,3)
Polygon:
(0,0)(31,0)(31,10)(15,10)(15,20)(11,20)(11,2)(0,2)
Polygon:
(0,0)(40,0)(40,15)(29,15)(29,24)(17,24)(17,14)(0,14)
Polygon:
(0,0)(39,0)(39,16)(25,16)(25,26)(8,26)(8,9)(0,9)
Polygon:
(0,0)(26,0)(26,7)(18,7)(18,16)(16,16)(16,15)(0,15)
Polygon:
(0,0)(20,0)(20,14)(18,14)(18,27)(6,27)(6,10)(0,10)
Polygon:
(0,0)(1,0)(1,3)(0,3)
Polygon:
(0,0)(38,0)(38,23)(25,23)(25,9)(9,9)(9,10)(0,10)
Polygon:
(0,0)(6,0)(6,6)(0,6)
Polygon:
(0,0)(4,0)(4,12)(0,12)
Polygon:
(0,0)(21,0)(21,21)(16,21)(16,22)(14,22)(14,16)(0,16)
Polygon:
(0,0)(16,0)(16,19)(3,19)(3,23)(1,23)(1,7)(0,7)
Polygon:
(0,0)(28,0)(28,18)(17,18)(17,24)(6,24)(6,18)(0,18)
Polygon:
(0,0)(39,0)(39,21)(30,21)(30,23)(16,23)(16,7)(0,7)
Polygon:
(0,0)(33,0)(33,15)(22,15)(22,17)(18,17)(18,16)(0,16)
Polygon:
(0,0)(14,0)(14,1)(0,1)
Polygon:
(0,0)(7,0)(7,17)(0,17)
Polygon:
(0,0)(18,0)(18,13)(0,13)
Polygon:
(0,0)(35,0)(35,22)(24,22)(24,27)(15,27)(15,18)(0,18)
Polygon:
(0,0)(1,0)(1,10)(0,10)
Polygon:
(0,0)(14,0)(14,9)(0,9)
Polygon:
(0,0)(11,0)(11,12)(0,12)
Polygon:
(0,0)(1,0)(1,12)(0,12)
Polygon:
(0,0)(22,0)(22,19)(10,19)(10,23)(9,23)(9,13)(0,13)
Polygon:
(0,0)(10,0)(10,3)(0,3)
Polygon:
(0,0)(33,0)(33,5)(20,5)(20,4)(10,4)(10,5)(0,5)
Polygon:
(0,0)(28,0)(28,18)(22,18)(22,25)(8,25)(8,12)(0,12)
Polygon:
(0,0)(4,0)(4,8)(0,8)
Polygon:
(0,0)(16,0)(16,7)(0,7)
Polygon:
(0,0)(24,0)(24,14)(14,14)(14,19)(1,19)(1,6)(0,6)
Polygon:
(0,0)(19,0)(19,13)(14,13)(14,25)(1,25)(1,15)(0,15)
Polygon:
(0,0)(12,0)(12,2)(0,2)
Polygon:
(0,0)(7,0)(7,16)(0,16)
Polygon:
(0,0)(19,0)(19,9)(17,9)(17,11)(12,11)(12,7)(0,7)
Polygon:
(0,0)(17,0)(17,5)(0,5)
Polygon:
(0,0)(5,0)(5,7)(0,7)
Polygon:
(0,0)(6,0)(6,13)(0,13)
Polygon:
(0,0)(15,0)(15,7)(0,7)
Polygon:
(0,0)(5,0)(5,3)(0,3)
Polygon:
(0,0)(8,0)(8,18)(0,18)
Polygon:
(0,0)(18,0)(18,18)(0,18)
Polygon:
(0,0)(5,0)(5,16)(0,16)
Polygon:
(0,0)(11,0)(11,8)(0,8)
Polygon:
(0,0)(39,0)(39,11)(25,11)(25,13)(8,13)(8,8)(0,8)
Polygon:
(0,0)(10,0)(10,15)(0,15)
Polygon:
(0,0)(42,0)(42,1)(35,1)(35,9)(18,9)(18,4)(0,4)
Polygon:
(0,0)(14,0)(14,25)(5,25)(5,9)(1,9)(1,18)(0,18)
Polygon:
(0,0)(42,0)(42,10)(27,10)(27,17)(15,17)(15,7)(0,7)
Polygon:
(0,0)(16,0)(16,7)(0,7)
Polygon:
(0,0)(6,0)(6,12)(0,12)
Polygon:
(0,0)(16,0)(16,9)(0,9)
Polygon:
(0,0)(17,0)(17,4)(0,4)
Polygon:
(0,0)(15,0)(15,6)(0,6)
Polygon:
(0,0)(13,0)(13,11)(0,11)
Polygon:
(0,0)(24,0)(24,20)(16,20)(16,23)(15,23)(15,6)(0,6)
Polygon:
(0,0)(34,0)(34,3)(26,3)(26,15)(18,15)(18,5)(0,5)
Polygon:
(0,0)(15,0)(15,14)(0,14)
Polygon:
(0,0)(18,0)(18,14)(16,14)(16,19)(15,19)(15,6)(0,6)
Polygon:
(0,0)(3,0)(3,3)(0,3)
Polygon:
(0,0)(23,0)(23,11)(20,11)(20,21)(16,21)(16,12)(0,12)
Polygon:
(0,0)(13,0)(13,16)(10,16)(10,31)(1,31)(1,15)(0,15)
Polygon:
(0,0)(12,0)(12,3)(0,3)
Polygon:
(0,0)(7,0)(7,11)(0,11)
Polygon:
(0,0)(10,0)(10,12)(0,12)
Polygon:
(0,0)(12,0)(12,16)(0,16)
Polygon:
(0,0)(17,0)(17,2)(0,2)
Polygon:
(0,0)(27,0)(27,29)(19,29)(19,32)(17,32)(17,14)(0,14)
Polygon:
(0,0)(33,0)(33,13)(27,13)(27,3)(13,3)(13,16)(0,16)
Polygon:
(0,0)(5,0)(5,17)(0,17)
Polygon:
(0,0)(35,0)(35,19)(27,19)(27,20)(14,20)(14,4)(0,4)
Polygon:
(0,0)(4,0)(4,7)(0,7)
Polygon:
(0,0)(38,0)(38,14)(26,14)(26,28)(9,28)(9,12)(0,12)
Polygon:
(0,0)(8,0)(8,16)(0,16)
Polygon:
(0,0)(35,0)(35,12)(28,12)(28,10)(12,10)(12,17)(0,17)
Polygon:
(0,0)(4,0)(4,5)(0,5)
Polygon:
(0,0)(8,0)(8,13)(0,13)
Polygon:
(0,0)(28,0)(28,22)(26,22)(26,24)(13,24)(13,8)(0,8)
Polygon:
(0,0)(34,0)(34,10)(24,10)(24,20)(6,20)(6,12)(0,12)
Polygon:
(0,0)(11,0)(11,10)(0,10)
Polygon:
(0,0)(14,0)(14,30)(8,30)(8,12)(6,12)(6,17)(0,17)
Polygon:
(0,0)(9,0)(9,3)(0,3)
Polygon:
(0,0)(26,0)(26,8)(15,8)(15,1)(1,1)(1,8)(0,8)
Polygon:
(0,0)(4,0)(4,4)(0,4)
Polygon:
(0,0)(2,0)(2,13)(0,13)
Polygon:
(0,0)(6,0)(6,8)(0,8)
Polygon:
(0,0)(20,0)(20,12)(12,12)(12,21)(4,21)(4,5)(0,5)
Polygon:
(0,0)(10,0)(10,13)(6,13)(6,19)(4,19)(4,10)(0,10)
Polygon:
(0,0)(11,0)(11,6)(10,6)(10,3)(9,3)(9,8)(0,8)
Polygon:
(0,0)(2,0)(2,6)(0,6)
Polygon:
(0,0)(27,0)(27,8)(12,8)(12,13)(2,13)(2,3)(0,3)
Polygon:
(0,0)(32,0)(32,19)(20,19)(20,31)(17,31)(17,16)(0,16)
Polygon:
(0,0)(11,0)(11,12)(0,12)
Polygon:
(0,0)(24,0)(24,14)(19,14)(19,17)(14,17)(14,3)(0,3)
Polygon:
(0,0)(30,0)(30,14)(29,14)(29,28)(14,28)(14,14)(0,14)
Polygon:
(0,0)(39,0)(39,8)(25,8)(25,21)(10,21)(10,7)(0,7)
Polygon:
(0,0)(28,0)(28,10)(18,10)(18,28)(4,28)(4,16)(0,16)
Polygon:
(0,0)(15,0)(15,6)(0,6)
Polygon:
(0,0)(33,0)(33,5)(20,5)(20,9)(17,9)(17,8)(0,8)
Polygon:
(0,0)(5,0)(5,16)(0,16)
Polygon:
(0,0)(10,0)(10,6)(0,6)
Polygon:
(0,0)(18,0)(18,17)(0,17)
Polygon:
(0,0)(9,0)(9,10)(0,10)
Polygon:
(0,0)(14,0)(14,6)(0,6)
Polygon:
(0,0)(2,0)(2,7)(0,7)
Polygon:
(0,0)(9,0)(9,6)(0,6)
Polygon:
(0,0)(22,0)(22,19)(15,19)(15,3)(2,3)(2,11)(0,11)
Polygon:
(0,0)(18,0)(18,1)(0,1)
Polygon:
(0,0)(12,0)(12,10)(0,10)
Polygon:
(0,0)(19,0)(19,13)(13,13)(13,16)(9,16)(9,2)(0,2)
Polygon:
(0,0)(11,0)(11,16)(0,16)
Polygon:
(0,0)(2,0)(2,14)(0,14)
Polygon:
(0,0)(8,0)(8,7)(0,7)
Polygon:
(0,0)(2,0)(2,17)(0,17)
Polygon:
(0,0)(10,0)(10,18)(0,18)
Polygon:
(0,0)(27,0)(27,1)(19,1)(19,15)(5,15)(5,9)(0,9)
Polygon:
(0,0)(27,0)(27,20)(21,20)(21,25)(4,25)(4,8)(0,8)
Polygon:
(0,0)(15,0)(15,5)(0,5)
Polygon:
(0,0)(36,0)(36,11)(28,11)(28,20)(16,20)(16,7)(0,7)
Polygon:
(0,0)(9,0)(9,3)(0,3)
Polygon:
(0,0)(9,0)(9,7)(0,7)
Polygon:
(0,0)(11,0)(11,1)(0,1)
Polygon:
(0,0)(8,0)(8,1)(0,1)
Polygon:
(0,0)(34,0)(34,19)(21,19)(21,25)(12,25)(12,18)(0,18)
Polygon:
(0,0)(12,0)(12,13)(0,13)
Polygon:
(0,0)(13,0)(13,2)(0,2)
Polygon:
(0,0)(23,0)(23,14)(13,14)(13,1)(1,1)(1,4)(0,4)
Polygon:
(0,0)(13,0)(13,1)(0,1)
Polygon:
(0,0)(12,0)(12,14)(0,14)
Polygon:
(0,0)(11,0)(11,14)(0,14)
Polygon:
(0,0)(18,0)(18,13)(0,13)
Polygon:
(0,0)(35,0)(35,8)(30,8)(30,13)(16,13)(16,5)(0,5)
Polygon:
(0,0)(12,0)(12,1)(0,1)
Polygon:
(0,0)(31,0)(31,23)(24,23)(24,14)(11,14)(11,18)(0,18)
Polygon:
(0,0)(9,0)(9,4)(0,4)
Polygon:
(0,0)(5,0)(5,5)(0,5)
Polygon:
(0,0)(6,0)(6,1)(0,1)
Polygon:
(0,0)(26,0)(26,8)(19,8)(19,1)(10,1)(10,15)(0,15)
Polygon:
(0,0)(14,0)(14,5)(0,5)
Polygon:
(0,0)(24,0)(24,6)(13,6)(13,23)(12,23)(12,7)(0,7)
Polygon:
(0,0)(7,0)(7,1)(0,1)
Polygon:
(0,0)(20,0)(20,1)(11,1)(11,19)(2,19)(2,6)(0,6)
Polygon:
(0,0)(8,0)(8,14)(0,14)
Polygon:
(0,0)(5,0)(5,18)(0,18)
Polygon:
(0,0)(6,0)(6,13)(0,13)
Polygon:
(0,0)(33,0)(33,7)(22,7)(22,18)(7,18)(7,13)(0,13)
Polygon:
(0,0)(35,0)(35,15)(20,15)(20,18)(13,18)(13,13)(0,13)
Polygon:
(0,0)(36,0)(36,9)(26,9)(26,7)(13,7)(13,17)(0,17)
Polygon:
(0,0)(22,0)(22,4)(20,4)(20,11)(4,11)(4,10)(0,10)
Polygon:
(0,0)(6,0)(6,3)(0,3)
Polygon:
(0,0)(5,0)(5,12)(0,12)
Polygon:
(0,0)(40,0)(40,7)(26,7)(26,22)(16,22)(16,15)(0,15)
Polygon:
(0,0)(8,0)(8,13)(0,13)
Polygon:
(0,0)(8,0)(8,5)(0,5)
Polygon:
(0,0)(23,0)(23,11)(17,11)(17,14)(2,14)(2,3)(0,3)
Polygon:
(0,0)(9,0)(9,5)(0,5)
Polygon:
(0,0)(36,0)(36,12)(18,12)(18,28)(15,28)(15,11)(0,11)
Polygon:
(0,0)(26,0)(26,4)(11,4)(11,10)(1,10)(1,1)(0,1)
Polygon:
(0,0)(8,0)(8,13)(0,13)
Polygon:
(0,0)(36,0)(36,10)(34,10)(34,23)(16,23)(16,14)(0,14)
Polygon:
(0,0)(28,0)(28,24)(21,24)(21,36)(18,36)(18,18)(0,18)
Polygon:
(0,0)(17,0)(17,18)(0,18)
Polygon:
(0,0)(28,0)(28,14)(19,14)(19,31)(16,31)(16,16)(0,16)
Polygon:
(0,0)(33,0)(33,5)(24,5)(24,19)(15,19)(15,8)(0,8)
Polygon:
(0,0)(1,0)(1,1)(0,1)
Polygon:
(0,0)(1,0)(1,4)(0,4)
Polygon:
(0,0)(9,0)(9,13)(0,13)
Polygon:
(0,0)(4,0)(4,7)(0,7)
Polygon:
(0,0)(14,0)(14,7)(0,7)
Polygon:
(0,0)(21,0)(21,16)(19,16)(19,18)(13,18)(13,3)(0,3)
Polygon:
(0,0)(14,0)(14,10)(0,10)
Polygon:
(0,0)(45,0)(45,1)(29,1)(29,18)(13,18)(13,2)(0,2)
Polygon:
(0,0)(7,0)(7,5)(0,5)
Polygon:
(0,0)(7,0)(7,16)(0,16)
Polygon:
(0,0)(8,0)(8,11)(0,11)
Polygon:
(0,0)(4,0)(4,14)(0,14)
Polygon:
(0,0)(15,0)(15,18)(0,18)
Polygon:
(0,0)(21,0)(21,9)(6,9)(6,4)(3,4)(3,7)(0,7)
Polygon:
(0,0)(27,0)(27,15)(18,15)(18,5)(6,5)(6,6)(0,6)
Polygon:
(0,0)(18,0)(18,7)(0,7)
Polygon:
(0,0)(32,0)(32,16)(17,16)(17,17)(12,17)(12,5)(0,5)
Polygon:
(0,0)(7,0)(7,12)(0,12)
Polygon:
(0,0)(29,0)(29,6)(21,6)(21,4)(7,4)(7,8)(0,8)
Polygon:
(0,0)(11,0)(11,1)(0,1)
Polygon:
(0,0)(26,0)(26,8)(9,8)(9,1)(8,1)(8,15)(0,15)
Polygon:
(0,0)(14,0)(14,7)(11,7)(11,1)(2,1)(2,11)(0,11)
Polygon:
(0,0)(13,0)(13,8)(0,8)
Polygon:
(0,0)(13,0)(13,7)(0,7)
Polygon:
(0,0)(43,0)(43,20)(35,20)(35,2)(18,2)(18,12)(0,12)
Polygon:
(0,0)(14,0)(14,18)(0,18)
Polygon:
(0,0)(14,0)(14,13)(5,13)(5,12)(3,12)(3,16)(0,16)
Polygon:
(0,0)(3,0)(3,1)(0,1)
Polygon:
(0,0)(17,0)(17,14)(0,14)
Polygon:
(0,0)(26,0)(26,4)(16,4)(16,12)(13,12)(13,7)(0,7)
Polygon:
(0,0)(9,0)(9,9)(0,9)
Polygon:
(0,0)(7,0)(7,18)(0,18)
Polygon:
(0,0)(8,0)(8,3)(0,3)
Polygon:
(0,0)(37,0)(37,19)(35,19)(35,23)(17,23)(17,6)(0,6)
Polygon:
(0,0)(38,0)(38,8)(24,8)(24,15)(8,15)(8,2)(0,2)
Polygon:
(0,0)(5,0)(5,15)(0,15)
Polygon:
(0,0)(2,0)(2,14)(0,14)
Polygon:
(0,0)(1,0)(1,7)(0,7)
Polygon:
(0,0)(17,0)(17,6)(0,6)
Polygon:
(0,0)(44,0)(44,26)(34,26)(34,32)(18,32)(18,18)(0,18)
Polygon:
(0,0)(11,0)(11,18)(0,18)
Polygon:
(0,0)(11,0)(11,16)(0,16)
Polygon:
(0,0)(24,0)(24,13)(23,13)(23,19)(5,19)(5,7)(0,7)
Polygon:
(0,0)(12,0)(12,14)(0,14)
Polygon:
(0,0)(8,0)(8,15)(0,15)
Polygon:
(0,0)(17,0)(17,18)(0,18)
Polygon:
(0,0)(31,0)(31,14)(14,14)(14,8)(8,8)(8,10)(0,10)
Polygon:
(0,0)(31,0)(31,4)(16,4)(16,15)(15,15)(15,11)(0,11)
Polygon:
(0,0)(40,0)(40,18)(36,18)(36,19)(18,19)(18,1)(0,1)
Polygon:
(0,0)(3,0)(3,5)(0,5)
Polygon:
(0,0)(10,0)(10,9)(0,9)
Polygon:
(0,0)(39,0)(39,30)(26,30)(26,31)(8,31)(8,17)(0,17)
Polygon:
(0,0)(4,0)(4,10)(0,10)
Polygon:
(0,0)(17,0)(17,2)(16,2)(16,14)(13,14)(13,6)(0,6)
Polygon:
(0,0)(17,0)(17,14)(0,14)
Polygon:
(0,0)(19,0)(19,16)(11,16)(11,18)(7,18)(7,15)(0,15)
Polygon:
(0,0)(7,0)(7,9)(0,9)
Polygon:
(0,0)(1,0)(1,9)(0,9)
Polygon:
(0,0)(15,0)(15,5)(0,5)
