Polygon:
(0,0)(19,0)(19,4)(10,4)(10,6)(0,6)
Polygon:
(0,0)(9,0)(9,15)(2,15)(2,29)(0,29)
Polygon:
(0,0)(28,0)(28,10)(10,10)(10,18)(0,18)
Polygon:
(0,0)(27,0)(27,11)(10,11)(10,17)(0,17)
Polygon:
(0,0)(14,0)(14,5)(9,5)(9,10)(0,10)
Polygon:
(0,0)(16,0)(16,18)(8,18)(8,29)(0,29)
Polygon:
(0,0)(23,0)(23,2)(12,2)(12,3)(0,3)
Polygon:
(0,0)(22,0)(22,3)(9,3)(9,6)(0,6)
Polygon:
(0,0)(25,0)(25,10)(17,10)(17,25)(0,25)
Polygon:
(0,0)(23,0)(23,7)(6,7)(6,14)(0,14)
Polygon:
(0,0)(25,0)(25,5)(15,5)(15,21)(0,21)
Polygon:
(0,0)(34,0)(34,11)(18,11)(18,25)(0,25)
Polygon:
(0,0)(13,0)(13,8)(2,8)(2,15)(0,15)
Polygon:
(0,0)(10,0)(10,18)(9,18)(9,28)(0,28)
Polygon:
(0,0)(27,0)(27,2)(17,2)(17,8)(0,8)
Polygon:
(0,0)(27,0)(27,17)(13,17)(13,33)(0,33)
Polygon:
(0,0)(9,0)(9,3)(4,3)(4,18)(0,18)
Polygon:
(0,0)(18,0)(18,11)(16,11)(16,14)(0,14)
Polygon:
(0,0)(21,0)(21,18)(17,18)(17,21)(0,21)
Polygon:
(0,0)(17,0)(17,3)(2,3)(2,5)(0,5)
Polygon:
(0,0)(11,0)(11,13)(2,13)(2,28)(0,28)
Polygon:
(0,0)(12,0)(12,5)(9,5)(9,10)(0,10)
Polygon:
(0,0)(32,0)(32,11)(18,11)(18,23)(0,23)
Polygon:
(0,0)(15,0)(15,4)(11,4)(11,6)(0,6)
Polygon:
(0,0)(22,0)(22,9)(10,9)(10,13)(0,13)
Polygon:
(0,0)(22,0)(22,5)(9,5)(9,22)(0,22)
Polygon:
(0,0)(23,0)(23,8)(10,8)(10,21)(0,21)
Polygon:
(0,0)(9,0)(9,5)(4,5)(4,10)(0,10)
Polygon:
(0,0)(10,0)(10,18)(5,18)(5,32)(0,32)
Polygon:
(0,0)(9,0)(9,1)(5,1)(5,8)(0,8)
Polygon:
(0,0)(17,0)(17,16)(9,16)(9,22)(0,22)
Polygon:
(0,0)(18,0)(18,14)(17,14)(17,30)(0,30)
Polygon:
(0,0)(5,0)(5,4)(1,4)(1,12)(0,12)
Polygon:
(0,0)(23,0)(23,4)(17,4)(17,15)(0,15)
Polygon:
(0,0)(16,0)(16,4)(9,4)(9,12)(0,12)
Polygon:
(0,0)(34,0)(34,10)(18,10)(18,28)(0,28)
Polygon:
(0,0)(10,0)(10,8)(5,8)(5,12)(0,12)
Polygon:
(0,0)(18,0)(18,3)(15,3)(15,6)(0,6)
Polygon:
(0,0)(18,0)(18,3)(4,3)(4,20)(0,20)
Polygon:
(0,0)(17,0)(17,9)(13,9)(13,19)(0,19)
Polygon:
(0,0)(15,0)(15,2)(8,2)(8,11)(0,11)
Polygon:
(0,0)(22,0)(22,16)(14,16)(14,24)(0,24)
Polygon:
(0,0)(20,0)(20,17)(4,17)(4,28)(0,28)
Polygon:
(0,0)(10,0)(10,9)(7,9)(7,13)(0,13)
Polygon:
(0,0)(20,0)(20,16)(6,16)(6,33)(0,33)
Polygon:
(0,0)(10,0)(10,3)(3,3)(3,15)(0,15)
Polygon:
(0,0)(15,0)(15,13)(4,13)(4,20)(0,20)
Polygon:
(0,0)(18,0)(18,9)(6,9)(6,14)(0,14)
Polygon:
(0,0)(29,0)(29,17)(11,17)(11,26)(0,26)
Polygon:
(0,0)(29,0)(29,9)(12,9)(12,19)(0,19)
Polygon:
(0,0)(23,0)(23,8)(6,8)(6,25)(0,25)
Polygon:
(0,0)(28,0)(28,6)(16,6)(16,15)(0,15)
Polygon:
(0,0)(16,0)(16,11)(14,11)(14,23)(0,23)
Polygon:
(0,0)(9,0)(9,16)(8,16)(8,23)(0,23)
Polygon:
(0,0)(6,0)(6,2)(3,2)(3,17)(0,17)
Polygon:
(0,0)(29,0)(29,16)(16,16)(16,29)(0,29)
Polygon:
(0,0)(17,0)(17,4)(12,4)(12,22)(0,22)
Polygon:
(0,0)(7,0)(7,12)(5,12)(5,13)(0,13)
Polygon:
(0,0)(6,0)(6,14)(3,14)(3,19)(0,19)
Polygon:
(0,0)(36,0)(36,2)(18,2)(18,3)(0,3)
Polygon:
(0,0)(29,0)(29,14)(15,14)(15,17)(0,17)
Polygon:
(0,0)(27,0)(27,6)(10,6)(10,17)(0,17)
Polygon:
(0,0)(5,0)(5,3)(1,3)(1,14)(0,14)
Polygon:
(0,0)(16,0)(16,7)(3,7)(3,24)(0,24)
Polygon:
(0,0)(26,0)(26,9)(9,9)(9,11)(0,11)
Polygon:
(0,0)(18,0)(18,9)(9,9)(9,20)(0,20)
Polygon:
(0,0)(18,0)(18,7)(4,7)(4,20)(0,20)
Polygon:
(0,0)(17,0)(17,17)(4,17)(4,33)(0,33)
Polygon:
(0,0)(32,0)(32,13)(14,13)(14,25)(0,25)
Polygon:
(0,0)(12,0)(12,16)(2,16)(2,30)(0,30)
Polygon:
(0,0)(11,0)(11,9)(5,9)(5,26)(0,26)
Polygon:
(0,0)(14,0)(14,10)(4,10)(4,26)(0,26)
Polygon:
(0,0)(13,0)(13,14)(7,14)(7,30)(0,30)
Polygon:
(0,0)(10,0)(10,2)(5,2)(5,14)(0,14)
Polygon:
(0,0)(21,0)(21,16)(8,16)(8,27)(0,27)
Polygon:
(0,0)(18,0)(18,8)(4,8)(4,16)(0,16)
Polygon:
(0,0)(7,0)(7,9)(5,9)(5,10)(0,10)
Polygon:
(0,0)(18,0)(18,12)(12,12)(12,25)(0,25)
Polygon:
(0,0)(33,0)(33,3)(16,3)(16,17)(0,17)
Polygon:
(0,0)(17,0)(17,12)(13,12)(13,25)(0,25)
Polygon:
(0,0)(36,0)(36,6)(18,6)(18,7)(0,7)
Polygon:
(0,0)(9,0)(9,1)(1,1)(1,4)(0,4)
Polygon:
(0,0)(26,0)(26,13)(15,13)(15,30)(0,30)
Polygon:
(0,0)(19,0)(19,3)(6,3)(6,16)(0,16)
Polygon:
(0,0)(18,0)(18,5)(11,5)(11,6)(0,6)
Polygon:
(0,0)(27,0)(27,11)(14,11)(14,19)(0,19)
Polygon:
(0,0)(15,0)(15,5)(9,5)(9,17)(0,17)
Polygon:
(0,0)(23,0)(23,8)(12,8)(12,24)(0,24)
Polygon:
(0,0)(8,0)(8,12)(5,12)(5,26)(0,26)
Polygon:
(0,0)(19,0)(19,10)(11,10)(11,16)(0,16)
Polygon:
(0,0)(19,0)(19,2)(16,2)(16,5)(0,5)
Polygon:
(0,0)(16,0)(16,16)(8,16)(8,22)(0,22)
Polygon:
(0,0)(21,0)(21,14)(15,14)(15,18)(0,18)
Polygon:
(0,0)(26,0)(26,8)(11,8)(11,25)(0,25)
Polygon:
(0,0)(15,0)(15,9)(8,9)(8,18)(0,18)
Polygon:
(0,0)(12,0)(12,9)(3,9)(3,18)(0,18)
Polygon:
(0,0)(9,0)(9,11)(7,11)(7,25)(0,25)
Polygon:
(0,0)(22,0)(22,13)(15,13)(15,19)(0,19)
Polygon:
(0,0)(9,0)(9,10)(8,10)(8,24)(0,24)
Polygon:
(0,0)(8,0)(8,15)(4,15)(4,25)(0,25)
Polygon:
(0,0)(29,0)(29,11)(14,11)(14,20)(0,20)
Polygon:
(0,0)(29,0)(29,4)(16,4)(16,15)(0,15)
Polygon:
(0,0)(31,0)(31,14)(18,14)(18,17)(0,17)
Polygon:
(0,0)(29,0)(29,12)(12,12)(12,30)(0,30)
Polygon:
(0,0)(32,0)(32,6)(15,6)(15,22)(0,22)
Polygon:
(0,0)(22,0)(22,13)(9,13)(9,22)(0,22)
Polygon:
(0,0)(28,0)(28,7)(14,7)(14,13)(0,13)
Polygon:
(0,0)(29,0)(29,13)(14,13)(14,26)(0,26)
Polygon:
(0,0)(4,0)(4,10)(2,10)(2,18)(0,18)
Polygon:
(0,0)(17,0)(17,15)(7,15)(7,24)(0,24)
Polygon:
(0,0)(20,0)(20,3)(11,3)(11,11)(0,11)
Polygon:
(0,0)(19,0)(19,12)(12,12)(12,14)(0,14)
Polygon:
(0,0)(6,0)(6,16)(5,16)(5,20)(0,20)
Polygon:
(0,0)(12,0)(12,4)(1,4)(1,19)(0,19)
Polygon:
(0,0)(30,0)(30,9)(18,9)(18,14)(0,14)
Polygon:
(0,0)(22,0)(22,8)(5,8)(5,12)(0,12)
Polygon:
(0,0)(16,0)(16,1)(8,1)(8,11)(0,11)
Polygon:
(0,0)(9,0)(9,13)(4,13)(4,19)(0,19)
Polygon:
(0,0)(20,0)(20,16)(18,16)(18,33)(0,33)
Polygon:
(0,0)(23,0)(23,6)(10,6)(10,12)(0,12)
Polygon:
(0,0)(17,0)(17,3)(0,3)
Polygon:
(0,0)(28,0)(28,10)(21,10)(21,13)(17,13)(17,3)(0,3)
Polygon:
(0,0)(17,0)(17,13)(5,13)(5,7)(4,7)(4,13)(0,13)
Polygon:
(0,0)(1,0)(1,11)(0,11)
Polygon:
(0,0)(23,0)(23,25)(21,25)(21,9)(17,9)(17,14)(0,14)
Polygon:
(0,0)(17,0)(17,8)(15,8)(15,13)(12,13)(12,1)(0,1)
Polygon:
(0,0)(36,0)(36,11)(32,11)(32,2)(14,2)(14,4)(0,4)
Polygon:
(0,0)(32,0)(32,16)(25,16)(25,28)(13,28)(13,17)(0,17)
Polygon:
(0,0)(13,0)(13,1)(0,1)
Polygon:
(0,0)(13,0)(13,15)(0,15)
Polygon:
(0,0)(18,0)(18,9)(0,9)
Polygon:
(0,0)(18,0)(18,14)(0,14)
Polygon:
(0,0)(31,0)(31,4)(20,4)(20,21)(8,21)(8,16)(0,16)
Polygon:
(0,0)(16,0)(16,22)(15,22)(15,6)(12,6)(12,10)(0,10)
Polygon:
(0,0)(14,0)(14,11)(0,11)
Polygon:
(0,0)(1,0)(1,12)(0,12)
Polygon:
(0,0)(21,0)(21,17)(18,17)(18,8)(14,8)(14,10)(0,10)
Polygon:
(0,0)(21,0)(21,16)(16,16)(16,11)(3,11)(3,12)(0,12)
Polygon:
(0,0)(6,0)(6,6)(0,6)
Polygon:
(0,0)(15,0)(15,1)(14,1)(14,15)(6,15)(6,4)(0,4)
Polygon:
(0,0)(16,0)(16,2)(0,2)
Polygon:
(0,0)(5,0)(5,9)(0,9)
Polygon:
(0,0)(9,0)(9,11)(0,11)
Polygon:
(0,0)(7,0)(7,2)(0,2)
Polygon:
(0,0)(17,0)(17,18)(0,18)
Polygon:
(0,0)(1,0)(1,13)(0,13)
Polygon:
(0,0)(6,0)(6,17)(0,17)
Polygon:
(0,0)(12,0)(12,10)(0,10)
Polygon:
(0,0)(10,0)(10,4)(0,4)
Polygon:
(0,0)(42,0)(42,26)(30,26)(30,30)(13,30)(13,17)(0,17)
Polygon:
(0,0)(12,0)(12,4)(0,4)
Polygon:
(0,0)(1,0)(1,7)(0,7)
Polygon:
(0,0)(16,0)(16,15)(0,15)
Polygon:
(0,0)(14,0)(14,3)(0,3)
Polygon:
(0,0)(24,0)(24,2)(13,2)(13,7)(9,7)(9,2)(0,2)
Polygon:
(0,0)(28,0)(28,19)(11,19)(11,23)(2,23)(2,10)(0,10)
Polygon:
(0,0)(14,0)(14,24)(3,24)(3,30)(1,30)(1,15)(0,15)
Polygon:
(0,0)(17,0)(17,7)(0,7)
Polygon:
(0,0)(25,0)(25,3)(20,3)(20,6)(2,6)(2,5)(0,5)
Polygon:
(0,0)(13,0)(13,3)(0,3)
Polygon:
(0,0)(22,0)(22,18)(4,18)(4,22)(1,22)(1,12)(0,12)
Polygon:
(0,0)(12,0)(12,18)(11,18)(11,26)(8,26)(8,11)(0,11)
Polygon:
(0,0)(7,0)(7,8)(0,8)
Polygon:
(0,0)(14,0)(14,13)(0,13)
Polygon:
(0,0)(40,0)(40,19)(23,19)(23,6)(7,6)(7,9)(0,9)
Polygon:
(0,0)(14,0)(14,12)(0,12)
Polygon:
(0,0)(11,0)(11,10)(0,10)
Polygon:
(0,0)(36,0)(36,6)(20,6)(20,15)(14,15)(14,3)(0,3)
Polygon:
(0,0)(4,0)(4,3)(0,3)
Polygon:
(0,0)(14,0)(14,15)(10,15)(10,16)(7,16)(7,7)(0,7)
Polygon:
(0,0)(7,0)(7,8)(0,8)
Polygon:
(0,0)(11,0)(11,8)(0,8)
Polygon:
(0,0)(8,0)(8,15)(0,15)
Polygon:
(0,0)(37,0)(37,6)(32,6)(32,17)(14,17)(14,13)(0,13)
Polygon:
(0,0)(4,0)(4,1)(0,1)
Polygon:
(0,0)(8,0)(8,14)(0,14)
Polygon:
(0,0)(38,0)(38,13)(23,13)(23,23)(18,23)(18,16)(0,16)
Polygon:
(0,0)(42,0)(42,9)(28,9)(28,6)(14,6)(14,18)(0,18)
Polygon:
(0,0)(10,0)(10,3)(0,3)
Polygon:
(0,0)(29,0)(29,21)(17,21)(17,25)(3,25)(3,7)(0,7)
Polygon:
(0,0)(9,0)(9,2)(0,2)
Polygon:
(0,0)(2,0)(2,11)(0,11)
Polygon:
(0,0)(36,0)(36,16)(21,16)(21,10)(16,10)(16,16)(0,16)
Polygon:
(0,0)(23,0)(23,4)(10,4)(10,11)(6,11)(6,1)(0,1)
Polygon:
(0,0)(7,0)(7,14)(0,14)
Polygon:
(0,0)(18,0)(18,12)(0,12)
Polygon:
(0,0)(1,0)(1,11)(0,11)
Polygon:
(0,0)(25,0)(25,19)(18,19)(18,10)(17,10)(17,13)(0,13)
Polygon:
(0,0)(1,0)(1,1)(0,1)
Polygon:
(0,0)(42,0)(42,17)(25,17)(25,3)(18,3)(18,12)(0,12)
Polygon:
(0,0)(4,0)(4,9)(0,9)
Polygon:
(0,0)(9,0)(9,3)(0,3)
Polygon:
(0,0)(16,0)(16,15)(0,15)
Polygon:
(0,0)(17,0)(17,1)(0,1)
Polygon:
(0,0)(11,0)(11,7)(0,7)
Polygon:
(0,0)(10,0)(10,13)(0,13)
Polygon:
(0,0)(2,0)(2,18)(0,18)
Polygon:
(0,0)(11,0)(11,4)(0,4)
Polygon:
(0,0)(27,0)(27,9)(21,9)(21,18)(16,18)(16,13)(0,13)
Polygon:
(0,0)(28,0)(28,16)(17,16)(17,20)(6,20)(6,2)(0,2)
Polygon:
(0,0)(15,0)(15,15)(0,15)
Polygon:
(0,0)(19,0)(19,20)(16,20)(16,3)(13,3)(13,14)(0,14)
Polygon:
(0,0)(13,0)(13,3)(0,3)
Polygon:
(0,0)(45,0)(45,9)(29,9)(29,8)(17,8)(17,9)(0,9)
Polygon:
(0,0)(7,0)(7,17)(3,17)(3,13)(2,13)(2,14)(0,14)
Polygon:
(0,0)(5,0)(5,7)(0,7)
Polygon:
(0,0)(17,0)(17,8)(0,8)
Polygon:
(0,0)(9,0)(9,3)(0,3)
Polygon:
(0,0)(29,0)(29,19)(19,19)(19,20)(1,20)(1,9)(0,9)
Polygon:
(0,0)(3,0)(3,2)(0,2)
Polygon:
(0,0)(30,0)(30,25)(15,25)(15,13)(14,13)(14,14)(0,14)
Polygon:
(0,0)(20,0)(20,22)(11,22)(11,23)(7,23)(7,18)(0,18)
Polygon:
(0,0)(5,0)(5,16)(0,16)
Polygon:
(0,0)(15,0)(15,13)(11,13)(11,24)(2,24)(2,13)(0,13)
Polygon:
(0,0)(10,0)(10,6)(0,6)
Polygon:
(0,0)(23,0)(23,19)(19,19)(19,9)(18,9)(18,13)(0,13)
Polygon:
(0,0)(7,0)(7,6)(0,6)
Polygon:
(0,0)(13,0)(13,2)(4,2)(4,9)(1,9)(1,6)(0,6)
Polygon:
(0,0)(15,0)(15,8)(0,8)
Polygon:
(0,0)(10,0)(10,16)(0,16)
Polygon:
(0,0)(44,0)(44,5)(30,5)(30,11)(18,11)(18,4)(0,4)
Polygon:
(0,0)(44,0)(44,10)(32,10)(32,24)(18,24)(18,16)(0,16)
Polygon:
(0,0)(31,0)(31,1)(30,1)(30,18)(16,18)(16,11)(0,11)
Polygon:
(0,0)(11,0)(11,7)(0,7)
Polygon:
(0,0)(33,0)(33,27)(22,27)(22,32)(15,32)(15,16)(0,16)
Polygon:
(0,0)(17,0)(17,18)(0,18)
Polygon:
(0,0)(2,0)(2,5)(0,5)
Polygon:
(0,0)(20,0)(20,19)(6,19)(6,28)(2,28)(2,11)(0,11)
Polygon:
(0,0)(26,0)(26,24)(23,24)(23,10)(12,10)(12,17)(0,17)
Polygon:
(0,0)(26,0)(26,24)(19,24)(19,11)(7,11)(7,14)(0,14)
Polygon:
(0,0)(27,0)(27,3)(26,3)(26,18)(13,18)(13,11)(0,11)
Polygon:
(0,0)(5,0)(5,15)(0,15)
Polygon:
(0,0)(32,0)(32,20)(20,20)(20,13)(12,13)(12,17)(0,17)
Polygon:
(0,0)(35,0)(35,24)(17,24)(17,13)(6,13)(6,16)(0,16)
Polygon:
(0,0)(4,0)(4,15)(0,15)
Polygon:
(0,0)(40,0)(40,6)(32,6)(32,2)(17,2)(17,11)(0,11)
Polygon:
(0,0)(23,0)(23,19)(21,19)(21,9)(15,9)(15,18)(0,18)
Polygon:
(0,0)(31,0)(31,14)(18,14)(18,18)(14,18)(14,7)(0,7)
Polygon:
(0,0)(12,0)(12,10)(0,10)
Polygon:
(0,0)(15,0)(15,9)(0,9)
Polygon:
(0,0)(6,0)(6,18)(0,18)
Polygon:
(0,0)(1,0)(1,10)(0,10)
Polygon:
(0,0)(12,0)(12,7)(0,7)
Polygon:
(0,0)(42,0)(42,18)(24,18)(24,25)(15,25)(15,12)(0,12)
Polygon:
(0,0)(33,0)(33,4)(26,4)(26,3)(17,3)(17,15)(0,15)
Polygon:
(0,0)(13,0)(13,8)(0,8)
Polygon:
(0,0)(6,0)(6,1)(0,1)
Polygon:
(0,0)(2,0)(2,2)(0,2)
Polygon:
(0,0)(1,0)(1,14)(0,14)
Polygon:
(0,0)(17,0)(17,7)(0,7)
Polygon:
(0,0)(2,0)(2,16)(0,16)
Polygon:
(0,0)(32,0)(32,4)(22,4)(22,19)(14,19)(14,17)(0,17)
Polygon:
(0,0)(1,0)(1,16)(0,16)
Polygon:
(0,0)(37,0)(37,13)(23,13)(23,19)(17,19)(17,13)(0,13)
Polygon:
(0,0)(14,0)(14,13)(0,13)
Polygon:
(0,0)(26,0)(26,9)(18,9)(18,2)(16,2)(16,12)(0,12)
Polygon:
(0,0)(43,0)(43,1)(26,1)(26,13)(12,13)(12,1)(0,1)
Polygon:
(0,0)(6,0)(6,14)(0,14)
Polygon:
(0,0)(5,0)(5,14)(0,14)
Polygon:
(0,0)(5,0)(5,3)(0,3)
Polygon:
(0,0)(28,0)(28,23)(20,23)(20,26)(12,26)(12,11)(0,11)
Polygon:
(0,0)(3,0)(3,15)(0,15)
Polygon:
(0,0)(24,0)(24,10)(11,10)(11,4)(7,4)(7,14)(0,14)
Polygon:
(0,0)(15,0)(15,10)(0,10)
Polygon:
(0,0)(16,0)(16,15)(0,15)
Polygon:
(0,0)(11,0)(11,15)(0,15)
Polygon:
(0,0)(5,0)(5,2)(0,2)
Polygon:
(0,0)(12,0)(12,17)(7,17)(7,18)(2,18)(2,2)(0,2)
Polygon:
(0,0)(44,0)(44,26)(27,26)(27,31)(18,31)(18,14)(0,14)
Polygon:
(0,0)(45,0)(45,14)(27,14)(27,1)(12,1)(12,11)(0,11)
Polygon:
(0,0)(22,0)(22,9)(14,9)(14,11)(10,11)(10,6)(0,6)
Polygon:
(0,0)(11,0)(11,9)(0,9)
Polygon:
(0,0)(7,0)(7,8)(0,8)
Polygon:
(0,0)(3,0)(3,4)(0,4)
Polygon:
(0,0)(13,0)(13,12)(0,12)
Polygon:
(0,0)(9,0)(9,14)(0,14)
Polygon:
(0,0)(11,0)(11,1)(0,1)
Polygon:
(0,0)(26,0)(26,7)(17,7)(17,23)(15,23)(15,7)(0,7)
Polygon:
(0,0)(17,0)(17,12)(0,12)
Polygon:
(0,0)(37,0)(37,18)(29,18)(29,21)(11,21)(11,8)(0,8)
Polygon:
(0,0)(12,0)(12,6)(0,6)
Polygon:
(0,0)(10,0)(10,6)(0,6)
Polygon:
(0,0)(18,0)(18,5)(0,5)
Polygon:
(0,0)(3,0)(3,16)(0,16)
Polygon:
(0,0)(9,0)(9,2)(0,2)
Polygon:
(0,0)(39,0)(39,12)(29,12)(29,17)(11,17)(11,16)(0,16)
Polygon:
(0,0)(28,0)(28,22)(17,22)(17,10)(8,10)(8,13)(0,13)
Polygon:
(0,0)(16,0)(16,6)(0,6)
Polygon:
(0,0)(16,0)(16,16)(0,16)
Polygon:
(0,0)(32,0)(32,10)(17,10)(17,2)(4,2)(4,17)(0,17)
Polygon:
(0,0)(20,0)(20,21)(6,21)(6,23)(3,23)(3,10)(0,10)
Polygon:
(0,0)(31,0)(31,7)(16,7)(16,14)(8,14)(8,2)(0,2)
Polygon:
(0,0)(30,0)(30,30)(21,30)(21,12)(14,12)(14,13)(0,13)
Polygon:
(0,0)(42,0)(42,3)(30,3)(30,16)(14,16)(14,4)(0,4)
Polygon:
(0,0)(10,0)(10,9)(0,9)
Polygon:
(0,0)(1,0)(1,18)(0,18)
Polygon:
(0,0)(16,0)(16,1)(0,1)
Polygon:
(0,0)(34,0)(34,7)(25,7)(25,11)(9,11)(9,1)(0,1)
Polygon:
(0,0)(2,0)(2,3)(0,3)
Polygon:
(0,0)(14,0)(14,2)(0,2)
Polygon:
(0,0)(3,0)(3,4)(0,4)
Polygon:
(0,0)(10,0)(10,17)(0,17)
Polygon:
(0,0)(20,0)(20,20)(16,20)(16,30)(6,30)(6,16)(0,16)
Polygon:
(0,0)(39,0)(39,16)(25,16)(25,26)(8,26)(8,18)(0,18)
Polygon:
(0,0)(2,0)(2,12)(0,12)
Polygon:
(0,0)(29,0)(29,6)(13,6)(13,20)(3,20)(3,17)(0,17)
Polygon:
(0,0)(15,0)(15,1)(6,1)(6,2)(5,2)(5,1)(0,1)
Polygon:
(0,0)(27,0)(27,25)(14,25)(14,26)(1,26)(1,12)(0,12)
Polygon:
(0,0)(36,0)(36,1)(22,1)(22,16)(5,16)(5,12)(0,12)
Polygon:
(0,0)(37,0)(37,4)(35,4)(35,1)(18,1)(18,11)(0,11)
Polygon:
(0,0)(12,0)(12,1)(0,1)
Polygon:
(0,0)(34,0)(34,8)(29,8)(29,21)(14,21)(14,13)(0,13)
Polygon:
(0,0)(15,0)(15,3)(0,3)
Polygon:
(0,0)(12,0)(12,5)(4,5)(4,15)(3,15)(3,7)(0,7)
Polygon:
(0,0)(33,0)(33,19)(18,19)(18,26)(15,26)(15,15)(0,15)
Polygon:
(0,0)(15,0)(15,13)(0,13)
Polygon:
(0,0)(19,0)(19,4)(18,4)(18,13)(10,13)(10,2)(0,2)
Polygon:
(0,0)(8,0)(8,10)(0,10)
Polygon:
(0,0)(25,0)(25,3)(16,3)(16,7)(9,7)(9,1)(0,1)
Polygon:
(0,0)(17,0)(17,13)(0,13)
Polygon:
(0,0)(19,0)(19,4)(18,4)(18,12)(9,12)(9,4)(0,4)
Polygon:
(0,0)(9,0)(9,2)(0,2)
Polygon:
(0,0)(40,0)(40,7)(26,7)(26,22)(15,22)(15,8)(0,8)
Polygon:
(0,0)(27,0)(27,9)(14,9)(14,15)(6,15)(6,4)(0,4)
Polygon:
(0,0)(9,0)(9,2)(0,2)
Polygon:
(0,0)(23,0)(23,18)(17,18)(17,3)(14,3)(14,6)(0,6)
Polygon:
(0,0)(6,0)(6,3)(0,3)
Polygon:
(0,0)(29,0)(29,19)(13,19)(13,20)(5,20)(5,7)(0,7)
Polygon:
(0,0)(18,0)(18,7)(0,7)
Polygon:
(0,0)(9,0)(9,2)(0,2)
Polygon:
(0,0)(16,0)(16,4)(0,4)
Polygon:
(0,0)(17,0)(17,1)(0,1)
Polygon:
(0,0)(24,0)(24,1)(16,1)(16,11)(6,11)(6,4)(0,4)
Polygon:
(0,0)(10,0)(10,16)(0,16)
Polygon:
(0,0)(31,0)(31,11)(26,11)(26,5)(8,5)(8,6)(0,6)
Polygon:
(0,0)(6,0)(6,15)(0,15)
Polygon:
(0,0)(13,0)(13,6)(0,6)
Polygon:
(0,0)(25,0)(25,6)(15,6)(15,19)(9,19)(9,10)(0,10)
Polygon:
(0,0)(8,0)(8,8)(0,8)
Polygon:
(0,0)(1,0)(1,16)(0,16)
Polygon:
(0,0)(13,0)(13,12)(0,12)
Polygon:
(0,0)(8,0)(8,8)(0,8)
Polygon:
(0,0)(9,0)(9,1)(0,1)
Polygon:
(0,0)(35,0)(35,18)(20,18)(20,19)(8,19)(8,6)(0,6)
Polygon:
(0,0)(6,0)(6,1)(0,1)
Polygon:
(0,0)(48,0)(48,18)(30,18)(30,4)(13,4)(13,16)(0,16)
Polygon:
(0,0)(28,0)(28,23)(17,23)(17,14)(16,14)(16,16)(0,16)
Polygon:
(0,0)(48,0)(48,1)(33,1)(33,13)(17,13)(17,2)(0,2)
Polygon:
(0,0)(13,0)(13,17)(0,17)
Polygon:
(0,0)(37,0)(37,9)(27,9)(27,6)(10,6)(10,8)(0,8)
Polygon:
(0,0)(16,0)(16,12)(0,12)
Polygon:
(0,0)(17,0)(17,9)(0,9)
Polygon:
(0,0)(18,0)(18,16)(10,16)(10,19)(8,19)(8,1)(0,1)
Polygon:
(0,0)(39,0)(39,16)(21,16)(21,24)(17,24)(17,7)(0,7)
Polygon:
(0,0)(10,0)(10,8)(0,8)
Polygon:
(0,0)(25,0)(25,18)(14,18)(14,7)(7,7)(7,25)(0,25)
Polygon:
(0,0)(46,0)(46,5)(33,5)(33,20)(17,20)(17,10)(0,10)
Polygon:
(0,0)(8,0)(8,18)(0,18)
Polygon:
(0,0)(35,0)(35,18)(26,18)(26,32)(15,32)(15,14)(0,14)
Polygon:
(0,0)(5,0)(5,1)(0,1)
Polygon:
(0,0)(38,0)(38,6)(25,6)(25,7)(17,7)(17,1)(0,1)
Polygon:
(0,0)(21,0)(21,1)(16,1)(16,13)(6,13)(6,10)(0,10)
Polygon:
(0,0)(13,0)(13,15)(0,15)
Polygon:
(0,0)(6,0)(6,9)(0,9)
Polygon:
(0,0)(41,0)(41,13)(25,13)(25,28)(17,28)(17,10)(0,10)
Polygon:
(0,0)(11,0)(11,6)(0,6)
Polygon:
(0,0)(7,0)(7,2)(0,2)
Polygon:
(0,0)(15,0)(15,10)(0,10)
Polygon:
(0,0)(7,0)(7,3)(0,3)
Polygon:
(0,0)(37,0)(37,28)(20,28)(20,13)(12,13)(12,16)(0,16)
Polygon:
(0,0)(42,0)(42,20)(29,20)(29,5)(11,5)(11,8)(0,8)
Polygon:
(0,0)(11,0)(11,13)(0,13)
Polygon:
(0,0)(17,0)(17,13)(0,13)
Polygon:
(0,0)(10,0)(10,10)(9,10)(9,14)(4,14)(4,6)(0,6)
Polygon:
(0,0)(18,0)(18,17)(15,17)(15,30)(11,30)(11,14)(0,14)
Polygon:
(0,0)(31,0)(31,20)(27,20)(27,33)(13,33)(13,16)(0,16)
Polygon:
(0,0)(3,0)(3,3)(0,3)
Polygon:
(0,0)(10,0)(10,11)(0,11)
Polygon:
(0,0)(29,0)(29,20)(19,20)(19,26)(12,26)(12,8)(0,8)
Polygon:
(0,0)(7,0)(7,14)(0,14)
Polygon:
(0,0)(15,0)(15,8)(0,8)
Polygon:
(0,0)(17,0)(17,3)(0,3)
Polygon:
(0,0)(1,0)(1,1)(0,1)
Polygon:
(0,0)(36,0)(36,9)(21,9)(21,11)(9,11)(9,8)(0,8)
Polygon:
(0,0)(12,0)(12,7)(0,7)
Polygon:
(0,0)(5,0)(5,16)(0,16)
Polygon:
(0,0)(30,0)(30,11)(15,11)(15,19)(14,19)(14,5)(0,5)
Polygon:
(0,0)(29,0)(29,14)(11,14)(11,18)(3,18)(3,2)(0,2)
Polygon:
(0,0)(11,0)(11,8)(0,8)
Polygon:
(0,0)(3,0)(3,12)(0,12)
Polygon:
(0,0)(40,0)(40,22)(23,22)(23,6)(7,6)(7,18)(0,18)
Polygon:
(0,0)(1,0)(1,7)(0,7)
Polygon:
(0,0)(6,0)(6,5)(0,5)
Polygon:
(0,0)(26,0)(26,24)(20,24)(20,9)(15,9)(15,17)(0,17)
Polygon:
(0,0)(25,0)(25,3)(20,3)(20,11)(8,11)(8,1)(0,1)
Polygon:
(0,0)(40,0)(40,21)(27,21)(27,23)(14,23)(14,13)(0,13)
Polygon:
(0,0)(13,0)(13,4)(0,4)
Polygon:
(0,0)(4,0)(4,9)(0,9)
Polygon:
(0,0)(15,0)(15,13)(0,13)
Polygon:
(0,0)(16,0)(16,11)(0,11)
Polygon:
(0,0)(23,0)(23,5)(19,5)(19,2)(1,2)(1,10)(0,10)
Polygon:
(0,0)(36,0)(36,4)(20,4)(20,9)(10,9)(10,7)(0,7)
Polygon:
(0,0)(8,0)(8,11)(0,11)
Polygon:
(0,0)(31,0)(31,16)(15,16)(15,24)(3,24)(3,11)(0,11)
Polygon:
(0,0)(1,0)(1,10)(0,10)
Polygon:
(0,0)(27,0)(27,24)(26,24)(26,15)(18,15)(18,16)(0,16)
Polygon:
(0,0)(30,0)(30,13)(15,13)(15,27)(9,27)(9,16)(0,16)
Polygon:
(0,0)(25,0)(25,13)(17,13)(17,19)(3,19)(3,5)(0,5)
Polygon:
(0,0)(13,0)(13,21)(6,21)(6,3)(5,3)(5,16)(0,16)
Polygon:
(0,0)(3,0)(3,3)(0,3)
Polygon:
(0,0)(7,0)(7,17)(0,17)
Polygon:
(0,0)(2,0)(2,16)(0,16)
Polygon:
(0,0)(8,0)(8,7)(0,7)
Polygon:
(0,0)(4,0)(4,14)(0,14)
Polygon:
(0,0)(4,0)(4,2)(0,2)
Polygon:
(0,0)(7,0)(7,17)(0,17)
Polygon:
(0,0)(6,0)(6,15)(0,15)
Polygon:
(0,0)(10,0)(10,14)(0,14)
Polygon:
(0,0)(34,0)(34,15)(17,15)(17,4)(14,4)(14,10)(0,10)
Polygon:
(0,0)(14,0)(14,23)(13,23)(13,27)(12,27)(12,11)(0,11)
Polygon:
(0,0)(13,0)(13,17)(11,17)(11,25)(7,25)(7,15)(0,15)
Polygon:
(0,0)(12,0)(12,2)(0,2)
Polygon:
(0,0)(25,0)(25,18)(20,18)(20,9)(16,9)(16,10)(0,10)
Polygon:
(0,0)(9,0)(9,14)(0,14)
Polygon:
(0,0)(18,0)(18,13)(7,13)(7,21)(3,21)(3,15)(0,15)
Polygon:
(0,0)(29,0)(29,12)(21,12)(21,19)(11,19)(11,8)(0,8)
Polygon:
(0,0)(24,0)(24,15)(23,15)(23,9)(11,9)(11,18)(0,18)
Polygon:
(0,0)(28,0)(28,21)(22,21)(22,10)(7,10)(7,13)(0,13)
Polygon:
(0,0)(40,0)(40,7)(29,7)(29,18)(11,18)(11,2)(0,2)
Polygon:
(0,0)(43,0)(43,18)(28,18)(28,4)(10,4)(10,9)(0,9)
Polygon:
(0,0)(52,0)(52,9)(36,9)(36,8)(18,8)(18,11)(0,11)
Polygon:
(0,0)(17,0)(17,14)(0,14)
Polygon:
(0,0)(30,0)(30,13)(18,13)(18,11)(6,11)(6,27)(0,27)
Polygon:
(0,0)(16,0)(16,15)(0,15)
Polygon:
(0,0)(21,0)(21,25)(18,25)(18,14)(2,14)(2,19)(0,19)
Polygon:
(0,0)(15,0)(15,16)(0,16)
Polygon:
(0,0)(9,0)(9,15)(0,15)
Polygon:
(0,0)(22,0)(22,26)(19,26)(19,10)(15,10)(15,17)(0,17)
Polygon:
(0,0)(1,0)(1,9)(0,9)
Polygon:
(0,0)(17,0)(17,16)(0,16)
Polygon:
(0,0)(15,0)(15,1)(0,1)
Polygon:
(0,0)(12,0)(12,4)(0,4)
Polygon:
(0,0)(6,0)(6,11)(0,11)
Polygon:
(0,0)(31,0)(31,12)(19,12)(19,16)(10,16)(10,5)(0,5)
Polygon:
(0,0)(23,0)(23,17)(16,17)(16,8)(8,8)(8,12)(0,12)
Polygon:
(0,0)(2,0)(2,9)(0,9)
Polygon:
(0,0)(20,0)(20,19)(7,19)(7,11)(4,11)(4,13)(0,13)
Polygon:
(0,0)(1,0)(1,6)(0,6)
Polygon:
(0,0)(27,0)(27,12)(24,12)(24,3)(11,3)(11,5)(0,5)
Polygon:
(0,0)(4,0)(4,8)(0,8)
Polygon:
(0,0)(34,0)(34,12)(18,12)(18,4)(10,4)(10,13)(0,13)
Polygon:
(0,0)(15,0)(15,21)(9,21)(9,4)(4,4)(4,18)(0,18)
Polygon:
(0,0)(9,0)(9,11)(0,11)
Polygon:
(0,0)(13,0)(13,16)(0,16)
Polygon:
(0,0)(3,0)(3,15)(0,15)
Polygon:
(0,0)(17,0)(17,3)(0,3)
Polygon:
(0,0)(4,0)(4,15)(0,15)
Polygon:
(0,0)(28,0)(28,13)(13,13)(13,19)(2,19)(2,8)(0,8)
Polygon:
(0,0)(29,0)(29,14)(20,14)(20,22)(4,22)(4,11)(0,11)
Polygon:
(0,0)(8,0)(8,10)(0,10)
Polygon:
(0,0)(21,0)(21,13)(10,13)(10,24)(6,24)(6,14)(0,14)
Polygon:
(0,0)(5,0)(5,11)(0,11)
Polygon:
(0,0)(39,0)(39,13)(28,13)(28,16)(18,16)(18,10)(0,10)
Polygon:
(0,0)(33,0)(33,17)(16,17)(16,8)(11,8)(11,11)(0,11)
Polygon:
(0,0)(50,0)(50,3)(32,3)(32,2)(18,2)(18,14)(0,14)
Polygon:
(0,0)(9,0)(9,3)(0,3)
Polygon:
(0,0)(28,0)(28,17)(26,17)(26,7)(18,7)(18,11)(0,11)
Polygon:
(0,0)(14,0)(14,12)(0,12)
Polygon:
(0,0)(3,0)(3,13)(0,13)
Polygon:
(0,0)(8,0)(8,17)(0,17)
Polygon:
(0,0)(26,0)(26,13)(22,13)(22,16)(17,16)(17,1)(0,1)
Polygon:
(0,0)(12,0)(12,2)(0,2)
Polygon:
(0,0)(14,0)(14,5)(0,5)
Polygon:
(0,0)(25,0)(25,11)(16,11)(16,5)(10,5)(10,7)(0,7)
Polygon:
(0,0)(2,0)(2,18)(0,18)
Polygon:
(0,0)(12,0)(12,10)(0,10)
Polygon:
(0,0)(13,0)(13,5)(0,5)
Polygon:
(0,0)(5,0)(5,8)(0,8)
Polygon:
(0,0)(12,0)(12,9)(0,9)
Polygon:
(0,0)(3,0)(3,7)(0,7)
Polygon:
(0,0)(9,0)(9,14)(0,14)
Polygon:
(0,0)(5,0)(5,17)(0,17)
Polygon:
(0,0)(41,0)(41,21)(27,21)(27,15)(9,15)(9,18)(0,18)
Polygon:
(0,0)(34,0)(34,11)(19,11)(19,14)(1,14)(1,5)(0,5)
Polygon:
(0,0)(3,0)(3,17)(0,17)
Polygon:
(0,0)(1,0)(1,7)(0,7)
Polygon:
(0,0)(30,0)(30,14)(19,14)(19,19)(12,19)(12,6)(0,6)
Polygon:
(0,0)(18,0)(18,18)(16,18)(16,19)(4,19)(4,12)(0,12)
Polygon:
(0,0)(15,0)(15,24)(3,24)(3,7)(1,7)(1,18)(0,18)
Polygon:
(0,0)(36,0)(36,18)(28,18)(28,29)(14,29)(14,18)(0,18)
Polygon:
(0,0)(24,0)(24,13)(9,13)(9,24)(6,24)(6,8)(0,8)
Polygon:
(0,0)(33,0)(33,5)(23,5)(23,23)(13,23)(13,5)(0,5)
Polygon:
(0,0)(31,0)(31,6)(28,6)(28,3)(18,3)(18,14)(0,14)
Polygon:
(0,0)(1,0)(1,9)(0,9)
Polygon:
(0,0)(27,0)(27,8)(21,8)(21,2)(11,2)(11,14)(0,14)
Polygon:
(0,0)(2,0)(2,17)(0,17)
Polygon:
(0,0)(31,0)(31,6)(18,6)(18,7)(1,7)(1,4)(0,4)
Polygon:
(0,0)(1,0)(1,18)(0,18)
Polygon:
(0,0)(41,0)(41,3)(28,3)(28,12)(17,12)(17,9)(0,9)
Polygon:
(0,0)(27,0)(27,13)(20,13)(20,20)(16,20)(16,5)(0,5)
Polygon:
(0,0)(15,0)(15,16)(0,16)
Polygon:
(0,0)(34,0)(34,15)(31,15)(31,5)(14,5)(14,17)(0,17)
Polygon:
(0,0)(18,0)(18,16)(14,16)(14,19)(1,19)(1,9)(0,9)
Polygon:
(0,0)(29,0)(29,15)(25,15)(25,14)(16,14)(16,17)(0,17)
Polygon:
(0,0)(9,0)(9,18)(0,18)
Polygon:
(0,0)(30,0)(30,17)(23,17)(23,19)(14,19)(14,2)(0,2)
Polygon:
(0,0)(51,0)(51,9)(33,9)(33,15)(16,15)(16,2)(0,2)
Polygon:
(0,0)(20,0)(20,7)(8,7)(8,2)(7,2)(7,10)(0,10)
Polygon:
(0,0)(5,0)(5,1)(0,1)
Polygon:
(0,0)(17,0)(17,1)(0,1)
Polygon:
(0,0)(7,0)(7,7)(0,7)
Polygon:
(0,0)(11,0)(11,10)(0,10)
Polygon:
(0,0)(9,0)(9,4)(0,4)
Polygon:
(0,0)(2,0)(2,4)(0,4)
Polygon:
(0,0)(10,0)(10,2)(0,2)
Polygon:
(0,0)(19,0)(19,2)(10,2)(10,1)(5,1)(5,12)(0,12)
Polygon:
(0,0)(20,0)(20,29)(15,29)(15,12)(11,12)(11,18)(0,18)
Polygon:
(0,0)(9,0)(9,5)(0,5)
Polygon:
(0,0)(3,0)(3,8)(0,8)
Polygon:
(0,0)(6,0)(6,3)(0,3)
Polygon:
(0,0)(2,0)(2,4)(0,4)
Polygon:
(0,0)(45,0)(45,10)(28,10)(28,8)(11,8)(11,12)(0,12)
Polygon:
(0,0)(11,0)(11,11)(0,11)
Polygon:
(0,0)(8,0)(8,2)(0,2)
Polygon:
(0,0)(44,0)(44,2)(31,2)(31,20)(15,20)(15,16)(0,16)
Polygon:
(0,0)(47,0)(47,21)(36,21)(36,17)(18,17)(18,18)(0,18)
Polygon:
(0,0)(23,0)(23,2)(20,2)(20,11)(14,11)(14,3)(0,3)
Polygon:
(0,0)(34,0)(34,8)(22,8)(22,21)(9,21)(9,14)(0,14)
Polygon:
(0,0)(24,0)(24,19)(16,19)(16,23)(11,23)(11,16)(0,16)
Polygon:
(0,0)(28,0)(28,14)(14,14)(14,3)(11,3)(11,13)(0,13)
Polygon:
(0,0)(5,0)(5,18)(0,18)
Polygon:
(0,0)(6,0)(6,8)(0,8)
Polygon:
(0,0)(18,0)(18,6)(0,6)
Polygon:
(0,0)(16,0)(16,10)(0,10)
Polygon:
(0,0)(33,0)(33,17)(23,17)(23,22)(10,22)(10,5)(0,5)
Polygon:
(0,0)(22,0)(22,4)(19,4)(19,19)(4,19)(4,13)(0,13)
Polygon:
(0,0)(11,0)(11,8)(0,8)
Polygon:
(0,0)(7,0)(7,11)(0,11)
Polygon:
(0,0)(4,0)(4,2)(0,2)
Polygon:
(0,0)(18,0)(18,15)(0,15)
Polygon:
(0,0)(6,0)(6,3)(0,3)
Polygon:
(0,0)(10,0)(10,14)(0,14)
Polygon:
(0,0)(27,0)(27,19)(11,19)(11,4)(4,4)(4,5)(0,5)
Polygon:
(0,0)(2,0)(2,16)(0,16)
Polygon:
(0,0)(32,0)(32,21)(25,21)(25,10)(16,10)(16,12)(0,12)
Polygon:
(0,0)(8,0)(8,9)(0,9)
Polygon:
(0,0)(31,0)(31,12)(23,12)(23,23)(12,23)(12,8)(0,8)
Polygon:
(0,0)(10,0)(10,14)(6,14)(6,4)(5,4)(5,7)(0,7)
Polygon:
(0,0)(17,0)(17,12)(0,12)
Polygon:
(0,0)(1,0)(1,10)(0,10)
Polygon:
(0,0)(40,0)(40,6)(29,6)(29,10)(15,10)(15,6)(0,6)
Polygon:
(0,0)(30,0)(30,4)(16,4)(16,5)(15,5)(15,4)(0,4)
Polygon:
(0,0)(14,0)(14,2)(13,2)(13,11)(3,11)(3,7)(0,7)
Polygon:
(0,0)(10,0)(10,17)(0,17)
Polygon:
(0,0)(1,0)(1,12)(0,12)
Polygon:
(0,0)(30,0)(30,8)(25,8)(25,13)(12,13)(12,11)(0,11)
Polygon:
(0,0)(10,0)(10,17)(0,17)
Polygon:
(0,0)(36,0)(36,17)(26,17)(26,22)(10,22)(10,12)(0,12)
Polygon:
(0,0)(16,0)(16,7)(0,7)
Polygon:
(0,0)(8,0)(8,7)(0,7)
Polygon:
(0,0)(5,0)(5,16)(0,16)
Polygon:
(0,0)(23,0)(23,17)(21,17)(21,21)(10,21)(10,4)(0,4)
Polygon:
(0,0)(21,0)(21,12)(18,12)(18,23)(6,23)(6,7)(0,7)
Polygon:
(0,0)(1,0)(1,13)(0,13)
Polygon:
(0,0)(7,0)(7,4)(0,4)
Polygon:
(0,0)(18,0)(18,1)(0,1)
Polygon:
(0,0)(6,0)(6,10)(0,10)
Polygon:
(0,0)(30,0)(30,8)(18,8)(18,5)(17,5)(17,10)(0,10)
Polygon:
(0,0)(28,0)(28,17)(25,17)(25,5)(17,5)(17,9)(0,9)
Polygon:
(0,0)(15,0)(15,14)(0,14)
Polygon:
(0,0)(24,0)(24,9)(22,9)(22,19)(10,19)(10,8)(0,8)
Polygon:
(0,0)(16,0)(16,18)(0,18)
Polygon:
(0,0)(24,0)(24,24)(22,24)(22,11)(5,11)(5,17)(0,17)
Polygon:
(0,0)(11,0)(11,13)(0,13)
Polygon:
(0,0)(13,0)(13,4)(0,4)
Polygon:
(0,0)(27,0)(27,11)(20,11)(20,25)(17,25)(17,13)(0,13)
Polygon:
(0,0)(17,0)(17,16)(4,16)(4,29)(2,29)(2,11)(0,11)
Polygon:
(0,0)(10,0)(10,4)(0,4)
Polygon:
(0,0)(20,0)(20,16)(14,16)(14,28)(9,28)(9,14)(0,14)
Polygon:
(0,0)(4,0)(4,14)(0,14)
Polygon:
(0,0)(33,0)(33,9)(23,9)(23,22)(8,22)(8,11)(0,11)
Polygon:
(0,0)(18,0)(18,15)(0,15)
Polygon:
(0,0)(9,0)(9,12)(0,12)
Polygon:
(0,0)(13,0)(13,1)(0,1)
Polygon:
(0,0)(18,0)(18,6)(0,6)
Polygon:
(0,0)(35,0)(35,19)(32,19)(32,20)(14,20)(14,7)(0,7)
Polygon:
(0,0)(39,0)(39,7)(27,7)(27,23)(12,23)(12,18)(0,18)
Polygon:
(0,0)(24,0)(24,16)(21,16)(21,21)(9,21)(9,16)(0,16)
Polygon:
(0,0)(4,0)(4,12)(0,12)
Polygon:
(0,0)(8,0)(8,12)(0,12)
Polygon:
(0,0)(20,0)(20,15)(13,15)(13,17)(11,17)(11,9)(0,9)
Polygon:
(0,0)(39,0)(39,20)(26,20)(26,31)(17,31)(17,13)(0,13)
Polygon:
(0,0)(42,0)(42,11)(31,11)(31,24)(15,24)(15,10)(0,10)
Polygon:
(0,0)(47,0)(47,14)(30,14)(30,4)(14,4)(14,13)(0,13)
Polygon:
(0,0)(12,0)(12,6)(0,6)
Polygon:
(0,0)(35,0)(35,16)(21,16)(21,22)(4,22)(4,18)(0,18)
Polygon:
(0,0)(8,0)(8,17)(0,17)
Polygon:
(0,0)(15,0)(15,16)(0,16)
Polygon:
(0,0)(19,0)(19,4)(15,4)(15,3)(8,3)(8,17)(0,17)
Polygon:
(0,0)(27,0)(27,2)(15,2)(15,12)(4,12)(4,6)(0,6)
