Polygon:
(0,0)(16,0)(16,15)(14,15)(14,28)(0,28)
Polygon:
(0,0)(28,0)(28,6)(11,6)(11,20)(0,20)
Polygon:
(0,0)(27,0)(27,4)(17,4)(17,21)(0,21)
Polygon:
(0,0)(19,0)(19,13)(8,13)(8,23)(0,23)
Polygon:
(0,0)(17,0)(17,3)(5,3)(5,11)(0,11)
Polygon:
(0,0)(21,0)(21,14)(11,14)(11,30)(0,30)
Polygon:
(0,0)(28,0)(28,4)(11,4)(11,12)(0,12)
Polygon:
(0,0)(30,0)(30,16)(15,16)(15,24)(0,24)
Polygon:
(0,0)(6,0)(6,9)(1,9)(1,13)(0,13)
Polygon:
(0,0)(16,0)(16,7)(9,7)(9,12)(0,12)
Polygon:
(0,0)(9,0)(9,17)(7,17)(7,21)(0,21)
Polygon:
(0,0)(9,0)(9,5)(4,5)(4,9)(0,9)
Polygon:
(0,0)(13,0)(13,15)(4,15)(4,21)(0,21)
Polygon:
(0,0)(29,0)(29,7)(14,7)(14,25)(0,25)
Polygon:
(0,0)(14,0)(14,13)(1,13)(1,20)(0,20)
Polygon:
(0,0)(27,0)(27,16)(14,16)(14,32)(0,32)
Polygon:
(0,0)(23,0)(23,14)(13,14)(13,18)(0,18)
Polygon:
(0,0)(21,0)(21,18)(8,18)(8,27)(0,27)
Polygon:
(0,0)(20,0)(20,4)(6,4)(6,21)(0,21)
Polygon:
(0,0)(14,0)(14,2)(13,2)(13,4)(0,4)
Polygon:
(0,0)(20,0)(20,9)(10,9)(10,16)(0,16)
Polygon:
(0,0)(25,0)(25,8)(7,8)(7,24)(0,24)
Polygon:
(0,0)(15,0)(15,15)(11,15)(11,29)(0,29)
Polygon:
(0,0)(3,0)(3,2)(2,2)(2,8)(0,8)
Polygon:
(0,0)(24,0)(24,18)(13,18)(13,19)(0,19)
Polygon:
(0,0)(21,0)(21,1)(17,1)(17,4)(0,4)
Polygon:
(0,0)(13,0)(13,13)(8,13)(8,22)(0,22)
Polygon:
(0,0)(18,0)(18,6)(1,6)(1,21)(0,21)
Polygon:
(0,0)(19,0)(19,8)(5,8)(5,20)(0,20)
Polygon:
(0,0)(28,0)(28,6)(11,6)(11,10)(0,10)
Polygon:
(0,0)(4,0)(4,18)(1,18)(1,33)(0,33)
Polygon:
(0,0)(16,0)(16,16)(3,16)(3,27)(0,27)
Polygon:
(0,0)(20,0)(20,6)(3,6)(3,23)(0,23)
Polygon:
(0,0)(20,0)(20,14)(9,14)(9,30)(0,30)
Polygon:
(0,0)(17,0)(17,11)(15,11)(15,19)(0,19)
Polygon:
(0,0)(10,0)(10,5)(7,5)(7,17)(0,17)
Polygon:
(0,0)(13,0)(13,16)(7,16)(7,23)(0,23)
Polygon:
(0,0)(23,0)(23,13)(13,13)(13,14)(0,14)
Polygon:
(0,0)(24,0)(24,7)(12,7)(12,18)(0,18)
Polygon:
(0,0)(14,0)(14,1)(12,1)(12,2)(0,2)
Polygon:
(0,0)(16,0)(16,12)(7,12)(7,26)(0,26)
Polygon:
(0,0)(24,0)(24,14)(14,14)(14,31)(0,31)
Polygon:
(0,0)(36,0)(36,14)(18,14)(18,20)(0,20)
Polygon:
(0,0)(21,0)(21,1)(7,1)(7,12)(0,12)
Polygon:
(0,0)(21,0)(21,17)(5,17)(5,18)(0,18)
Polygon:
(0,0)(24,0)(24,5)(16,5)(16,20)(0,20)
Polygon:
(0,0)(18,0)(18,12)(7,12)(7,27)(0,27)
Polygon:
(0,0)(17,0)(17,9)(8,9)(8,16)(0,16)
Polygon:
(0,0)(29,0)(29,1)(17,1)(17,13)(0,13)
Polygon:
(0,0)(17,0)(17,10)(1,10)(1,23)(0,23)
Polygon:
(0,0)(16,0)(16,12)(13,12)(13,20)(0,20)
Polygon:
(0,0)(27,0)(27,10)(14,10)(14,16)(0,16)
Polygon:
(0,0)(25,0)(25,1)(12,1)(12,11)(0,11)
Polygon:
(0,0)(19,0)(19,16)(14,16)(14,30)(0,30)
Polygon:
(0,0)(17,0)(17,11)(14,11)(14,17)(0,17)
Polygon:
(0,0)(12,0)(12,16)(8,16)(8,30)(0,30)
Polygon:
(0,0)(18,0)(18,16)(13,16)(13,21)(0,21)
Polygon:
(0,0)(20,0)(20,10)(18,10)(18,28)(0,28)
Polygon:
(0,0)(10,0)(10,17)(9,17)(9,24)(0,24)
Polygon:
(0,0)(18,0)(18,16)(5,16)(5,23)(0,23)
Polygon:
(0,0)(25,0)(25,16)(12,16)(12,24)(0,24)
Polygon:
(0,0)(20,0)(20,4)(15,4)(15,8)(0,8)
Polygon:
(0,0)(23,0)(23,11)(9,11)(9,12)(0,12)
Polygon:
(0,0)(10,0)(10,9)(6,9)(6,21)(0,21)
Polygon:
(0,0)(19,0)(19,9)(12,9)(12,22)(0,22)
Polygon:
(0,0)(27,0)(27,10)(10,10)(10,21)(0,21)
Polygon:
(0,0)(33,0)(33,11)(15,11)(15,16)(0,16)
Polygon:
(0,0)(5,0)(5,3)(3,3)(3,16)(0,16)
Polygon:
(0,0)(31,0)(31,5)(15,5)(15,6)(0,6)
Polygon:
(0,0)(17,0)(17,6)(13,6)(13,14)(0,14)
Polygon:
(0,0)(23,0)(23,6)(7,6)(7,23)(0,23)
Polygon:
(0,0)(18,0)(18,16)(17,16)(17,21)(0,21)
Polygon:
(0,0)(17,0)(17,18)(3,18)(3,29)(0,29)
Polygon:
(0,0)(27,0)(27,1)(14,1)(14,2)(0,2)
Polygon:
(0,0)(12,0)(12,16)(9,16)(9,22)(0,22)
Polygon:
(0,0)(21,0)(21,14)(6,14)(6,30)(0,30)
Polygon:
(0,0)(26,0)(26,4)(12,4)(12,13)(0,13)
Polygon:
(0,0)(5,0)(5,10)(3,10)(3,14)(0,14)
Polygon:
(0,0)(19,0)(19,10)(15,10)(15,11)(0,11)
Polygon:
(0,0)(19,0)(19,1)(4,1)(4,3)(0,3)
Polygon:
(0,0)(28,0)(28,12)(13,12)(13,18)(0,18)
Polygon:
(0,0)(18,0)(18,3)(14,3)(14,6)(0,6)
Polygon:
(0,0)(16,0)(16,11)(13,11)(13,15)(0,15)
Polygon:
(0,0)(21,0)(21,4)(3,4)(3,5)(0,5)
Polygon:
(0,0)(21,0)(21,17)(12,17)(12,32)(0,32)
Polygon:
(0,0)(19,0)(19,5)(7,5)(7,9)(0,9)
Polygon:
(0,0)(16,0)(16,13)(2,13)(2,28)(0,28)
Polygon:
(0,0)(27,0)(27,8)(9,8)(9,12)(0,12)
Polygon:
(0,0)(17,0)(17,8)(11,8)(11,9)(0,9)
Polygon:
(0,0)(28,0)(28,13)(14,13)(14,17)(0,17)
Polygon:
(0,0)(20,0)(20,1)(8,1)(8,6)(0,6)
Polygon:
(0,0)(24,0)(24,14)(11,14)(11,17)(0,17)
Polygon:
(0,0)(23,0)(23,12)(9,12)(9,24)(0,24)
Polygon:
(0,0)(22,0)(22,2)(9,2)(9,14)(0,14)
Polygon:
(0,0)(25,0)(25,17)(11,17)(11,30)(0,30)
Polygon:
(0,0)(23,0)(23,5)(5,5)(5,8)(0,8)
Polygon:
(0,0)(16,0)(16,2)(15,2)(15,18)(0,18)
Polygon:
(0,0)(22,0)(22,10)(11,10)(11,15)(0,15)
Polygon:
(0,0)(14,0)(14,7)(2,7)(2,20)(0,20)
Polygon:
(0,0)(20,0)(20,15)(6,15)(6,17)(0,17)
Polygon:
(0,0)(16,0)(16,10)(7,10)(7,28)(0,28)
Polygon:
(0,0)(20,0)(20,3)(18,3)(18,4)(0,4)
Polygon:
(0,0)(17,0)(17,5)(2,5)(2,18)(0,18)
Polygon:
(0,0)(11,0)(11,10)(7,10)(7,24)(0,24)
Polygon:
(0,0)(14,0)(14,16)(2,16)(2,34)(0,34)
Polygon:
(0,0)(12,0)(12,8)(5,8)(5,16)(0,16)
Polygon:
(0,0)(18,0)(18,13)(10,13)(10,16)(0,16)
Polygon:
(0,0)(12,0)(12,6)(11,6)(11,14)(0,14)
Polygon:
(0,0)(22,0)(22,18)(6,18)(6,26)(0,26)
Polygon:
(0,0)(12,0)(12,2)(9,2)(9,3)(0,3)
Polygon:
(0,0)(12,0)(12,6)(2,6)(2,12)(0,12)
Polygon:
(0,0)(13,0)(13,11)(3,11)(3,12)(0,12)
Polygon:
(0,0)(30,0)(30,5)(14,5)(14,14)(0,14)
Polygon:
(0,0)(26,0)(26,10)(15,10)(15,18)(0,18)
Polygon:
(0,0)(19,0)(19,10)(13,10)(13,25)(0,25)
Polygon:
(0,0)(20,0)(20,1)(11,1)(11,13)(0,13)
Polygon:
(0,0)(28,0)(28,13)(11,13)(11,14)(0,14)
Polygon:
(0,0)(6,0)(6,15)(2,15)(2,27)(0,27)
Polygon:
(0,0)(17,0)(17,13)(13,13)(13,29)(0,29)
Polygon:
(0,0)(9,0)(9,2)(4,2)(4,9)(0,9)
Polygon:
(0,0)(9,0)(9,4)(1,4)(1,6)(0,6)
Polygon:
(0,0)(20,0)(20,1)(7,1)(7,4)(0,4)
Polygon:
(0,0)(17,0)(17,7)(12,7)(12,23)(0,23)
Polygon:
(0,0)(26,0)(26,11)(16,11)(16,29)(0,29)
Polygon:
(0,0)(15,0)(15,14)(7,14)(7,28)(0,28)
Polygon:
(0,0)(30,0)(30,16)(14,16)(14,31)(0,31)
Polygon:
(0,0)(22,0)(22,1)(4,1)(4,10)(0,10)
Polygon:
(0,0)(21,0)(21,3)(3,3)(3,11)(0,11)
Polygon:
(0,0)(26,0)(26,15)(10,15)(10,27)(0,27)
Polygon:
(0,0)(15,0)(15,14)(3,14)(3,20)(0,20)
Polygon:
(0,0)(10,0)(10,5)(4,5)(4,11)(0,11)
Polygon:
(0,0)(18,0)(18,14)(2,14)(2,32)(0,32)
Polygon:
(0,0)(16,0)(16,9)(4,9)(4,10)(0,10)
Polygon:
(0,0)(15,0)(15,5)(1,5)(1,18)(0,18)
Polygon:
(0,0)(11,0)(11,1)(3,1)(3,2)(0,2)
Polygon:
(0,0)(23,0)(23,5)(9,5)(9,16)(0,16)
Polygon:
(0,0)(20,0)(20,9)(2,9)(2,14)(0,14)
Polygon:
(0,0)(15,0)(15,12)(14,12)(14,17)(0,17)
Polygon:
(0,0)(12,0)(12,3)(8,3)(8,4)(0,4)
Polygon:
(0,0)(11,0)(11,15)(5,15)(5,20)(0,20)
Polygon:
(0,0)(19,0)(19,6)(3,6)(3,13)(0,13)
Polygon:
(0,0)(26,0)(26,15)(16,15)(16,30)(0,30)
Polygon:
(0,0)(30,0)(30,9)(16,9)(16,11)(0,11)
Polygon:
(0,0)(34,0)(34,8)(16,8)(16,14)(0,14)
Polygon:
(0,0)(14,0)(14,13)(5,13)(5,30)(0,30)
Polygon:
(0,0)(26,0)(26,1)(16,1)(16,2)(0,2)
Polygon:
(0,0)(11,0)(11,15)(7,15)(7,16)(0,16)
Polygon:
(0,0)(19,0)(19,14)(15,14)(15,22)(0,22)
Polygon:
(0,0)(20,0)(20,15)(12,15)(12,24)(0,24)
Polygon:
(0,0)(28,0)(28,18)(17,18)(17,26)(0,26)
Polygon:
(0,0)(30,0)(30,11)(13,11)(13,17)(0,17)
Polygon:
(0,0)(27,0)(27,1)(9,1)(9,6)(0,6)
Polygon:
(0,0)(12,0)(12,8)(4,8)(4,14)(0,14)
Polygon:
(0,0)(34,0)(34,15)(18,15)(18,26)(0,26)
Polygon:
(0,0)(17,0)(17,9)(13,9)(13,15)(0,15)
Polygon:
(0,0)(8,0)(8,3)(4,3)(4,13)(0,13)
Polygon:
(0,0)(22,0)(22,2)(4,2)(4,20)(0,20)
Polygon:
(0,0)(9,0)(9,14)(1,14)(1,24)(0,24)
Polygon:
(0,0)(13,0)(13,6)(2,6)(2,13)(0,13)
Polygon:
(0,0)(27,0)(27,18)(11,18)(11,20)(0,20)
Polygon:
(0,0)(18,0)(18,4)(6,4)(6,11)(0,11)
Polygon:
(0,0)(8,0)(8,6)(6,6)(6,19)(0,19)
Polygon:
(0,0)(10,0)(10,5)(3,5)(3,22)(0,22)
Polygon:
(0,0)(13,0)(13,14)(5,14)(5,32)(0,32)
Polygon:
(0,0)(12,0)(12,9)(1,9)(1,21)(0,21)
Polygon:
(0,0)(11,0)(11,18)(6,18)(6,26)(0,26)
Polygon:
(0,0)(23,0)(23,18)(7,18)(7,29)(0,29)
Polygon:
(0,0)(17,0)(17,11)(2,11)(2,23)(0,23)
Polygon:
(0,0)(11,0)(11,17)(6,17)(6,18)(0,18)
Polygon:
(0,0)(23,0)(23,2)(15,2)(15,18)(0,18)
Polygon:
(0,0)(15,0)(15,8)(9,8)(9,14)(0,14)
Polygon:
(0,0)(16,0)(16,12)(6,12)(6,29)(0,29)
Polygon:
(0,0)(25,0)(25,17)(18,17)(18,32)(0,32)
Polygon:
(0,0)(24,0)(24,8)(16,8)(16,25)(0,25)
Polygon:
(0,0)(19,0)(19,16)(10,16)(10,29)(0,29)
Polygon:
(0,0)(27,0)(27,9)(13,9)(13,27)(0,27)
Polygon:
(0,0)(12,0)(12,13)(3,13)(3,14)(0,14)
Polygon:
(0,0)(27,0)(27,16)(12,16)(12,31)(0,31)
Polygon:
(0,0)(10,0)(10,4)(9,4)(9,19)(0,19)
Polygon:
(0,0)(24,0)(24,6)(11,6)(11,19)(0,19)
Polygon:
(0,0)(22,0)(22,14)(9,14)(9,23)(0,23)
Polygon:
(0,0)(24,0)(24,14)(16,14)(16,15)(0,15)
Polygon:
(0,0)(33,0)(33,4)(18,4)(18,6)(0,6)
Polygon:
(0,0)(12,0)(12,6)(2,6)(2,16)(0,16)
Polygon:
(0,0)(29,0)(29,6)(18,6)(18,15)(0,15)
Polygon:
(0,0)(19,0)(19,18)(16,18)(16,31)(0,31)
Polygon:
(0,0)(32,0)(32,13)(18,13)(18,24)(0,24)
Polygon:
(0,0)(26,0)(26,15)(10,15)(10,19)(0,19)
Polygon:
(0,0)(6,0)(6,12)(4,12)(4,23)(0,23)
Polygon:
(0,0)(9,0)(9,5)(4,5)(4,8)(0,8)
Polygon:
(0,0)(30,0)(30,9)(13,9)(13,11)(0,11)
Polygon:
(0,0)(33,0)(33,9)(15,9)(15,10)(0,10)
Polygon:
(0,0)(33,0)(33,4)(17,4)(17,21)(0,21)
Polygon:
(0,0)(17,0)(17,3)(15,3)(15,9)(0,9)
Polygon:
(0,0)(15,0)(15,18)(14,18)(14,23)(0,23)
Polygon:
(0,0)(13,0)(13,16)(3,16)(3,23)(0,23)
Polygon:
(0,0)(14,0)(14,13)(12,13)(12,27)(0,27)
Polygon:
(0,0)(24,0)(24,15)(18,15)(18,24)(0,24)
Polygon:
(0,0)(11,0)(11,7)(9,7)(9,14)(0,14)
Polygon:
(0,0)(23,0)(23,16)(8,16)(8,25)(0,25)
Polygon:
(0,0)(22,0)(22,5)(13,5)(13,9)(0,9)
Polygon:
(0,0)(2,0)(2,7)(1,7)(1,23)(0,23)
Polygon:
(0,0)(16,0)(16,12)(8,12)(8,27)(0,27)
Polygon:
(0,0)(10,0)(10,1)(7,1)(7,9)(0,9)
Polygon:
(0,0)(24,0)(24,3)(15,3)(15,11)(0,11)
Polygon:
(0,0)(17,0)(17,9)(8,9)(8,12)(0,12)
Polygon:
(0,0)(25,0)(25,4)(8,4)(8,17)(0,17)
Polygon:
(0,0)(20,0)(20,4)(18,4)(18,8)(0,8)
Polygon:
(0,0)(18,0)(18,12)(17,12)(17,22)(0,22)
Polygon:
(0,0)(35,0)(35,15)(18,15)(18,29)(0,29)
Polygon:
(0,0)(30,0)(30,6)(18,6)(18,17)(0,17)
Polygon:
(0,0)(15,0)(15,18)(7,18)(7,20)(0,20)
Polygon:
(0,0)(31,0)(31,17)(13,17)(13,22)(0,22)
Polygon:
(0,0)(30,0)(30,12)(16,12)(16,24)(0,24)
Polygon:
(0,0)(32,0)(32,7)(17,7)(17,13)(0,13)
Polygon:
(0,0)(12,0)(12,11)(7,11)(7,28)(0,28)
Polygon:
(0,0)(17,0)(17,1)(8,1)(8,2)(0,2)
Polygon:
(0,0)(8,0)(8,11)(6,11)(6,20)(0,20)
Polygon:
(0,0)(17,0)(17,3)(3,3)(3,7)(0,7)
Polygon:
(0,0)(13,0)(13,18)(9,18)(9,21)(0,21)
Polygon:
(0,0)(19,0)(19,2)(7,2)(7,17)(0,17)
Polygon:
(0,0)(17,0)(17,12)(8,12)(8,16)(0,16)
Polygon:
(0,0)(15,0)(15,6)(14,6)(14,14)(0,14)
Polygon:
(0,0)(24,0)(24,3)(11,3)(11,19)(0,19)
Polygon:
(0,0)(5,0)(5,10)(2,10)(2,28)(0,28)
Polygon:
(0,0)(29,0)(29,6)(13,6)(13,15)(0,15)
Polygon:
(0,0)(20,0)(20,6)(18,6)(18,20)(0,20)
Polygon:
(0,0)(9,0)(9,7)(6,7)(6,16)(0,16)
Polygon:
(0,0)(23,0)(23,16)(14,16)(14,27)(0,27)
Polygon:
(0,0)(13,0)(13,6)(1,6)(1,19)(0,19)
Polygon:
(0,0)(18,0)(18,6)(14,6)(14,19)(0,19)
Polygon:
(0,0)(11,0)(11,15)(3,15)(3,21)(0,21)
Polygon:
(0,0)(15,0)(15,5)(7,5)(7,8)(0,8)
Polygon:
(0,0)(16,0)(16,15)(1,15)(1,23)(0,23)
Polygon:
(0,0)(11,0)(11,5)(4,5)(4,21)(0,21)
Polygon:
(0,0)(22,0)(22,8)(15,8)(15,13)(0,13)
Polygon:
(0,0)(9,0)(9,4)(5,4)(5,10)(0,10)
Polygon:
(0,0)(17,0)(17,9)(14,9)(14,18)(0,18)
Polygon:
(0,0)(10,0)(10,14)(3,14)(3,24)(0,24)
Polygon:
(0,0)(16,0)(16,7)(7,7)(7,20)(0,20)
Polygon:
(0,0)(23,0)(23,12)(9,12)(9,30)(0,30)
Polygon:
(0,0)(29,0)(29,15)(11,15)(11,23)(0,23)
Polygon:
(0,0)(10,0)(10,7)(3,7)(3,23)(0,23)
Polygon:
(0,0)(8,0)(8,7)(6,7)(6,15)(0,15)
Polygon:
(0,0)(17,0)(17,6)(14,6)(14,20)(0,20)
Polygon:
(0,0)(12,0)(12,9)(7,9)(7,23)(0,23)
Polygon:
(0,0)(14,0)(14,3)(7,3)(7,21)(0,21)
Polygon:
(0,0)(31,0)(31,13)(13,13)(13,27)(0,27)
Polygon:
(0,0)(18,0)(18,16)(3,16)(3,23)(0,23)
Polygon:
(0,0)(12,0)(12,12)(2,12)(2,15)(0,15)
Polygon:
(0,0)(10,0)(10,6)(5,6)(5,11)(0,11)
Polygon:
(0,0)(15,0)(15,17)(7,17)(7,27)(0,27)
Polygon:
(0,0)(16,0)(16,9)(1,9)(1,15)(0,15)
Polygon:
(0,0)(14,0)(14,7)(4,7)(4,14)(0,14)
Polygon:
(0,0)(11,0)(11,14)(2,14)(2,16)(0,16)
Polygon:
(0,0)(8,0)(8,13)(6,13)(6,22)(0,22)
Polygon:
(0,0)(27,0)(27,17)(17,17)(17,33)(0,33)
Polygon:
(0,0)(13,0)(13,7)(8,7)(8,15)(0,15)
Polygon:
(0,0)(13,0)(13,5)(2,5)(2,9)(0,9)
Polygon:
(0,0)(21,0)(21,5)(7,5)(7,7)(0,7)
Polygon:
(0,0)(15,0)(15,6)(7,6)(7,13)(0,13)
Polygon:
(0,0)(28,0)(28,11)(17,11)(17,13)(0,13)
Polygon:
(0,0)(14,0)(14,12)(9,12)(9,30)(0,30)
Polygon:
(0,0)(20,0)(20,4)(9,4)(9,21)(0,21)
Polygon:
(0,0)(35,0)(35,15)(18,15)(18,21)(0,21)
Polygon:
(0,0)(21,0)(21,10)(6,10)(6,12)(0,12)
Polygon:
(0,0)(26,0)(26,5)(11,5)(11,20)(0,20)
Polygon:
(0,0)(31,0)(31,18)(16,18)(16,21)(0,21)
Polygon:
(0,0)(26,0)(26,3)(9,3)(9,12)(0,12)
Polygon:
(0,0)(15,0)(15,14)(13,14)(13,25)(0,25)
Polygon:
(0,0)(13,0)(13,1)(10,1)(10,5)(0,5)
Polygon:
(0,0)(34,0)(34,10)(18,10)(18,14)(0,14)
Polygon:
(0,0)(14,0)(14,8)(8,8)(8,11)(0,11)
Polygon:
(0,0)(23,0)(23,12)(18,12)(18,29)(0,29)
Polygon:
(0,0)(13,0)(13,1)(4,1)(4,5)(0,5)
Polygon:
(0,0)(20,0)(20,6)(15,6)(15,10)(0,10)
Polygon:
(0,0)(23,0)(23,15)(11,15)(11,23)(0,23)
Polygon:
(0,0)(19,0)(19,18)(7,18)(7,20)(0,20)
Polygon:
(0,0)(11,0)(11,16)(7,16)(7,21)(0,21)
Polygon:
(0,0)(14,0)(14,12)(4,12)(4,20)(0,20)
Polygon:
(0,0)(9,0)(9,6)(1,6)(1,8)(0,8)
Polygon:
(0,0)(11,0)(11,13)(10,13)(10,31)(0,31)
Polygon:
(0,0)(13,0)(13,15)(10,15)(10,23)(0,23)
Polygon:
(0,0)(14,0)(14,11)(7,11)(7,14)(0,14)
Polygon:
(0,0)(6,0)(6,17)(4,17)(4,30)(0,30)
Polygon:
(0,0)(16,0)(16,10)(6,10)(6,13)(0,13)
Polygon:
(0,0)(9,0)(9,17)(1,17)(1,25)(0,25)
Polygon:
(0,0)(17,0)(17,11)(13,11)(13,18)(0,18)
Polygon:
(0,0)(14,0)(14,2)(9,2)(9,6)(0,6)
Polygon:
(0,0)(17,0)(17,12)(9,12)(9,20)(0,20)
Polygon:
(0,0)(18,0)(18,9)(4,9)(4,14)(0,14)
Polygon:
(0,0)(11,0)(11,6)(9,6)(9,24)(0,24)
Polygon:
(0,0)(24,0)(24,13)(16,13)(16,21)(0,21)
Polygon:
(0,0)(18,0)(18,5)(5,5)(5,6)(0,6)
Polygon:
(0,0)(30,0)(30,14)(16,14)(16,22)(0,22)
Polygon:
(0,0)(8,0)(8,16)(5,16)(5,21)(0,21)
Polygon:
(0,0)(27,0)(27,7)(10,7)(10,22)(0,22)
Polygon:
(0,0)(22,0)(22,16)(18,16)(18,31)(0,31)
Polygon:
(0,0)(14,0)(14,5)(1,5)(1,15)(0,15)
Polygon:
(0,0)(26,0)(26,8)(17,8)(17,23)(0,23)
Polygon:
(0,0)(16,0)(16,3)(15,3)(15,11)(0,11)
Polygon:
(0,0)(26,0)(26,17)(14,17)(14,22)(0,22)
Polygon:
(0,0)(12,0)(12,7)(9,7)(9,17)(0,17)
Polygon:
(0,0)(12,0)(12,17)(4,17)(4,18)(0,18)
Polygon:
(0,0)(26,0)(26,18)(14,18)(14,25)(0,25)
Polygon:
(0,0)(13,0)(13,17)(11,17)(11,18)(0,18)
Polygon:
(0,0)(21,0)(21,12)(7,12)(7,14)(0,14)
Polygon:
(0,0)(20,0)(20,8)(14,8)(14,26)(0,26)
Polygon:
(0,0)(6,0)(6,5)(3,5)(3,9)(0,9)
Polygon:
(0,0)(5,0)(5,3)(3,3)(3,12)(0,12)
Polygon:
(0,0)(5,0)(5,2)(3,2)(3,4)(0,4)
Polygon:
(0,0)(36,0)(36,1)(18,1)(18,2)(0,2)
Polygon:
(0,0)(3,0)(3,14)(2,14)(2,28)(0,28)
Polygon:
(0,0)(14,0)(14,16)(1,16)(1,23)(0,23)
Polygon:
(0,0)(17,0)(17,17)(13,17)(13,27)(0,27)
Polygon:
(0,0)(9,0)(9,14)(7,14)(7,29)(0,29)
Polygon:
(0,0)(22,0)(22,13)(5,13)(5,16)(0,16)
Polygon:
(0,0)(13,0)(13,1)(4,1)(4,9)(0,9)
Polygon:
(0,0)(20,0)(20,7)(13,7)(13,10)(0,10)
Polygon:
(0,0)(18,0)(18,11)(10,11)(10,14)(0,14)
Polygon:
(0,0)(12,0)(12,8)(7,8)(7,20)(0,20)
Polygon:
(0,0)(15,0)(15,7)(2,7)(2,17)(0,17)
Polygon:
(0,0)(13,0)(13,5)(4,5)(4,12)(0,12)
Polygon:
(0,0)(10,0)(10,2)(5,2)(5,19)(0,19)
Polygon:
(0,0)(26,0)(26,10)(8,10)(8,26)(0,26)
Polygon:
(0,0)(20,0)(20,9)(12,9)(12,24)(0,24)
Polygon:
(0,0)(9,0)(9,1)(6,1)(6,17)(0,17)
Polygon:
(0,0)(18,0)(18,17)(2,17)(2,32)(0,32)
Polygon:
(0,0)(25,0)(25,2)(13,2)(13,4)(0,4)
Polygon:
(0,0)(10,0)(10,3)(5,3)(5,15)(0,15)
Polygon:
(0,0)(17,0)(17,1)(16,1)(16,13)(0,13)
Polygon:
(0,0)(16,0)(16,16)(10,16)(10,33)(0,33)
Polygon:
(0,0)(30,0)(30,5)(13,5)(13,12)(0,12)
Polygon:
(0,0)(12,0)(12,7)(6,7)(6,10)(0,10)
Polygon:
(0,0)(34,0)(34,16)(18,16)(18,22)(0,22)
Polygon:
(0,0)(9,0)(9,9)(8,9)(8,23)(0,23)
Polygon:
(0,0)(20,0)(20,18)(9,18)(9,20)(0,20)
Polygon:
(0,0)(13,0)(13,14)(11,14)(11,16)(0,16)
Polygon:
(0,0)(17,0)(17,4)(4,4)(4,20)(0,20)
Polygon:
(0,0)(21,0)(21,8)(3,8)(3,25)(0,25)
Polygon:
(0,0)(12,0)(12,3)(11,3)(11,10)(0,10)
Polygon:
(0,0)(25,0)(25,4)(10,4)(10,22)(0,22)
Polygon:
(0,0)(21,0)(21,3)(9,3)(9,14)(0,14)
Polygon:
(0,0)(31,0)(31,11)(17,11)(17,19)(0,19)
Polygon:
(0,0)(24,0)(24,6)(16,6)(16,9)(0,9)
Polygon:
(0,0)(26,0)(26,12)(14,12)(14,23)(0,23)
Polygon:
(0,0)(23,0)(23,10)(15,10)(15,16)(0,16)
Polygon:
(0,0)(18,0)(18,3)(10,3)(10,21)(0,21)
Polygon:
(0,0)(9,0)(9,13)(3,13)(3,31)(0,31)
Polygon:
(0,0)(29,0)(29,14)(18,14)(18,20)(0,20)
Polygon:
(0,0)(23,0)(23,6)(10,6)(10,17)(0,17)
Polygon:
(0,0)(20,0)(20,2)(5,2)(5,5)(0,5)
Polygon:
(0,0)(29,0)(29,5)(13,5)(13,6)(0,6)
Polygon:
(0,0)(22,0)(22,12)(12,12)(12,22)(0,22)
Polygon:
(0,0)(11,0)(11,11)(2,11)(2,23)(0,23)
Polygon:
(0,0)(31,0)(31,18)(17,18)(17,31)(0,31)
Polygon:
(0,0)(11,0)(11,7)(9,7)(9,21)(0,21)
Polygon:
(0,0)(19,0)(19,15)(8,15)(8,30)(0,30)
Polygon:
(0,0)(20,0)(20,6)(4,6)(4,14)(0,14)
Polygon:
(0,0)(22,0)(22,4)(6,4)(6,7)(0,7)
Polygon:
(0,0)(15,0)(15,21)(12,21)(12,23)(1,23)(1,8)(0,8)
Polygon:
(0,0)(19,0)(19,4)(15,4)(15,17)(5,17)(5,4)(0,4)
Polygon:
(0,0)(17,0)(17,2)(14,2)(14,15)(11,15)(11,6)(0,6)
Polygon:
(0,0)(17,0)(17,10)(0,10)
Polygon:
(0,0)(6,0)(6,10)(0,10)
Polygon:
(0,0)(8,0)(8,13)(0,13)
Polygon:
(0,0)(37,0)(37,12)(21,12)(21,7)(4,7)(4,12)(0,12)
Polygon:
(0,0)(14,0)(14,13)(0,13)
Polygon:
(0,0)(25,0)(25,15)(16,15)(16,18)(14,18)(14,7)(0,7)
Polygon:
(0,0)(17,0)(17,6)(0,6)
Polygon:
(0,0)(13,0)(13,1)(0,1)
Polygon:
(0,0)(12,0)(12,9)(11,9)(11,27)(5,27)(5,17)(0,17)
Polygon:
(0,0)(12,0)(12,6)(0,6)
Polygon:
(0,0)(15,0)(15,17)(5,17)(5,21)(2,21)(2,13)(0,13)
Polygon:
(0,0)(25,0)(25,7)(23,7)(23,2)(15,2)(15,5)(0,5)
Polygon:
(0,0)(9,0)(9,16)(0,16)
Polygon:
(0,0)(13,0)(13,12)(11,12)(11,19)(5,19)(5,6)(0,6)
Polygon:
(0,0)(16,0)(16,10)(0,10)
Polygon:
(0,0)(34,0)(34,23)(25,23)(25,27)(12,27)(12,18)(0,18)
Polygon:
(0,0)(20,0)(20,9)(15,9)(15,20)(10,20)(10,2)(0,2)
Polygon:
(0,0)(35,0)(35,15)(24,15)(24,7)(18,7)(18,9)(0,9)
Polygon:
(0,0)(30,0)(30,8)(15,8)(15,2)(8,2)(8,12)(0,12)
Polygon:
(0,0)(18,0)(18,16)(0,16)
Polygon:
(0,0)(17,0)(17,18)(0,18)
Polygon:
(0,0)(9,0)(9,1)(0,1)
Polygon:
(0,0)(12,0)(12,2)(0,2)
Polygon:
(0,0)(23,0)(23,15)(15,15)(15,2)(8,2)(8,3)(0,3)
Polygon:
(0,0)(36,0)(36,1)(19,1)(19,12)(4,12)(4,3)(0,3)
Polygon:
(0,0)(17,0)(17,18)(0,18)
Polygon:
(0,0)(44,0)(44,9)(28,9)(28,13)(13,13)(13,9)(0,9)
Polygon:
(0,0)(12,0)(12,22)(5,22)(5,27)(3,27)(3,9)(0,9)
Polygon:
(0,0)(18,0)(18,16)(0,16)
Polygon:
(0,0)(9,0)(9,11)(0,11)
Polygon:
(0,0)(7,0)(7,11)(0,11)
Polygon:
(0,0)(16,0)(16,3)(0,3)
Polygon:
(0,0)(18,0)(18,13)(0,13)
Polygon:
(0,0)(18,0)(18,17)(0,17)
Polygon:
(0,0)(14,0)(14,13)(0,13)
Polygon:
(0,0)(7,0)(7,12)(0,12)
Polygon:
(0,0)(8,0)(8,17)(0,17)
Polygon:
(0,0)(21,0)(21,11)(7,11)(7,15)(4,15)(4,3)(0,3)
Polygon:
(0,0)(18,0)(18,7)(15,7)(15,18)(2,18)(2,4)(0,4)
Polygon:
(0,0)(49,0)(49,23)(33,23)(33,5)(15,5)(15,14)(0,14)
Polygon:
(0,0)(5,0)(5,15)(0,15)
Polygon:
(0,0)(10,0)(10,9)(0,9)
Polygon:
(0,0)(41,0)(41,15)(31,15)(31,16)(16,16)(16,10)(0,10)
Polygon:
(0,0)(46,0)(46,24)(34,24)(34,6)(16,6)(16,15)(0,15)
Polygon:
(0,0)(9,0)(9,15)(0,15)
Polygon:
(0,0)(21,0)(21,20)(9,20)(9,2)(6,2)(6,5)(0,5)
Polygon:
(0,0)(4,0)(4,9)(0,9)
Polygon:
(0,0)(21,0)(21,3)(12,3)(12,15)(4,15)(4,3)(0,3)
Polygon:
(0,0)(7,0)(7,12)(0,12)
Polygon:
(0,0)(20,0)(20,16)(13,16)(13,7)(11,7)(11,13)(0,13)
Polygon:
(0,0)(22,0)(22,20)(21,20)(21,30)(12,30)(12,17)(0,17)
Polygon:
(0,0)(11,0)(11,16)(0,16)
Polygon:
(0,0)(7,0)(7,7)(0,7)
Polygon:
(0,0)(29,0)(29,1)(19,1)(19,15)(15,15)(15,8)(0,8)
Polygon:
(0,0)(21,0)(21,19)(16,19)(16,25)(6,25)(6,16)(0,16)
Polygon:
(0,0)(13,0)(13,28)(7,28)(7,13)(5,13)(5,16)(0,16)
Polygon:
(0,0)(37,0)(37,20)(25,20)(25,2)(16,2)(16,10)(0,10)
Polygon:
(0,0)(38,0)(38,14)(31,14)(31,16)(15,16)(15,4)(0,4)
Polygon:
(0,0)(5,0)(5,14)(0,14)
Polygon:
(0,0)(15,0)(15,11)(0,11)
Polygon:
(0,0)(8,0)(8,2)(7,2)(7,9)(3,9)(3,2)(0,2)
Polygon:
(0,0)(10,0)(10,10)(0,10)
Polygon:
(0,0)(2,0)(2,5)(0,5)
Polygon:
(0,0)(1,0)(1,15)(0,15)
Polygon:
(0,0)(6,0)(6,14)(0,14)
Polygon:
(0,0)(12,0)(12,7)(10,7)(10,4)(5,4)(5,7)(0,7)
Polygon:
(0,0)(13,0)(13,5)(11,5)(11,1)(4,1)(4,8)(0,8)
Polygon:
(0,0)(15,0)(15,23)(10,23)(10,25)(5,25)(5,13)(0,13)
Polygon:
(0,0)(13,0)(13,15)(0,15)
Polygon:
(0,0)(23,0)(23,14)(5,14)(5,25)(3,25)(3,15)(0,15)
Polygon:
(0,0)(5,0)(5,16)(0,16)
Polygon:
(0,0)(17,0)(17,12)(0,12)
Polygon:
(0,0)(39,0)(39,16)(22,16)(22,17)(14,17)(14,9)(0,9)
Polygon:
(0,0)(16,0)(16,6)(0,6)
Polygon:
(0,0)(35,0)(35,24)(26,24)(26,25)(12,25)(12,16)(0,16)
Polygon:
(0,0)(35,0)(35,18)(29,18)(29,10)(15,10)(15,12)(0,12)
Polygon:
(0,0)(2,0)(2,18)(0,18)
Polygon:
(0,0)(3,0)(3,1)(0,1)
Polygon:
(0,0)(13,0)(13,7)(0,7)
Polygon:
(0,0)(5,0)(5,15)(0,15)
Polygon:
(0,0)(10,0)(10,22)(7,22)(7,24)(5,24)(5,7)(0,7)
Polygon:
(0,0)(38,0)(38,5)(29,5)(29,20)(13,20)(13,17)(0,17)
Polygon:
(0,0)(11,0)(11,14)(0,14)
Polygon:
(0,0)(24,0)(24,29)(16,29)(16,11)(3,11)(3,17)(0,17)
Polygon:
(0,0)(4,0)(4,4)(0,4)
Polygon:
(0,0)(8,0)(8,5)(0,5)
Polygon:
(0,0)(7,0)(7,12)(0,12)
Polygon:
(0,0)(6,0)(6,14)(0,14)
Polygon:
(0,0)(18,0)(18,5)(0,5)
Polygon:
(0,0)(14,0)(14,4)(0,4)
Polygon:
(0,0)(23,0)(23,2)(20,2)(20,14)(18,14)(18,2)(0,2)
Polygon:
(0,0)(27,0)(27,14)(21,14)(21,17)(11,17)(11,2)(0,2)
Polygon:
(0,0)(14,0)(14,14)(0,14)
Polygon:
(0,0)(13,0)(13,6)(0,6)
Polygon:
(0,0)(25,0)(25,17)(21,17)(21,8)(6,8)(6,9)(0,9)
Polygon:
(0,0)(41,0)(41,8)(25,8)(25,10)(8,10)(8,5)(0,5)
Polygon:
(0,0)(3,0)(3,7)(0,7)
Polygon:
(0,0)(26,0)(26,7)(11,7)(11,14)(2,14)(2,13)(0,13)
Polygon:
(0,0)(5,0)(5,7)(0,7)
Polygon:
(0,0)(10,0)(10,13)(0,13)
Polygon:
(0,0)(6,0)(6,6)(0,6)
Polygon:
(0,0)(11,0)(11,4)(0,4)
Polygon:
(0,0)(6,0)(6,18)(0,18)
Polygon:
(0,0)(19,0)(19,12)(8,12)(8,20)(1,20)(1,7)(0,7)
Polygon:
(0,0)(21,0)(21,2)(16,2)(16,10)(1,10)(1,2)(0,2)
Polygon:
(0,0)(11,0)(11,23)(5,23)(5,12)(4,12)(4,17)(0,17)
Polygon:
(0,0)(25,0)(25,7)(19,7)(19,17)(17,17)(17,10)(0,10)
Polygon:
(0,0)(4,0)(4,14)(0,14)
Polygon:
(0,0)(33,0)(33,9)(28,9)(28,6)(12,6)(12,16)(0,16)
Polygon:
(0,0)(21,0)(21,9)(15,9)(15,10)(13,10)(13,2)(0,2)
Polygon:
(0,0)(38,0)(38,4)(26,4)(26,13)(18,13)(18,10)(0,10)
Polygon:
(0,0)(32,0)(32,4)(26,4)(26,18)(18,18)(18,6)(0,6)
Polygon:
(0,0)(21,0)(21,9)(16,9)(16,1)(7,1)(7,14)(0,14)
Polygon:
(0,0)(14,0)(14,16)(9,16)(9,22)(6,22)(6,11)(0,11)
Polygon:
(0,0)(14,0)(14,18)(0,18)
Polygon:
(0,0)(42,0)(42,12)(30,12)(30,16)(16,16)(16,14)(0,14)
Polygon:
(0,0)(15,0)(15,6)(13,6)(13,20)(4,20)(4,7)(0,7)
Polygon:
(0,0)(18,0)(18,12)(0,12)
Polygon:
(0,0)(15,0)(15,16)(10,16)(10,20)(3,20)(3,8)(0,8)
Polygon:
(0,0)(18,0)(18,9)(0,9)
Polygon:
(0,0)(9,0)(9,17)(0,17)
Polygon:
(0,0)(17,0)(17,17)(0,17)
Polygon:
(0,0)(22,0)(22,14)(18,14)(18,4)(4,4)(4,12)(0,12)
Polygon:
(0,0)(10,0)(10,8)(0,8)
Polygon:
(0,0)(17,0)(17,15)(0,15)
Polygon:
(0,0)(16,0)(16,16)(0,16)
Polygon:
(0,0)(30,0)(30,11)(23,11)(23,14)(8,14)(8,3)(0,3)
Polygon:
(0,0)(41,0)(41,13)(30,13)(30,5)(13,5)(13,14)(0,14)
Polygon:
(0,0)(9,0)(9,13)(0,13)
Polygon:
(0,0)(10,0)(10,9)(0,9)
Polygon:
(0,0)(27,0)(27,7)(19,7)(19,21)(13,21)(13,3)(0,3)
Polygon:
(0,0)(4,0)(4,1)(0,1)
Polygon:
(0,0)(24,0)(24,24)(8,24)(8,27)(5,27)(5,12)(0,12)
Polygon:
(0,0)(12,0)(12,6)(0,6)
Polygon:
(0,0)(16,0)(16,6)(0,6)
Polygon:
(0,0)(7,0)(7,5)(0,5)
Polygon:
(0,0)(23,0)(23,8)(9,8)(9,20)(2,20)(2,7)(0,7)
Polygon:
(0,0)(2,0)(2,7)(0,7)
Polygon:
(0,0)(10,0)(10,6)(0,6)
Polygon:
(0,0)(5,0)(5,15)(0,15)
Polygon:
(0,0)(15,0)(15,10)(0,10)
Polygon:
(0,0)(2,0)(2,10)(0,10)
Polygon:
(0,0)(35,0)(35,26)(17,26)(17,35)(13,35)(13,17)(0,17)
Polygon:
(0,0)(25,0)(25,18)(21,18)(21,23)(9,23)(9,16)(0,16)
Polygon:
(0,0)(15,0)(15,18)(0,18)
Polygon:
(0,0)(6,0)(6,4)(0,4)
Polygon:
(0,0)(16,0)(16,16)(0,16)
Polygon:
(0,0)(11,0)(11,8)(0,8)
Polygon:
(0,0)(14,0)(14,9)(0,9)
Polygon:
(0,0)(10,0)(10,16)(0,16)
Polygon:
(0,0)(29,0)(29,16)(22,16)(22,10)(6,10)(6,13)(0,13)
Polygon:
(0,0)(22,0)(22,20)(19,20)(19,22)(17,22)(17,4)(0,4)
Polygon:
(0,0)(15,0)(15,2)(0,2)
Polygon:
(0,0)(6,0)(6,8)(0,8)
Polygon:
(0,0)(2,0)(2,5)(0,5)
Polygon:
(0,0)(19,0)(19,6)(7,6)(7,11)(1,11)(1,8)(0,8)
Polygon:
(0,0)(34,0)(34,25)(29,25)(29,11)(17,11)(17,15)(0,15)
Polygon:
(0,0)(18,0)(18,13)(0,13)
Polygon:
(0,0)(35,0)(35,2)(19,2)(19,9)(11,9)(11,5)(0,5)
Polygon:
(0,0)(25,0)(25,29)(15,29)(15,34)(6,34)(6,18)(0,18)
Polygon:
(0,0)(1,0)(1,7)(0,7)
Polygon:
(0,0)(15,0)(15,5)(0,5)
Polygon:
(0,0)(12,0)(12,1)(0,1)
Polygon:
(0,0)(36,0)(36,4)(22,4)(22,14)(11,14)(11,9)(0,9)
Polygon:
(0,0)(23,0)(23,17)(21,17)(21,10)(3,10)(3,14)(0,14)
Polygon:
(0,0)(35,0)(35,12)(17,12)(17,22)(3,22)(3,12)(0,12)
Polygon:
(0,0)(40,0)(40,14)(28,14)(28,21)(15,21)(15,4)(0,4)
Polygon:
(0,0)(16,0)(16,15)(0,15)
Polygon:
(0,0)(41,0)(41,10)(28,10)(28,16)(15,16)(15,15)(0,15)
Polygon:
(0,0)(8,0)(8,9)(0,9)
Polygon:
(0,0)(14,0)(14,3)(0,3)
Polygon:
(0,0)(6,0)(6,13)(0,13)
Polygon:
(0,0)(27,0)(27,16)(16,16)(16,28)(8,28)(8,11)(0,11)
Polygon:
(0,0)(9,0)(9,12)(0,12)
Polygon:
(0,0)(9,0)(9,14)(0,14)
Polygon:
(0,0)(23,0)(23,26)(17,26)(17,27)(14,27)(14,10)(0,10)
Polygon:
(0,0)(22,0)(22,23)(7,23)(7,13)(3,13)(3,17)(0,17)
Polygon:
(0,0)(27,0)(27,5)(26,5)(26,19)(8,19)(8,4)(0,4)
Polygon:
(0,0)(21,0)(21,12)(15,12)(15,30)(8,30)(8,12)(0,12)
Polygon:
(0,0)(10,0)(10,4)(0,4)
Polygon:
(0,0)(45,0)(45,10)(32,10)(32,18)(16,18)(16,15)(0,15)
Polygon:
(0,0)(14,0)(14,13)(12,13)(12,26)(9,26)(9,17)(0,17)
Polygon:
(0,0)(33,0)(33,24)(25,24)(25,26)(14,26)(14,14)(0,14)
Polygon:
(0,0)(15,0)(15,2)(0,2)
Polygon:
(0,0)(18,0)(18,8)(0,8)
Polygon:
(0,0)(2,0)(2,13)(0,13)
Polygon:
(0,0)(47,0)(47,4)(32,4)(32,3)(15,3)(15,7)(0,7)
Polygon:
(0,0)(10,0)(10,16)(0,16)
Polygon:
(0,0)(51,0)(51,21)(34,21)(34,12)(18,12)(18,18)(0,18)
Polygon:
(0,0)(28,0)(28,14)(17,14)(17,18)(13,18)(13,1)(0,1)
Polygon:
(0,0)(39,0)(39,31)(22,31)(22,32)(5,32)(5,15)(0,15)
Polygon:
(0,0)(14,0)(14,4)(0,4)
Polygon:
(0,0)(16,0)(16,16)(0,16)
Polygon:
(0,0)(35,0)(35,8)(30,8)(30,3)(18,3)(18,13)(0,13)
Polygon:
(0,0)(45,0)(45,23)(35,23)(35,26)(18,26)(18,15)(0,15)
Polygon:
(0,0)(18,0)(18,2)(0,2)
Polygon:
(0,0)(11,0)(11,12)(0,12)
Polygon:
(0,0)(11,0)(11,8)(0,8)
Polygon:
(0,0)(13,0)(13,18)(0,18)
Polygon:
(0,0)(41,0)(41,7)(23,7)(23,19)(15,19)(15,2)(0,2)
Polygon:
(0,0)(5,0)(5,15)(0,15)
Polygon:
(0,0)(9,0)(9,8)(0,8)
Polygon:
(0,0)(31,0)(31,9)(24,9)(24,22)(16,22)(16,15)(0,15)
Polygon:
(0,0)(8,0)(8,3)(0,3)
Polygon:
(0,0)(30,0)(30,20)(27,20)(27,2)(17,2)(17,11)(0,11)
Polygon:
(0,0)(8,0)(8,5)(0,5)
Polygon:
(0,0)(2,0)(2,17)(0,17)
Polygon:
(0,0)(13,0)(13,12)(0,12)
Polygon:
(0,0)(31,0)(31,23)(20,23)(20,28)(13,28)(13,17)(0,17)
Polygon:
(0,0)(35,0)(35,16)(19,16)(19,3)(15,3)(15,4)(0,4)
Polygon:
(0,0)(35,0)(35,9)(18,9)(18,6)(10,6)(10,9)(0,9)
Polygon:
(0,0)(27,0)(27,29)(14,29)(14,31)(8,31)(8,18)(0,18)
Polygon:
(0,0)(8,0)(8,18)(0,18)
Polygon:
(0,0)(10,0)(10,4)(0,4)
Polygon:
(0,0)(17,0)(17,18)(0,18)
Polygon:
(0,0)(28,0)(28,12)(26,12)(26,15)(13,15)(13,7)(0,7)
Polygon:
(0,0)(39,0)(39,9)(23,9)(23,24)(15,24)(15,18)(0,18)
Polygon:
(0,0)(23,0)(23,4)(12,4)(12,21)(6,21)(6,14)(0,14)
Polygon:
(0,0)(29,0)(29,15)(11,15)(11,23)(10,23)(10,6)(0,6)
Polygon:
(0,0)(32,0)(32,2)(16,2)(16,12)(3,12)(3,8)(0,8)
Polygon:
(0,0)(26,0)(26,25)(15,25)(15,13)(8,13)(8,14)(0,14)
Polygon:
(0,0)(18,0)(18,18)(0,18)
Polygon:
(0,0)(32,0)(32,8)(22,8)(22,9)(12,9)(12,1)(0,1)
Polygon:
(0,0)(8,0)(8,1)(0,1)
Polygon:
(0,0)(7,0)(7,4)(0,4)
Polygon:
(0,0)(14,0)(14,10)(0,10)
Polygon:
(0,0)(33,0)(33,17)(28,17)(28,8)(17,8)(17,14)(0,14)
Polygon:
(0,0)(31,0)(31,20)(19,20)(19,14)(8,14)(8,15)(0,15)
Polygon:
(0,0)(35,0)(35,17)(20,17)(20,23)(17,23)(17,7)(0,7)
Polygon:
(0,0)(38,0)(38,20)(21,20)(21,7)(17,7)(17,13)(0,13)
Polygon:
(0,0)(23,0)(23,8)(13,8)(13,13)(2,13)(2,7)(0,7)
Polygon:
(0,0)(5,0)(5,1)(0,1)
Polygon:
(0,0)(15,0)(15,13)(0,13)
Polygon:
(0,0)(24,0)(24,23)(12,23)(12,27)(10,27)(10,18)(0,18)
Polygon:
(0,0)(19,0)(19,3)(10,3)(10,2)(8,2)(8,11)(0,11)
Polygon:
(0,0)(30,0)(30,4)(20,4)(20,16)(17,16)(17,9)(0,9)
Polygon:
(0,0)(37,0)(37,19)(24,19)(24,6)(10,6)(10,7)(0,7)
