Polygon:
(0,0)(17,0)(17,4)(0,4)
Polygon:
(0,0)(39,0)(39,5)(29,5)(29,21)(11,21)(11,9)(0,9)
Polygon:
(0,0)(3,0)(3,1)(0,1)
Polygon:
(0,0)(13,0)(13,4)(0,4)
Polygon:
(0,0)(13,0)(13,3)(0,3)
Polygon:
(0,0)(5,0)(5,13)(0,13)
Polygon:
(0,0)(36,0)(36,9)(18,9)(18,26)(10,26)(10,16)(0,16)
Polygon:
(0,0)(14,0)(14,8)(0,8)
Polygon:
(0,0)(10,0)(10,13)(0,13)
Polygon:
(0,0)(3,0)(3,1)(0,1)
Polygon:
(0,0)(16,0)(16,9)(0,9)
Polygon:
(0,0)(10,0)(10,10)(0,10)
Polygon:
(0,0)(2,0)(2,4)(0,4)
Polygon:
(0,0)(8,0)(8,10)(0,10)
Polygon:
(0,0)(18,0)(18,1)(0,1)
Polygon:
(0,0)(25,0)(25,6)(23,6)(23,20)(15,20)(15,15)(0,15)
Polygon:
(0,0)(5,0)(5,5)(0,5)
Polygon:
(0,0)(1,0)(1,14)(0,14)
Polygon:
(0,0)(26,0)(26,9)(25,9)(25,26)(18,26)(18,9)(0,9)
Polygon:
(0,0)(26,0)(26,7)(16,7)(16,3)(5,3)(5,17)(0,17)
Polygon:
(0,0)(27,0)(27,22)(20,22)(20,6)(6,6)(6,17)(0,17)
Polygon:
(0,0)(10,0)(10,18)(0,18)
Polygon:
(0,0)(7,0)(7,18)(0,18)
Polygon:
(0,0)(44,0)(44,8)(28,8)(28,19)(14,19)(14,16)(0,16)
Polygon:
(0,0)(27,0)(27,11)(23,11)(23,14)(18,14)(18,12)(0,12)
Polygon:
(0,0)(7,0)(7,2)(0,2)
Polygon:
(0,0)(11,0)(11,3)(0,3)
Polygon:
(0,0)(26,0)(26,9)(9,9)(9,16)(2,16)(2,9)(0,9)
Polygon:
(0,0)(47,0)(47,7)(35,7)(35,2)(17,2)(17,7)(0,7)
Polygon:
(0,0)(1,0)(1,3)(0,3)
Polygon:
(0,0)(26,0)(26,23)(19,23)(19,24)(12,24)(12,9)(0,9)
Polygon:
(0,0)(2,0)(2,17)(0,17)
Polygon:
(0,0)(18,0)(18,9)(0,9)
Polygon:
(0,0)(42,0)(42,16)(24,16)(24,22)(17,22)(17,11)(0,11)
Polygon:
(0,0)(7,0)(7,5)(0,5)
Polygon:
(0,0)(3,0)(3,16)(0,16)
Polygon:
(0,0)(45,0)(45,11)(28,11)(28,4)(13,4)(13,9)(0,9)
Polygon:
(0,0)(18,0)(18,17)(0,17)
Polygon:
(0,0)(12,0)(12,17)(0,17)
Polygon:
(0,0)(11,0)(11,7)(0,7)
Polygon:
(0,0)(13,0)(13,12)(0,12)
Polygon:
(0,0)(16,0)(16,4)(0,4)
Polygon:
(0,0)(15,0)(15,14)(0,14)
Polygon:
(0,0)(14,0)(14,18)(0,18)
Polygon:
(0,0)(36,0)(36,5)(24,5)(24,21)(11,21)(11,6)(0,6)
Polygon:
(0,0)(37,0)(37,5)(25,5)(25,8)(14,8)(14,5)(0,5)
Polygon:
(0,0)(18,0)(18,18)(16,18)(16,8)(2,8)(2,14)(0,14)
Polygon:
(0,0)(12,0)(12,2)(0,2)
Polygon:
(0,0)(31,0)(31,7)(18,7)(18,14)(5,14)(5,13)(0,13)
Polygon:
(0,0)(25,0)(25,12)(15,12)(15,22)(2,22)(2,4)(0,4)
Polygon:
(0,0)(1,0)(1,18)(0,18)
Polygon:
(0,0)(6,0)(6,2)(0,2)
Polygon:
(0,0)(12,0)(12,6)(0,6)
Polygon:
(0,0)(27,0)(27,17)(23,17)(23,2)(18,2)(18,16)(0,16)
Polygon:
(0,0)(10,0)(10,6)(0,6)
Polygon:
(0,0)(18,0)(18,7)(0,7)
Polygon:
(0,0)(26,0)(26,7)(17,7)(17,17)(3,17)(3,8)(0,8)
Polygon:
(0,0)(22,0)(22,18)(21,18)(21,24)(9,24)(9,6)(0,6)
Polygon:
(0,0)(19,0)(19,9)(14,9)(14,17)(5,17)(5,2)(0,2)
Polygon:
(0,0)(33,0)(33,18)(20,18)(20,3)(3,3)(3,9)(0,9)
Polygon:
(0,0)(9,0)(9,9)(0,9)
Polygon:
(0,0)(4,0)(4,10)(0,10)
Polygon:
(0,0)(7,0)(7,17)(0,17)
Polygon:
(0,0)(5,0)(5,18)(0,18)
Polygon:
(0,0)(40,0)(40,5)(22,5)(22,15)(4,15)(4,9)(0,9)
Polygon:
(0,0)(9,0)(9,17)(0,17)
Polygon:
(0,0)(26,0)(26,19)(23,19)(23,31)(6,31)(6,18)(0,18)
Polygon:
(0,0)(17,0)(17,8)(15,8)(15,15)(3,15)(3,11)(0,11)
Polygon:
(0,0)(29,0)(29,6)(27,6)(27,20)(14,20)(14,4)(0,4)
Polygon:
(0,0)(16,0)(16,7)(0,7)
Polygon:
(0,0)(9,0)(9,6)(0,6)
Polygon:
(0,0)(29,0)(29,6)(11,6)(11,1)(5,1)(5,6)(0,6)
Polygon:
(0,0)(17,0)(17,11)(0,11)
Polygon:
(0,0)(31,0)(31,23)(20,23)(20,13)(18,13)(18,17)(0,17)
Polygon:
(0,0)(3,0)(3,3)(0,3)
Polygon:
(0,0)(4,0)(4,14)(0,14)
Polygon:
(0,0)(12,0)(12,16)(0,16)
Polygon:
(0,0)(17,0)(17,18)(16,18)(16,13)(10,13)(10,17)(0,17)
Polygon:
(0,0)(27,0)(27,14)(16,14)(16,18)(9,18)(9,3)(0,3)
Polygon:
(0,0)(9,0)(9,5)(0,5)
Polygon:
(0,0)(31,0)(31,4)(21,4)(21,19)(15,19)(15,15)(0,15)
Polygon:
(0,0)(10,0)(10,2)(0,2)
Polygon:
(0,0)(30,0)(30,19)(18,19)(18,27)(3,27)(3,14)(0,14)
Polygon:
(0,0)(1,0)(1,6)(0,6)
Polygon:
(0,0)(17,0)(17,3)(0,3)
Polygon:
(0,0)(17,0)(17,18)(0,18)
Polygon:
(0,0)(12,0)(12,6)(0,6)
Polygon:
(0,0)(18,0)(18,5)(0,5)
Polygon:
(0,0)(1,0)(1,5)(0,5)
Polygon:
(0,0)(15,0)(15,8)(0,8)
Polygon:
(0,0)(29,0)(29,22)(21,22)(21,26)(13,26)(13,11)(0,11)
Polygon:
(0,0)(3,0)(3,12)(0,12)
Polygon:
(0,0)(4,0)(4,15)(0,15)
Polygon:
(0,0)(32,0)(32,15)(22,15)(22,12)(17,12)(17,16)(0,16)
Polygon:
(0,0)(3,0)(3,12)(0,12)
Polygon:
(0,0)(36,0)(36,6)(25,6)(25,4)(17,4)(17,9)(0,9)
Polygon:
(0,0)(23,0)(23,13)(21,13)(21,6)(4,6)(4,17)(0,17)
Polygon:
(0,0)(18,0)(18,1)(0,1)
Polygon:
(0,0)(18,0)(18,15)(14,15)(14,6)(10,6)(10,7)(0,7)
Polygon:
(0,0)(17,0)(17,13)(14,13)(14,16)(4,16)(4,8)(0,8)
Polygon:
(0,0)(2,0)(2,6)(0,6)
Polygon:
(0,0)(40,0)(40,21)(33,21)(33,27)(18,27)(18,9)(0,9)
Polygon:
(0,0)(17,0)(17,12)(12,12)(12,19)(11,19)(11,4)(0,4)
Polygon:
(0,0)(38,0)(38,17)(21,17)(21,20)(17,20)(17,11)(0,11)
Polygon:
(0,0)(6,0)(6,12)(0,12)
Polygon:
(0,0)(3,0)(3,17)(0,17)
Polygon:
(0,0)(26,0)(26,5)(15,5)(15,6)(13,6)(13,1)(0,1)
Polygon:
(0,0)(15,0)(15,3)(0,3)
Polygon:
(0,0)(25,0)(25,8)(16,8)(16,1)(13,1)(13,12)(0,12)
Polygon:
(0,0)(2,0)(2,3)(0,3)
Polygon:
(0,0)(25,0)(25,23)(14,23)(14,8)(7,8)(7,9)(0,9)
Polygon:
(0,0)(12,0)(12,17)(0,17)
Polygon:
(0,0)(11,0)(11,17)(0,17)
Polygon:
(0,0)(6,0)(6,8)(0,8)
Polygon:
(0,0)(32,0)(32,14)(21,14)(21,17)(11,17)(11,13)(0,13)
Polygon:
(0,0)(35,0)(35,8)(17,8)(17,6)(10,6)(10,8)(0,8)
Polygon:
(0,0)(28,0)(28,13)(18,13)(18,15)(14,15)(14,2)(0,2)
Polygon:
(0,0)(26,0)(26,11)(14,11)(14,10)(10,10)(10,14)(0,14)
Polygon:
(0,0)(35,0)(35,4)(31,4)(31,21)(14,21)(14,18)(0,18)
Polygon:
(0,0)(10,0)(10,12)(0,12)
Polygon:
(0,0)(9,0)(9,11)(0,11)
Polygon:
(0,0)(12,0)(12,12)(0,12)
Polygon:
(0,0)(14,0)(14,11)(0,11)
Polygon:
(0,0)(7,0)(7,12)(0,12)
Polygon:
(0,0)(18,0)(18,7)(0,7)
Polygon:
(0,0)(26,0)(26,5)(14,5)(14,18)(5,18)(5,13)(0,13)
Polygon:
(0,0)(28,0)(28,10)(23,10)(23,21)(13,21)(13,17)(0,17)
Polygon:
(0,0)(4,0)(4,15)(0,15)
Polygon:
(0,0)(31,0)(31,20)(18,20)(18,27)(9,27)(9,16)(0,16)
Polygon:
(0,0)(16,0)(16,7)(13,7)(13,3)(12,3)(12,4)(0,4)
Polygon:
(0,0)(17,0)(17,14)(0,14)
Polygon:
(0,0)(53,0)(53,17)(35,17)(35,27)(17,27)(17,15)(0,15)
Polygon:
(0,0)(5,0)(5,5)(0,5)
Polygon:
(0,0)(15,0)(15,3)(0,3)
Polygon:
(0,0)(7,0)(7,15)(0,15)
Polygon:
(0,0)(10,0)(10,1)(9,1)(9,9)(1,9)(1,1)(0,1)
Polygon:
(0,0)(12,0)(12,14)(9,14)(9,10)(2,10)(2,12)(0,12)
Polygon:
(0,0)(22,0)(22,9)(14,9)(14,20)(8,20)(8,13)(0,13)
Polygon:
(0,0)(7,0)(7,8)(0,8)
Polygon:
(0,0)(16,0)(16,13)(0,13)
Polygon:
(0,0)(41,0)(41,16)(28,16)(28,25)(14,25)(14,16)(0,16)
Polygon:
(0,0)(13,0)(13,8)(0,8)
Polygon:
(0,0)(2,0)(2,9)(0,9)
Polygon:
(0,0)(10,0)(10,7)(0,7)
Polygon:
(0,0)(34,0)(34,31)(19,31)(19,32)(11,32)(11,16)(0,16)
Polygon:
(0,0)(12,0)(12,11)(0,11)
Polygon:
(0,0)(30,0)(30,5)(18,5)(18,18)(2,18)(2,6)(0,6)
Polygon:
(0,0)(9,0)(9,15)(0,15)
Polygon:
(0,0)(22,0)(22,14)(8,14)(8,9)(4,9)(4,17)(0,17)
Polygon:
(0,0)(28,0)(28,3)(18,3)(18,17)(14,17)(14,1)(0,1)
Polygon:
(0,0)(18,0)(18,10)(0,10)
Polygon:
(0,0)(16,0)(16,1)(0,1)
Polygon:
(0,0)(17,0)(17,8)(9,8)(9,6)(1,6)(1,15)(0,15)
Polygon:
(0,0)(14,0)(14,8)(0,8)
Polygon:
(0,0)(6,0)(6,2)(0,2)
Polygon:
(0,0)(18,0)(18,15)(0,15)
Polygon:
(0,0)(11,0)(11,5)(0,5)
Polygon:
(0,0)(12,0)(12,17)(0,17)
Polygon:
(0,0)(14,0)(14,15)(0,15)
Polygon:
(0,0)(44,0)(44,4)(30,4)(30,2)(15,2)(15,13)(0,13)
Polygon:
(0,0)(14,0)(14,17)(0,17)
Polygon:
(0,0)(9,0)(9,17)(0,17)
Polygon:
(0,0)(32,0)(32,19)(23,19)(23,9)(17,9)(17,12)(0,12)
Polygon:
(0,0)(41,0)(41,4)(33,4)(33,17)(17,17)(17,3)(0,3)
Polygon:
(0,0)(12,0)(12,6)(0,6)
Polygon:
(0,0)(31,0)(31,13)(27,13)(27,28)(13,28)(13,11)(0,11)
Polygon:
(0,0)(6,0)(6,12)(0,12)
Polygon:
(0,0)(6,0)(6,6)(0,6)
Polygon:
(0,0)(10,0)(10,16)(0,16)
Polygon:
(0,0)(8,0)(8,4)(0,4)
Polygon:
(0,0)(21,0)(21,20)(19,20)(19,33)(17,33)(17,18)(0,18)
Polygon:
(0,0)(21,0)(21,21)(9,21)(9,29)(4,29)(4,16)(0,16)
Polygon:
(0,0)(41,0)(41,23)(28,23)(28,6)(14,6)(14,14)(0,14)
Polygon:
(0,0)(10,0)(10,6)(0,6)
Polygon:
(0,0)(11,0)(11,14)(0,14)
Polygon:
(0,0)(12,0)(12,14)(0,14)
Polygon:
(0,0)(5,0)(5,24)(2,24)(2,25)(1,25)(1,8)(0,8)
Polygon:
(0,0)(8,0)(8,15)(0,15)
Polygon:
(0,0)(19,0)(19,11)(13,11)(13,15)(4,15)(4,9)(0,9)
Polygon:
(0,0)(28,0)(28,17)(19,17)(19,4)(10,4)(10,5)(0,5)
Polygon:
(0,0)(7,0)(7,12)(0,12)
Polygon:
(0,0)(42,0)(42,19)(24,19)(24,23)(14,23)(14,17)(0,17)
Polygon:
(0,0)(18,0)(18,5)(0,5)
Polygon:
(0,0)(24,0)(24,7)(21,7)(21,21)(14,21)(14,11)(0,11)
Polygon:
(0,0)(14,0)(14,14)(0,14)
Polygon:
(0,0)(10,0)(10,11)(0,11)
Polygon:
(0,0)(11,0)(11,11)(0,11)
Polygon:
(0,0)(16,0)(16,17)(0,17)
Polygon:
(0,0)(14,0)(14,6)(0,6)
Polygon:
(0,0)(8,0)(8,14)(5,14)(5,5)(1,5)(1,8)(0,8)
Polygon:
(0,0)(5,0)(5,2)(0,2)
Polygon:
(0,0)(34,0)(34,15)(29,15)(29,31)(15,31)(15,16)(0,16)
Polygon:
(0,0)(11,0)(11,15)(0,15)
Polygon:
(0,0)(17,0)(17,19)(8,19)(8,28)(1,28)(1,13)(0,13)
Polygon:
(0,0)(31,0)(31,18)(26,18)(26,28)(18,28)(18,10)(0,10)
Polygon:
(0,0)(11,0)(11,4)(0,4)
Polygon:
(0,0)(35,0)(35,11)(34,11)(34,4)(17,4)(17,17)(0,17)
Polygon:
(0,0)(30,0)(30,7)(15,7)(15,3)(7,3)(7,14)(0,14)
Polygon:
(0,0)(17,0)(17,2)(0,2)
Polygon:
(0,0)(3,0)(3,8)(0,8)
Polygon:
(0,0)(44,0)(44,12)(28,12)(28,28)(13,28)(13,15)(0,15)
Polygon:
(0,0)(18,0)(18,16)(0,16)
Polygon:
(0,0)(11,0)(11,12)(10,12)(10,15)(8,15)(8,3)(0,3)
Polygon:
(0,0)(16,0)(16,16)(0,16)
Polygon:
(0,0)(5,0)(5,17)(0,17)
Polygon:
(0,0)(11,0)(11,18)(0,18)
Polygon:
(0,0)(32,0)(32,15)(26,15)(26,22)(14,22)(14,9)(0,9)
Polygon:
(0,0)(45,0)(45,22)(32,22)(32,6)(18,6)(18,10)(0,10)
Polygon:
(0,0)(6,0)(6,2)(0,2)
Polygon:
(0,0)(14,0)(14,12)(0,12)
Polygon:
(0,0)(17,0)(17,10)(14,10)(14,26)(6,26)(6,11)(0,11)
Polygon:
(0,0)(16,0)(16,9)(0,9)
Polygon:
(0,0)(5,0)(5,12)(0,12)
Polygon:
(0,0)(17,0)(17,11)(0,11)
Polygon:
(0,0)(49,0)(49,9)(32,9)(32,7)(15,7)(15,17)(0,17)
Polygon:
(0,0)(24,0)(24,17)(14,17)(14,26)(11,26)(11,8)(0,8)
Polygon:
(0,0)(23,0)(23,7)(8,7)(8,8)(3,8)(3,1)(0,1)
Polygon:
(0,0)(3,0)(3,10)(0,10)
Polygon:
(0,0)(2,0)(2,16)(0,16)
Polygon:
(0,0)(4,0)(4,1)(0,1)
Polygon:
(0,0)(5,0)(5,2)(0,2)
Polygon:
(0,0)(17,0)(17,12)(0,12)
Polygon:
(0,0)(18,0)(18,15)(0,15)
Polygon:
(0,0)(28,0)(28,5)(27,5)(27,20)(9,20)(9,15)(0,15)
Polygon:
(0,0)(12,0)(12,3)(0,3)
Polygon:
(0,0)(18,0)(18,26)(15,26)(15,32)(13,32)(13,14)(0,14)
Polygon:
(0,0)(16,0)(16,18)(12,18)(12,22)(8,22)(8,9)(0,9)
Polygon:
(0,0)(42,0)(42,22)(31,22)(31,7)(17,7)(17,16)(0,16)
Polygon:
(0,0)(22,0)(22,14)(10,14)(10,18)(6,18)(6,1)(0,1)
Polygon:
(0,0)(16,0)(16,7)(0,7)
Polygon:
(0,0)(1,0)(1,15)(0,15)
Polygon:
(0,0)(4,0)(4,4)(0,4)
Polygon:
(0,0)(18,0)(18,1)(0,1)
Polygon:
(0,0)(27,0)(27,12)(22,12)(22,1)(8,1)(8,13)(0,13)
Polygon:
(0,0)(6,0)(6,17)(0,17)
Polygon:
(0,0)(14,0)(14,13)(0,13)
Polygon:
(0,0)(1,0)(1,16)(0,16)
Polygon:
(0,0)(22,0)(22,6)(11,6)(11,5)(4,5)(4,13)(0,13)
Polygon:
(0,0)(13,0)(13,11)(0,11)
Polygon:
(0,0)(33,0)(33,20)(18,20)(18,31)(6,31)(6,14)(0,14)
Polygon:
(0,0)(7,0)(7,16)(0,16)
Polygon:
(0,0)(17,0)(17,14)(15,14)(15,16)(4,16)(4,9)(0,9)
Polygon:
(0,0)(18,0)(18,4)(0,4)
Polygon:
(0,0)(7,0)(7,6)(0,6)
Polygon:
(0,0)(17,0)(17,13)(15,13)(15,16)(14,16)(14,13)(0,13)
Polygon:
(0,0)(26,0)(26,22)(13,22)(13,8)(10,8)(10,17)(0,17)
Polygon:
(0,0)(27,0)(27,1)(21,1)(21,17)(3,17)(3,13)(0,13)
Polygon:
(0,0)(37,0)(37,17)(20,17)(20,4)(6,4)(6,11)(0,11)
Polygon:
(0,0)(11,0)(11,1)(0,1)
Polygon:
(0,0)(14,0)(14,18)(13,18)(13,7)(10,7)(10,11)(0,11)
Polygon:
(0,0)(1,0)(1,18)(0,18)
Polygon:
(0,0)(5,0)(5,14)(0,14)
Polygon:
(0,0)(14,0)(14,14)(0,14)
Polygon:
(0,0)(6,0)(6,12)(0,12)
Polygon:
(0,0)(18,0)(18,14)(6,14)(6,29)(3,29)(3,16)(0,16)
Polygon:
(0,0)(32,0)(32,8)(18,8)(18,7)(1,7)(1,8)(0,8)
Polygon:
(0,0)(32,0)(32,18)(22,18)(22,3)(10,3)(10,16)(0,16)
Polygon:
(0,0)(40,0)(40,13)(29,13)(29,21)(16,21)(16,17)(0,17)
Polygon:
(0,0)(36,0)(36,17)(20,17)(20,23)(4,23)(4,13)(0,13)
Polygon:
(0,0)(22,0)(22,24)(13,24)(13,28)(9,28)(9,16)(0,16)
Polygon:
(0,0)(4,0)(4,6)(0,6)
Polygon:
(0,0)(7,0)(7,6)(0,6)
Polygon:
(0,0)(37,0)(37,25)(22,25)(22,36)(18,36)(18,18)(0,18)
Polygon:
(0,0)(15,0)(15,12)(0,12)
Polygon:
(0,0)(5,0)(5,15)(0,15)
Polygon:
(0,0)(8,0)(8,9)(0,9)
Polygon:
(0,0)(12,0)(12,11)(0,11)
Polygon:
(0,0)(28,0)(28,21)(26,21)(26,27)(13,27)(13,12)(0,12)
Polygon:
(0,0)(20,0)(20,11)(16,11)(16,28)(14,28)(14,12)(0,12)
Polygon:
(0,0)(13,0)(13,12)(0,12)
Polygon:
(0,0)(9,0)(9,9)(0,9)
Polygon:
(0,0)(16,0)(16,15)(0,15)
Polygon:
(0,0)(2,0)(2,11)(0,11)
Polygon:
(0,0)(16,0)(16,3)(0,3)
Polygon:
(0,0)(1,0)(1,9)(0,9)
Polygon:
(0,0)(31,0)(31,13)(13,13)(13,27)(8,27)(8,9)(0,9)
Polygon:
(0,0)(22,0)(22,28)(7,28)(7,29)(1,29)(1,13)(0,13)
Polygon:
(0,0)(36,0)(36,7)(21,7)(21,5)(8,5)(8,8)(0,8)
Polygon:
(0,0)(15,0)(15,4)(0,4)
Polygon:
(0,0)(4,0)(4,9)(0,9)
Polygon:
(0,0)(4,0)(4,1)(0,1)
Polygon:
(0,0)(16,0)(16,3)(0,3)
Polygon:
(0,0)(11,0)(11,4)(0,4)
Polygon:
(0,0)(44,0)(44,18)(26,18)(26,8)(12,8)(12,12)(0,12)
Polygon:
(0,0)(37,0)(37,5)(30,5)(30,22)(14,22)(14,16)(0,16)
Polygon:
(0,0)(6,0)(6,10)(0,10)
Polygon:
(0,0)(27,0)(27,9)(19,9)(19,12)(18,12)(18,9)(0,9)
Polygon:
(0,0)(2,0)(2,18)(0,18)
Polygon:
(0,0)(11,0)(11,6)(0,6)
Polygon:
(0,0)(30,0)(30,27)(20,27)(20,32)(15,32)(15,17)(0,17)
Polygon:
(0,0)(17,0)(17,7)(0,7)
Polygon:
(0,0)(7,0)(7,14)(0,14)
Polygon:
(0,0)(44,0)(44,30)(35,30)(35,16)(18,16)(18,18)(0,18)
Polygon:
(0,0)(3,0)(3,4)(0,4)
Polygon:
(0,0)(16,0)(16,4)(0,4)
Polygon:
(0,0)(25,0)(25,25)(20,25)(20,35)(7,35)(7,18)(0,18)
Polygon:
(0,0)(8,0)(8,7)(0,7)
Polygon:
(0,0)(12,0)(12,4)(0,4)
Polygon:
(0,0)(20,0)(20,31)(13,31)(13,33)(4,33)(4,18)(0,18)
Polygon:
(0,0)(5,0)(5,7)(0,7)
Polygon:
(0,0)(17,0)(17,6)(0,6)
Polygon:
(0,0)(34,0)(34,6)(30,6)(30,17)(12,17)(12,12)(0,12)
Polygon:
(0,0)(34,0)(34,15)(17,15)(17,20)(7,20)(7,15)(0,15)
Polygon:
(0,0)(4,0)(4,5)(0,5)
Polygon:
(0,0)(2,0)(2,16)(0,16)
Polygon:
(0,0)(12,0)(12,16)(0,16)
Polygon:
(0,0)(10,0)(10,14)(0,14)
Polygon:
(0,0)(7,0)(7,8)(0,8)
Polygon:
(0,0)(8,0)(8,15)(0,15)
Polygon:
(0,0)(31,0)(31,16)(21,16)(21,25)(12,25)(12,7)(0,7)
Polygon:
(0,0)(13,0)(13,12)(0,12)
Polygon:
(0,0)(31,0)(31,15)(22,15)(22,18)(11,18)(11,3)(0,3)
Polygon:
(0,0)(21,0)(21,10)(14,10)(14,15)(12,15)(12,14)(0,14)
Polygon:
(0,0)(12,0)(12,9)(0,9)
Polygon:
(0,0)(19,0)(19,7)(9,7)(9,2)(1,2)(1,18)(0,18)
Polygon:
(0,0)(1,0)(1,6)(0,6)
Polygon:
(0,0)(7,0)(7,2)(0,2)
Polygon:
(0,0)(13,0)(13,14)(0,14)
Polygon:
(0,0)(6,0)(6,18)(0,18)
Polygon:
(0,0)(34,0)(34,14)(27,14)(27,19)(15,19)(15,5)(0,5)
Polygon:
(0,0)(37,0)(37,15)(22,15)(22,17)(5,17)(5,1)(0,1)
Polygon:
(0,0)(7,0)(7,16)(0,16)
Polygon:
(0,0)(6,0)(6,5)(0,5)
Polygon:
(0,0)(14,0)(14,6)(0,6)
Polygon:
(0,0)(16,0)(16,9)(0,9)
Polygon:
(0,0)(16,0)(16,15)(0,15)
Polygon:
(0,0)(8,0)(8,17)(0,17)
Polygon:
(0,0)(10,0)(10,2)(0,2)
Polygon:
(0,0)(32,0)(32,11)(24,11)(24,14)(14,14)(14,7)(0,7)
Polygon:
(0,0)(22,0)(22,14)(16,14)(16,17)(4,17)(4,13)(0,13)
Polygon:
(0,0)(30,0)(30,20)(23,20)(23,3)(8,3)(8,6)(0,6)
Polygon:
(0,0)(22,0)(22,16)(20,16)(20,13)(12,13)(12,30)(0,30)
Polygon:
(0,0)(2,0)(2,14)(0,14)
Polygon:
(0,0)(4,0)(4,13)(0,13)
Polygon:
(0,0)(10,0)(10,13)(0,13)
Polygon:
(0,0)(30,0)(30,6)(24,6)(24,16)(13,16)(13,10)(0,10)
Polygon:
(0,0)(14,0)(14,16)(0,16)
Polygon:
(0,0)(16,0)(16,4)(0,4)
Polygon:
(0,0)(26,0)(26,11)(25,11)(25,4)(10,4)(10,17)(0,17)
Polygon:
(0,0)(41,0)(41,22)(26,22)(26,4)(15,4)(15,15)(0,15)
Polygon:
(0,0)(17,0)(17,18)(0,18)
Polygon:
(0,0)(2,0)(2,2)(0,2)
Polygon:
(0,0)(11,0)(11,7)(0,7)
Polygon:
(0,0)(3,0)(3,13)(0,13)
Polygon:
(0,0)(8,0)(8,1)(0,1)
Polygon:
(0,0)(16,0)(16,10)(0,10)
Polygon:
(0,0)(24,0)(24,23)(15,23)(15,29)(12,29)(12,11)(0,11)
Polygon:
(0,0)(3,0)(3,4)(0,4)
Polygon:
(0,0)(37,0)(37,15)(20,15)(20,18)(4,18)(4,3)(0,3)
Polygon:
(0,0)(2,0)(2,4)(0,4)
Polygon:
(0,0)(28,0)(28,16)(21,16)(21,12)(8,12)(8,13)(0,13)
Polygon:
(0,0)(2,0)(2,2)(0,2)
Polygon:
(0,0)(17,0)(17,16)(0,16)
Polygon:
(0,0)(7,0)(7,12)(0,12)
Polygon:
(0,0)(42,0)(42,20)(25,20)(25,23)(18,23)(18,10)(0,10)
Polygon:
(0,0)(32,0)(32,22)(20,22)(20,29)(3,29)(3,14)(0,14)
Polygon:
(0,0)(14,0)(14,2)(0,2)
Polygon:
(0,0)(9,0)(9,7)(0,7)
Polygon:
(0,0)(7,0)(7,5)(0,5)
Polygon:
(0,0)(7,0)(7,9)(0,9)
Polygon:
(0,0)(4,0)(4,3)(0,3)
Polygon:
(0,0)(25,0)(25,14)(13,14)(13,21)(4,21)(4,12)(0,12)
Polygon:
(0,0)(42,0)(42,13)(24,13)(24,4)(6,4)(6,16)(0,16)
Polygon:
(0,0)(33,0)(33,22)(25,22)(25,5)(11,5)(11,12)(0,12)
Polygon:
(0,0)(12,0)(12,3)(5,3)(5,1)(3,1)(3,8)(0,8)
Polygon:
(0,0)(28,0)(28,7)(19,7)(19,24)(16,24)(16,14)(0,14)
Polygon:
(0,0)(11,0)(11,12)(0,12)
Polygon:
(0,0)(11,0)(11,13)(0,13)
Polygon:
(0,0)(51,0)(51,14)(33,14)(33,20)(17,20)(17,3)(0,3)
Polygon:
(0,0)(16,0)(16,10)(0,10)
Polygon:
(0,0)(13,0)(13,13)(0,13)
Polygon:
(0,0)(10,0)(10,28)(6,28)(6,14)(2,14)(2,15)(0,15)
Polygon:
(0,0)(20,0)(20,14)(18,14)(18,4)(10,4)(10,9)(0,9)
Polygon:
(0,0)(14,0)(14,12)(0,12)
Polygon:
(0,0)(1,0)(1,11)(0,11)
Polygon:
(0,0)(10,0)(10,8)(0,8)
Polygon:
(0,0)(6,0)(6,1)(0,1)
Polygon:
(0,0)(36,0)(36,9)(22,9)(22,18)(5,18)(5,6)(0,6)
Polygon:
(0,0)(25,0)(25,22)(19,22)(19,23)(9,23)(9,10)(0,10)
Polygon:
(0,0)(24,0)(24,27)(18,27)(18,10)(9,10)(9,15)(0,15)
Polygon:
(0,0)(32,0)(32,31)(20,31)(20,33)(10,33)(10,16)(0,16)
Polygon:
(0,0)(8,0)(8,17)(0,17)
Polygon:
(0,0)(12,0)(12,8)(0,8)
Polygon:
(0,0)(9,0)(9,11)(0,11)
Polygon:
(0,0)(9,0)(9,3)(0,3)
Polygon:
(0,0)(24,0)(24,1)(6,1)(6,16)(4,16)(4,6)(0,6)
Polygon:
(0,0)(10,0)(10,17)(0,17)
Polygon:
(0,0)(37,0)(37,17)(22,17)(22,21)(16,21)(16,14)(0,14)
Polygon:
(0,0)(26,0)(26,15)(19,15)(19,21)(6,21)(6,4)(0,4)
Polygon:
(0,0)(10,0)(10,15)(0,15)
Polygon:
(0,0)(8,0)(8,5)(0,5)
Polygon:
(0,0)(14,0)(14,9)(0,9)
Polygon:
(0,0)(7,0)(7,6)(6,6)(6,20)(5,20)(5,2)(0,2)
Polygon:
(0,0)(4,0)(4,13)(0,13)
Polygon:
(0,0)(15,0)(15,13)(0,13)
Polygon:
(0,0)(8,0)(8,11)(0,11)
Polygon:
(0,0)(43,0)(43,12)(29,12)(29,2)(15,2)(15,15)(0,15)
Polygon:
(0,0)(18,0)(18,1)(0,1)
Polygon:
(0,0)(24,0)(24,13)(18,13)(18,22)(12,22)(12,5)(0,5)
Polygon:
(0,0)(17,0)(17,3)(0,3)
Polygon:
(0,0)(18,0)(18,10)(0,10)
Polygon:
(0,0)(19,0)(19,3)(18,3)(18,13)(6,13)(6,10)(0,10)
Polygon:
(0,0)(30,0)(30,7)(17,7)(17,18)(10,18)(10,17)(0,17)
Polygon:
(0,0)(40,0)(40,21)(31,21)(31,4)(14,4)(14,10)(0,10)
Polygon:
(0,0)(11,0)(11,11)(0,11)
Polygon:
(0,0)(23,0)(23,22)(20,22)(20,29)(18,29)(18,11)(0,11)
Polygon:
(0,0)(23,0)(23,15)(17,15)(17,30)(11,30)(11,14)(0,14)
Polygon:
(0,0)(18,0)(18,12)(0,12)
Polygon:
(0,0)(32,0)(32,27)(22,27)(22,30)(8,30)(8,15)(0,15)
Polygon:
(0,0)(1,0)(1,4)(0,4)
Polygon:
(0,0)(29,0)(29,21)(11,21)(11,3)(9,3)(9,18)(0,18)
Polygon:
(0,0)(4,0)(4,5)(0,5)
Polygon:
(0,0)(37,0)(37,17)(22,17)(22,21)(13,21)(13,6)(0,6)
Polygon:
(0,0)(12,0)(12,3)(0,3)
Polygon:
(0,0)(10,0)(10,1)(0,1)
Polygon:
(0,0)(35,0)(35,14)(24,14)(24,32)(6,32)(6,14)(0,14)
Polygon:
(0,0)(36,0)(36,14)(22,14)(22,16)(8,16)(8,6)(0,6)
Polygon:
(0,0)(3,0)(3,6)(0,6)
Polygon:
(0,0)(31,0)(31,12)(15,12)(15,30)(7,30)(7,18)(0,18)
Polygon:
(0,0)(3,0)(3,2)(0,2)
Polygon:
(0,0)(18,0)(18,5)(0,5)
Polygon:
(0,0)(33,0)(33,17)(17,17)(17,27)(5,27)(5,15)(0,15)
Polygon:
(0,0)(10,0)(10,7)(0,7)
Polygon:
(0,0)(17,0)(17,4)(0,4)
Polygon:
(0,0)(17,0)(17,8)(10,8)(10,6)(3,6)(3,9)(0,9)
Polygon:
(0,0)(36,0)(36,19)(31,19)(31,24)(14,24)(14,7)(0,7)
Polygon:
(0,0)(29,0)(29,9)(14,9)(14,11)(10,11)(10,4)(0,4)
Polygon:
(0,0)(10,0)(10,11)(0,11)
Polygon:
(0,0)(14,0)(14,14)(0,14)
Polygon:
(0,0)(20,0)(20,8)(13,8)(13,4)(7,4)(7,11)(0,11)
Polygon:
(0,0)(17,0)(17,7)(0,7)
Polygon:
(0,0)(41,0)(41,23)(26,23)(26,9)(12,9)(12,10)(0,10)
Polygon:
(0,0)(5,0)(5,14)(0,14)
Polygon:
(0,0)(12,0)(12,5)(10,5)(10,8)(8,8)(8,1)(0,1)
Polygon:
(0,0)(17,0)(17,3)(0,3)
Polygon:
(0,0)(7,0)(7,11)(0,11)
Polygon:
(0,0)(9,0)(9,12)(0,12)
Polygon:
(0,0)(4,0)(4,16)(0,16)
Polygon:
(0,0)(21,0)(21,3)(17,3)(17,17)(3,17)(3,16)(0,16)
Polygon:
(0,0)(9,0)(9,7)(0,7)
Polygon:
(0,0)(27,0)(27,11)(11,11)(11,5)(5,5)(5,7)(0,7)
Polygon:
(0,0)(4,0)(4,9)(0,9)
Polygon:
(0,0)(13,0)(13,5)(0,5)
Polygon:
(0,0)(25,0)(25,21)(21,21)(21,36)(12,36)(12,18)(0,18)
Polygon:
(0,0)(24,0)(24,21)(23,21)(23,10)(10,10)(10,18)(0,18)
Polygon:
(0,0)(13,0)(13,3)(0,3)
Polygon:
(0,0)(32,0)(32,8)(19,8)(19,14)(12,14)(12,6)(0,6)
Polygon:
(0,0)(29,0)(29,14)(19,14)(19,27)(18,27)(18,14)(0,14)
Polygon:
(0,0)(14,0)(14,8)(0,8)
Polygon:
(0,0)(9,0)(9,13)(0,13)
Polygon:
(0,0)(23,0)(23,29)(20,29)(20,11)(11,11)(11,18)(0,18)
Polygon:
(0,0)(32,0)(32,11)(27,11)(27,4)(15,4)(15,18)(0,18)
Polygon:
(0,0)(13,0)(13,9)(0,9)
Polygon:
(0,0)(9,0)(9,7)(0,7)
Polygon:
(0,0)(25,0)(25,7)(20,7)(20,18)(8,18)(8,1)(0,1)
Polygon:
(0,0)(15,0)(15,4)(0,4)
Polygon:
(0,0)(36,0)(36,17)(30,17)(30,22)(16,22)(16,13)(0,13)
Polygon:
(0,0)(17,0)(17,17)(0,17)
Polygon:
(0,0)(2,0)(2,1)(0,1)
Polygon:
(0,0)(15,0)(15,18)(0,18)
Polygon:
(0,0)(9,0)(9,3)(0,3)
Polygon:
(0,0)(32,0)(32,24)(22,24)(22,10)(14,10)(14,12)(0,12)
Polygon:
(0,0)(17,0)(17,17)(0,17)
Polygon:
(0,0)(9,0)(9,5)(0,5)
Polygon:
(0,0)(35,0)(35,23)(28,23)(28,24)(15,24)(15,17)(0,17)
Polygon:
(0,0)(17,0)(17,9)(0,9)
Polygon:
(0,0)(13,0)(13,3)(0,3)
Polygon:
(0,0)(15,0)(15,5)(0,5)
Polygon:
(0,0)(48,0)(48,21)(34,21)(34,10)(16,10)(16,16)(0,16)
Polygon:
(0,0)(8,0)(8,14)(0,14)
Polygon:
(0,0)(6,0)(6,18)(0,18)
Polygon:
(0,0)(25,0)(25,4)(21,4)(21,8)(5,8)(5,4)(0,4)
Polygon:
(0,0)(27,0)(27,17)(25,17)(25,18)(13,18)(13,7)(0,7)
Polygon:
(0,0)(4,0)(4,3)(0,3)
Polygon:
(0,0)(15,0)(15,5)(0,5)
Polygon:
(0,0)(42,0)(42,8)(25,8)(25,10)(10,10)(10,3)(0,3)
Polygon:
(0,0)(9,0)(9,10)(0,10)
Polygon:
(0,0)(34,0)(34,9)(17,9)(17,23)(14,23)(14,8)(0,8)
Polygon:
(0,0)(14,0)(14,6)(6,6)(6,8)(2,8)(2,1)(0,1)
Polygon:
(0,0)(9,0)(9,10)(0,10)
Polygon:
(0,0)(5,0)(5,9)(0,9)
Polygon:
(0,0)(20,0)(20,22)(7,22)(7,4)(2,4)(2,8)(0,8)
Polygon:
(0,0)(18,0)(18,21)(12,21)(12,4)(6,4)(6,12)(0,12)
Polygon:
(0,0)(4,0)(4,10)(0,10)
Polygon:
(0,0)(15,0)(15,10)(0,10)
Polygon:
(0,0)(37,0)(37,11)(30,11)(30,19)(13,19)(13,12)(0,12)
Polygon:
(0,0)(13,0)(13,2)(0,2)
Polygon:
(0,0)(13,0)(13,12)(0,12)
Polygon:
(0,0)(22,0)(22,3)(18,3)(18,6)(5,6)(5,3)(0,3)
Polygon:
(0,0)(25,0)(25,16)(10,16)(10,10)(5,10)(5,14)(0,14)
Polygon:
(0,0)(21,0)(21,22)(19,22)(19,10)(4,10)(4,12)(0,12)
Polygon:
(0,0)(46,0)(46,2)(33,2)(33,20)(15,20)(15,7)(0,7)
Polygon:
(0,0)(13,0)(13,3)(0,3)
Polygon:
(0,0)(39,0)(39,6)(23,6)(23,19)(9,19)(9,17)(0,17)
Polygon:
(0,0)(14,0)(14,9)(0,9)
Polygon:
(0,0)(17,0)(17,17)(0,17)
Polygon:
(0,0)(1,0)(1,10)(0,10)
Polygon:
(0,0)(16,0)(16,2)(0,2)
Polygon:
(0,0)(22,0)(22,16)(13,16)(13,24)(5,24)(5,15)(0,15)
Polygon:
(0,0)(12,0)(12,8)(0,8)
Polygon:
(0,0)(29,0)(29,15)(23,15)(23,2)(5,2)(5,11)(0,11)
Polygon:
(0,0)(3,0)(3,17)(0,17)
Polygon:
(0,0)(17,0)(17,12)(0,12)
Polygon:
(0,0)(10,0)(10,16)(0,16)
Polygon:
(0,0)(34,0)(34,13)(19,13)(19,6)(17,6)(17,18)(0,18)
Polygon:
(0,0)(10,0)(10,9)(0,9)
Polygon:
(0,0)(10,0)(10,6)(0,6)
Polygon:
(0,0)(15,0)(15,11)(0,11)
Polygon:
(0,0)(28,0)(28,18)(16,18)(16,20)(6,20)(6,6)(0,6)
Polygon:
(0,0)(8,0)(8,8)(0,8)
Polygon:
(0,0)(9,0)(9,2)(0,2)
Polygon:
(0,0)(4,0)(4,15)(0,15)
Polygon:
(0,0)(10,0)(10,8)(0,8)
Polygon:
(0,0)(8,0)(8,10)(0,10)
Polygon:
(0,0)(15,0)(15,13)(0,13)
Polygon:
(0,0)(15,0)(15,17)(0,17)
Polygon:
(0,0)(1,0)(1,5)(0,5)
Polygon:
(0,0)(9,0)(9,16)(0,16)
Polygon:
(0,0)(24,0)(24,2)(18,2)(18,14)(11,14)(11,5)(0,5)
Polygon:
(0,0)(2,0)(2,11)(0,11)
Polygon:
(0,0)(4,0)(4,5)(0,5)
Polygon:
(0,0)(13,0)(13,4)(0,4)
Polygon:
(0,0)(18,0)(18,17)(0,17)
Polygon:
(0,0)(5,0)(5,17)(0,17)
Polygon:
(0,0)(22,0)(22,1)(18,1)(18,18)(11,18)(11,17)(0,17)
Polygon:
(0,0)(18,0)(18,13)(0,13)
Polygon:
(0,0)(15,0)(15,8)(0,8)
Polygon:
(0,0)(18,0)(18,2)(0,2)
Polygon:
(0,0)(8,0)(8,5)(0,5)
Polygon:
(0,0)(6,0)(6,3)(0,3)
Polygon:
(0,0)(29,0)(29,22)(19,22)(19,8)(2,8)(2,19)(0,19)
Polygon:
(0,0)(10,0)(10,8)(0,8)
Polygon:
(0,0)(15,0)(15,5)(10,5)(10,9)(1,9)(1,4)(0,4)
Polygon:
(0,0)(9,0)(9,15)(0,15)
Polygon:
(0,0)(8,0)(8,8)(0,8)
Polygon:
(0,0)(34,0)(34,20)(33,20)(33,14)(18,14)(18,16)(0,16)
Polygon:
(0,0)(10,0)(10,5)(0,5)
Polygon:
(0,0)(5,0)(5,1)(0,1)
Polygon:
(0,0)(20,0)(20,8)(12,8)(12,18)(7,18)(7,10)(0,10)
Polygon:
(0,0)(18,0)(18,3)(0,3)
Polygon:
(0,0)(45,0)(45,14)(31,14)(31,19)(16,19)(16,14)(0,14)
Polygon:
(0,0)(34,0)(34,8)(19,8)(19,16)(2,16)(2,7)(0,7)
Polygon:
(0,0)(33,0)(33,22)(32,22)(32,5)(18,5)(18,8)(0,8)
Polygon:
(0,0)(7,0)(7,4)(0,4)
Polygon:
(0,0)(17,0)(17,2)(0,2)
Polygon:
(0,0)(16,0)(16,18)(0,18)
Polygon:
(0,0)(9,0)(9,6)(0,6)
Polygon:
(0,0)(27,0)(27,14)(18,14)(18,16)(11,16)(11,11)(0,11)
Polygon:
(0,0)(6,0)(6,4)(0,4)
Polygon:
(0,0)(3,0)(3,8)(0,8)
Polygon:
(0,0)(10,0)(10,3)(0,3)
Polygon:
(0,0)(9,0)(9,1)(0,1)
Polygon:
(0,0)(10,0)(10,5)(0,5)
Polygon:
(0,0)(3,0)(3,4)(0,4)
Polygon:
(0,0)(18,0)(18,6)(0,6)
Polygon:
(0,0)(13,0)(13,14)(3,14)(3,16)(1,16)(1,2)(0,2)
Polygon:
(0,0)(16,0)(16,18)(0,18)
Polygon:
(0,0)(1,0)(1,4)(0,4)
Polygon:
(0,0)(3,0)(3,16)(0,16)
Polygon:
(0,0)(25,0)(25,14)(12,14)(12,28)(9,28)(9,13)(0,13)
Polygon:
(0,0)(31,0)(31,10)(29,10)(29,14)(13,14)(13,4)(0,4)
Polygon:
(0,0)(5,0)(5,3)(0,3)
Polygon:
(0,0)(18,0)(18,20)(11,20)(11,25)(9,25)(9,13)(0,13)
Polygon:
(0,0)(36,0)(36,9)(27,9)(27,24)(9,24)(9,15)(0,15)
Polygon:
(0,0)(3,0)(3,18)(0,18)
Polygon:
(0,0)(17,0)(17,2)(0,2)
Polygon:
(0,0)(38,0)(38,7)(32,7)(32,12)(14,12)(14,2)(0,2)
Polygon:
(0,0)(11,0)(11,6)(0,6)
Polygon:
(0,0)(6,0)(6,14)(0,14)
Polygon:
(0,0)(28,0)(28,13)(20,13)(20,25)(5,25)(5,15)(0,15)
Polygon:
(0,0)(14,0)(14,6)(9,6)(9,5)(4,5)(4,16)(0,16)
Polygon:
(0,0)(15,0)(15,8)(0,8)
Polygon:
(0,0)(8,0)(8,12)(0,12)
Polygon:
(0,0)(37,0)(37,8)(21,8)(21,2)(18,2)(18,13)(0,13)
Polygon:
(0,0)(1,0)(1,11)(0,11)
Polygon:
(0,0)(6,0)(6,6)(0,6)
Polygon:
(0,0)(7,0)(7,7)(0,7)
Polygon:
(0,0)(21,0)(21,15)(12,15)(12,20)(1,20)(1,16)(0,16)
Polygon:
(0,0)(15,0)(15,17)(0,17)
Polygon:
(0,0)(6,0)(6,1)(0,1)
Polygon:
(0,0)(39,0)(39,13)(29,13)(29,25)(17,25)(17,13)(0,13)
Polygon:
(0,0)(17,0)(17,11)(0,11)
Polygon:
(0,0)(3,0)(3,16)(0,16)
Polygon:
(0,0)(39,0)(39,19)(24,19)(24,18)(7,18)(7,23)(0,23)
Polygon:
(0,0)(3,0)(3,1)(0,1)
Polygon:
(0,0)(13,0)(13,12)(2,12)(2,18)(1,18)(1,17)(0,17)
Polygon:
(0,0)(31,0)(31,26)(24,26)(24,30)(9,30)(9,18)(0,18)
Polygon:
(0,0)(37,0)(37,20)(30,20)(30,3)(17,3)(17,9)(0,9)
Polygon:
(0,0)(2,0)(2,8)(0,8)
Polygon:
(0,0)(20,0)(20,7)(7,7)(7,10)(4,10)(4,7)(0,7)
Polygon:
(0,0)(18,0)(18,2)(0,2)
Polygon:
(0,0)(43,0)(43,25)(33,25)(33,26)(15,26)(15,9)(0,9)
Polygon:
(0,0)(5,0)(5,16)(0,16)
Polygon:
(0,0)(28,0)(28,15)(11,15)(11,11)(3,11)(3,18)(0,18)
Polygon:
(0,0)(2,0)(2,9)(0,9)
Polygon:
(0,0)(28,0)(28,17)(22,17)(22,18)(6,18)(6,15)(0,15)
Polygon:
(0,0)(16,0)(16,14)(10,14)(10,17)(8,17)(8,6)(0,6)
Polygon:
(0,0)(8,0)(8,9)(0,9)
Polygon:
(0,0)(16,0)(16,12)(0,12)
Polygon:
(0,0)(33,0)(33,11)(26,11)(26,23)(10,23)(10,16)(0,16)
