Polygon:
(0,0)(6,0)(6,11)(2,11)(2,28)(0,28)
Polygon:
(0,0)(19,0)(19,15)(4,15)(4,31)(0,31)
Polygon:
(0,0)(30,0)(30,16)(13,16)(13,32)(0,32)
Polygon:
(0,0)(29,0)(29,4)(14,4)(14,22)(0,22)
Polygon:
(0,0)(19,0)(19,14)(18,14)(18,24)(0,24)
Polygon:
(0,0)(6,0)(6,6)(1,6)(1,23)(0,23)
Polygon:
(0,0)(10,0)(10,18)(3,18)(3,23)(0,23)
Polygon:
(0,0)(24,0)(24,5)(9,5)(9,9)(0,9)
Polygon:
(0,0)(12,0)(12,5)(5,5)(5,22)(0,22)
Polygon:
(0,0)(17,0)(17,6)(7,6)(7,21)(0,21)
Polygon:
(0,0)(29,0)(29,11)(15,11)(15,16)(0,16)
Polygon:
(0,0)(9,0)(9,1)(6,1)(6,19)(0,19)
Polygon:
(0,0)(9,0)(9,12)(5,12)(5,16)(0,16)
Polygon:
(0,0)(23,0)(23,16)(14,16)(14,27)(0,27)
Polygon:
(0,0)(29,0)(29,10)(17,10)(17,17)(0,17)
Polygon:
(0,0)(23,0)(23,17)(10,17)(10,19)(0,19)
Polygon:
(0,0)(24,0)(24,13)(10,13)(10,16)(0,16)
Polygon:
(0,0)(8,0)(8,1)(1,1)(1,15)(0,15)
Polygon:
(0,0)(33,0)(33,2)(15,2)(15,19)(0,19)
Polygon:
(0,0)(12,0)(12,6)(9,6)(9,9)(0,9)
Polygon:
(0,0)(25,0)(25,9)(16,9)(16,21)(0,21)
Polygon:
(0,0)(15,0)(15,9)(1,9)(1,26)(0,26)
Polygon:
(0,0)(7,0)(7,15)(5,15)(5,27)(0,27)
Polygon:
(0,0)(12,0)(12,15)(10,15)(10,24)(0,24)
Polygon:
(0,0)(6,0)(6,1)(3,1)(3,5)(0,5)
Polygon:
(0,0)(18,0)(18,18)(10,18)(10,20)(0,20)
Polygon:
(0,0)(12,0)(12,8)(7,8)(7,17)(0,17)
Polygon:
(0,0)(19,0)(19,18)(1,18)(1,19)(0,19)
Polygon:
(0,0)(6,0)(6,7)(5,7)(5,23)(0,23)
Polygon:
(0,0)(21,0)(21,18)(13,18)(13,25)(0,25)
Polygon:
(0,0)(23,0)(23,7)(17,7)(17,12)(0,12)
Polygon:
(0,0)(27,0)(27,11)(16,11)(16,17)(0,17)
Polygon:
(0,0)(10,0)(10,9)(4,9)(4,10)(0,10)
Polygon:
(0,0)(23,0)(23,13)(7,13)(7,31)(0,31)
Polygon:
(0,0)(28,0)(28,6)(14,6)(14,17)(0,17)
Polygon:
(0,0)(28,0)(28,8)(11,8)(11,23)(0,23)
Polygon:
(0,0)(15,0)(15,18)(6,18)(6,30)(0,30)
Polygon:
(0,0)(20,0)(20,14)(5,14)(5,19)(0,19)
Polygon:
(0,0)(9,0)(9,7)(5,7)(5,13)(0,13)
Polygon:
(0,0)(23,0)(23,16)(9,16)(9,27)(0,27)
Polygon:
(0,0)(13,0)(13,2)(5,2)(5,8)(0,8)
Polygon:
(0,0)(33,0)(33,17)(15,17)(15,30)(0,30)
Polygon:
(0,0)(13,0)(13,13)(11,13)(11,29)(0,29)
Polygon:
(0,0)(10,0)(10,13)(7,13)(7,26)(0,26)
Polygon:
(0,0)(18,0)(18,14)(11,14)(11,18)(0,18)
Polygon:
(0,0)(15,0)(15,17)(1,17)(1,28)(0,28)
Polygon:
(0,0)(12,0)(12,16)(7,16)(7,32)(0,32)
Polygon:
(0,0)(16,0)(16,10)(14,10)(14,12)(0,12)
Polygon:
(0,0)(13,0)(13,12)(7,12)(7,19)(0,19)
Polygon:
(0,0)(20,0)(20,12)(18,12)(18,15)(0,15)
Polygon:
(0,0)(27,0)(27,11)(11,11)(11,25)(0,25)
Polygon:
(0,0)(10,0)(10,9)(5,9)(5,23)(0,23)
Polygon:
(0,0)(16,0)(16,16)(2,16)(2,31)(0,31)
Polygon:
(0,0)(22,0)(22,14)(16,14)(16,16)(0,16)
Polygon:
(0,0)(15,0)(15,3)(11,3)(11,16)(0,16)
Polygon:
(0,0)(29,0)(29,10)(12,10)(12,23)(0,23)
Polygon:
(0,0)(31,0)(31,3)(16,3)(16,13)(0,13)
Polygon:
(0,0)(21,0)(21,8)(13,8)(13,26)(0,26)
Polygon:
(0,0)(12,0)(12,2)(8,2)(8,14)(0,14)
Polygon:
(0,0)(19,0)(19,13)(9,13)(9,23)(0,23)
Polygon:
(0,0)(20,0)(20,2)(2,2)(2,20)(0,20)
Polygon:
(0,0)(25,0)(25,3)(16,3)(16,4)(0,4)
Polygon:
(0,0)(21,0)(21,15)(15,15)(15,22)(0,22)
Polygon:
(0,0)(17,0)(17,10)(12,10)(12,25)(0,25)
Polygon:
(0,0)(24,0)(24,11)(6,11)(6,14)(0,14)
Polygon:
(0,0)(17,0)(17,7)(2,7)(2,17)(0,17)
Polygon:
(0,0)(17,0)(17,7)(12,7)(12,23)(0,23)
Polygon:
(0,0)(15,0)(15,8)(14,8)(14,14)(0,14)
Polygon:
(0,0)(17,0)(17,17)(1,17)(1,19)(0,19)
Polygon:
(0,0)(15,0)(15,7)(10,7)(10,13)(0,13)
Polygon:
(0,0)(4,0)(4,5)(1,5)(1,14)(0,14)
Polygon:
(0,0)(30,0)(30,10)(17,10)(17,27)(0,27)
Polygon:
(0,0)(3,0)(3,18)(2,18)(2,24)(0,24)
Polygon:
(0,0)(23,0)(23,8)(6,8)(6,19)(0,19)
Polygon:
(0,0)(10,0)(10,3)(8,3)(8,13)(0,13)
Polygon:
(0,0)(2,0)(2,4)(1,4)(1,9)(0,9)
Polygon:
(0,0)(24,0)(24,17)(14,17)(14,19)(0,19)
Polygon:
(0,0)(16,0)(16,10)(8,10)(8,11)(0,11)
Polygon:
(0,0)(6,0)(6,9)(2,9)(2,22)(0,22)
Polygon:
(0,0)(26,0)(26,16)(12,16)(12,31)(0,31)
Polygon:
(0,0)(14,0)(14,2)(8,2)(8,5)(0,5)
Polygon:
(0,0)(9,0)(9,6)(1,6)(1,8)(0,8)
Polygon:
(0,0)(21,0)(21,15)(8,15)(8,28)(0,28)
Polygon:
(0,0)(24,0)(24,1)(18,1)(18,16)(0,16)
Polygon:
(0,0)(18,0)(18,1)(15,1)(15,16)(0,16)
Polygon:
(0,0)(15,0)(15,7)(7,7)(7,18)(0,18)
Polygon:
(0,0)(18,0)(18,10)(14,10)(14,27)(0,27)
Polygon:
(0,0)(21,0)(21,4)(7,4)(7,11)(0,11)
Polygon:
(0,0)(22,0)(22,4)(4,4)(4,15)(0,15)
Polygon:
(0,0)(21,0)(21,18)(6,18)(6,30)(0,30)
Polygon:
(0,0)(6,0)(6,3)(5,3)(5,19)(0,19)
Polygon:
(0,0)(24,0)(24,13)(7,13)(7,22)(0,22)
Polygon:
(0,0)(12,0)(12,3)(10,3)(10,9)(0,9)
Polygon:
(0,0)(24,0)(24,10)(15,10)(15,26)(0,26)
Polygon:
(0,0)(3,0)(3,3)(1,3)(1,4)(0,4)
Polygon:
(0,0)(14,0)(14,8)(12,8)(12,9)(0,9)
Polygon:
(0,0)(27,0)(27,17)(11,17)(11,33)(0,33)
Polygon:
(0,0)(15,0)(15,5)(10,5)(10,18)(0,18)
Polygon:
(0,0)(17,0)(17,16)(13,16)(13,28)(0,28)
Polygon:
(0,0)(29,0)(29,8)(11,8)(11,23)(0,23)
Polygon:
(0,0)(15,0)(15,17)(3,17)(3,22)(0,22)
Polygon:
(0,0)(25,0)(25,14)(8,14)(8,19)(0,19)
Polygon:
(0,0)(18,0)(18,10)(6,10)(6,12)(0,12)
Polygon:
(0,0)(10,0)(10,11)(8,11)(8,18)(0,18)
Polygon:
(0,0)(15,0)(15,11)(11,11)(11,25)(0,25)
Polygon:
(0,0)(7,0)(7,18)(1,18)(1,32)(0,32)
Polygon:
(0,0)(23,0)(23,6)(18,6)(18,11)(0,11)
Polygon:
(0,0)(14,0)(14,15)(13,15)(13,19)(0,19)
Polygon:
(0,0)(11,0)(11,11)(10,11)(10,29)(0,29)
Polygon:
(0,0)(11,0)(11,10)(2,10)(2,11)(0,11)
Polygon:
(0,0)(10,0)(10,15)(2,15)(2,24)(0,24)
Polygon:
(0,0)(29,0)(29,1)(15,1)(15,16)(0,16)
Polygon:
(0,0)(21,0)(21,4)(3,4)(3,7)(0,7)
Polygon:
(0,0)(18,0)(18,8)(11,8)(11,12)(0,12)
Polygon:
(0,0)(24,0)(24,18)(9,18)(9,20)(0,20)
Polygon:
(0,0)(22,0)(22,16)(9,16)(9,19)(0,19)
Polygon:
(0,0)(10,0)(10,11)(1,11)(1,13)(0,13)
Polygon:
(0,0)(10,0)(10,7)(2,7)(2,22)(0,22)
Polygon:
(0,0)(12,0)(12,1)(10,1)(10,6)(0,6)
Polygon:
(0,0)(16,0)(16,14)(6,14)(6,28)(0,28)
Polygon:
(0,0)(18,0)(18,10)(5,10)(5,11)(0,11)
Polygon:
(0,0)(36,0)(36,15)(18,15)(18,18)(0,18)
Polygon:
(0,0)(21,0)(21,7)(17,7)(17,18)(0,18)
Polygon:
(0,0)(21,0)(21,4)(10,4)(10,13)(0,13)
Polygon:
(0,0)(23,0)(23,12)(6,12)(6,13)(0,13)
Polygon:
(0,0)(19,0)(19,15)(17,15)(17,32)(0,32)
Polygon:
(0,0)(14,0)(14,11)(1,11)(1,28)(0,28)
Polygon:
(0,0)(25,0)(25,9)(8,9)(8,16)(0,16)
Polygon:
(0,0)(11,0)(11,4)(7,4)(7,19)(0,19)
Polygon:
(0,0)(19,0)(19,16)(18,16)(18,23)(0,23)
Polygon:
(0,0)(22,0)(22,10)(7,10)(7,27)(0,27)
Polygon:
(0,0)(9,0)(9,9)(7,9)(7,14)(0,14)
Polygon:
(0,0)(32,0)(32,9)(14,9)(14,17)(0,17)
Polygon:
(0,0)(18,0)(18,3)(1,3)(1,15)(0,15)
Polygon:
(0,0)(15,0)(15,16)(2,16)(2,21)(0,21)
Polygon:
(0,0)(30,0)(30,15)(18,15)(18,27)(0,27)
Polygon:
(0,0)(24,0)(24,7)(17,7)(17,10)(0,10)
Polygon:
(0,0)(33,0)(33,17)(16,17)(16,18)(0,18)
Polygon:
(0,0)(14,0)(14,13)(5,13)(5,16)(0,16)
Polygon:
(0,0)(6,0)(6,2)(2,2)(2,19)(0,19)
Polygon:
(0,0)(6,0)(6,7)(4,7)(4,15)(0,15)
Polygon:
(0,0)(21,0)(21,4)(9,4)(9,11)(0,11)
Polygon:
(0,0)(33,0)(33,13)(17,13)(17,30)(0,30)
Polygon:
(0,0)(9,0)(9,9)(4,9)(4,20)(0,20)
Polygon:
(0,0)(21,0)(21,1)(4,1)(4,8)(0,8)
Polygon:
(0,0)(27,0)(27,12)(13,12)(13,21)(0,21)
Polygon:
(0,0)(17,0)(17,11)(14,11)(14,28)(0,28)
Polygon:
(0,0)(10,0)(10,15)(3,15)(3,23)(0,23)
Polygon:
(0,0)(23,0)(23,2)(18,2)(18,9)(0,9)
Polygon:
(0,0)(16,0)(16,7)(9,7)(9,17)(0,17)
Polygon:
(0,0)(8,0)(8,15)(3,15)(3,26)(0,26)
Polygon:
(0,0)(33,0)(33,14)(18,14)(18,17)(0,17)
Polygon:
(0,0)(21,0)(21,13)(11,13)(11,19)(0,19)
Polygon:
(0,0)(35,0)(35,1)(18,1)(18,18)(0,18)
Polygon:
(0,0)(21,0)(21,2)(13,2)(13,16)(0,16)
Polygon:
(0,0)(31,0)(31,18)(13,18)(13,35)(0,35)
Polygon:
(0,0)(14,0)(14,18)(8,18)(8,33)(0,33)
Polygon:
(0,0)(22,0)(22,15)(17,15)(17,23)(0,23)
Polygon:
(0,0)(11,0)(11,9)(8,9)(8,26)(0,26)
Polygon:
(0,0)(15,0)(15,16)(9,16)(9,24)(0,24)
Polygon:
(0,0)(9,0)(9,15)(0,15)
Polygon:
(0,0)(13,0)(13,18)(0,18)
Polygon:
(0,0)(1,0)(1,15)(0,15)
Polygon:
(0,0)(2,0)(2,12)(0,12)
Polygon:
(0,0)(4,0)(4,18)(0,18)
Polygon:
(0,0)(16,0)(16,15)(0,15)
Polygon:
(0,0)(10,0)(10,5)(0,5)
Polygon:
(0,0)(33,0)(33,19)(27,19)(27,23)(10,23)(10,14)(0,14)
Polygon:
(0,0)(35,0)(35,14)(28,14)(28,23)(16,23)(16,7)(0,7)
Polygon:
(0,0)(14,0)(14,6)(0,6)
Polygon:
(0,0)(6,0)(6,14)(0,14)
Polygon:
(0,0)(22,0)(22,6)(18,6)(18,16)(12,16)(12,3)(0,3)
Polygon:
(0,0)(16,0)(16,17)(0,17)
Polygon:
(0,0)(29,0)(29,14)(13,14)(13,29)(11,29)(11,17)(0,17)
Polygon:
(0,0)(19,0)(19,28)(14,28)(14,34)(1,34)(1,17)(0,17)
Polygon:
(0,0)(24,0)(24,13)(15,13)(15,25)(6,25)(6,11)(0,11)
Polygon:
(0,0)(24,0)(24,7)(12,7)(12,20)(5,20)(5,13)(0,13)
Polygon:
(0,0)(27,0)(27,15)(26,15)(26,17)(17,17)(17,2)(0,2)
Polygon:
(0,0)(9,0)(9,17)(0,17)
Polygon:
(0,0)(6,0)(6,13)(0,13)
Polygon:
(0,0)(39,0)(39,5)(26,5)(26,14)(9,14)(9,2)(0,2)
Polygon:
(0,0)(5,0)(5,15)(0,15)
Polygon:
(0,0)(18,0)(18,4)(0,4)
Polygon:
(0,0)(37,0)(37,21)(19,21)(19,23)(8,23)(8,14)(0,14)
Polygon:
(0,0)(31,0)(31,12)(13,12)(13,7)(7,7)(7,8)(0,8)
Polygon:
(0,0)(4,0)(4,14)(0,14)
Polygon:
(0,0)(18,0)(18,2)(0,2)
Polygon:
(0,0)(2,0)(2,1)(0,1)
Polygon:
(0,0)(22,0)(22,11)(12,11)(12,18)(4,18)(4,2)(0,2)
Polygon:
(0,0)(30,0)(30,15)(19,15)(19,4)(13,4)(13,13)(0,13)
Polygon:
(0,0)(33,0)(33,16)(17,16)(17,1)(6,1)(6,9)(0,9)
Polygon:
(0,0)(29,0)(29,7)(23,7)(23,14)(10,14)(10,2)(0,2)
Polygon:
(0,0)(6,0)(6,4)(0,4)
Polygon:
(0,0)(25,0)(25,9)(21,9)(21,4)(4,4)(4,13)(0,13)
Polygon:
(0,0)(5,0)(5,3)(0,3)
Polygon:
(0,0)(9,0)(9,11)(0,11)
Polygon:
(0,0)(11,0)(11,18)(0,18)
Polygon:
(0,0)(17,0)(17,14)(14,14)(14,2)(3,2)(3,18)(0,18)
Polygon:
(0,0)(6,0)(6,17)(0,17)
Polygon:
(0,0)(34,0)(34,13)(22,13)(22,14)(6,14)(6,2)(0,2)
Polygon:
(0,0)(3,0)(3,8)(0,8)
Polygon:
(0,0)(46,0)(46,12)(28,12)(28,14)(17,14)(17,3)(0,3)
Polygon:
(0,0)(6,0)(6,1)(0,1)
Polygon:
(0,0)(20,0)(20,2)(7,2)(7,19)(5,19)(5,6)(0,6)
Polygon:
(0,0)(3,0)(3,15)(0,15)
Polygon:
(0,0)(29,0)(29,19)(22,19)(22,2)(9,2)(9,6)(0,6)
Polygon:
(0,0)(37,0)(37,3)(22,3)(22,17)(13,17)(13,7)(0,7)
Polygon:
(0,0)(5,0)(5,3)(0,3)
Polygon:
(0,0)(4,0)(4,9)(0,9)
Polygon:
(0,0)(10,0)(10,5)(0,5)
Polygon:
(0,0)(47,0)(47,22)(30,22)(30,11)(12,11)(12,16)(0,16)
Polygon:
(0,0)(14,0)(14,15)(0,15)
Polygon:
(0,0)(6,0)(6,3)(0,3)
Polygon:
(0,0)(26,0)(26,15)(23,15)(23,11)(15,11)(15,14)(0,14)
Polygon:
(0,0)(17,0)(17,13)(0,13)
Polygon:
(0,0)(24,0)(24,19)(22,19)(22,7)(12,7)(12,16)(0,16)
Polygon:
(0,0)(26,0)(26,20)(14,20)(14,26)(8,26)(8,16)(0,16)
Polygon:
(0,0)(19,0)(19,6)(14,6)(14,24)(13,24)(13,8)(0,8)
Polygon:
(0,0)(46,0)(46,16)(31,16)(31,23)(16,23)(16,6)(0,6)
Polygon:
(0,0)(18,0)(18,6)(7,6)(7,21)(6,21)(6,7)(0,7)
Polygon:
(0,0)(37,0)(37,4)(23,4)(23,11)(15,11)(15,10)(0,10)
Polygon:
(0,0)(31,0)(31,13)(13,13)(13,16)(10,16)(10,3)(0,3)
Polygon:
(0,0)(17,0)(17,8)(0,8)
Polygon:
(0,0)(6,0)(6,7)(0,7)
Polygon:
(0,0)(21,0)(21,7)(20,7)(20,1)(17,1)(17,4)(0,4)
Polygon:
(0,0)(17,0)(17,11)(10,11)(10,27)(1,27)(1,13)(0,13)
Polygon:
(0,0)(40,0)(40,5)(22,5)(22,7)(15,7)(15,2)(0,2)
Polygon:
(0,0)(39,0)(39,16)(22,16)(22,3)(12,3)(12,6)(0,6)
Polygon:
(0,0)(34,0)(34,13)(16,13)(16,31)(10,31)(10,13)(0,13)
Polygon:
(0,0)(29,0)(29,17)(18,17)(18,19)(3,19)(3,9)(0,9)
Polygon:
(0,0)(6,0)(6,15)(0,15)
Polygon:
(0,0)(4,0)(4,12)(0,12)
Polygon:
(0,0)(15,0)(15,5)(0,5)
Polygon:
(0,0)(36,0)(36,24)(24,24)(24,6)(9,6)(9,14)(0,14)
Polygon:
(0,0)(6,0)(6,3)(0,3)
Polygon:
(0,0)(13,0)(13,2)(0,2)
Polygon:
(0,0)(27,0)(27,5)(21,5)(21,19)(6,19)(6,18)(0,18)
Polygon:
(0,0)(4,0)(4,15)(0,15)
Polygon:
(0,0)(18,0)(18,6)(9,6)(9,3)(5,3)(5,8)(0,8)
Polygon:
(0,0)(2,0)(2,14)(0,14)
Polygon:
(0,0)(25,0)(25,12)(19,12)(19,20)(18,20)(18,14)(0,14)
Polygon:
(0,0)(5,0)(5,6)(0,6)
Polygon:
(0,0)(7,0)(7,3)(0,3)
Polygon:
(0,0)(12,0)(12,16)(0,16)
Polygon:
(0,0)(5,0)(5,9)(0,9)
Polygon:
(0,0)(7,0)(7,14)(0,14)
Polygon:
(0,0)(22,0)(22,11)(18,11)(18,20)(3,20)(3,11)(0,11)
Polygon:
(0,0)(4,0)(4,16)(0,16)
Polygon:
(0,0)(2,0)(2,6)(0,6)
Polygon:
(0,0)(38,0)(38,22)(31,22)(31,26)(17,26)(17,16)(0,16)
Polygon:
(0,0)(19,0)(19,18)(18,18)(18,19)(15,19)(15,8)(0,8)
Polygon:
(0,0)(6,0)(6,13)(0,13)
Polygon:
(0,0)(6,0)(6,16)(0,16)
Polygon:
(0,0)(9,0)(9,10)(0,10)
Polygon:
(0,0)(4,0)(4,11)(0,11)
Polygon:
(0,0)(43,0)(43,10)(25,10)(25,13)(13,13)(13,4)(0,4)
Polygon:
(0,0)(15,0)(15,1)(0,1)
Polygon:
(0,0)(3,0)(3,13)(0,13)
Polygon:
(0,0)(3,0)(3,1)(0,1)
Polygon:
(0,0)(36,0)(36,15)(26,15)(26,1)(16,1)(16,2)(0,2)
Polygon:
(0,0)(8,0)(8,8)(0,8)
Polygon:
(0,0)(27,0)(27,22)(14,22)(14,11)(7,11)(7,13)(0,13)
Polygon:
(0,0)(6,0)(6,17)(0,17)
Polygon:
(0,0)(16,0)(16,9)(0,9)
Polygon:
(0,0)(5,0)(5,5)(0,5)
Polygon:
(0,0)(17,0)(17,11)(0,11)
Polygon:
(0,0)(38,0)(38,17)(26,17)(26,34)(8,34)(8,18)(0,18)
Polygon:
(0,0)(10,0)(10,1)(0,1)
Polygon:
(0,0)(3,0)(3,5)(0,5)
Polygon:
(0,0)(29,0)(29,17)(23,17)(23,19)(17,19)(17,11)(0,11)
Polygon:
(0,0)(41,0)(41,9)(34,9)(34,27)(16,27)(16,14)(0,14)
Polygon:
(0,0)(37,0)(37,13)(21,13)(21,16)(17,16)(17,4)(0,4)
Polygon:
(0,0)(31,0)(31,2)(15,2)(15,19)(10,19)(10,1)(0,1)
Polygon:
(0,0)(33,0)(33,13)(27,13)(27,18)(10,18)(10,6)(0,6)
Polygon:
(0,0)(2,0)(2,5)(0,5)
Polygon:
(0,0)(4,0)(4,11)(0,11)
Polygon:
(0,0)(20,0)(20,16)(12,16)(12,28)(11,28)(11,17)(0,17)
Polygon:
(0,0)(6,0)(6,14)(0,14)
Polygon:
(0,0)(1,0)(1,12)(0,12)
Polygon:
(0,0)(34,0)(34,21)(29,21)(29,5)(13,5)(13,7)(0,7)
Polygon:
(0,0)(12,0)(12,22)(8,22)(8,25)(6,25)(6,10)(0,10)
Polygon:
(0,0)(18,0)(18,4)(0,4)
Polygon:
(0,0)(1,0)(1,1)(0,1)
Polygon:
(0,0)(1,0)(1,10)(0,10)
Polygon:
(0,0)(43,0)(43,3)(30,3)(30,12)(14,12)(14,3)(0,3)
Polygon:
(0,0)(4,0)(4,2)(0,2)
Polygon:
(0,0)(16,0)(16,18)(0,18)
Polygon:
(0,0)(21,0)(21,17)(18,17)(18,25)(8,25)(8,11)(0,11)
Polygon:
(0,0)(16,0)(16,18)(13,18)(13,20)(4,20)(4,8)(0,8)
Polygon:
(0,0)(18,0)(18,10)(0,10)
Polygon:
(0,0)(14,0)(14,16)(13,16)(13,32)(2,32)(2,15)(0,15)
Polygon:
(0,0)(1,0)(1,9)(0,9)
Polygon:
(0,0)(44,0)(44,22)(36,22)(36,29)(18,29)(18,18)(0,18)
Polygon:
(0,0)(22,0)(22,5)(18,5)(18,14)(14,14)(14,12)(0,12)
Polygon:
(0,0)(2,0)(2,18)(0,18)
Polygon:
(0,0)(7,0)(7,3)(0,3)
Polygon:
(0,0)(6,0)(6,7)(0,7)
Polygon:
(0,0)(2,0)(2,15)(0,15)
Polygon:
(0,0)(14,0)(14,11)(0,11)
Polygon:
(0,0)(12,0)(12,18)(0,18)
Polygon:
(0,0)(17,0)(17,9)(0,9)
Polygon:
(0,0)(3,0)(3,14)(0,14)
Polygon:
(0,0)(1,0)(1,4)(0,4)
Polygon:
(0,0)(24,0)(24,8)(17,8)(17,9)(9,9)(9,4)(0,4)
Polygon:
(0,0)(13,0)(13,18)(12,18)(12,24)(8,24)(8,11)(0,11)
Polygon:
(0,0)(20,0)(20,2)(16,2)(16,18)(11,18)(11,1)(0,1)
Polygon:
(0,0)(10,0)(10,8)(0,8)
Polygon:
(0,0)(6,0)(6,3)(0,3)
Polygon:
(0,0)(44,0)(44,18)(31,18)(31,21)(18,21)(18,8)(0,8)
Polygon:
(0,0)(17,0)(17,1)(0,1)
Polygon:
(0,0)(25,0)(25,18)(13,18)(13,3)(7,3)(7,7)(0,7)
Polygon:
(0,0)(36,0)(36,20)(31,20)(31,33)(18,33)(18,16)(0,16)
Polygon:
(0,0)(8,0)(8,4)(0,4)
Polygon:
(0,0)(16,0)(16,7)(0,7)
Polygon:
(0,0)(12,0)(12,7)(0,7)
Polygon:
(0,0)(7,0)(7,6)(0,6)
Polygon:
(0,0)(30,0)(30,26)(14,26)(14,9)(9,9)(9,13)(0,13)
Polygon:
(0,0)(2,0)(2,6)(0,6)
Polygon:
(0,0)(6,0)(6,17)(0,17)
Polygon:
(0,0)(35,0)(35,17)(19,17)(19,7)(16,7)(16,17)(0,17)
Polygon:
(0,0)(1,0)(1,15)(0,15)
Polygon:
(0,0)(10,0)(10,10)(0,10)
Polygon:
(0,0)(8,0)(8,17)(0,17)
Polygon:
(0,0)(17,0)(17,10)(16,10)(16,22)(4,22)(4,5)(0,5)
Polygon:
(0,0)(26,0)(26,4)(15,4)(15,18)(6,18)(6,6)(0,6)
Polygon:
(0,0)(3,0)(3,14)(0,14)
Polygon:
(0,0)(33,0)(33,6)(21,6)(21,17)(9,17)(9,4)(0,4)
Polygon:
(0,0)(4,0)(4,15)(0,15)
Polygon:
(0,0)(24,0)(24,25)(14,25)(14,10)(6,10)(6,11)(0,11)
Polygon:
(0,0)(5,0)(5,12)(0,12)
Polygon:
(0,0)(6,0)(6,13)(0,13)
Polygon:
(0,0)(35,0)(35,17)(17,17)(17,18)(2,18)(2,10)(0,10)
Polygon:
(0,0)(17,0)(17,5)(0,5)
Polygon:
(0,0)(18,0)(18,17)(0,17)
Polygon:
(0,0)(14,0)(14,9)(0,9)
Polygon:
(0,0)(27,0)(27,15)(13,15)(13,17)(11,17)(11,4)(0,4)
Polygon:
(0,0)(17,0)(17,16)(0,16)
Polygon:
(0,0)(4,0)(4,15)(0,15)
Polygon:
(0,0)(17,0)(17,8)(0,8)
Polygon:
(0,0)(21,0)(21,20)(17,20)(17,24)(14,24)(14,7)(0,7)
Polygon:
(0,0)(9,0)(9,2)(6,2)(6,12)(3,12)(3,1)(0,1)
Polygon:
(0,0)(16,0)(16,7)(0,7)
Polygon:
(0,0)(16,0)(16,6)(0,6)
Polygon:
(0,0)(14,0)(14,16)(0,16)
Polygon:
(0,0)(17,0)(17,11)(0,11)
Polygon:
(0,0)(21,0)(21,13)(18,13)(18,28)(14,28)(14,13)(0,13)
Polygon:
(0,0)(10,0)(10,18)(0,18)
Polygon:
(0,0)(11,0)(11,17)(0,17)
Polygon:
(0,0)(3,0)(3,10)(0,10)
Polygon:
(0,0)(27,0)(27,15)(14,15)(14,22)(8,22)(8,18)(0,18)
Polygon:
(0,0)(34,0)(34,7)(19,7)(19,10)(18,10)(18,3)(0,3)
Polygon:
(0,0)(9,0)(9,12)(0,12)
Polygon:
(0,0)(30,0)(30,2)(14,2)(14,16)(11,16)(11,13)(0,13)
Polygon:
(0,0)(15,0)(15,1)(0,1)
Polygon:
(0,0)(1,0)(1,15)(0,15)
Polygon:
(0,0)(10,0)(10,9)(0,9)
Polygon:
(0,0)(33,0)(33,7)(32,7)(32,19)(14,19)(14,2)(0,2)
Polygon:
(0,0)(27,0)(27,11)(25,11)(25,8)(15,8)(15,13)(0,13)
Polygon:
(0,0)(31,0)(31,18)(27,18)(27,29)(16,29)(16,13)(0,13)
Polygon:
(0,0)(15,0)(15,10)(0,10)
Polygon:
(0,0)(19,0)(19,19)(18,19)(18,22)(10,22)(10,6)(0,6)
Polygon:
(0,0)(41,0)(41,20)(30,20)(30,26)(17,26)(17,17)(0,17)
Polygon:
(0,0)(27,0)(27,20)(25,20)(25,22)(14,22)(14,15)(0,15)
Polygon:
(0,0)(9,0)(9,8)(0,8)
Polygon:
(0,0)(19,0)(19,13)(18,13)(18,14)(1,14)(1,5)(0,5)
Polygon:
(0,0)(15,0)(15,8)(0,8)
Polygon:
(0,0)(4,0)(4,5)(0,5)
Polygon:
(0,0)(17,0)(17,2)(14,2)(14,11)(2,11)(2,5)(0,5)
Polygon:
(0,0)(17,0)(17,2)(0,2)
Polygon:
(0,0)(4,0)(4,9)(0,9)
Polygon:
(0,0)(3,0)(3,8)(0,8)
Polygon:
(0,0)(38,0)(38,14)(23,14)(23,27)(16,27)(16,17)(0,17)
Polygon:
(0,0)(11,0)(11,5)(0,5)
Polygon:
(0,0)(28,0)(28,15)(11,15)(11,1)(6,1)(6,7)(0,7)
Polygon:
(0,0)(14,0)(14,6)(0,6)
Polygon:
(0,0)(5,0)(5,9)(0,9)
Polygon:
(0,0)(10,0)(10,7)(0,7)
Polygon:
(0,0)(12,0)(12,21)(9,21)(9,34)(2,34)(2,16)(0,16)
Polygon:
(0,0)(17,0)(17,1)(0,1)
Polygon:
(0,0)(12,0)(12,23)(8,23)(8,5)(6,5)(6,8)(0,8)
Polygon:
(0,0)(21,0)(21,11)(20,11)(20,14)(15,14)(15,1)(0,1)
Polygon:
(0,0)(8,0)(8,5)(0,5)
Polygon:
(0,0)(13,0)(13,13)(0,13)
Polygon:
(0,0)(19,0)(19,18)(17,18)(17,9)(14,9)(14,10)(0,10)
Polygon:
(0,0)(17,0)(17,7)(0,7)
Polygon:
(0,0)(8,0)(8,14)(0,14)
Polygon:
(0,0)(4,0)(4,7)(0,7)
Polygon:
(0,0)(18,0)(18,8)(0,8)
Polygon:
(0,0)(30,0)(30,9)(23,9)(23,18)(7,18)(7,8)(0,8)
Polygon:
(0,0)(25,0)(25,3)(9,3)(9,15)(1,15)(1,7)(0,7)
Polygon:
(0,0)(13,0)(13,9)(7,9)(7,24)(2,24)(2,15)(0,15)
Polygon:
(0,0)(16,0)(16,2)(11,2)(11,20)(6,20)(6,14)(0,14)
Polygon:
(0,0)(12,0)(12,15)(3,15)(3,22)(1,22)(1,7)(0,7)
Polygon:
(0,0)(6,0)(6,9)(0,9)
Polygon:
(0,0)(3,0)(3,4)(0,4)
Polygon:
(0,0)(10,0)(10,4)(0,4)
Polygon:
(0,0)(32,0)(32,18)(24,18)(24,15)(12,15)(12,16)(0,16)
Polygon:
(0,0)(12,0)(12,6)(0,6)
Polygon:
(0,0)(39,0)(39,17)(27,17)(27,21)(14,21)(14,9)(0,9)
Polygon:
(0,0)(31,0)(31,10)(26,10)(26,19)(15,19)(15,12)(0,12)
Polygon:
(0,0)(19,0)(19,28)(13,28)(13,34)(12,34)(12,18)(0,18)
Polygon:
(0,0)(24,0)(24,16)(10,16)(10,2)(4,2)(4,3)(0,3)
Polygon:
(0,0)(11,0)(11,11)(0,11)
Polygon:
(0,0)(18,0)(18,15)(0,15)
Polygon:
(0,0)(10,0)(10,7)(0,7)
Polygon:
(0,0)(8,0)(8,18)(0,18)
Polygon:
(0,0)(40,0)(40,16)(32,16)(32,26)(14,26)(14,15)(0,15)
Polygon:
(0,0)(11,0)(11,14)(0,14)
Polygon:
(0,0)(26,0)(26,9)(19,9)(19,15)(4,15)(4,12)(0,12)
Polygon:
(0,0)(15,0)(15,7)(0,7)
Polygon:
(0,0)(1,0)(1,16)(0,16)
Polygon:
(0,0)(11,0)(11,8)(8,8)(8,19)(6,19)(6,3)(0,3)
Polygon:
(0,0)(6,0)(6,3)(5,3)(5,4)(4,4)(4,3)(0,3)
Polygon:
(0,0)(33,0)(33,2)(18,2)(18,19)(3,19)(3,17)(0,17)
Polygon:
(0,0)(13,0)(13,16)(0,16)
Polygon:
(0,0)(14,0)(14,14)(0,14)
Polygon:
(0,0)(9,0)(9,7)(3,7)(3,2)(2,2)(2,6)(0,6)
Polygon:
(0,0)(15,0)(15,4)(0,4)
Polygon:
(0,0)(13,0)(13,18)(0,18)
Polygon:
(0,0)(11,0)(11,16)(0,16)
Polygon:
(0,0)(10,0)(10,4)(0,4)
Polygon:
(0,0)(9,0)(9,11)(0,11)
Polygon:
(0,0)(33,0)(33,5)(19,5)(19,11)(15,11)(15,5)(0,5)
Polygon:
(0,0)(35,0)(35,19)(21,19)(21,16)(18,16)(18,17)(0,17)
Polygon:
(0,0)(17,0)(17,6)(0,6)
Polygon:
(0,0)(18,0)(18,8)(15,8)(15,17)(10,17)(10,1)(0,1)
Polygon:
(0,0)(21,0)(21,16)(15,16)(15,17)(2,17)(2,10)(0,10)
Polygon:
(0,0)(7,0)(7,15)(0,15)
Polygon:
(0,0)(52,0)(52,20)(36,20)(36,4)(18,4)(18,18)(0,18)
Polygon:
(0,0)(10,0)(10,5)(0,5)
Polygon:
(0,0)(6,0)(6,8)(0,8)
Polygon:
(0,0)(25,0)(25,14)(19,14)(19,20)(12,20)(12,14)(0,14)
Polygon:
(0,0)(24,0)(24,8)(20,8)(20,9)(10,9)(10,1)(0,1)
Polygon:
(0,0)(3,0)(3,15)(0,15)
Polygon:
(0,0)(11,0)(11,7)(0,7)
Polygon:
(0,0)(2,0)(2,15)(0,15)
Polygon:
(0,0)(7,0)(7,11)(0,11)
Polygon:
(0,0)(41,0)(41,10)(33,10)(33,5)(17,5)(17,14)(0,14)
Polygon:
(0,0)(23,0)(23,7)(13,7)(13,21)(12,21)(12,3)(0,3)
Polygon:
(0,0)(45,0)(45,20)(33,20)(33,9)(16,9)(16,18)(0,18)
Polygon:
(0,0)(16,0)(16,5)(0,5)
Polygon:
(0,0)(34,0)(34,16)(23,16)(23,22)(13,22)(13,6)(0,6)
Polygon:
(0,0)(15,0)(15,9)(0,9)
Polygon:
(0,0)(3,0)(3,4)(0,4)
Polygon:
(0,0)(17,0)(17,13)(0,13)
Polygon:
(0,0)(17,0)(17,22)(16,22)(16,9)(15,9)(15,17)(0,17)
Polygon:
(0,0)(26,0)(26,14)(20,14)(20,31)(8,31)(8,17)(0,17)
Polygon:
(0,0)(14,0)(14,4)(0,4)
Polygon:
(0,0)(4,0)(4,8)(0,8)
Polygon:
(0,0)(1,0)(1,3)(0,3)
Polygon:
(0,0)(41,0)(41,6)(29,6)(29,4)(13,4)(13,6)(0,6)
Polygon:
(0,0)(7,0)(7,18)(0,18)
Polygon:
(0,0)(45,0)(45,12)(27,12)(27,14)(9,14)(9,1)(0,1)
Polygon:
(0,0)(15,0)(15,17)(9,17)(9,24)(3,24)(3,11)(0,11)
Polygon:
(0,0)(30,0)(30,24)(21,24)(21,25)(14,25)(14,15)(0,15)
Polygon:
(0,0)(16,0)(16,8)(0,8)
Polygon:
(0,0)(12,0)(12,7)(0,7)
Polygon:
(0,0)(33,0)(33,17)(23,17)(23,5)(9,5)(9,8)(0,8)
Polygon:
(0,0)(14,0)(14,17)(0,17)
Polygon:
(0,0)(27,0)(27,13)(16,13)(16,31)(3,31)(3,13)(0,13)
Polygon:
(0,0)(14,0)(14,3)(0,3)
Polygon:
(0,0)(2,0)(2,6)(0,6)
Polygon:
(0,0)(11,0)(11,21)(5,21)(5,10)(3,10)(3,12)(0,12)
Polygon:
(0,0)(17,0)(17,17)(11,17)(11,6)(4,6)(4,8)(0,8)
Polygon:
(0,0)(3,0)(3,16)(0,16)
Polygon:
(0,0)(2,0)(2,16)(0,16)
Polygon:
(0,0)(18,0)(18,10)(0,10)
Polygon:
(0,0)(1,0)(1,8)(0,8)
Polygon:
(0,0)(24,0)(24,11)(21,11)(21,23)(16,23)(16,13)(0,13)
Polygon:
(0,0)(26,0)(26,3)(18,3)(18,17)(17,17)(17,16)(0,16)
Polygon:
(0,0)(6,0)(6,12)(0,12)
Polygon:
(0,0)(30,0)(30,13)(27,13)(27,28)(14,28)(14,18)(0,18)
Polygon:
(0,0)(6,0)(6,4)(0,4)
Polygon:
(0,0)(34,0)(34,7)(18,7)(18,6)(10,6)(10,8)(0,8)
Polygon:
(0,0)(5,0)(5,1)(0,1)
Polygon:
(0,0)(28,0)(28,20)(18,20)(18,7)(11,7)(11,16)(0,16)
Polygon:
(0,0)(18,0)(18,9)(0,9)
Polygon:
(0,0)(29,0)(29,17)(20,17)(20,23)(11,23)(11,5)(0,5)
Polygon:
(0,0)(9,0)(9,6)(0,6)
Polygon:
(0,0)(15,0)(15,18)(0,18)
Polygon:
(0,0)(14,0)(14,14)(0,14)
Polygon:
(0,0)(26,0)(26,12)(19,12)(19,1)(15,1)(15,17)(0,17)
Polygon:
(0,0)(30,0)(30,17)(16,17)(16,6)(2,6)(2,17)(0,17)
Polygon:
(0,0)(17,0)(17,9)(0,9)
Polygon:
(0,0)(38,0)(38,13)(26,13)(26,1)(12,1)(12,15)(0,15)
Polygon:
(0,0)(15,0)(15,21)(12,21)(12,9)(6,9)(6,11)(0,11)
Polygon:
(0,0)(2,0)(2,14)(0,14)
Polygon:
(0,0)(12,0)(12,3)(0,3)
Polygon:
(0,0)(28,0)(28,2)(25,2)(25,9)(18,9)(18,3)(0,3)
Polygon:
(0,0)(23,0)(23,17)(18,17)(18,4)(15,4)(15,18)(0,18)
Polygon:
(0,0)(9,0)(9,11)(0,11)
Polygon:
(0,0)(14,0)(14,18)(0,18)
Polygon:
(0,0)(30,0)(30,15)(24,15)(24,20)(18,20)(18,6)(0,6)
Polygon:
(0,0)(5,0)(5,9)(0,9)
Polygon:
(0,0)(13,0)(13,1)(0,1)
Polygon:
(0,0)(25,0)(25,3)(17,3)(17,12)(11,12)(11,1)(0,1)
Polygon:
(0,0)(14,0)(14,12)(0,12)
Polygon:
(0,0)(17,0)(17,7)(0,7)
Polygon:
(0,0)(29,0)(29,12)(16,12)(16,14)(9,14)(9,5)(0,5)
Polygon:
(0,0)(12,0)(12,4)(0,4)
Polygon:
(0,0)(18,0)(18,7)(0,7)
Polygon:
(0,0)(5,0)(5,14)(0,14)
Polygon:
(0,0)(32,0)(32,18)(21,18)(21,20)(16,20)(16,13)(0,13)
Polygon:
(0,0)(9,0)(9,8)(6,8)(6,16)(5,16)(5,12)(0,12)
Polygon:
(0,0)(35,0)(35,13)(20,13)(20,23)(15,23)(15,7)(0,7)
Polygon:
(0,0)(5,0)(5,10)(0,10)
Polygon:
(0,0)(13,0)(13,11)(0,11)
Polygon:
(0,0)(1,0)(1,10)(0,10)
Polygon:
(0,0)(3,0)(3,7)(0,7)
Polygon:
(0,0)(28,0)(28,9)(14,9)(14,18)(4,18)(4,5)(0,5)
Polygon:
(0,0)(18,0)(18,7)(0,7)
Polygon:
(0,0)(13,0)(13,5)(0,5)
Polygon:
(0,0)(42,0)(42,24)(27,24)(27,25)(15,25)(15,17)(0,17)
Polygon:
(0,0)(16,0)(16,14)(0,14)
Polygon:
(0,0)(40,0)(40,13)(32,13)(32,20)(14,20)(14,16)(0,16)
Polygon:
(0,0)(7,0)(7,8)(0,8)
Polygon:
(0,0)(27,0)(27,11)(17,11)(17,20)(5,20)(5,7)(0,7)
Polygon:
(0,0)(11,0)(11,9)(0,9)
Polygon:
(0,0)(33,0)(33,14)(21,14)(21,17)(3,17)(3,7)(0,7)
Polygon:
(0,0)(5,0)(5,17)(0,17)
Polygon:
(0,0)(22,0)(22,25)(21,25)(21,9)(15,9)(15,16)(0,16)
Polygon:
(0,0)(33,0)(33,11)(22,11)(22,10)(9,10)(9,16)(0,16)
Polygon:
(0,0)(1,0)(1,6)(0,6)
Polygon:
(0,0)(5,0)(5,15)(0,15)
Polygon:
(0,0)(17,0)(17,6)(0,6)
Polygon:
(0,0)(29,0)(29,18)(23,18)(23,25)(15,25)(15,8)(0,8)
Polygon:
(0,0)(28,0)(28,3)(22,3)(22,14)(14,14)(14,11)(0,11)
Polygon:
(0,0)(7,0)(7,18)(0,18)
Polygon:
(0,0)(29,0)(29,19)(13,19)(13,8)(12,8)(12,9)(0,9)
Polygon:
(0,0)(16,0)(16,10)(0,10)
Polygon:
(0,0)(5,0)(5,9)(0,9)
Polygon:
(0,0)(43,0)(43,2)(30,2)(30,19)(12,19)(12,2)(0,2)
Polygon:
(0,0)(13,0)(13,15)(0,15)
Polygon:
(0,0)(15,0)(15,11)(7,11)(7,15)(1,15)(1,1)(0,1)
Polygon:
(0,0)(21,0)(21,9)(14,9)(14,21)(7,21)(7,13)(0,13)
Polygon:
(0,0)(11,0)(11,8)(0,8)
Polygon:
(0,0)(40,0)(40,12)(29,12)(29,26)(13,26)(13,9)(0,9)
Polygon:
(0,0)(38,0)(38,6)(26,6)(26,16)(8,16)(8,2)(0,2)
Polygon:
(0,0)(10,0)(10,16)(0,16)
Polygon:
(0,0)(14,0)(14,16)(0,16)
Polygon:
(0,0)(15,0)(15,4)(0,4)
Polygon:
(0,0)(16,0)(16,1)(7,1)(7,14)(6,14)(6,9)(0,9)
Polygon:
(0,0)(24,0)(24,8)(14,8)(14,3)(12,3)(12,14)(0,14)
Polygon:
(0,0)(42,0)(42,7)(29,7)(29,2)(12,2)(12,7)(0,7)
Polygon:
(0,0)(31,0)(31,14)(19,14)(19,9)(2,9)(2,15)(0,15)
Polygon:
(0,0)(32,0)(32,1)(16,1)(16,6)(9,6)(9,4)(0,4)
Polygon:
(0,0)(26,0)(26,13)(24,13)(24,16)(13,16)(13,14)(0,14)
Polygon:
(0,0)(31,0)(31,13)(22,13)(22,19)(17,19)(17,5)(0,5)
Polygon:
(0,0)(7,0)(7,8)(0,8)
Polygon:
(0,0)(25,0)(25,19)(20,19)(20,23)(18,23)(18,17)(0,17)
Polygon:
(0,0)(1,0)(1,8)(0,8)
Polygon:
(0,0)(12,0)(12,14)(0,14)
Polygon:
(0,0)(18,0)(18,10)(0,10)
Polygon:
(0,0)(17,0)(17,12)(0,12)
Polygon:
(0,0)(6,0)(6,12)(0,12)
Polygon:
(0,0)(21,0)(21,4)(18,4)(18,19)(4,19)(4,15)(0,15)
Polygon:
(0,0)(10,0)(10,18)(0,18)
Polygon:
(0,0)(34,0)(34,12)(20,12)(20,14)(9,14)(9,4)(0,4)
Polygon:
(0,0)(27,0)(27,18)(17,18)(17,14)(11,14)(11,18)(0,18)
Polygon:
(0,0)(10,0)(10,9)(0,9)
Polygon:
(0,0)(10,0)(10,5)(0,5)
Polygon:
(0,0)(20,0)(20,3)(19,3)(19,14)(2,14)(2,5)(0,5)
Polygon:
(0,0)(34,0)(34,18)(22,18)(22,3)(16,3)(16,15)(0,15)
Polygon:
(0,0)(22,0)(22,15)(13,15)(13,4)(2,4)(2,17)(0,17)
Polygon:
(0,0)(48,0)(48,24)(30,24)(30,10)(12,10)(12,16)(0,16)
Polygon:
(0,0)(1,0)(1,11)(0,11)
Polygon:
(0,0)(36,0)(36,15)(31,15)(31,2)(13,2)(13,6)(0,6)
Polygon:
(0,0)(38,0)(38,19)(24,19)(24,22)(15,22)(15,8)(0,8)
Polygon:
(0,0)(13,0)(13,1)(0,1)
Polygon:
(0,0)(39,0)(39,7)(31,7)(31,24)(18,24)(18,16)(0,16)
Polygon:
(0,0)(37,0)(37,27)(21,27)(21,31)(7,31)(7,18)(0,18)
Polygon:
(0,0)(27,0)(27,9)(22,9)(22,8)(7,8)(7,12)(0,12)
Polygon:
(0,0)(29,0)(29,16)(15,16)(15,22)(9,22)(9,4)(0,4)
Polygon:
(0,0)(37,0)(37,4)(29,4)(29,8)(15,8)(15,2)(0,2)
Polygon:
(0,0)(22,0)(22,26)(8,26)(8,29)(6,29)(6,15)(0,15)
Polygon:
(0,0)(46,0)(46,12)(31,12)(31,17)(13,17)(13,1)(0,1)
Polygon:
(0,0)(29,0)(29,20)(20,20)(20,16)(14,16)(14,17)(0,17)
Polygon:
(0,0)(16,0)(16,1)(0,1)
Polygon:
(0,0)(18,0)(18,14)(0,14)
Polygon:
(0,0)(38,0)(38,9)(27,9)(27,15)(14,15)(14,4)(0,4)
Polygon:
(0,0)(21,0)(21,13)(7,13)(7,23)(3,23)(3,8)(0,8)
Polygon:
(0,0)(6,0)(6,18)(0,18)
Polygon:
(0,0)(8,0)(8,16)(0,16)
Polygon:
(0,0)(29,0)(29,15)(28,15)(28,24)(13,24)(13,6)(0,6)
Polygon:
(0,0)(17,0)(17,6)(0,6)
Polygon:
(0,0)(4,0)(4,2)(0,2)
Polygon:
(0,0)(16,0)(16,18)(0,18)
Polygon:
(0,0)(40,0)(40,7)(26,7)(26,24)(12,24)(12,15)(0,15)
Polygon:
(0,0)(28,0)(28,33)(22,33)(22,15)(12,15)(12,16)(0,16)
Polygon:
(0,0)(18,0)(18,3)(0,3)
Polygon:
(0,0)(22,0)(22,9)(10,9)(10,3)(4,3)(4,6)(0,6)
Polygon:
(0,0)(42,0)(42,22)(33,22)(33,11)(15,11)(15,15)(0,15)
Polygon:
(0,0)(25,0)(25,13)(12,13)(12,27)(7,27)(7,12)(0,12)
Polygon:
(0,0)(36,0)(36,8)(20,8)(20,16)(3,16)(3,6)(0,6)
Polygon:
(0,0)(46,0)(46,2)(33,2)(33,10)(17,10)(17,5)(0,5)
Polygon:
(0,0)(36,0)(36,2)(22,2)(22,13)(15,13)(15,8)(0,8)
Polygon:
(0,0)(6,0)(6,8)(0,8)
Polygon:
(0,0)(6,0)(6,15)(0,15)
Polygon:
(0,0)(22,0)(22,9)(14,9)(14,22)(12,22)(12,6)(0,6)
Polygon:
(0,0)(18,0)(18,16)(7,16)(7,1)(5,1)(5,6)(0,6)
Polygon:
(0,0)(21,0)(21,8)(5,8)(5,2)(2,2)(2,16)(0,16)
Polygon:
(0,0)(29,0)(29,20)(18,20)(18,3)(9,3)(9,16)(0,16)
Polygon:
(0,0)(12,0)(12,16)(0,16)
Polygon:
(0,0)(36,0)(36,1)(18,1)(18,14)(17,14)(17,10)(0,10)
Polygon:
(0,0)(4,0)(4,2)(0,2)
Polygon:
(0,0)(16,0)(16,9)(14,9)(14,25)(7,25)(7,12)(0,12)
Polygon:
(0,0)(33,0)(33,21)(31,21)(31,9)(17,9)(17,12)(0,12)
Polygon:
(0,0)(31,0)(31,21)(24,21)(24,6)(13,6)(13,9)(0,9)
Polygon:
(0,0)(9,0)(9,17)(0,17)
Polygon:
(0,0)(24,0)(24,25)(20,25)(20,13)(6,13)(6,18)(0,18)
Polygon:
(0,0)(7,0)(7,13)(0,13)
Polygon:
(0,0)(16,0)(16,8)(0,8)
Polygon:
(0,0)(37,0)(37,12)(19,12)(19,5)(8,5)(8,11)(0,11)
Polygon:
(0,0)(15,0)(15,12)(0,12)
Polygon:
(0,0)(32,0)(32,1)(19,1)(19,14)(12,14)(12,10)(0,10)
Polygon:
(0,0)(21,0)(21,17)(20,17)(20,5)(7,5)(7,17)(0,17)
Polygon:
(0,0)(32,0)(32,16)(21,16)(21,27)(3,27)(3,13)(0,13)
Polygon:
(0,0)(51,0)(51,11)(33,11)(33,25)(18,25)(18,14)(0,14)
Polygon:
(0,0)(34,0)(34,10)(16,10)(16,23)(2,23)(2,18)(0,18)
Polygon:
(0,0)(45,0)(45,20)(29,20)(29,4)(16,4)(16,5)(0,5)
Polygon:
(0,0)(18,0)(18,2)(0,2)
Polygon:
(0,0)(21,0)(21,12)(19,12)(19,11)(6,11)(6,15)(0,15)
Polygon:
(0,0)(2,0)(2,6)(0,6)
Polygon:
(0,0)(10,0)(10,17)(0,17)
Polygon:
(0,0)(5,0)(5,1)(0,1)
Polygon:
(0,0)(18,0)(18,10)(0,10)
Polygon:
(0,0)(1,0)(1,3)(0,3)
Polygon:
(0,0)(46,0)(46,20)(34,20)(34,22)(18,22)(18,17)(0,17)
Polygon:
(0,0)(26,0)(26,8)(12,8)(12,10)(1,10)(1,3)(0,3)
Polygon:
(0,0)(25,0)(25,12)(22,12)(22,21)(5,21)(5,6)(0,6)
Polygon:
(0,0)(18,0)(18,12)(0,12)
Polygon:
(0,0)(15,0)(15,8)(0,8)
Polygon:
(0,0)(7,0)(7,13)(0,13)
Polygon:
(0,0)(5,0)(5,5)(3,5)(3,18)(1,18)(1,10)(0,10)
Polygon:
(0,0)(17,0)(17,5)(14,5)(14,1)(11,1)(11,5)(0,5)
Polygon:
(0,0)(38,0)(38,7)(27,7)(27,20)(10,20)(10,8)(0,8)
Polygon:
(0,0)(16,0)(16,2)(0,2)
Polygon:
(0,0)(1,0)(1,14)(0,14)
Polygon:
(0,0)(28,0)(28,11)(16,11)(16,7)(5,7)(5,17)(0,17)
Polygon:
(0,0)(35,0)(35,25)(21,25)(21,16)(5,16)(5,29)(0,29)
Polygon:
(0,0)(17,0)(17,6)(0,6)
Polygon:
(0,0)(6,0)(6,2)(0,2)
Polygon:
(0,0)(29,0)(29,9)(20,9)(20,18)(16,18)(16,16)(0,16)
Polygon:
(0,0)(8,0)(8,1)(0,1)
Polygon:
(0,0)(4,0)(4,2)(0,2)
Polygon:
(0,0)(2,0)(2,18)(0,18)
Polygon:
(0,0)(13,0)(13,12)(0,12)
Polygon:
(0,0)(17,0)(17,8)(0,8)
Polygon:
(0,0)(11,0)(11,2)(0,2)
Polygon:
(0,0)(19,0)(19,12)(12,12)(12,20)(1,20)(1,4)(0,4)
Polygon:
(0,0)(2,0)(2,2)(0,2)
Polygon:
(0,0)(13,0)(13,13)(0,13)
Polygon:
(0,0)(31,0)(31,10)(19,10)(19,15)(1,15)(1,3)(0,3)
Polygon:
(0,0)(9,0)(9,11)(0,11)
Polygon:
(0,0)(13,0)(13,12)(0,12)
Polygon:
(0,0)(15,0)(15,4)(0,4)
Polygon:
(0,0)(8,0)(8,2)(0,2)
Polygon:
(0,0)(14,0)(14,11)(0,11)
Polygon:
(0,0)(13,0)(13,8)(0,8)
Polygon:
(0,0)(9,0)(9,12)(0,12)
Polygon:
(0,0)(33,0)(33,14)(31,14)(31,1)(18,1)(18,17)(0,17)
Polygon:
(0,0)(17,0)(17,8)(10,8)(10,6)(9,6)(9,18)(0,18)
Polygon:
(0,0)(14,0)(14,11)(0,11)
Polygon:
(0,0)(32,0)(32,15)(25,15)(25,30)(13,30)(13,18)(0,18)
Polygon:
(0,0)(1,0)(1,2)(0,2)
Polygon:
(0,0)(7,0)(7,12)(0,12)
Polygon:
(0,0)(27,0)(27,30)(22,30)(22,12)(15,12)(15,13)(0,13)
Polygon:
(0,0)(18,0)(18,3)(0,3)
Polygon:
(0,0)(16,0)(16,24)(2,24)(2,36)(1,36)(1,18)(0,18)
Polygon:
(0,0)(13,0)(13,3)(0,3)
Polygon:
(0,0)(15,0)(15,8)(0,8)
Polygon:
(0,0)(32,0)(32,23)(16,23)(16,26)(7,26)(7,11)(0,11)
Polygon:
(0,0)(23,0)(23,17)(6,17)(6,25)(1,25)(1,13)(0,13)
Polygon:
(0,0)(32,0)(32,8)(14,8)(14,14)(12,14)(12,10)(0,10)
Polygon:
(0,0)(17,0)(17,3)(0,3)
Polygon:
(0,0)(31,0)(31,7)(23,7)(23,16)(6,16)(6,14)(0,14)
Polygon:
(0,0)(9,0)(9,8)(0,8)
Polygon:
(0,0)(4,0)(4,7)(0,7)
Polygon:
(0,0)(29,0)(29,31)(24,31)(24,34)(13,34)(13,17)(0,17)
Polygon:
(0,0)(33,0)(33,5)(27,5)(27,8)(12,8)(12,2)(0,2)
Polygon:
(0,0)(14,0)(14,12)(6,12)(6,17)(4,17)(4,9)(0,9)
Polygon:
(0,0)(3,0)(3,16)(0,16)
Polygon:
(0,0)(25,0)(25,16)(22,16)(22,7)(16,7)(16,9)(0,9)
Polygon:
(0,0)(4,0)(4,8)(0,8)
Polygon:
(0,0)(42,0)(42,3)(25,3)(25,20)(16,20)(16,8)(0,8)
Polygon:
(0,0)(40,0)(40,24)(28,24)(28,9)(11,9)(11,17)(0,17)
Polygon:
(0,0)(4,0)(4,5)(0,5)
Polygon:
(0,0)(32,0)(32,4)(24,4)(24,13)(12,13)(12,4)(0,4)
Polygon:
(0,0)(31,0)(31,10)(14,10)(14,16)(4,16)(4,8)(0,8)
Polygon:
(0,0)(3,0)(3,18)(0,18)
Polygon:
(0,0)(6,0)(6,12)(0,12)
Polygon:
(0,0)(45,0)(45,5)(32,5)(32,4)(16,4)(16,8)(0,8)
Polygon:
(0,0)(7,0)(7,18)(0,18)
Polygon:
(0,0)(13,0)(13,9)(0,9)
Polygon:
(0,0)(4,0)(4,2)(0,2)
Polygon:
(0,0)(18,0)(18,16)(0,16)
Polygon:
(0,0)(14,0)(14,14)(0,14)
Polygon:
(0,0)(33,0)(33,12)(22,12)(22,21)(12,21)(12,11)(0,11)
Polygon:
(0,0)(12,0)(12,9)(0,9)
Polygon:
(0,0)(23,0)(23,22)(19,22)(19,12)(16,12)(16,14)(0,14)
Polygon:
(0,0)(5,0)(5,12)(0,12)
Polygon:
(0,0)(11,0)(11,2)(0,2)
Polygon:
(0,0)(16,0)(16,18)(0,18)
Polygon:
(0,0)(7,0)(7,16)(0,16)
Polygon:
(0,0)(17,0)(17,20)(6,20)(6,6)(3,6)(3,7)(0,7)
Polygon:
(0,0)(9,0)(9,15)(0,15)
Polygon:
(0,0)(16,0)(16,3)(14,3)(14,5)(13,5)(13,1)(0,1)
Polygon:
(0,0)(27,0)(27,20)(11,20)(11,23)(6,23)(6,7)(0,7)
Polygon:
(0,0)(38,0)(38,11)(24,11)(24,24)(14,24)(14,17)(0,17)
Polygon:
(0,0)(1,0)(1,10)(0,10)
Polygon:
(0,0)(33,0)(33,11)(18,11)(18,14)(2,14)(2,6)(0,6)
Polygon:
(0,0)(11,0)(11,11)(0,11)
Polygon:
(0,0)(20,0)(20,14)(16,14)(16,21)(8,21)(8,16)(0,16)
Polygon:
(0,0)(24,0)(24,15)(22,15)(22,16)(4,16)(4,13)(0,13)
Polygon:
(0,0)(43,0)(43,7)(32,7)(32,23)(16,23)(16,14)(0,14)
Polygon:
(0,0)(7,0)(7,8)(0,8)
Polygon:
(0,0)(8,0)(8,3)(0,3)
Polygon:
(0,0)(17,0)(17,13)(0,13)
Polygon:
(0,0)(10,0)(10,14)(0,14)
Polygon:
(0,0)(35,0)(35,8)(18,8)(18,18)(7,18)(7,17)(0,17)
Polygon:
(0,0)(12,0)(12,17)(0,17)
Polygon:
(0,0)(8,0)(8,17)(0,17)
Polygon:
(0,0)(38,0)(38,20)(21,20)(21,14)(14,14)(14,15)(0,15)
Polygon:
(0,0)(11,0)(11,12)(0,12)
Polygon:
(0,0)(7,0)(7,9)(0,9)
Polygon:
(0,0)(7,0)(7,18)(0,18)
Polygon:
(0,0)(43,0)(43,9)(26,9)(26,13)(15,13)(15,5)(0,5)
Polygon:
(0,0)(5,0)(5,7)(0,7)
Polygon:
(0,0)(19,0)(19,24)(4,24)(4,29)(2,29)(2,18)(0,18)
Polygon:
(0,0)(9,0)(9,4)(0,4)
Polygon:
(0,0)(40,0)(40,25)(22,25)(22,29)(13,29)(13,17)(0,17)
Polygon:
(0,0)(34,0)(34,8)(26,8)(26,14)(8,14)(8,4)(0,4)
Polygon:
(0,0)(3,0)(3,17)(0,17)
Polygon:
(0,0)(14,0)(14,11)(0,11)
Polygon:
(0,0)(10,0)(10,9)(0,9)
Polygon:
(0,0)(3,0)(3,12)(0,12)
Polygon:
(0,0)(31,0)(31,9)(20,9)(20,19)(4,19)(4,9)(0,9)
Polygon:
(0,0)(17,0)(17,7)(0,7)
Polygon:
(0,0)(5,0)(5,8)(0,8)
Polygon:
(0,0)(12,0)(12,15)(0,15)
Polygon:
(0,0)(2,0)(2,2)(0,2)
Polygon:
(0,0)(17,0)(17,10)(0,10)
Polygon:
(0,0)(41,0)(41,15)(34,15)(34,20)(18,20)(18,10)(0,10)
Polygon:
(0,0)(13,0)(13,10)(0,10)
Polygon:
(0,0)(4,0)(4,17)(0,17)
Polygon:
(0,0)(18,0)(18,31)(9,31)(9,13)(5,13)(5,16)(0,16)
Polygon:
(0,0)(18,0)(18,11)(0,11)
Polygon:
(0,0)(28,0)(28,26)(18,26)(18,29)(10,29)(10,11)(0,11)
Polygon:
(0,0)(15,0)(15,17)(0,17)
Polygon:
(0,0)(31,0)(31,10)(16,10)(16,9)(14,9)(14,11)(0,11)
Polygon:
(0,0)(35,0)(35,8)(24,8)(24,1)(14,1)(14,2)(0,2)
Polygon:
(0,0)(9,0)(9,9)(0,9)
Polygon:
(0,0)(7,0)(7,17)(0,17)
Polygon:
(0,0)(8,0)(8,15)(4,15)(4,14)(3,14)(3,15)(0,15)
Polygon:
(0,0)(25,0)(25,7)(18,7)(18,19)(9,19)(9,10)(0,10)
Polygon:
(0,0)(2,0)(2,3)(0,3)
Polygon:
(0,0)(17,0)(17,3)(0,3)
Polygon:
(0,0)(5,0)(5,18)(0,18)
Polygon:
(0,0)(6,0)(6,17)(0,17)
Polygon:
(0,0)(33,0)(33,16)(26,16)(26,21)(9,21)(9,4)(0,4)
Polygon:
(0,0)(10,0)(10,14)(0,14)
Polygon:
(0,0)(16,0)(16,17)(0,17)
Polygon:
(0,0)(4,0)(4,8)(0,8)
Polygon:
(0,0)(5,0)(5,18)(0,18)
Polygon:
(0,0)(4,0)(4,2)(0,2)
Polygon:
(0,0)(14,0)(14,7)(0,7)
Polygon:
(0,0)(18,0)(18,1)(0,1)
Polygon:
(0,0)(17,0)(17,14)(5,14)(5,21)(1,21)(1,3)(0,3)
Polygon:
(0,0)(16,0)(16,16)(0,16)
Polygon:
(0,0)(41,0)(41,19)(26,19)(26,3)(15,3)(15,8)(0,8)
Polygon:
(0,0)(50,0)(50,5)(33,5)(33,16)(16,16)(16,9)(0,9)
Polygon:
(0,0)(10,0)(10,16)(0,16)
Polygon:
(0,0)(32,0)(32,16)(26,16)(26,17)(9,17)(9,4)(0,4)
Polygon:
(0,0)(31,0)(31,23)(24,23)(24,29)(14,29)(14,13)(0,13)
Polygon:
(0,0)(17,0)(17,18)(0,18)
Polygon:
(0,0)(6,0)(6,16)(0,16)
Polygon:
(0,0)(11,0)(11,11)(0,11)
Polygon:
(0,0)(34,0)(34,22)(23,22)(23,28)(15,28)(15,12)(0,12)
Polygon:
(0,0)(35,0)(35,9)(18,9)(18,22)(10,22)(10,17)(0,17)
Polygon:
(0,0)(8,0)(8,15)(0,15)
Polygon:
(0,0)(14,0)(14,4)(0,4)
Polygon:
(0,0)(9,0)(9,12)(0,12)
Polygon:
(0,0)(18,0)(18,18)(14,18)(14,11)(7,11)(7,12)(0,12)
Polygon:
(0,0)(8,0)(8,16)(0,16)
Polygon:
(0,0)(16,0)(16,13)(0,13)
Polygon:
(0,0)(17,0)(17,19)(2,19)(2,10)(1,10)(1,16)(0,16)
Polygon:
(0,0)(5,0)(5,9)(0,9)
Polygon:
(0,0)(17,0)(17,4)(0,4)
Polygon:
(0,0)(1,0)(1,17)(0,17)
Polygon:
(0,0)(9,0)(9,7)(0,7)
Polygon:
(0,0)(27,0)(27,26)(22,26)(22,33)(15,33)(15,16)(0,16)
Polygon:
(0,0)(5,0)(5,9)(0,9)
Polygon:
(0,0)(9,0)(9,7)(0,7)
Polygon:
(0,0)(15,0)(15,7)(0,7)
Polygon:
(0,0)(34,0)(34,19)(19,19)(19,11)(5,11)(5,18)(0,18)
Polygon:
(0,0)(12,0)(12,18)(7,18)(7,3)(2,3)(2,4)(0,4)
Polygon:
(0,0)(34,0)(34,1)(25,1)(25,15)(18,15)(18,13)(0,13)
Polygon:
(0,0)(17,0)(17,15)(15,15)(15,32)(9,32)(9,14)(0,14)
Polygon:
(0,0)(6,0)(6,12)(0,12)
Polygon:
(0,0)(20,0)(20,23)(2,23)(2,34)(1,34)(1,17)(0,17)
