Polygon:
(0,0)(7,0)(7,9)(0,9)
Polygon:
(0,0)(25,0)(25,7)(15,7)(15,19)(14,19)(14,18)(0,18)
Polygon:
(0,0)(8,0)(8,10)(0,10)
Polygon:
(0,0)(13,0)(13,7)(0,7)
Polygon:
(0,0)(8,0)(8,11)(0,11)
Polygon:
(0,0)(27,0)(27,17)(19,17)(19,18)(6,18)(6,7)(0,7)
Polygon:
(0,0)(6,0)(6,9)(0,9)
Polygon:
(0,0)(1,0)(1,14)(0,14)
Polygon:
(0,0)(6,0)(6,2)(0,2)
Polygon:
(0,0)(38,0)(38,13)(21,13)(21,22)(11,22)(11,6)(0,6)
Polygon:
(0,0)(42,0)(42,9)(29,9)(29,16)(17,16)(17,15)(0,15)
Polygon:
(0,0)(25,0)(25,10)(12,10)(12,22)(9,22)(9,12)(0,12)
Polygon:
(0,0)(4,0)(4,11)(0,11)
Polygon:
(0,0)(33,0)(33,19)(19,19)(19,8)(14,8)(14,14)(0,14)
Polygon:
(0,0)(15,0)(15,5)(0,5)
Polygon:
(0,0)(16,0)(16,7)(12,7)(12,5)(7,5)(7,15)(0,15)
Polygon:
(0,0)(38,0)(38,10)(20,10)(20,21)(4,21)(4,3)(0,3)
Polygon:
(0,0)(12,0)(12,17)(0,17)
Polygon:
(0,0)(37,0)(37,11)(30,11)(30,24)(16,24)(16,8)(0,8)
Polygon:
(0,0)(8,0)(8,15)(0,15)
Polygon:
(0,0)(39,0)(39,6)(21,6)(21,15)(18,15)(18,1)(0,1)
Polygon:
(0,0)(23,0)(23,9)(16,9)(16,15)(8,15)(8,11)(0,11)
Polygon:
(0,0)(33,0)(33,25)(15,25)(15,27)(11,27)(11,12)(0,12)
Polygon:
(0,0)(14,0)(14,6)(0,6)
Polygon:
(0,0)(14,0)(14,13)(0,13)
Polygon:
(0,0)(34,0)(34,25)(28,25)(28,26)(13,26)(13,9)(0,9)
Polygon:
(0,0)(2,0)(2,17)(0,17)
Polygon:
(0,0)(5,0)(5,1)(0,1)
Polygon:
(0,0)(12,0)(12,4)(0,4)
Polygon:
(0,0)(21,0)(21,15)(10,15)(10,18)(2,18)(2,14)(0,14)
Polygon:
(0,0)(24,0)(24,27)(16,27)(16,10)(12,10)(12,28)(0,28)
Polygon:
(0,0)(7,0)(7,13)(0,13)
Polygon:
(0,0)(13,0)(13,3)(0,3)
Polygon:
(0,0)(45,0)(45,11)(27,11)(27,24)(16,24)(16,6)(0,6)
Polygon:
(0,0)(21,0)(21,5)(20,5)(20,3)(13,3)(13,10)(0,10)
Polygon:
(0,0)(28,0)(28,22)(18,22)(18,10)(13,10)(13,14)(0,14)
Polygon:
(0,0)(2,0)(2,8)(0,8)
Polygon:
(0,0)(24,0)(24,23)(17,23)(17,8)(8,8)(8,14)(0,14)
Polygon:
(0,0)(17,0)(17,1)(0,1)
Polygon:
(0,0)(17,0)(17,12)(0,12)
Polygon:
(0,0)(14,0)(14,3)(0,3)
Polygon:
(0,0)(26,0)(26,8)(17,8)(17,12)(8,12)(8,7)(0,7)
Polygon:
(0,0)(14,0)(14,9)(0,9)
Polygon:
(0,0)(32,0)(32,4)(21,4)(21,1)(3,1)(3,7)(0,7)
Polygon:
(0,0)(27,0)(27,24)(12,24)(12,6)(10,6)(10,10)(0,10)
Polygon:
(0,0)(31,0)(31,21)(27,21)(27,27)(15,27)(15,18)(0,18)
Polygon:
(0,0)(18,0)(18,16)(0,16)
Polygon:
(0,0)(6,0)(6,8)(0,8)
Polygon:
(0,0)(12,0)(12,15)(0,15)
Polygon:
(0,0)(15,0)(15,16)(0,16)
Polygon:
(0,0)(18,0)(18,16)(17,16)(17,32)(2,32)(2,17)(0,17)
Polygon:
(0,0)(4,0)(4,16)(0,16)
Polygon:
(0,0)(43,0)(43,28)(29,28)(29,17)(16,17)(16,18)(0,18)
Polygon:
(0,0)(36,0)(36,18)(25,18)(25,7)(9,7)(9,11)(0,11)
Polygon:
(0,0)(42,0)(42,10)(24,10)(24,16)(9,16)(9,7)(0,7)
Polygon:
(0,0)(16,0)(16,1)(0,1)
Polygon:
(0,0)(6,0)(6,18)(0,18)
Polygon:
(0,0)(4,0)(4,2)(0,2)
Polygon:
(0,0)(14,0)(14,16)(13,16)(13,21)(12,21)(12,16)(0,16)
Polygon:
(0,0)(17,0)(17,18)(0,18)
Polygon:
(0,0)(17,0)(17,4)(0,4)
Polygon:
(0,0)(17,0)(17,8)(12,8)(12,4)(3,4)(3,12)(0,12)
Polygon:
(0,0)(6,0)(6,16)(0,16)
Polygon:
(0,0)(3,0)(3,18)(0,18)
Polygon:
(0,0)(18,0)(18,12)(0,12)
Polygon:
(0,0)(3,0)(3,12)(0,12)
Polygon:
(0,0)(34,0)(34,19)(22,19)(22,15)(18,15)(18,18)(0,18)
Polygon:
(0,0)(23,0)(23,6)(11,6)(11,20)(7,20)(7,7)(0,7)
Polygon:
(0,0)(34,0)(34,20)(18,20)(18,6)(9,6)(9,11)(0,11)
Polygon:
(0,0)(16,0)(16,7)(0,7)
Polygon:
(0,0)(30,0)(30,14)(25,14)(25,1)(17,1)(17,4)(0,4)
Polygon:
(0,0)(39,0)(39,18)(21,18)(21,3)(17,3)(17,4)(0,4)
Polygon:
(0,0)(38,0)(38,14)(24,14)(24,27)(6,27)(6,18)(0,18)
Polygon:
(0,0)(11,0)(11,17)(0,17)
Polygon:
(0,0)(24,0)(24,12)(11,12)(11,20)(6,20)(6,10)(0,10)
Polygon:
(0,0)(14,0)(14,18)(6,18)(6,24)(2,24)(2,14)(0,14)
Polygon:
(0,0)(33,0)(33,18)(25,18)(25,17)(8,17)(8,32)(0,32)
Polygon:
(0,0)(21,0)(21,28)(16,28)(16,12)(7,12)(7,18)(0,18)
Polygon:
(0,0)(10,0)(10,7)(0,7)
Polygon:
(0,0)(1,0)(1,16)(0,16)
Polygon:
(0,0)(5,0)(5,8)(0,8)
Polygon:
(0,0)(38,0)(38,11)(20,11)(20,8)(7,8)(7,10)(0,10)
Polygon:
(0,0)(14,0)(14,10)(6,10)(6,3)(1,3)(1,14)(0,14)
Polygon:
(0,0)(11,0)(11,14)(0,14)
Polygon:
(0,0)(9,0)(9,2)(0,2)
Polygon:
(0,0)(26,0)(26,16)(24,16)(24,20)(17,20)(17,4)(0,4)
Polygon:
(0,0)(14,0)(14,11)(0,11)
Polygon:
(0,0)(18,0)(18,10)(0,10)
Polygon:
(0,0)(41,0)(41,19)(29,19)(29,5)(15,5)(15,17)(0,17)
Polygon:
(0,0)(32,0)(32,22)(26,22)(26,11)(8,11)(8,18)(0,18)
Polygon:
(0,0)(6,0)(6,2)(0,2)
Polygon:
(0,0)(14,0)(14,12)(0,12)
Polygon:
(0,0)(6,0)(6,8)(0,8)
Polygon:
(0,0)(2,0)(2,7)(0,7)
Polygon:
(0,0)(21,0)(21,14)(18,14)(18,2)(5,2)(5,9)(0,9)
Polygon:
(0,0)(26,0)(26,24)(11,24)(11,25)(4,25)(4,11)(0,11)
Polygon:
(0,0)(5,0)(5,6)(0,6)
Polygon:
(0,0)(5,0)(5,6)(0,6)
Polygon:
(0,0)(5,0)(5,2)(0,2)
Polygon:
(0,0)(28,0)(28,6)(12,6)(12,21)(7,21)(7,15)(0,15)
Polygon:
(0,0)(40,0)(40,19)(26,19)(26,2)(14,2)(14,14)(0,14)
Polygon:
(0,0)(3,0)(3,14)(0,14)
Polygon:
(0,0)(40,0)(40,15)(23,15)(23,22)(16,22)(16,18)(0,18)
Polygon:
(0,0)(2,0)(2,7)(0,7)
Polygon:
(0,0)(14,0)(14,15)(0,15)
Polygon:
(0,0)(18,0)(18,2)(0,2)
Polygon:
(0,0)(18,0)(18,13)(7,13)(7,27)(6,27)(6,16)(0,16)
Polygon:
(0,0)(32,0)(32,22)(20,22)(20,24)(3,24)(3,8)(0,8)
Polygon:
(0,0)(16,0)(16,2)(0,2)
Polygon:
(0,0)(18,0)(18,5)(0,5)
Polygon:
(0,0)(18,0)(18,11)(8,11)(8,6)(2,6)(2,12)(0,12)
Polygon:
(0,0)(25,0)(25,3)(24,3)(24,20)(10,20)(10,13)(0,13)
Polygon:
(0,0)(15,0)(15,9)(0,9)
Polygon:
(0,0)(8,0)(8,4)(0,4)
Polygon:
(0,0)(2,0)(2,9)(0,9)
Polygon:
(0,0)(6,0)(6,12)(0,12)
Polygon:
(0,0)(15,0)(15,15)(0,15)
Polygon:
(0,0)(21,0)(21,10)(8,10)(8,18)(3,18)(3,4)(0,4)
Polygon:
(0,0)(34,0)(34,3)(18,3)(18,21)(13,21)(13,8)(0,8)
Polygon:
(0,0)(2,0)(2,1)(0,1)
Polygon:
(0,0)(1,0)(1,7)(0,7)
Polygon:
(0,0)(7,0)(7,8)(0,8)
Polygon:
(0,0)(9,0)(9,7)(0,7)
Polygon:
(0,0)(32,0)(32,11)(22,11)(22,9)(12,9)(12,15)(0,15)
Polygon:
(0,0)(33,0)(33,18)(24,18)(24,3)(6,3)(6,10)(0,10)
Polygon:
(0,0)(12,0)(12,4)(0,4)
Polygon:
(0,0)(4,0)(4,15)(0,15)
Polygon:
(0,0)(18,0)(18,18)(0,18)
Polygon:
(0,0)(16,0)(16,12)(0,12)
Polygon:
(0,0)(32,0)(32,16)(16,16)(16,4)(2,4)(2,16)(0,16)
Polygon:
(0,0)(22,0)(22,27)(18,27)(18,18)(9,18)(9,30)(0,30)
Polygon:
(0,0)(51,0)(51,10)(33,10)(33,18)(15,18)(15,5)(0,5)
Polygon:
(0,0)(16,0)(16,7)(0,7)
Polygon:
(0,0)(5,0)(5,5)(0,5)
Polygon:
(0,0)(3,0)(3,12)(0,12)
Polygon:
(0,0)(23,0)(23,16)(8,16)(8,3)(7,3)(7,12)(0,12)
Polygon:
(0,0)(29,0)(29,25)(12,25)(12,7)(3,7)(3,18)(0,18)
Polygon:
(0,0)(16,0)(16,5)(0,5)
Polygon:
(0,0)(28,0)(28,15)(17,15)(17,19)(6,19)(6,4)(0,4)
Polygon:
(0,0)(13,0)(13,5)(0,5)
Polygon:
(0,0)(32,0)(32,21)(15,21)(15,4)(14,4)(14,13)(0,13)
Polygon:
(0,0)(6,0)(6,11)(0,11)
Polygon:
(0,0)(4,0)(4,17)(0,17)
Polygon:
(0,0)(18,0)(18,30)(16,30)(16,32)(1,32)(1,15)(0,15)
Polygon:
(0,0)(12,0)(12,2)(0,2)
Polygon:
(0,0)(26,0)(26,6)(18,6)(18,18)(9,18)(9,13)(0,13)
Polygon:
(0,0)(15,0)(15,3)(8,3)(8,9)(5,9)(5,4)(0,4)
Polygon:
(0,0)(17,0)(17,26)(12,26)(12,13)(2,13)(2,18)(0,18)
Polygon:
(0,0)(28,0)(28,25)(27,25)(27,27)(11,27)(11,12)(0,12)
Polygon:
(0,0)(9,0)(9,1)(0,1)
Polygon:
(0,0)(10,0)(10,1)(0,1)
Polygon:
(0,0)(6,0)(6,18)(0,18)
Polygon:
(0,0)(33,0)(33,6)(15,6)(15,10)(13,10)(13,2)(0,2)
Polygon:
(0,0)(8,0)(8,17)(0,17)
Polygon:
(0,0)(31,0)(31,24)(25,24)(25,14)(8,14)(8,16)(0,16)
Polygon:
(0,0)(27,0)(27,15)(19,15)(19,4)(17,4)(17,17)(0,17)
Polygon:
(0,0)(27,0)(27,14)(19,14)(19,7)(18,7)(18,17)(0,17)
Polygon:
(0,0)(7,0)(7,6)(0,6)
Polygon:
(0,0)(5,0)(5,5)(0,5)
Polygon:
(0,0)(25,0)(25,9)(8,9)(8,18)(4,18)(4,3)(0,3)
Polygon:
(0,0)(14,0)(14,15)(0,15)
Polygon:
(0,0)(18,0)(18,16)(0,16)
Polygon:
(0,0)(20,0)(20,17)(17,17)(17,14)(5,14)(5,17)(0,17)
Polygon:
(0,0)(16,0)(16,17)(0,17)
Polygon:
(0,0)(28,0)(28,14)(16,14)(16,15)(5,15)(5,6)(0,6)
Polygon:
(0,0)(10,0)(10,9)(0,9)
Polygon:
(0,0)(13,0)(13,12)(0,12)
Polygon:
(0,0)(10,0)(10,9)(0,9)
Polygon:
(0,0)(20,0)(20,3)(16,3)(16,18)(5,18)(5,14)(0,14)
Polygon:
(0,0)(8,0)(8,11)(0,11)
Polygon:
(0,0)(3,0)(3,11)(0,11)
Polygon:
(0,0)(27,0)(27,13)(15,13)(15,20)(12,20)(12,11)(0,11)
Polygon:
(0,0)(15,0)(15,1)(0,1)
Polygon:
(0,0)(20,0)(20,19)(17,19)(17,12)(13,12)(13,15)(0,15)
Polygon:
(0,0)(7,0)(7,7)(0,7)
Polygon:
(0,0)(18,0)(18,8)(0,8)
Polygon:
(0,0)(34,0)(34,7)(23,7)(23,11)(12,11)(12,9)(0,9)
Polygon:
(0,0)(9,0)(9,3)(0,3)
Polygon:
(0,0)(33,0)(33,3)(19,3)(19,1)(18,1)(18,5)(0,5)
Polygon:
(0,0)(1,0)(1,4)(0,4)
Polygon:
(0,0)(23,0)(23,5)(20,5)(20,9)(5,9)(5,1)(0,1)
Polygon:
(0,0)(25,0)(25,22)(20,22)(20,9)(13,9)(13,10)(0,10)
Polygon:
(0,0)(28,0)(28,7)(18,7)(18,16)(6,16)(6,6)(0,6)
Polygon:
(0,0)(28,0)(28,17)(26,17)(26,11)(18,11)(18,18)(0,18)
Polygon:
(0,0)(20,0)(20,25)(16,25)(16,8)(15,8)(15,14)(0,14)
Polygon:
(0,0)(16,0)(16,7)(0,7)
Polygon:
(0,0)(32,0)(32,7)(28,7)(28,18)(15,18)(15,13)(0,13)
Polygon:
(0,0)(13,0)(13,12)(0,12)
Polygon:
(0,0)(11,0)(11,18)(0,18)
Polygon:
(0,0)(26,0)(26,8)(23,8)(23,16)(13,16)(13,1)(0,1)
Polygon:
(0,0)(6,0)(6,13)(0,13)
Polygon:
(0,0)(6,0)(6,1)(0,1)
Polygon:
(0,0)(7,0)(7,9)(0,9)
Polygon:
(0,0)(7,0)(7,2)(0,2)
Polygon:
(0,0)(12,0)(12,4)(6,4)(6,16)(1,16)(1,5)(0,5)
Polygon:
(0,0)(35,0)(35,24)(27,24)(27,8)(17,8)(17,11)(0,11)
Polygon:
(0,0)(6,0)(6,16)(0,16)
Polygon:
(0,0)(16,0)(16,12)(0,12)
Polygon:
(0,0)(11,0)(11,2)(0,2)
Polygon:
(0,0)(14,0)(14,18)(0,18)
Polygon:
(0,0)(34,0)(34,8)(16,8)(16,24)(2,24)(2,17)(0,17)
Polygon:
(0,0)(22,0)(22,14)(17,14)(17,4)(16,4)(16,9)(0,9)
Polygon:
(0,0)(5,0)(5,1)(0,1)
Polygon:
(0,0)(19,0)(19,8)(13,8)(13,13)(10,13)(10,12)(0,12)
Polygon:
(0,0)(13,0)(13,12)(0,12)
Polygon:
(0,0)(24,0)(24,22)(19,22)(19,5)(8,5)(8,12)(0,12)
Polygon:
(0,0)(7,0)(7,1)(4,1)(4,12)(3,12)(3,9)(0,9)
Polygon:
(0,0)(10,0)(10,16)(0,16)
Polygon:
(0,0)(3,0)(3,17)(0,17)
Polygon:
(0,0)(6,0)(6,3)(0,3)
Polygon:
(0,0)(7,0)(7,11)(0,11)
Polygon:
(0,0)(24,0)(24,9)(18,9)(18,18)(1,18)(1,17)(0,17)
Polygon:
(0,0)(24,0)(24,12)(23,12)(23,19)(9,19)(9,5)(0,5)
Polygon:
(0,0)(10,0)(10,10)(0,10)
Polygon:
(0,0)(11,0)(11,16)(0,16)
Polygon:
(0,0)(14,0)(14,1)(0,1)
Polygon:
(0,0)(6,0)(6,5)(0,5)
Polygon:
(0,0)(5,0)(5,2)(0,2)
Polygon:
(0,0)(23,0)(23,5)(9,5)(9,14)(6,14)(6,5)(0,5)
Polygon:
(0,0)(8,0)(8,5)(0,5)
Polygon:
(0,0)(32,0)(32,8)(17,8)(17,19)(9,19)(9,4)(0,4)
Polygon:
(0,0)(8,0)(8,13)(7,13)(7,1)(4,1)(4,10)(0,10)
Polygon:
(0,0)(31,0)(31,9)(16,9)(16,19)(14,19)(14,8)(0,8)
Polygon:
(0,0)(18,0)(18,19)(11,19)(11,26)(10,26)(10,9)(0,9)
Polygon:
(0,0)(10,0)(10,7)(0,7)
Polygon:
(0,0)(12,0)(12,16)(0,16)
Polygon:
(0,0)(23,0)(23,13)(21,13)(21,19)(6,19)(6,6)(0,6)
Polygon:
(0,0)(3,0)(3,14)(0,14)
Polygon:
(0,0)(4,0)(4,14)(0,14)
Polygon:
(0,0)(21,0)(21,15)(19,15)(19,3)(18,3)(18,16)(0,16)
Polygon:
(0,0)(14,0)(14,10)(8,10)(8,23)(6,23)(6,14)(0,14)
Polygon:
(0,0)(10,0)(10,10)(0,10)
Polygon:
(0,0)(21,0)(21,2)(11,2)(11,15)(10,15)(10,7)(0,7)
Polygon:
(0,0)(8,0)(8,11)(0,11)
Polygon:
(0,0)(21,0)(21,15)(19,15)(19,18)(17,18)(17,2)(0,2)
Polygon:
(0,0)(2,0)(2,11)(0,11)
Polygon:
(0,0)(42,0)(42,3)(25,3)(25,12)(13,12)(13,4)(0,4)
Polygon:
(0,0)(28,0)(28,8)(21,8)(21,21)(7,21)(7,18)(0,18)
Polygon:
(0,0)(24,0)(24,6)(17,6)(17,19)(1,19)(1,4)(0,4)
Polygon:
(0,0)(28,0)(28,7)(13,7)(13,19)(1,19)(1,14)(0,14)
Polygon:
(0,0)(15,0)(15,16)(0,16)
Polygon:
(0,0)(33,0)(33,9)(16,9)(16,19)(3,19)(3,11)(0,11)
Polygon:
(0,0)(6,0)(6,17)(0,17)
Polygon:
(0,0)(11,0)(11,21)(9,21)(9,24)(4,24)(4,11)(0,11)
Polygon:
(0,0)(6,0)(6,12)(0,12)
Polygon:
(0,0)(26,0)(26,12)(23,12)(23,20)(10,20)(10,14)(0,14)
Polygon:
(0,0)(24,0)(24,15)(7,15)(7,6)(6,6)(6,17)(0,17)
Polygon:
(0,0)(9,0)(9,8)(0,8)
Polygon:
(0,0)(9,0)(9,10)(0,10)
Polygon:
(0,0)(33,0)(33,8)(19,8)(19,10)(12,10)(12,3)(0,3)
Polygon:
(0,0)(6,0)(6,5)(0,5)
Polygon:
(0,0)(24,0)(24,3)(17,3)(17,1)(16,1)(16,8)(0,8)
Polygon:
(0,0)(31,0)(31,22)(13,22)(13,17)(11,17)(11,18)(0,18)
Polygon:
(0,0)(23,0)(23,15)(19,15)(19,9)(6,9)(6,20)(0,20)
Polygon:
(0,0)(31,0)(31,16)(24,16)(24,20)(10,20)(10,3)(0,3)
Polygon:
(0,0)(43,0)(43,28)(29,28)(29,29)(13,29)(13,18)(0,18)
Polygon:
(0,0)(29,0)(29,18)(14,18)(14,15)(5,15)(5,18)(0,18)
Polygon:
(0,0)(18,0)(18,2)(0,2)
Polygon:
(0,0)(9,0)(9,3)(0,3)
Polygon:
(0,0)(17,0)(17,6)(0,6)
Polygon:
(0,0)(13,0)(13,12)(0,12)
Polygon:
(0,0)(2,0)(2,12)(0,12)
Polygon:
(0,0)(23,0)(23,11)(14,11)(14,24)(2,24)(2,18)(0,18)
Polygon:
(0,0)(9,0)(9,14)(0,14)
Polygon:
(0,0)(11,0)(11,12)(0,12)
Polygon:
(0,0)(16,0)(16,27)(8,27)(8,9)(4,9)(4,15)(0,15)
Polygon:
(0,0)(15,0)(15,8)(0,8)
Polygon:
(0,0)(6,0)(6,3)(0,3)
Polygon:
(0,0)(27,0)(27,16)(17,16)(17,3)(15,3)(15,13)(0,13)
Polygon:
(0,0)(10,0)(10,7)(0,7)
Polygon:
(0,0)(18,0)(18,21)(16,21)(16,29)(4,29)(4,16)(0,16)
Polygon:
(0,0)(42,0)(42,4)(30,4)(30,18)(15,18)(15,6)(0,6)
Polygon:
(0,0)(27,0)(27,24)(18,24)(18,28)(14,28)(14,12)(0,12)
Polygon:
(0,0)(12,0)(12,18)(0,18)
Polygon:
(0,0)(12,0)(12,13)(0,13)
Polygon:
(0,0)(11,0)(11,4)(0,4)
Polygon:
(0,0)(1,0)(1,16)(0,16)
Polygon:
(0,0)(33,0)(33,28)(20,28)(20,31)(5,31)(5,13)(0,13)
Polygon:
(0,0)(12,0)(12,15)(0,15)
Polygon:
(0,0)(29,0)(29,25)(13,25)(13,32)(7,32)(7,18)(0,18)
Polygon:
(0,0)(7,0)(7,7)(0,7)
Polygon:
(0,0)(18,0)(18,10)(0,10)
Polygon:
(0,0)(11,0)(11,16)(8,16)(8,27)(7,27)(7,10)(0,10)
Polygon:
(0,0)(31,0)(31,10)(17,10)(17,3)(5,3)(5,11)(0,11)
Polygon:
(0,0)(10,0)(10,18)(0,18)
Polygon:
(0,0)(40,0)(40,22)(24,22)(24,14)(6,14)(6,18)(0,18)
Polygon:
(0,0)(14,0)(14,11)(0,11)
Polygon:
(0,0)(23,0)(23,19)(22,19)(22,1)(16,1)(16,3)(0,3)
Polygon:
(0,0)(2,0)(2,16)(0,16)
Polygon:
(0,0)(2,0)(2,5)(0,5)
Polygon:
(0,0)(22,0)(22,6)(12,6)(12,24)(3,24)(3,14)(0,14)
Polygon:
(0,0)(4,0)(4,6)(0,6)
Polygon:
(0,0)(9,0)(9,16)(0,16)
Polygon:
(0,0)(32,0)(32,17)(24,17)(24,5)(6,5)(6,16)(0,16)
Polygon:
(0,0)(10,0)(10,17)(0,17)
Polygon:
(0,0)(36,0)(36,18)(31,18)(31,26)(13,26)(13,16)(0,16)
Polygon:
(0,0)(30,0)(30,15)(24,15)(24,13)(11,13)(11,18)(0,18)
Polygon:
(0,0)(7,0)(7,18)(0,18)
Polygon:
(0,0)(16,0)(16,18)(8,18)(8,13)(7,13)(7,19)(0,19)
Polygon:
(0,0)(5,0)(5,5)(0,5)
Polygon:
(0,0)(33,0)(33,17)(26,17)(26,26)(10,26)(10,11)(0,11)
Polygon:
(0,0)(12,0)(12,14)(0,14)
Polygon:
(0,0)(21,0)(21,14)(18,14)(18,8)(2,8)(2,16)(0,16)
Polygon:
(0,0)(8,0)(8,7)(0,7)
Polygon:
(0,0)(7,0)(7,12)(6,12)(6,1)(1,1)(1,18)(0,18)
Polygon:
(0,0)(5,0)(5,7)(0,7)
Polygon:
(0,0)(13,0)(13,1)(0,1)
Polygon:
(0,0)(31,0)(31,19)(20,19)(20,26)(4,26)(4,8)(0,8)
Polygon:
(0,0)(13,0)(13,9)(7,9)(7,5)(1,5)(1,9)(0,9)
Polygon:
(0,0)(5,0)(5,11)(0,11)
Polygon:
(0,0)(15,0)(15,6)(0,6)
Polygon:
(0,0)(2,0)(2,1)(0,1)
Polygon:
(0,0)(13,0)(13,10)(0,10)
Polygon:
(0,0)(28,0)(28,18)(15,18)(15,5)(1,5)(1,15)(0,15)
Polygon:
(0,0)(5,0)(5,14)(0,14)
Polygon:
(0,0)(29,0)(29,14)(23,14)(23,7)(6,7)(6,16)(0,16)
Polygon:
(0,0)(41,0)(41,32)(28,32)(28,33)(18,33)(18,15)(0,15)
Polygon:
(0,0)(16,0)(16,4)(0,4)
Polygon:
(0,0)(43,0)(43,9)(27,9)(27,14)(18,14)(18,11)(0,11)
Polygon:
(0,0)(37,0)(37,6)(31,6)(31,22)(15,22)(15,10)(0,10)
Polygon:
(0,0)(3,0)(3,16)(0,16)
Polygon:
(0,0)(18,0)(18,9)(0,9)
Polygon:
(0,0)(11,0)(11,17)(0,17)
Polygon:
(0,0)(21,0)(21,3)(8,3)(8,15)(3,15)(3,7)(0,7)
Polygon:
(0,0)(14,0)(14,17)(0,17)
Polygon:
(0,0)(29,0)(29,25)(26,25)(26,13)(15,13)(15,18)(0,18)
Polygon:
(0,0)(1,0)(1,18)(0,18)
Polygon:
(0,0)(2,0)(2,12)(0,12)
Polygon:
(0,0)(2,0)(2,3)(0,3)
Polygon:
(0,0)(13,0)(13,8)(0,8)
Polygon:
(0,0)(30,0)(30,7)(26,7)(26,10)(12,10)(12,2)(0,2)
Polygon:
(0,0)(14,0)(14,10)(0,10)
Polygon:
(0,0)(6,0)(6,9)(0,9)
Polygon:
(0,0)(21,0)(21,21)(19,21)(19,10)(1,10)(1,17)(0,17)
Polygon:
(0,0)(14,0)(14,11)(0,11)
Polygon:
(0,0)(24,0)(24,18)(19,18)(19,20)(12,20)(12,7)(0,7)
Polygon:
(0,0)(5,0)(5,11)(0,11)
Polygon:
(0,0)(8,0)(8,18)(0,18)
Polygon:
(0,0)(14,0)(14,5)(0,5)
Polygon:
(0,0)(38,0)(38,10)(25,10)(25,18)(17,18)(17,1)(0,1)
Polygon:
(0,0)(19,0)(19,23)(14,23)(14,26)(12,26)(12,9)(0,9)
Polygon:
(0,0)(41,0)(41,12)(25,12)(25,16)(13,16)(13,9)(0,9)
Polygon:
(0,0)(15,0)(15,6)(0,6)
Polygon:
(0,0)(8,0)(8,5)(0,5)
Polygon:
(0,0)(37,0)(37,14)(20,14)(20,23)(9,23)(9,7)(0,7)
Polygon:
(0,0)(8,0)(8,5)(0,5)
Polygon:
(0,0)(11,0)(11,18)(2,18)(2,22)(1,22)(1,12)(0,12)
Polygon:
(0,0)(3,0)(3,5)(0,5)
Polygon:
(0,0)(1,0)(1,10)(0,10)
Polygon:
(0,0)(22,0)(22,4)(19,4)(19,12)(9,12)(9,4)(0,4)
Polygon:
(0,0)(6,0)(6,7)(0,7)
Polygon:
(0,0)(17,0)(17,14)(0,14)
Polygon:
(0,0)(3,0)(3,8)(0,8)
Polygon:
(0,0)(5,0)(5,14)(0,14)
Polygon:
(0,0)(9,0)(9,16)(0,16)
Polygon:
(0,0)(27,0)(27,14)(26,14)(26,17)(9,17)(9,5)(0,5)
Polygon:
(0,0)(6,0)(6,4)(0,4)
Polygon:
(0,0)(4,0)(4,10)(0,10)
Polygon:
(0,0)(17,0)(17,17)(0,17)
Polygon:
(0,0)(15,0)(15,4)(0,4)
Polygon:
(0,0)(4,0)(4,1)(0,1)
Polygon:
(0,0)(15,0)(15,4)(0,4)
Polygon:
(0,0)(30,0)(30,7)(25,7)(25,8)(7,8)(7,7)(0,7)
Polygon:
(0,0)(15,0)(15,10)(0,10)
Polygon:
(0,0)(4,0)(4,12)(0,12)
Polygon:
(0,0)(13,0)(13,29)(8,29)(8,33)(3,33)(3,15)(0,15)
Polygon:
(0,0)(39,0)(39,17)(33,17)(33,24)(17,24)(17,18)(0,18)
Polygon:
(0,0)(2,0)(2,9)(0,9)
Polygon:
(0,0)(16,0)(16,6)(0,6)
Polygon:
(0,0)(7,0)(7,16)(0,16)
Polygon:
(0,0)(41,0)(41,12)(24,12)(24,20)(15,20)(15,12)(0,12)
Polygon:
(0,0)(10,0)(10,12)(0,12)
Polygon:
(0,0)(2,0)(2,14)(0,14)
Polygon:
(0,0)(34,0)(34,1)(29,1)(29,9)(16,9)(16,5)(0,5)
Polygon:
(0,0)(16,0)(16,5)(0,5)
Polygon:
(0,0)(6,0)(6,2)(0,2)
Polygon:
(0,0)(15,0)(15,15)(0,15)
Polygon:
(0,0)(9,0)(9,18)(0,18)
Polygon:
(0,0)(39,0)(39,24)(23,24)(23,25)(9,25)(9,10)(0,10)
Polygon:
(0,0)(36,0)(36,6)(18,6)(18,20)(8,20)(8,13)(0,13)
Polygon:
(0,0)(11,0)(11,16)(0,16)
Polygon:
(0,0)(3,0)(3,13)(0,13)
Polygon:
(0,0)(33,0)(33,20)(19,20)(19,21)(1,21)(1,10)(0,10)
Polygon:
(0,0)(16,0)(16,14)(0,14)
Polygon:
(0,0)(24,0)(24,14)(16,14)(16,22)(15,22)(15,10)(0,10)
Polygon:
(0,0)(40,0)(40,6)(24,6)(24,20)(17,20)(17,12)(0,12)
Polygon:
(0,0)(8,0)(8,6)(0,6)
Polygon:
(0,0)(24,0)(24,17)(15,17)(15,15)(2,15)(2,17)(0,17)
Polygon:
(0,0)(16,0)(16,6)(9,6)(9,24)(1,24)(1,6)(0,6)
Polygon:
(0,0)(27,0)(27,9)(17,9)(17,12)(2,12)(2,5)(0,5)
Polygon:
(0,0)(12,0)(12,10)(0,10)
Polygon:
(0,0)(22,0)(22,9)(16,9)(16,22)(3,22)(3,16)(0,16)
Polygon:
(0,0)(17,0)(17,10)(0,10)
Polygon:
(0,0)(4,0)(4,15)(0,15)
Polygon:
(0,0)(10,0)(10,16)(0,16)
Polygon:
(0,0)(11,0)(11,1)(0,1)
Polygon:
(0,0)(30,0)(30,22)(16,22)(16,24)(3,24)(3,9)(0,9)
Polygon:
(0,0)(17,0)(17,6)(0,6)
Polygon:
(0,0)(13,0)(13,17)(0,17)
Polygon:
(0,0)(9,0)(9,10)(0,10)
Polygon:
(0,0)(22,0)(22,30)(4,30)(4,35)(1,35)(1,18)(0,18)
Polygon:
(0,0)(17,0)(17,12)(6,12)(6,15)(1,15)(1,12)(0,12)
Polygon:
(0,0)(29,0)(29,14)(19,14)(19,26)(10,26)(10,18)(0,18)
Polygon:
(0,0)(6,0)(6,14)(0,14)
Polygon:
(0,0)(17,0)(17,5)(0,5)
Polygon:
(0,0)(21,0)(21,5)(8,5)(8,14)(7,14)(7,5)(0,5)
Polygon:
(0,0)(35,0)(35,12)(21,12)(21,19)(5,19)(5,6)(0,6)
Polygon:
(0,0)(39,0)(39,10)(31,10)(31,15)(13,15)(13,5)(0,5)
Polygon:
(0,0)(16,0)(16,6)(0,6)
Polygon:
(0,0)(41,0)(41,15)(26,15)(26,1)(18,1)(18,3)(0,3)
Polygon:
(0,0)(15,0)(15,7)(0,7)
Polygon:
(0,0)(40,0)(40,16)(25,16)(25,7)(14,7)(14,12)(0,12)
Polygon:
(0,0)(5,0)(5,17)(0,17)
Polygon:
(0,0)(15,0)(15,16)(0,16)
Polygon:
(0,0)(35,0)(35,12)(25,12)(25,19)(14,19)(14,2)(0,2)
Polygon:
(0,0)(22,0)(22,10)(10,10)(10,21)(1,21)(1,15)(0,15)
Polygon:
(0,0)(28,0)(28,21)(12,21)(12,23)(4,23)(4,10)(0,10)
Polygon:
(0,0)(1,0)(1,11)(0,11)
Polygon:
(0,0)(12,0)(12,12)(0,12)
Polygon:
(0,0)(11,0)(11,14)(0,14)
Polygon:
(0,0)(27,0)(27,19)(20,19)(20,24)(16,24)(16,10)(0,10)
Polygon:
(0,0)(16,0)(16,3)(0,3)
Polygon:
(0,0)(8,0)(8,7)(0,7)
Polygon:
(0,0)(10,0)(10,7)(0,7)
Polygon:
(0,0)(7,0)(7,10)(0,10)
Polygon:
(0,0)(29,0)(29,11)(23,11)(23,8)(14,8)(14,18)(0,18)
Polygon:
(0,0)(9,0)(9,17)(0,17)
Polygon:
(0,0)(20,0)(20,3)(14,3)(14,20)(8,20)(8,8)(0,8)
Polygon:
(0,0)(14,0)(14,5)(0,5)
Polygon:
(0,0)(1,0)(1,10)(0,10)
Polygon:
(0,0)(15,0)(15,3)(0,3)
Polygon:
(0,0)(35,0)(35,21)(20,21)(20,3)(4,3)(4,8)(0,8)
Polygon:
(0,0)(8,0)(8,1)(0,1)
Polygon:
(0,0)(9,0)(9,11)(0,11)
Polygon:
(0,0)(45,0)(45,18)(35,18)(35,2)(17,2)(17,9)(0,9)
Polygon:
(0,0)(24,0)(24,16)(19,16)(19,21)(9,21)(9,5)(0,5)
Polygon:
(0,0)(36,0)(36,8)(31,8)(31,16)(18,16)(18,12)(0,12)
Polygon:
(0,0)(17,0)(17,9)(11,9)(11,21)(8,21)(8,4)(0,4)
Polygon:
(0,0)(3,0)(3,10)(0,10)
Polygon:
(0,0)(33,0)(33,20)(22,20)(22,28)(9,28)(9,10)(0,10)
Polygon:
(0,0)(50,0)(50,25)(36,25)(36,27)(18,27)(18,18)(0,18)
Polygon:
(0,0)(10,0)(10,12)(0,12)
Polygon:
(0,0)(35,0)(35,12)(17,12)(17,3)(16,3)(16,18)(0,18)
Polygon:
(0,0)(6,0)(6,15)(0,15)
Polygon:
(0,0)(4,0)(4,18)(0,18)
Polygon:
(0,0)(33,0)(33,13)(22,13)(22,5)(4,5)(4,15)(0,15)
Polygon:
(0,0)(45,0)(45,15)(31,15)(31,1)(18,1)(18,14)(0,14)
Polygon:
(0,0)(7,0)(7,3)(0,3)
Polygon:
(0,0)(30,0)(30,7)(28,7)(28,14)(18,14)(18,2)(0,2)
Polygon:
(0,0)(33,0)(33,10)(23,10)(23,13)(7,13)(7,5)(0,5)
Polygon:
(0,0)(3,0)(3,2)(0,2)
Polygon:
(0,0)(1,0)(1,7)(0,7)
Polygon:
(0,0)(22,0)(22,8)(19,8)(19,6)(7,6)(7,10)(0,10)
Polygon:
(0,0)(3,0)(3,17)(0,17)
Polygon:
(0,0)(14,0)(14,9)(0,9)
Polygon:
(0,0)(11,0)(11,1)(0,1)
Polygon:
(0,0)(12,0)(12,19)(8,19)(8,23)(7,23)(7,16)(0,16)
Polygon:
(0,0)(20,0)(20,17)(16,17)(16,12)(15,12)(15,16)(0,16)
Polygon:
(0,0)(16,0)(16,8)(0,8)
Polygon:
(0,0)(6,0)(6,9)(0,9)
Polygon:
(0,0)(26,0)(26,8)(23,8)(23,2)(11,2)(11,18)(0,18)
Polygon:
(0,0)(5,0)(5,2)(0,2)
Polygon:
(0,0)(5,0)(5,9)(0,9)
Polygon:
(0,0)(2,0)(2,15)(0,15)
Polygon:
(0,0)(21,0)(21,13)(5,13)(5,14)(3,14)(3,10)(0,10)
Polygon:
(0,0)(4,0)(4,14)(0,14)
Polygon:
(0,0)(12,0)(12,2)(0,2)
Polygon:
(0,0)(16,0)(16,14)(0,14)
Polygon:
(0,0)(33,0)(33,8)(22,8)(22,10)(10,10)(10,4)(0,4)
Polygon:
(0,0)(2,0)(2,2)(0,2)
Polygon:
(0,0)(4,0)(4,14)(0,14)
Polygon:
(0,0)(7,0)(7,8)(0,8)
Polygon:
(0,0)(31,0)(31,19)(26,19)(26,33)(12,33)(12,17)(0,17)
Polygon:
(0,0)(3,0)(3,4)(0,4)
Polygon:
(0,0)(17,0)(17,16)(0,16)
Polygon:
(0,0)(8,0)(8,6)(0,6)
Polygon:
(0,0)(7,0)(7,7)(0,7)
Polygon:
(0,0)(15,0)(15,5)(0,5)
Polygon:
(0,0)(17,0)(17,16)(13,16)(13,17)(8,17)(8,16)(0,16)
Polygon:
(0,0)(16,0)(16,11)(8,11)(8,18)(6,18)(6,2)(0,2)
Polygon:
(0,0)(30,0)(30,6)(19,6)(19,15)(9,15)(9,4)(0,4)
Polygon:
(0,0)(34,0)(34,15)(20,15)(20,21)(12,21)(12,8)(0,8)
Polygon:
(0,0)(39,0)(39,14)(31,14)(31,25)(16,25)(16,10)(0,10)
Polygon:
(0,0)(14,0)(14,1)(0,1)
Polygon:
(0,0)(22,0)(22,17)(10,17)(10,10)(2,10)(2,12)(0,12)
Polygon:
(0,0)(2,0)(2,7)(0,7)
Polygon:
(0,0)(12,0)(12,18)(0,18)
Polygon:
(0,0)(23,0)(23,4)(17,4)(17,22)(13,22)(13,5)(0,5)
Polygon:
(0,0)(19,0)(19,17)(14,17)(14,23)(11,23)(11,7)(0,7)
Polygon:
(0,0)(1,0)(1,3)(0,3)
Polygon:
(0,0)(9,0)(9,10)(0,10)
Polygon:
(0,0)(8,0)(8,17)(0,17)
Polygon:
(0,0)(5,0)(5,7)(0,7)
Polygon:
(0,0)(12,0)(12,14)(0,14)
Polygon:
(0,0)(34,0)(34,6)(16,6)(16,18)(11,18)(11,4)(0,4)
Polygon:
(0,0)(14,0)(14,15)(0,15)
Polygon:
(0,0)(8,0)(8,9)(0,9)
Polygon:
(0,0)(8,0)(8,18)(0,18)
Polygon:
(0,0)(11,0)(11,1)(0,1)
Polygon:
(0,0)(26,0)(26,9)(18,9)(18,5)(17,5)(17,10)(0,10)
Polygon:
(0,0)(1,0)(1,1)(0,1)
Polygon:
(0,0)(11,0)(11,6)(0,6)
Polygon:
(0,0)(4,0)(4,4)(0,4)
Polygon:
(0,0)(19,0)(19,17)(18,17)(18,12)(3,12)(3,17)(0,17)
Polygon:
(0,0)(15,0)(15,5)(0,5)
Polygon:
(0,0)(8,0)(8,12)(0,12)
Polygon:
(0,0)(12,0)(12,2)(0,2)
Polygon:
(0,0)(9,0)(9,10)(0,10)
Polygon:
(0,0)(2,0)(2,16)(0,16)
Polygon:
(0,0)(7,0)(7,9)(0,9)
Polygon:
(0,0)(4,0)(4,6)(0,6)
Polygon:
(0,0)(9,0)(9,18)(0,18)
Polygon:
(0,0)(36,0)(36,3)(32,3)(32,18)(14,18)(14,5)(0,5)
Polygon:
(0,0)(5,0)(5,11)(0,11)
Polygon:
(0,0)(35,0)(35,1)(24,1)(24,13)(7,13)(7,4)(0,4)
Polygon:
(0,0)(32,0)(32,26)(18,26)(18,9)(6,9)(6,12)(0,12)
Polygon:
(0,0)(1,0)(1,5)(0,5)
Polygon:
(0,0)(12,0)(12,13)(0,13)
Polygon:
(0,0)(32,0)(32,23)(31,23)(31,5)(13,5)(13,12)(0,12)
Polygon:
(0,0)(38,0)(38,18)(20,18)(20,26)(8,26)(8,9)(0,9)
Polygon:
(0,0)(15,0)(15,13)(0,13)
Polygon:
(0,0)(11,0)(11,7)(0,7)
Polygon:
(0,0)(24,0)(24,9)(21,9)(21,3)(5,3)(5,12)(0,12)
Polygon:
(0,0)(17,0)(17,15)(0,15)
Polygon:
(0,0)(1,0)(1,11)(0,11)
Polygon:
(0,0)(5,0)(5,6)(0,6)
Polygon:
(0,0)(12,0)(12,2)(0,2)
Polygon:
(0,0)(34,0)(34,9)(28,9)(28,15)(18,15)(18,6)(0,6)
Polygon:
(0,0)(21,0)(21,12)(11,12)(11,5)(3,5)(3,18)(0,18)
Polygon:
(0,0)(17,0)(17,21)(6,21)(6,27)(5,27)(5,11)(0,11)
Polygon:
(0,0)(10,0)(10,12)(0,12)
Polygon:
(0,0)(12,0)(12,10)(0,10)
Polygon:
(0,0)(24,0)(24,12)(14,12)(14,10)(3,10)(3,16)(0,16)
Polygon:
(0,0)(20,0)(20,18)(17,18)(17,25)(12,25)(12,9)(0,9)
Polygon:
(0,0)(8,0)(8,9)(0,9)
Polygon:
(0,0)(4,0)(4,13)(3,13)(3,21)(1,21)(1,16)(0,16)
Polygon:
(0,0)(26,0)(26,1)(24,1)(24,16)(10,16)(10,3)(0,3)
Polygon:
(0,0)(15,0)(15,12)(14,12)(14,4)(3,4)(3,8)(0,8)
Polygon:
(0,0)(2,0)(2,10)(0,10)
Polygon:
(0,0)(10,0)(10,1)(0,1)
Polygon:
(0,0)(13,0)(13,7)(0,7)
Polygon:
(0,0)(15,0)(15,12)(13,12)(13,1)(5,1)(5,4)(0,4)
Polygon:
(0,0)(36,0)(36,6)(18,6)(18,16)(17,16)(17,13)(0,13)
Polygon:
(0,0)(20,0)(20,13)(17,13)(17,21)(12,21)(12,18)(0,18)
Polygon:
(0,0)(2,0)(2,12)(0,12)
Polygon:
(0,0)(12,0)(12,6)(0,6)
Polygon:
(0,0)(40,0)(40,30)(27,30)(27,31)(18,31)(18,15)(0,15)
Polygon:
(0,0)(9,0)(9,17)(0,17)
Polygon:
(0,0)(37,0)(37,16)(33,16)(33,6)(18,6)(18,14)(0,14)
Polygon:
(0,0)(27,0)(27,22)(23,22)(23,5)(8,5)(8,8)(0,8)
Polygon:
(0,0)(15,0)(15,18)(0,18)
Polygon:
(0,0)(15,0)(15,11)(0,11)
Polygon:
(0,0)(10,0)(10,3)(0,3)
Polygon:
(0,0)(17,0)(17,9)(14,9)(14,21)(1,21)(1,4)(0,4)
Polygon:
(0,0)(41,0)(41,25)(26,25)(26,12)(10,12)(10,17)(0,17)
Polygon:
(0,0)(43,0)(43,29)(29,29)(29,12)(15,12)(15,16)(0,16)
Polygon:
(0,0)(16,0)(16,15)(0,15)
Polygon:
(0,0)(4,0)(4,2)(0,2)
Polygon:
(0,0)(14,0)(14,23)(13,23)(13,7)(1,7)(1,14)(0,14)
Polygon:
(0,0)(12,0)(12,18)(0,18)
Polygon:
(0,0)(18,0)(18,15)(13,15)(13,8)(1,8)(1,14)(0,14)
Polygon:
(0,0)(9,0)(9,7)(0,7)
Polygon:
(0,0)(16,0)(16,9)(14,9)(14,17)(8,17)(8,16)(0,16)
Polygon:
(0,0)(13,0)(13,3)(0,3)
Polygon:
(0,0)(20,0)(20,2)(7,2)(7,4)(5,4)(5,2)(0,2)
Polygon:
(0,0)(4,0)(4,8)(0,8)
Polygon:
(0,0)(8,0)(8,14)(0,14)
Polygon:
(0,0)(44,0)(44,11)(32,11)(32,17)(16,17)(16,1)(0,1)
Polygon:
(0,0)(1,0)(1,18)(0,18)
Polygon:
(0,0)(12,0)(12,15)(9,15)(9,17)(4,17)(4,10)(0,10)
Polygon:
(0,0)(6,0)(6,4)(0,4)
Polygon:
(0,0)(27,0)(27,18)(9,18)(9,23)(4,23)(4,11)(0,11)
Polygon:
(0,0)(31,0)(31,23)(29,23)(29,24)(17,24)(17,8)(0,8)
Polygon:
(0,0)(18,0)(18,18)(0,18)
Polygon:
(0,0)(15,0)(15,11)(0,11)
Polygon:
(0,0)(11,0)(11,12)(0,12)
Polygon:
(0,0)(30,0)(30,25)(27,25)(27,13)(13,13)(13,17)(0,17)
Polygon:
(0,0)(17,0)(17,6)(0,6)
Polygon:
(0,0)(1,0)(1,1)(0,1)
Polygon:
(0,0)(15,0)(15,3)(0,3)
Polygon:
(0,0)(33,0)(33,17)(23,17)(23,18)(18,18)(18,1)(0,1)
Polygon:
(0,0)(41,0)(41,22)(25,22)(25,5)(7,5)(7,12)(0,12)
Polygon:
(0,0)(19,0)(19,4)(18,4)(18,1)(17,1)(17,2)(0,2)
Polygon:
(0,0)(38,0)(38,25)(23,25)(23,28)(18,28)(18,15)(0,15)
Polygon:
(0,0)(23,0)(23,14)(5,14)(5,32)(1,32)(1,14)(0,14)
Polygon:
(0,0)(16,0)(16,15)(0,15)
Polygon:
(0,0)(12,0)(12,3)(0,3)
Polygon:
(0,0)(7,0)(7,7)(0,7)
Polygon:
(0,0)(10,0)(10,10)(0,10)
Polygon:
(0,0)(14,0)(14,1)(0,1)
Polygon:
(0,0)(20,0)(20,14)(15,14)(15,2)(10,2)(10,12)(0,12)
Polygon:
(0,0)(13,0)(13,15)(0,15)
Polygon:
(0,0)(16,0)(16,2)(0,2)
Polygon:
(0,0)(14,0)(14,6)(0,6)
Polygon:
(0,0)(18,0)(18,1)(0,1)
Polygon:
(0,0)(18,0)(18,3)(0,3)
Polygon:
(0,0)(6,0)(6,18)(0,18)
Polygon:
(0,0)(15,0)(15,18)(0,18)
Polygon:
(0,0)(11,0)(11,16)(0,16)
Polygon:
(0,0)(12,0)(12,9)(0,9)
Polygon:
(0,0)(29,0)(29,10)(12,10)(12,2)(1,2)(1,10)(0,10)
Polygon:
(0,0)(14,0)(14,14)(0,14)
Polygon:
(0,0)(10,0)(10,1)(0,1)
Polygon:
(0,0)(18,0)(18,4)(2,4)(2,17)(1,17)(1,7)(0,7)
Polygon:
(0,0)(3,0)(3,5)(0,5)
Polygon:
(0,0)(30,0)(30,16)(14,16)(14,20)(12,20)(12,2)(0,2)
Polygon:
(0,0)(5,0)(5,1)(0,1)
Polygon:
(0,0)(9,0)(9,4)(0,4)
Polygon:
(0,0)(3,0)(3,5)(0,5)
Polygon:
(0,0)(11,0)(11,6)(0,6)
Polygon:
(0,0)(17,0)(17,7)(0,7)
Polygon:
(0,0)(37,0)(37,13)(19,13)(19,15)(9,15)(9,4)(0,4)
Polygon:
(0,0)(15,0)(15,9)(0,9)
Polygon:
(0,0)(24,0)(24,5)(20,5)(20,3)(13,3)(13,4)(0,4)
Polygon:
(0,0)(2,0)(2,16)(0,16)
Polygon:
(0,0)(34,0)(34,16)(29,16)(29,2)(18,2)(18,15)(0,15)
Polygon:
(0,0)(5,0)(5,18)(0,18)
Polygon:
(0,0)(19,0)(19,7)(18,7)(18,14)(15,14)(15,3)(0,3)
Polygon:
(0,0)(3,0)(3,12)(0,12)
Polygon:
(0,0)(27,0)(27,22)(15,22)(15,13)(11,13)(11,15)(0,15)
Polygon:
(0,0)(6,0)(6,16)(0,16)
Polygon:
(0,0)(7,0)(7,13)(0,13)
Polygon:
(0,0)(34,0)(34,9)(19,9)(19,13)(1,13)(1,8)(0,8)
Polygon:
(0,0)(6,0)(6,12)(0,12)
Polygon:
(0,0)(32,0)(32,25)(24,25)(24,30)(15,30)(15,12)(0,12)
Polygon:
(0,0)(3,0)(3,7)(0,7)
Polygon:
(0,0)(3,0)(3,4)(0,4)
Polygon:
(0,0)(33,0)(33,20)(18,20)(18,22)(15,22)(15,6)(0,6)
Polygon:
(0,0)(17,0)(17,2)(0,2)
Polygon:
(0,0)(41,0)(41,8)(27,8)(27,14)(16,14)(16,11)(0,11)
Polygon:
(0,0)(10,0)(10,1)(0,1)
Polygon:
(0,0)(11,0)(11,4)(0,4)
Polygon:
(0,0)(11,0)(11,16)(0,16)
Polygon:
(0,0)(15,0)(15,4)(0,4)
Polygon:
(0,0)(40,0)(40,7)(29,7)(29,6)(18,6)(18,10)(0,10)
Polygon:
(0,0)(20,0)(20,14)(15,14)(15,32)(2,32)(2,18)(0,18)
Polygon:
(0,0)(25,0)(25,19)(12,19)(12,21)(2,21)(2,8)(0,8)
Polygon:
(0,0)(1,0)(1,1)(0,1)
Polygon:
(0,0)(18,0)(18,11)(0,11)
Polygon:
(0,0)(13,0)(13,16)(0,16)
Polygon:
(0,0)(38,0)(38,14)(27,14)(27,21)(14,21)(14,7)(0,7)
Polygon:
(0,0)(4,0)(4,16)(0,16)
Polygon:
(0,0)(20,0)(20,11)(17,11)(17,18)(5,18)(5,1)(0,1)
Polygon:
(0,0)(24,0)(24,13)(21,13)(21,10)(10,10)(10,14)(0,14)
Polygon:
(0,0)(31,0)(31,20)(27,20)(27,28)(9,28)(9,18)(0,18)
Polygon:
(0,0)(14,0)(14,3)(0,3)
Polygon:
(0,0)(20,0)(20,7)(16,7)(16,23)(4,23)(4,7)(0,7)
Polygon:
(0,0)(34,0)(34,15)(20,15)(20,3)(2,3)(2,4)(0,4)
Polygon:
(0,0)(7,0)(7,12)(0,12)
Polygon:
(0,0)(17,0)(17,4)(0,4)
Polygon:
(0,0)(2,0)(2,13)(0,13)
Polygon:
(0,0)(36,0)(36,23)(21,23)(21,25)(16,25)(16,8)(0,8)
Polygon:
(0,0)(10,0)(10,18)(0,18)
Polygon:
(0,0)(7,0)(7,16)(0,16)
Polygon:
(0,0)(24,0)(24,5)(16,5)(16,15)(12,15)(12,1)(0,1)
Polygon:
(0,0)(28,0)(28,9)(20,9)(20,5)(2,5)(2,6)(0,6)
Polygon:
(0,0)(16,0)(16,17)(0,17)
Polygon:
(0,0)(14,0)(14,13)(0,13)
Polygon:
(0,0)(8,0)(8,12)(0,12)
Polygon:
(0,0)(28,0)(28,7)(12,7)(12,16)(2,16)(2,9)(0,9)
Polygon:
(0,0)(16,0)(16,1)(0,1)
Polygon:
(0,0)(14,0)(14,14)(0,14)
Polygon:
(0,0)(11,0)(11,14)(0,14)
Polygon:
(0,0)(5,0)(5,10)(0,10)
Polygon:
(0,0)(5,0)(5,14)(0,14)
Polygon:
(0,0)(25,0)(25,4)(11,4)(11,16)(5,16)(5,15)(0,15)
Polygon:
(0,0)(3,0)(3,18)(0,18)
Polygon:
(0,0)(30,0)(30,4)(21,4)(21,11)(13,11)(13,2)(0,2)
Polygon:
(0,0)(34,0)(34,22)(20,22)(20,6)(6,6)(6,12)(0,12)
Polygon:
(0,0)(23,0)(23,12)(10,12)(10,23)(6,23)(6,6)(0,6)
Polygon:
(0,0)(8,0)(8,10)(0,10)
Polygon:
(0,0)(15,0)(15,13)(0,13)
Polygon:
(0,0)(13,0)(13,8)(0,8)
Polygon:
(0,0)(12,0)(12,2)(0,2)
Polygon:
(0,0)(19,0)(19,12)(5,12)(5,17)(2,17)(2,16)(0,16)
Polygon:
(0,0)(20,0)(20,14)(8,14)(8,17)(5,17)(5,11)(0,11)
Polygon:
(0,0)(46,0)(46,25)(30,25)(30,30)(12,30)(12,12)(0,12)
Polygon:
(0,0)(35,0)(35,16)(25,16)(25,23)(8,23)(8,16)(0,16)
Polygon:
(0,0)(6,0)(6,10)(0,10)
Polygon:
(0,0)(3,0)(3,2)(0,2)
Polygon:
(0,0)(7,0)(7,3)(0,3)
Polygon:
(0,0)(14,0)(14,6)(0,6)
Polygon:
(0,0)(16,0)(16,11)(0,11)
Polygon:
(0,0)(40,0)(40,28)(26,28)(26,10)(17,10)(17,12)(0,12)
Polygon:
(0,0)(31,0)(31,15)(16,15)(16,1)(13,1)(13,12)(0,12)
Polygon:
(0,0)(1,0)(1,4)(0,4)
Polygon:
(0,0)(37,0)(37,3)(32,3)(32,11)(18,11)(18,3)(0,3)
Polygon:
(0,0)(39,0)(39,20)(28,20)(28,29)(15,29)(15,18)(0,18)
Polygon:
(0,0)(16,0)(16,15)(0,15)
Polygon:
(0,0)(7,0)(7,17)(0,17)
Polygon:
(0,0)(24,0)(24,16)(20,16)(20,9)(13,9)(13,16)(0,16)
Polygon:
(0,0)(45,0)(45,21)(35,21)(35,22)(18,22)(18,5)(0,5)
Polygon:
(0,0)(15,0)(15,9)(0,9)
Polygon:
(0,0)(7,0)(7,17)(0,17)
Polygon:
(0,0)(7,0)(7,18)(0,18)
Polygon:
(0,0)(23,0)(23,12)(22,12)(22,19)(11,19)(11,4)(0,4)
Polygon:
(0,0)(23,0)(23,4)(14,4)(14,21)(9,21)(9,9)(0,9)
Polygon:
(0,0)(24,0)(24,6)(22,6)(22,23)(10,23)(10,17)(0,17)
Polygon:
(0,0)(14,0)(14,18)(0,18)
Polygon:
(0,0)(6,0)(6,18)(0,18)
Polygon:
(0,0)(7,0)(7,11)(0,11)
Polygon:
(0,0)(8,0)(8,12)(0,12)
Polygon:
(0,0)(15,0)(15,7)(0,7)
Polygon:
(0,0)(13,0)(13,18)(0,18)
Polygon:
(0,0)(18,0)(18,16)(0,16)
Polygon:
(0,0)(10,0)(10,10)(0,10)
Polygon:
(0,0)(6,0)(6,13)(0,13)
Polygon:
(0,0)(1,0)(1,5)(0,5)
Polygon:
(0,0)(18,0)(18,16)(0,16)
Polygon:
(0,0)(16,0)(16,9)(0,9)
Polygon:
(0,0)(49,0)(49,8)(31,8)(31,2)(14,2)(14,13)(0,13)
Polygon:
(0,0)(14,0)(14,15)(0,15)
Polygon:
(0,0)(11,0)(11,9)(0,9)
Polygon:
(0,0)(29,0)(29,21)(28,21)(28,6)(10,6)(10,10)(0,10)
Polygon:
(0,0)(2,0)(2,13)(0,13)
Polygon:
(0,0)(37,0)(37,6)(20,6)(20,7)(11,7)(11,1)(0,1)
Polygon:
(0,0)(3,0)(3,14)(0,14)
Polygon:
(0,0)(9,0)(9,18)(0,18)
Polygon:
(0,0)(14,0)(14,6)(0,6)
Polygon:
(0,0)(29,0)(29,12)(26,12)(26,20)(9,20)(9,5)(0,5)
Polygon:
(0,0)(17,0)(17,15)(0,15)
Polygon:
(0,0)(38,0)(38,2)(26,2)(26,16)(10,16)(10,7)(0,7)
Polygon:
(0,0)(11,0)(11,8)(0,8)
Polygon:
(0,0)(29,0)(29,19)(26,19)(26,10)(9,10)(9,16)(0,16)
Polygon:
(0,0)(12,0)(12,12)(0,12)
Polygon:
(0,0)(17,0)(17,15)(0,15)
Polygon:
(0,0)(24,0)(24,21)(15,21)(15,23)(1,23)(1,16)(0,16)
Polygon:
(0,0)(46,0)(46,10)(28,10)(28,18)(18,18)(18,11)(0,11)
Polygon:
(0,0)(8,0)(8,16)(0,16)
Polygon:
(0,0)(26,0)(26,3)(24,3)(24,13)(6,13)(6,1)(0,1)
Polygon:
(0,0)(39,0)(39,2)(24,2)(24,10)(10,10)(10,9)(0,9)
Polygon:
(0,0)(15,0)(15,13)(0,13)
Polygon:
(0,0)(14,0)(14,17)(0,17)
Polygon:
(0,0)(9,0)(9,2)(0,2)
Polygon:
(0,0)(31,0)(31,5)(18,5)(18,7)(1,7)(1,5)(0,5)
Polygon:
(0,0)(30,0)(30,20)(17,20)(17,27)(15,27)(15,11)(0,11)
Polygon:
(0,0)(43,0)(43,14)(28,14)(28,28)(15,28)(15,15)(0,15)
Polygon:
(0,0)(11,0)(11,1)(0,1)
Polygon:
(0,0)(25,0)(25,11)(17,11)(17,17)(4,17)(4,15)(0,15)
Polygon:
(0,0)(21,0)(21,6)(20,6)(20,22)(11,22)(11,6)(0,6)
Polygon:
(0,0)(27,0)(27,16)(17,16)(17,7)(15,7)(15,14)(0,14)
Polygon:
(0,0)(18,0)(18,5)(0,5)
Polygon:
(0,0)(1,0)(1,17)(0,17)
Polygon:
(0,0)(8,0)(8,10)(0,10)
Polygon:
(0,0)(16,0)(16,3)(0,3)
Polygon:
(0,0)(7,0)(7,15)(0,15)
Polygon:
(0,0)(33,0)(33,12)(22,12)(22,5)(9,5)(9,17)(0,17)
Polygon:
(0,0)(42,0)(42,8)(26,8)(26,20)(17,20)(17,5)(0,5)
Polygon:
(0,0)(15,0)(15,7)(0,7)
Polygon:
(0,0)(3,0)(3,2)(0,2)
Polygon:
(0,0)(35,0)(35,17)(23,17)(23,29)(16,29)(16,17)(0,17)
Polygon:
(0,0)(9,0)(9,11)(0,11)
Polygon:
(0,0)(35,0)(35,3)(20,3)(20,19)(4,19)(4,2)(0,2)
Polygon:
(0,0)(12,0)(12,11)(0,11)
Polygon:
(0,0)(22,0)(22,3)(19,3)(19,12)(4,12)(4,1)(0,1)
Polygon:
(0,0)(30,0)(30,11)(20,11)(20,18)(16,18)(16,7)(0,7)
Polygon:
(0,0)(9,0)(9,8)(0,8)
Polygon:
(0,0)(17,0)(17,18)(0,18)
Polygon:
(0,0)(3,0)(3,4)(0,4)
Polygon:
(0,0)(29,0)(29,17)(19,17)(19,2)(13,2)(13,18)(0,18)
Polygon:
(0,0)(16,0)(16,13)(14,13)(14,4)(12,4)(12,12)(0,12)
Polygon:
(0,0)(21,0)(21,10)(5,10)(5,18)(3,18)(3,6)(0,6)
Polygon:
(0,0)(15,0)(15,4)(0,4)
Polygon:
(0,0)(16,0)(16,15)(0,15)
Polygon:
(0,0)(11,0)(11,5)(0,5)
Polygon:
(0,0)(12,0)(12,18)(0,18)
Polygon:
(0,0)(12,0)(12,10)(0,10)
Polygon:
(0,0)(39,0)(39,17)(26,17)(26,21)(17,21)(17,6)(0,6)
Polygon:
(0,0)(16,0)(16,17)(8,17)(8,8)(7,8)(7,14)(0,14)
Polygon:
(0,0)(33,0)(33,24)(20,24)(20,25)(13,25)(13,9)(0,9)
Polygon:
(0,0)(24,0)(24,10)(23,10)(23,1)(16,1)(16,6)(0,6)
Polygon:
(0,0)(5,0)(5,3)(0,3)
Polygon:
(0,0)(16,0)(16,8)(15,8)(15,24)(8,24)(8,10)(0,10)
Polygon:
(0,0)(8,0)(8,11)(0,11)
Polygon:
(0,0)(1,0)(1,18)(0,18)
Polygon:
(0,0)(25,0)(25,3)(20,3)(20,9)(4,9)(4,7)(0,7)
Polygon:
(0,0)(6,0)(6,7)(0,7)
Polygon:
(0,0)(5,0)(5,16)(0,16)
Polygon:
(0,0)(9,0)(9,14)(0,14)
Polygon:
(0,0)(2,0)(2,18)(0,18)
Polygon:
(0,0)(6,0)(6,3)(0,3)
Polygon:
(0,0)(27,0)(27,8)(20,8)(20,26)(5,26)(5,12)(0,12)
Polygon:
(0,0)(16,0)(16,2)(0,2)
Polygon:
(0,0)(12,0)(12,2)(0,2)
Polygon:
(0,0)(14,0)(14,13)(0,13)
Polygon:
(0,0)(5,0)(5,8)(0,8)
Polygon:
(0,0)(31,0)(31,4)(18,4)(18,19)(1,19)(1,18)(0,18)
Polygon:
(0,0)(30,0)(30,27)(21,27)(21,13)(15,13)(15,18)(0,18)
Polygon:
(0,0)(27,0)(27,14)(15,14)(15,16)(11,16)(11,6)(0,6)
Polygon:
(0,0)(35,0)(35,20)(19,20)(19,2)(2,2)(2,9)(0,9)
Polygon:
(0,0)(6,0)(6,4)(0,4)
Polygon:
(0,0)(14,0)(14,12)(0,12)
Polygon:
(0,0)(15,0)(15,18)(0,18)
Polygon:
(0,0)(16,0)(16,4)(0,4)
Polygon:
(0,0)(30,0)(30,2)(16,2)(16,19)(2,19)(2,14)(0,14)
Polygon:
(0,0)(26,0)(26,6)(12,6)(12,3)(9,3)(9,14)(0,14)
Polygon:
(0,0)(39,0)(39,19)(25,19)(25,1)(15,1)(15,11)(0,11)
Polygon:
(0,0)(9,0)(9,14)(0,14)
Polygon:
(0,0)(8,0)(8,2)(0,2)
Polygon:
(0,0)(39,0)(39,17)(21,17)(21,18)(15,18)(15,11)(0,11)
