Polygon:
(0,0)(30,0)(30,5)(16,5)(16,19)(0,19)
Polygon:
(0,0)(13,0)(13,1)(8,1)(8,7)(0,7)
Polygon:
(0,0)(17,0)(17,18)(16,18)(16,29)(0,29)
Polygon:
(0,0)(15,0)(15,4)(10,4)(10,16)(0,16)
Polygon:
(0,0)(24,0)(24,8)(6,8)(6,13)(0,13)
Polygon:
(0,0)(25,0)(25,11)(16,11)(16,24)(0,24)
Polygon:
(0,0)(33,0)(33,16)(18,16)(18,33)(0,33)
Polygon:
(0,0)(26,0)(26,14)(11,14)(11,28)(0,28)
Polygon:
(0,0)(21,0)(21,9)(8,9)(8,20)(0,20)
Polygon:
(0,0)(14,0)(14,9)(4,9)(4,26)(0,26)
Polygon:
(0,0)(26,0)(26,1)(17,1)(17,16)(0,16)
Polygon:
(0,0)(10,0)(10,10)(4,10)(4,22)(0,22)
Polygon:
(0,0)(22,0)(22,15)(11,15)(11,24)(0,24)
Polygon:
(0,0)(30,0)(30,2)(16,2)(16,12)(0,12)
Polygon:
(0,0)(5,0)(5,7)(1,7)(1,23)(0,23)
Polygon:
(0,0)(22,0)(22,12)(17,12)(17,14)(0,14)
Polygon:
(0,0)(21,0)(21,14)(12,14)(12,30)(0,30)
Polygon:
(0,0)(23,0)(23,12)(18,12)(18,23)(0,23)
Polygon:
(0,0)(22,0)(22,15)(13,15)(13,26)(0,26)
Polygon:
(0,0)(24,0)(24,14)(7,14)(7,31)(0,31)
Polygon:
(0,0)(33,0)(33,17)(18,17)(18,32)(0,32)
Polygon:
(0,0)(13,0)(13,18)(9,18)(9,23)(0,23)
Polygon:
(0,0)(12,0)(12,11)(5,11)(5,29)(0,29)
Polygon:
(0,0)(18,0)(18,12)(7,12)(7,24)(0,24)
Polygon:
(0,0)(2,0)(2,4)(1,4)(1,18)(0,18)
Polygon:
(0,0)(35,0)(35,12)(18,12)(18,21)(0,21)
Polygon:
(0,0)(19,0)(19,9)(8,9)(8,19)(0,19)
Polygon:
(0,0)(13,0)(13,18)(2,18)(2,33)(0,33)
Polygon:
(0,0)(10,0)(10,5)(8,5)(8,18)(0,18)
Polygon:
(0,0)(18,0)(18,14)(7,14)(7,26)(0,26)
Polygon:
(0,0)(10,0)(10,11)(4,11)(4,25)(0,25)
Polygon:
(0,0)(9,0)(9,9)(1,9)(1,19)(0,19)
Polygon:
(0,0)(29,0)(29,18)(15,18)(15,33)(0,33)
Polygon:
(0,0)(13,0)(13,10)(8,10)(8,19)(0,19)
Polygon:
(0,0)(29,0)(29,16)(16,16)(16,23)(0,23)
Polygon:
(0,0)(22,0)(22,10)(18,10)(18,13)(0,13)
Polygon:
(0,0)(22,0)(22,3)(11,3)(11,18)(0,18)
Polygon:
(0,0)(7,0)(7,13)(6,13)(6,25)(0,25)
Polygon:
(0,0)(7,0)(7,13)(5,13)(5,27)(0,27)
Polygon:
(0,0)(27,0)(27,5)(17,5)(17,10)(0,10)
Polygon:
(0,0)(26,0)(26,18)(14,18)(14,33)(0,33)
Polygon:
(0,0)(5,0)(5,8)(4,8)(4,13)(0,13)
Polygon:
(0,0)(19,0)(19,6)(17,6)(17,12)(0,12)
Polygon:
(0,0)(5,0)(5,14)(3,14)(3,32)(0,32)
Polygon:
(0,0)(25,0)(25,16)(16,16)(16,22)(0,22)
Polygon:
(0,0)(26,0)(26,3)(10,3)(10,15)(0,15)
Polygon:
(0,0)(4,0)(4,12)(1,12)(1,30)(0,30)
Polygon:
(0,0)(26,0)(26,10)(12,10)(12,25)(0,25)
Polygon:
(0,0)(23,0)(23,10)(9,10)(9,26)(0,26)
Polygon:
(0,0)(21,0)(21,2)(14,2)(14,12)(0,12)
Polygon:
(0,0)(18,0)(18,11)(17,11)(17,27)(0,27)
Polygon:
(0,0)(19,0)(19,2)(5,2)(5,3)(0,3)
Polygon:
(0,0)(14,0)(14,12)(5,12)(5,23)(0,23)
Polygon:
(0,0)(17,0)(17,4)(1,4)(1,17)(0,17)
Polygon:
(0,0)(24,0)(24,14)(10,14)(10,30)(0,30)
Polygon:
(0,0)(7,0)(7,12)(1,12)(1,27)(0,27)
Polygon:
(0,0)(29,0)(29,12)(13,12)(13,18)(0,18)
Polygon:
(0,0)(15,0)(15,3)(8,3)(8,13)(0,13)
Polygon:
(0,0)(15,0)(15,4)(9,4)(9,8)(0,8)
Polygon:
(0,0)(4,0)(4,5)(2,5)(2,8)(0,8)
Polygon:
(0,0)(20,0)(20,12)(8,12)(8,26)(0,26)
Polygon:
(0,0)(16,0)(16,1)(4,1)(4,2)(0,2)
Polygon:
(0,0)(12,0)(12,10)(6,10)(6,18)(0,18)
Polygon:
(0,0)(14,0)(14,3)(9,3)(9,15)(0,15)
Polygon:
(0,0)(15,0)(15,6)(5,6)(5,7)(0,7)
Polygon:
(0,0)(6,0)(6,2)(5,2)(5,11)(0,11)
Polygon:
(0,0)(17,0)(17,13)(2,13)(2,27)(0,27)
Polygon:
(0,0)(13,0)(13,8)(9,8)(9,25)(0,25)
Polygon:
(0,0)(30,0)(30,7)(14,7)(14,20)(0,20)
Polygon:
(0,0)(11,0)(11,16)(7,16)(7,29)(0,29)
Polygon:
(0,0)(34,0)(34,8)(18,8)(18,12)(0,12)
Polygon:
(0,0)(8,0)(8,7)(2,7)(2,25)(0,25)
Polygon:
(0,0)(30,0)(30,6)(15,6)(15,11)(0,11)
Polygon:
(0,0)(28,0)(28,15)(10,15)(10,19)(0,19)
Polygon:
(0,0)(19,0)(19,11)(5,11)(5,23)(0,23)
Polygon:
(0,0)(25,0)(25,12)(16,12)(16,18)(0,18)
Polygon:
(0,0)(13,0)(13,18)(7,18)(7,27)(0,27)
Polygon:
(0,0)(16,0)(16,2)(12,2)(12,17)(0,17)
Polygon:
(0,0)(33,0)(33,13)(17,13)(17,20)(0,20)
Polygon:
(0,0)(22,0)(22,18)(18,18)(18,29)(0,29)
Polygon:
(0,0)(21,0)(21,18)(7,18)(7,26)(0,26)
Polygon:
(0,0)(15,0)(15,16)(14,16)(14,25)(0,25)
Polygon:
(0,0)(19,0)(19,11)(15,11)(15,19)(0,19)
Polygon:
(0,0)(19,0)(19,10)(3,10)(3,19)(0,19)
Polygon:
(0,0)(15,0)(15,14)(2,14)(2,24)(0,24)
Polygon:
(0,0)(20,0)(20,7)(7,7)(7,12)(0,12)
Polygon:
(0,0)(23,0)(23,11)(10,11)(10,17)(0,17)
Polygon:
(0,0)(14,0)(14,17)(11,17)(11,32)(0,32)
Polygon:
(0,0)(12,0)(12,15)(1,15)(1,25)(0,25)
Polygon:
(0,0)(17,0)(17,4)(13,4)(13,12)(0,12)
Polygon:
(0,0)(31,0)(31,3)(14,3)(14,5)(0,5)
Polygon:
(0,0)(24,0)(24,17)(18,17)(18,35)(0,35)
Polygon:
(0,0)(18,0)(18,8)(13,8)(13,18)(0,18)
Polygon:
(0,0)(20,0)(20,13)(17,13)(17,17)(0,17)
Polygon:
(0,0)(23,0)(23,5)(11,5)(11,6)(0,6)
Polygon:
(0,0)(10,0)(10,6)(9,6)(9,7)(0,7)
Polygon:
(0,0)(23,0)(23,1)(8,1)(8,8)(0,8)
Polygon:
(0,0)(18,0)(18,16)(8,16)(8,23)(0,23)
Polygon:
(0,0)(24,0)(24,9)(14,9)(14,21)(0,21)
Polygon:
(0,0)(34,0)(34,18)(17,18)(17,21)(0,21)
Polygon:
(0,0)(21,0)(21,4)(8,4)(8,22)(0,22)
Polygon:
(0,0)(22,0)(22,13)(15,13)(15,26)(0,26)
Polygon:
(0,0)(18,0)(18,17)(1,17)(1,30)(0,30)
Polygon:
(0,0)(20,0)(20,16)(11,16)(11,20)(0,20)
Polygon:
(0,0)(11,0)(11,3)(2,3)(2,19)(0,19)
Polygon:
(0,0)(22,0)(22,17)(11,17)(11,28)(0,28)
Polygon:
(0,0)(24,0)(24,18)(16,18)(16,27)(0,27)
Polygon:
(0,0)(4,0)(4,17)(2,17)(2,22)(0,22)
Polygon:
(0,0)(19,0)(19,17)(6,17)(6,33)(0,33)
Polygon:
(0,0)(31,0)(31,11)(15,11)(15,16)(0,16)
Polygon:
(0,0)(4,0)(4,11)(2,11)(2,14)(0,14)
Polygon:
(0,0)(17,0)(17,4)(8,4)(8,20)(0,20)
Polygon:
(0,0)(15,0)(15,9)(8,9)(8,24)(0,24)
Polygon:
(0,0)(25,0)(25,3)(16,3)(16,7)(0,7)
Polygon:
(0,0)(13,0)(13,10)(11,10)(11,15)(0,15)
Polygon:
(0,0)(22,0)(22,15)(6,15)(6,21)(0,21)
Polygon:
(0,0)(20,0)(20,17)(17,17)(17,18)(0,18)
Polygon:
(0,0)(26,0)(26,11)(18,11)(18,17)(0,17)
Polygon:
(0,0)(29,0)(29,3)(16,3)(16,13)(0,13)
Polygon:
(0,0)(16,0)(16,3)(10,3)(10,9)(0,9)
Polygon:
(0,0)(12,0)(12,11)(11,11)(11,12)(0,12)
Polygon:
(0,0)(7,0)(7,2)(5,2)(5,3)(0,3)
Polygon:
(0,0)(23,0)(23,2)(13,2)(13,19)(0,19)
Polygon:
(0,0)(17,0)(17,16)(9,16)(9,20)(0,20)
Polygon:
(0,0)(15,0)(15,2)(4,2)(4,19)(0,19)
Polygon:
(0,0)(26,0)(26,11)(14,11)(14,18)(0,18)
Polygon:
(0,0)(21,0)(21,3)(9,3)(9,8)(0,8)
Polygon:
(0,0)(21,0)(21,17)(13,17)(13,29)(0,29)
Polygon:
(0,0)(32,0)(32,11)(18,11)(18,25)(0,25)
Polygon:
(0,0)(28,0)(28,7)(17,7)(17,24)(0,24)
Polygon:
(0,0)(15,0)(15,6)(13,6)(13,14)(0,14)
Polygon:
(0,0)(25,0)(25,1)(11,1)(11,5)(0,5)
Polygon:
(0,0)(8,0)(8,2)(7,2)(7,19)(0,19)
Polygon:
(0,0)(26,0)(26,18)(13,18)(13,24)(0,24)
Polygon:
(0,0)(20,0)(20,1)(5,1)(5,11)(0,11)
Polygon:
(0,0)(19,0)(19,13)(7,13)(7,17)(0,17)
Polygon:
(0,0)(13,0)(13,13)(5,13)(5,31)(0,31)
Polygon:
(0,0)(16,0)(16,2)(10,2)(10,3)(0,3)
Polygon:
(0,0)(18,0)(18,7)(2,7)(2,10)(0,10)
Polygon:
(0,0)(27,0)(27,8)(9,8)(9,19)(0,19)
Polygon:
(0,0)(25,0)(25,5)(16,5)(16,16)(0,16)
Polygon:
(0,0)(26,0)(26,11)(15,11)(15,25)(0,25)
Polygon:
(0,0)(17,0)(17,4)(12,4)(12,10)(0,10)
Polygon:
(0,0)(22,0)(22,14)(16,14)(16,29)(0,29)
Polygon:
(0,0)(28,0)(28,10)(16,10)(16,15)(0,15)
Polygon:
(0,0)(13,0)(13,6)(11,6)(11,18)(0,18)
Polygon:
(0,0)(22,0)(22,17)(9,17)(9,24)(0,24)
Polygon:
(0,0)(19,0)(19,15)(4,15)(4,18)(0,18)
Polygon:
(0,0)(22,0)(22,11)(12,11)(12,27)(0,27)
Polygon:
(0,0)(31,0)(31,2)(16,2)(16,11)(0,11)
Polygon:
(0,0)(21,0)(21,17)(15,17)(15,21)(0,21)
Polygon:
(0,0)(26,0)(26,7)(10,7)(10,14)(0,14)
Polygon:
(0,0)(23,0)(23,10)(17,10)(17,13)(0,13)
Polygon:
(0,0)(23,0)(23,13)(17,13)(17,31)(0,31)
Polygon:
(0,0)(26,0)(26,10)(8,10)(8,24)(0,24)
Polygon:
(0,0)(20,0)(20,15)(18,15)(18,25)(0,25)
Polygon:
(0,0)(27,0)(27,1)(15,1)(15,10)(0,10)
Polygon:
(0,0)(22,0)(22,11)(11,11)(11,26)(0,26)
Polygon:
(0,0)(22,0)(22,17)(16,17)(16,22)(0,22)
Polygon:
(0,0)(29,0)(29,11)(18,11)(18,22)(0,22)
Polygon:
(0,0)(10,0)(10,15)(7,15)(7,16)(0,16)
Polygon:
(0,0)(9,0)(9,1)(3,1)(3,11)(0,11)
Polygon:
(0,0)(17,0)(17,7)(13,7)(13,11)(0,11)
Polygon:
(0,0)(18,0)(18,7)(11,7)(11,20)(0,20)
Polygon:
(0,0)(14,0)(14,10)(5,10)(5,17)(0,17)
Polygon:
(0,0)(13,0)(13,11)(5,11)(5,13)(0,13)
Polygon:
(0,0)(16,0)(16,8)(14,8)(14,21)(0,21)
Polygon:
(0,0)(20,0)(20,12)(8,12)(8,13)(0,13)
Polygon:
(0,0)(6,0)(6,14)(4,14)(4,26)(0,26)
Polygon:
(0,0)(24,0)(24,10)(9,10)(9,27)(0,27)
Polygon:
(0,0)(28,0)(28,7)(18,7)(18,15)(0,15)
Polygon:
(0,0)(18,0)(18,9)(17,9)(17,23)(0,23)
Polygon:
(0,0)(18,0)(18,12)(15,12)(15,20)(0,20)
Polygon:
(0,0)(14,0)(14,15)(3,15)(3,29)(0,29)
Polygon:
(0,0)(26,0)(26,10)(15,10)(15,23)(0,23)
Polygon:
(0,0)(23,0)(23,14)(5,14)(5,30)(0,30)
Polygon:
(0,0)(19,0)(19,7)(18,7)(18,14)(0,14)
Polygon:
(0,0)(18,0)(18,18)(1,18)(1,34)(0,34)
Polygon:
(0,0)(15,0)(15,11)(8,11)(8,17)(0,17)
Polygon:
(0,0)(15,0)(15,13)(5,13)(5,25)(0,25)
Polygon:
(0,0)(28,0)(28,13)(12,13)(12,31)(0,31)
Polygon:
(0,0)(21,0)(21,16)(15,16)(15,18)(0,18)
Polygon:
(0,0)(19,0)(19,18)(15,18)(15,35)(0,35)
Polygon:
(0,0)(19,0)(19,12)(18,12)(18,21)(0,21)
Polygon:
(0,0)(29,0)(29,4)(15,4)(15,17)(0,17)
Polygon:
(0,0)(31,0)(31,3)(16,3)(16,17)(0,17)
Polygon:
(0,0)(24,0)(24,17)(11,17)(11,30)(0,30)
Polygon:
(0,0)(14,0)(14,17)(4,17)(4,35)(0,35)
Polygon:
(0,0)(13,0)(13,12)(10,12)(10,14)(0,14)
Polygon:
(0,0)(13,0)(13,16)(12,16)(12,26)(0,26)
Polygon:
(0,0)(24,0)(24,6)(17,6)(17,14)(0,14)
Polygon:
(0,0)(26,0)(26,6)(15,6)(15,18)(0,18)
Polygon:
(0,0)(18,0)(18,17)(11,17)(11,30)(0,30)
Polygon:
(0,0)(29,0)(29,13)(12,13)(12,26)(0,26)
Polygon:
(0,0)(20,0)(20,11)(7,11)(7,12)(0,12)
Polygon:
(0,0)(19,0)(19,6)(18,6)(18,17)(0,17)
Polygon:
(0,0)(21,0)(21,17)(14,17)(14,31)(0,31)
Polygon:
(0,0)(7,0)(7,10)(3,10)(3,17)(0,17)
Polygon:
(0,0)(8,0)(8,8)(1,8)(1,24)(0,24)
Polygon:
(0,0)(27,0)(27,9)(18,9)(18,17)(0,17)
Polygon:
(0,0)(30,0)(30,16)(16,16)(16,24)(0,24)
Polygon:
(0,0)(9,0)(9,5)(1,5)(1,11)(0,11)
Polygon:
(0,0)(7,0)(7,12)(2,12)(2,26)(0,26)
Polygon:
(0,0)(22,0)(22,7)(6,7)(6,24)(0,24)
Polygon:
(0,0)(18,0)(18,6)(12,6)(12,10)(0,10)
Polygon:
(0,0)(19,0)(19,10)(7,10)(7,20)(0,20)
Polygon:
(0,0)(24,0)(24,13)(11,13)(11,27)(0,27)
Polygon:
(0,0)(22,0)(22,1)(12,1)(12,18)(0,18)
Polygon:
(0,0)(15,0)(15,17)(14,17)(14,33)(0,33)
Polygon:
(0,0)(12,0)(12,11)(11,11)(11,26)(0,26)
Polygon:
(0,0)(27,0)(27,18)(17,18)(17,28)(0,28)
Polygon:
(0,0)(25,0)(25,3)(12,3)(12,8)(0,8)
Polygon:
(0,0)(31,0)(31,7)(16,7)(16,15)(0,15)
Polygon:
(0,0)(14,0)(14,15)(11,15)(11,17)(0,17)
Polygon:
(0,0)(14,0)(14,10)(7,10)(7,16)(0,16)
Polygon:
(0,0)(28,0)(28,16)(11,16)(11,34)(0,34)
Polygon:
(0,0)(21,0)(21,8)(3,8)(3,26)(0,26)
Polygon:
(0,0)(13,0)(13,7)(10,7)(10,8)(0,8)
Polygon:
(0,0)(8,0)(8,7)(7,7)(7,23)(0,23)
Polygon:
(0,0)(26,0)(26,14)(13,14)(13,30)(0,30)
Polygon:
(0,0)(19,0)(19,18)(12,18)(12,32)(0,32)
Polygon:
(0,0)(20,0)(20,2)(17,2)(17,19)(0,19)
Polygon:
(0,0)(24,0)(24,6)(11,6)(11,13)(0,13)
Polygon:
(0,0)(20,0)(20,15)(2,15)(2,26)(0,26)
Polygon:
(0,0)(9,0)(9,3)(3,3)(3,4)(0,4)
Polygon:
(0,0)(17,0)(17,3)(16,3)(16,9)(0,9)
Polygon:
(0,0)(25,0)(25,13)(9,13)(9,27)(0,27)
Polygon:
(0,0)(9,0)(9,15)(1,15)(1,23)(0,23)
Polygon:
(0,0)(23,0)(23,13)(7,13)(7,20)(0,20)
Polygon:
(0,0)(16,0)(16,8)(10,8)(10,10)(0,10)
Polygon:
(0,0)(28,0)(28,17)(18,17)(18,29)(0,29)
Polygon:
(0,0)(26,0)(26,15)(14,15)(14,33)(0,33)
Polygon:
(0,0)(13,0)(13,7)(3,7)(3,10)(0,10)
Polygon:
(0,0)(18,0)(18,5)(13,5)(13,17)(0,17)
Polygon:
(0,0)(26,0)(26,8)(11,8)(11,16)(0,16)
Polygon:
(0,0)(27,0)(27,12)(13,12)(13,27)(0,27)
Polygon:
(0,0)(14,0)(14,5)(2,5)(2,12)(0,12)
Polygon:
(0,0)(23,0)(23,3)(12,3)(12,20)(0,20)
Polygon:
(0,0)(26,0)(26,5)(15,5)(15,15)(0,15)
Polygon:
(0,0)(3,0)(3,3)(1,3)(1,21)(0,21)
Polygon:
(0,0)(20,0)(20,13)(8,13)(8,19)(0,19)
Polygon:
(0,0)(29,0)(29,9)(12,9)(12,16)(0,16)
Polygon:
(0,0)(33,0)(33,7)(17,7)(17,16)(0,16)
Polygon:
(0,0)(28,0)(28,1)(16,1)(16,5)(0,5)
Polygon:
(0,0)(22,0)(22,4)(17,4)(17,19)(0,19)
Polygon:
(0,0)(24,0)(24,10)(12,10)(12,17)(0,17)
Polygon:
(0,0)(23,0)(23,11)(14,11)(14,29)(0,29)
Polygon:
(0,0)(7,0)(7,17)(4,17)(4,28)(0,28)
Polygon:
(0,0)(21,0)(21,16)(6,16)(6,23)(0,23)
Polygon:
(0,0)(12,0)(12,15)(4,15)(4,25)(0,25)
Polygon:
(0,0)(13,0)(13,6)(4,6)(4,24)(0,24)
Polygon:
(0,0)(15,0)(15,15)(3,15)(3,23)(0,23)
Polygon:
(0,0)(4,0)(4,1)(2,1)(2,18)(0,18)
Polygon:
(0,0)(25,0)(25,9)(14,9)(14,26)(0,26)
Polygon:
(0,0)(21,0)(21,18)(5,18)(5,23)(0,23)
Polygon:
(0,0)(26,0)(26,15)(18,15)(18,17)(0,17)
Polygon:
(0,0)(30,0)(30,15)(14,15)(14,26)(0,26)
Polygon:
(0,0)(21,0)(21,11)(13,11)(13,29)(0,29)
Polygon:
(0,0)(9,0)(9,17)(5,17)(5,26)(0,26)
Polygon:
(0,0)(20,0)(20,2)(5,2)(5,3)(0,3)
Polygon:
(0,0)(18,0)(18,3)(13,3)(13,13)(0,13)
Polygon:
(0,0)(18,0)(18,13)(15,13)(15,16)(0,16)
Polygon:
(0,0)(21,0)(21,14)(16,14)(16,16)(0,16)
Polygon:
(0,0)(16,0)(16,18)(10,18)(10,27)(0,27)
Polygon:
(0,0)(29,0)(29,12)(17,12)(17,16)(0,16)
Polygon:
(0,0)(24,0)(24,1)(6,1)(6,19)(0,19)
Polygon:
(0,0)(19,0)(19,1)(16,1)(16,5)(0,5)
Polygon:
(0,0)(24,0)(24,11)(7,11)(7,12)(0,12)
Polygon:
(0,0)(18,0)(18,13)(13,13)(13,17)(0,17)
Polygon:
(0,0)(11,0)(11,6)(10,6)(10,12)(0,12)
Polygon:
(0,0)(20,0)(20,18)(9,18)(9,29)(0,29)
Polygon:
(0,0)(33,0)(33,6)(17,6)(17,7)(0,7)
Polygon:
(0,0)(22,0)(22,9)(5,9)(5,27)(0,27)
Polygon:
(0,0)(20,0)(20,12)(13,12)(13,23)(0,23)
Polygon:
(0,0)(27,0)(27,2)(18,2)(18,5)(0,5)
Polygon:
(0,0)(19,0)(19,13)(14,13)(14,24)(0,24)
Polygon:
(0,0)(9,0)(9,9)(5,9)(5,14)(0,14)
Polygon:
(0,0)(21,0)(21,14)(15,14)(15,20)(0,20)
Polygon:
(0,0)(15,0)(15,16)(7,16)(7,34)(0,34)
Polygon:
(0,0)(12,0)(12,8)(10,8)(10,17)(0,17)
Polygon:
(0,0)(5,0)(5,15)(1,15)(1,32)(0,32)
Polygon:
(0,0)(18,0)(18,12)(4,12)(4,16)(0,16)
Polygon:
(0,0)(34,0)(34,16)(17,16)(17,27)(0,27)
Polygon:
(0,0)(24,0)(24,6)(17,6)(17,10)(0,10)
Polygon:
(0,0)(12,0)(12,18)(8,18)(8,24)(0,24)
Polygon:
(0,0)(17,0)(17,9)(5,9)(5,14)(0,14)
Polygon:
(0,0)(21,0)(21,7)(13,7)(13,16)(0,16)
Polygon:
(0,0)(18,0)(18,14)(4,14)(4,15)(0,15)
Polygon:
(0,0)(15,0)(15,6)(11,6)(11,24)(0,24)
Polygon:
(0,0)(33,0)(33,16)(18,16)(18,19)(0,19)
Polygon:
(0,0)(2,0)(2,7)(1,7)(1,21)(0,21)
Polygon:
(0,0)(3,0)(3,3)(2,3)(2,16)(0,16)
Polygon:
(0,0)(13,0)(13,5)(7,5)(7,14)(0,14)
Polygon:
(0,0)(18,0)(18,5)(16,5)(16,18)(0,18)
Polygon:
(0,0)(16,0)(16,14)(14,14)(14,28)(0,28)
Polygon:
(0,0)(21,0)(21,2)(13,2)(13,13)(0,13)
Polygon:
(0,0)(11,0)(11,11)(2,11)(2,20)(0,20)
Polygon:
(0,0)(10,0)(10,2)(5,2)(5,9)(0,9)
Polygon:
(0,0)(23,0)(23,18)(11,18)(11,34)(0,34)
Polygon:
(0,0)(14,0)(14,18)(6,18)(6,26)(0,26)
Polygon:
(0,0)(11,0)(11,9)(4,9)(4,25)(0,25)
Polygon:
(0,0)(33,0)(33,4)(18,4)(18,15)(0,15)
Polygon:
(0,0)(13,0)(13,8)(5,8)(5,14)(0,14)
Polygon:
(0,0)(12,0)(12,6)(7,6)(7,23)(0,23)
Polygon:
(0,0)(21,0)(21,10)(8,10)(8,28)(0,28)
Polygon:
(0,0)(17,0)(17,7)(1,7)(1,17)(0,17)
Polygon:
(0,0)(5,0)(5,8)(4,8)(4,18)(0,18)
Polygon:
(0,0)(22,0)(22,15)(10,15)(10,30)(0,30)
Polygon:
(0,0)(10,0)(10,11)(4,11)(4,22)(0,22)
Polygon:
(0,0)(28,0)(28,9)(17,9)(17,23)(0,23)
Polygon:
(0,0)(22,0)(22,6)(14,6)(14,21)(0,21)
Polygon:
(0,0)(22,0)(22,2)(13,2)(13,14)(0,14)
Polygon:
(0,0)(24,0)(24,14)(11,14)(11,21)(0,21)
Polygon:
(0,0)(18,0)(18,9)(4,9)(4,17)(0,17)
Polygon:
(0,0)(12,0)(12,12)(6,12)(6,21)(0,21)
Polygon:
(0,0)(14,0)(14,1)(1,1)(1,18)(0,18)
Polygon:
(0,0)(8,0)(8,1)(5,1)(5,12)(0,12)
Polygon:
(0,0)(11,0)(11,2)(1,2)(1,17)(0,17)
Polygon:
(0,0)(11,0)(11,5)(7,5)(7,11)(0,11)
Polygon:
(0,0)(16,0)(16,3)(11,3)(11,17)(0,17)
Polygon:
(0,0)(9,0)(9,11)(2,11)(2,14)(0,14)
Polygon:
(0,0)(15,0)(15,11)(10,11)(10,18)(0,18)
Polygon:
(0,0)(26,0)(26,18)(15,18)(15,34)(0,34)
Polygon:
(0,0)(27,0)(27,6)(12,6)(12,21)(0,21)
Polygon:
(0,0)(17,0)(17,1)(15,1)(15,9)(0,9)
Polygon:
(0,0)(13,0)(13,3)(8,3)(8,7)(0,7)
Polygon:
(0,0)(17,0)(17,6)(10,6)(10,22)(0,22)
Polygon:
(0,0)(12,0)(12,10)(5,10)(5,19)(0,19)
Polygon:
(0,0)(29,0)(29,8)(12,8)(12,24)(0,24)
Polygon:
(0,0)(22,0)(22,7)(15,7)(15,19)(0,19)
Polygon:
(0,0)(13,0)(13,12)(6,12)(6,14)(0,14)
Polygon:
(0,0)(27,0)(27,11)(10,11)(10,27)(0,27)
Polygon:
(0,0)(14,0)(14,7)(6,7)(6,17)(0,17)
Polygon:
(0,0)(16,0)(16,9)(3,9)(3,14)(0,14)
Polygon:
(0,0)(8,0)(8,3)(7,3)(7,14)(0,14)
Polygon:
(0,0)(29,0)(29,17)(11,17)(11,18)(0,18)
Polygon:
(0,0)(24,0)(24,16)(18,16)(18,30)(0,30)
Polygon:
(0,0)(9,0)(9,8)(7,8)(7,24)(0,24)
Polygon:
(0,0)(20,0)(20,4)(4,4)(4,11)(0,11)
Polygon:
(0,0)(4,0)(4,18)(2,18)(2,23)(0,23)
Polygon:
(0,0)(5,0)(5,11)(4,11)(4,20)(0,20)
Polygon:
(0,0)(22,0)(22,13)(7,13)(7,14)(0,14)
Polygon:
(0,0)(28,0)(28,11)(16,11)(16,25)(0,25)
Polygon:
(0,0)(8,0)(8,16)(5,16)(5,21)(0,21)
Polygon:
(0,0)(8,0)(8,3)(2,3)(2,12)(0,12)
Polygon:
(0,0)(23,0)(23,2)(9,2)(9,7)(0,7)
Polygon:
(0,0)(24,0)(24,6)(12,6)(12,17)(0,17)
Polygon:
(0,0)(29,0)(29,5)(12,5)(12,17)(0,17)
Polygon:
(0,0)(15,0)(15,5)(12,5)(12,8)(0,8)
Polygon:
(0,0)(11,0)(11,4)(5,4)(5,19)(0,19)
Polygon:
(0,0)(26,0)(26,12)(17,12)(17,26)(0,26)
Polygon:
(0,0)(10,0)(10,12)(8,12)(8,26)(0,26)
Polygon:
(0,0)(19,0)(19,5)(11,5)(11,17)(0,17)
Polygon:
(0,0)(14,0)(14,3)(3,3)(3,11)(0,11)
Polygon:
(0,0)(20,0)(20,10)(4,10)(4,13)(0,13)
Polygon:
(0,0)(16,0)(16,3)(10,3)(10,9)(0,9)
Polygon:
(0,0)(28,0)(28,5)(13,5)(13,17)(0,17)
Polygon:
(0,0)(9,0)(9,12)(8,12)(8,24)(0,24)
Polygon:
(0,0)(16,0)(16,18)(7,18)(7,22)(0,22)
Polygon:
(0,0)(34,0)(34,3)(18,3)(18,8)(0,8)
Polygon:
(0,0)(28,0)(28,2)(16,2)(16,16)(0,16)
Polygon:
(0,0)(11,0)(11,4)(2,4)(2,19)(0,19)
Polygon:
(0,0)(12,0)(12,14)(7,14)(7,32)(0,32)
Polygon:
(0,0)(20,0)(20,11)(7,11)(7,21)(0,21)
Polygon:
(0,0)(20,0)(20,6)(3,6)(3,22)(0,22)
Polygon:
(0,0)(8,0)(8,3)(4,3)(4,4)(0,4)
Polygon:
(0,0)(26,0)(26,2)(10,2)(10,20)(0,20)
Polygon:
(0,0)(25,0)(25,10)(11,10)(11,13)(0,13)
Polygon:
(0,0)(24,0)(24,13)(11,13)(11,30)(0,30)
Polygon:
(0,0)(12,0)(12,15)(5,15)(5,24)(0,24)
Polygon:
(0,0)(20,0)(20,2)(16,2)(16,19)(0,19)
Polygon:
(0,0)(12,0)(12,11)(6,11)(6,12)(0,12)
Polygon:
(0,0)(19,0)(19,13)(8,13)(8,27)(0,27)
Polygon:
(0,0)(24,0)(24,4)(10,4)(10,22)(0,22)
Polygon:
(0,0)(17,0)(17,13)(4,13)(4,18)(0,18)
Polygon:
(0,0)(26,0)(26,15)(15,15)(15,25)(0,25)
Polygon:
(0,0)(11,0)(11,16)(9,16)(9,24)(0,24)
Polygon:
(0,0)(28,0)(28,18)(14,18)(14,21)(0,21)
Polygon:
(0,0)(23,0)(23,1)(12,1)(12,8)(0,8)
Polygon:
(0,0)(21,0)(21,6)(17,6)(17,17)(0,17)
Polygon:
(0,0)(21,0)(21,2)(10,2)(10,6)(0,6)
Polygon:
(0,0)(18,0)(18,2)(6,2)(6,8)(0,8)
Polygon:
(0,0)(36,0)(36,17)(18,17)(18,27)(0,27)
Polygon:
(0,0)(21,0)(21,1)(6,1)(6,7)(0,7)
Polygon:
(0,0)(19,0)(19,17)(14,17)(14,24)(0,24)
Polygon:
(0,0)(13,0)(13,5)(8,5)(8,23)(0,23)
Polygon:
(0,0)(18,0)(18,11)(11,11)(11,13)(0,13)
Polygon:
(0,0)(21,0)(21,9)(4,9)(4,10)(0,10)
Polygon:
(0,0)(15,0)(15,8)(5,8)(5,15)(0,15)
Polygon:
(0,0)(22,0)(22,13)(14,13)(14,20)(0,20)
Polygon:
(0,0)(5,0)(5,9)(1,9)(1,23)(0,23)
Polygon:
(0,0)(22,0)(22,11)(8,11)(8,28)(0,28)
Polygon:
(0,0)(11,0)(11,9)(2,9)(2,24)(0,24)
Polygon:
(0,0)(18,0)(18,7)(14,7)(14,8)(0,8)
Polygon:
(0,0)(16,0)(16,8)(5,8)(5,10)(0,10)
Polygon:
(0,0)(10,0)(10,10)(8,10)(8,25)(0,25)
Polygon:
(0,0)(21,0)(21,2)(14,2)(14,16)(0,16)
Polygon:
(0,0)(10,0)(10,7)(4,7)(4,23)(0,23)
Polygon:
(0,0)(15,0)(15,1)(13,1)(13,2)(0,2)
Polygon:
(0,0)(26,0)(26,15)(14,15)(14,18)(0,18)
Polygon:
(0,0)(31,0)(31,2)(18,2)(18,7)(0,7)
Polygon:
(0,0)(20,0)(20,2)(4,2)(4,5)(0,5)
Polygon:
(0,0)(13,0)(13,1)(8,1)(8,9)(0,9)
Polygon:
(0,0)(17,0)(17,16)(10,16)(10,20)(0,20)
Polygon:
(0,0)(11,0)(11,2)(8,2)(8,9)(0,9)
Polygon:
(0,0)(33,0)(33,16)(18,16)(18,28)(0,28)
Polygon:
(0,0)(33,0)(33,8)(18,8)(18,26)(0,26)
Polygon:
(0,0)(24,0)(24,3)(12,3)(12,20)(0,20)
Polygon:
(0,0)(20,0)(20,2)(11,2)(11,15)(0,15)
Polygon:
(0,0)(20,0)(20,13)(12,13)(12,21)(0,21)
Polygon:
(0,0)(16,0)(16,18)(8,18)(8,25)(0,25)
Polygon:
(0,0)(16,0)(16,10)(9,10)(9,19)(0,19)
Polygon:
(0,0)(18,0)(18,5)(4,5)(4,18)(0,18)
Polygon:
(0,0)(4,0)(4,9)(3,9)(3,21)(0,21)
Polygon:
(0,0)(15,0)(15,13)(5,13)(5,18)(0,18)
Polygon:
(0,0)(30,0)(30,2)(14,2)(14,4)(0,4)
Polygon:
(0,0)(14,0)(14,18)(9,18)(9,28)(0,28)
Polygon:
(0,0)(21,0)(21,11)(18,11)(18,16)(0,16)
Polygon:
(0,0)(21,0)(21,8)(10,8)(10,9)(0,9)
Polygon:
(0,0)(3,0)(3,4)(1,4)(1,9)(0,9)
Polygon:
(0,0)(24,0)(24,14)(6,14)(6,24)(0,24)
Polygon:
(0,0)(30,0)(30,7)(16,7)(16,18)(0,18)
Polygon:
(0,0)(24,0)(24,4)(9,4)(9,21)(0,21)
Polygon:
(0,0)(15,0)(15,11)(4,11)(4,18)(0,18)
Polygon:
(0,0)(34,0)(34,5)(16,5)(16,21)(0,21)
Polygon:
(0,0)(19,0)(19,9)(9,9)(9,23)(0,23)
Polygon:
(0,0)(5,0)(5,10)(4,10)(4,24)(0,24)
Polygon:
(0,0)(20,0)(20,15)(2,15)(2,25)(0,25)
Polygon:
(0,0)(34,0)(34,7)(17,7)(17,10)(0,10)
Polygon:
(0,0)(19,0)(19,8)(12,8)(12,22)(0,22)
Polygon:
(0,0)(25,0)(25,17)(18,17)(18,22)(0,22)
Polygon:
(0,0)(9,0)(9,18)(4,18)(4,30)(0,30)
Polygon:
(0,0)(17,0)(17,6)(13,6)(13,15)(0,15)
Polygon:
(0,0)(23,0)(23,3)(7,3)(7,19)(0,19)
Polygon:
(0,0)(24,0)(24,11)(18,11)(18,22)(0,22)
Polygon:
(0,0)(8,0)(8,3)(4,3)(4,10)(0,10)
Polygon:
(0,0)(14,0)(14,17)(5,17)(5,20)(0,20)
Polygon:
(0,0)(4,0)(4,2)(2,2)(2,9)(0,9)
Polygon:
(0,0)(8,0)(8,9)(4,9)(4,17)(0,17)
Polygon:
(0,0)(17,0)(17,2)(12,2)(12,13)(0,13)
Polygon:
(0,0)(15,0)(15,8)(12,8)(12,17)(0,17)
Polygon:
(0,0)(16,0)(16,9)(5,9)(5,14)(0,14)
Polygon:
(0,0)(18,0)(18,5)(14,5)(14,9)(0,9)
Polygon:
(0,0)(18,0)(18,3)(12,3)(12,12)(0,12)
Polygon:
(0,0)(27,0)(27,9)(10,9)(10,24)(0,24)
Polygon:
(0,0)(28,0)(28,4)(12,4)(12,18)(0,18)
Polygon:
(0,0)(20,0)(20,1)(13,1)(13,18)(0,18)
Polygon:
(0,0)(10,0)(10,7)(1,7)(1,20)(0,20)
Polygon:
(0,0)(7,0)(7,7)(5,7)(5,21)(0,21)
Polygon:
(0,0)(21,0)(21,18)(11,18)(11,30)(0,30)
Polygon:
(0,0)(15,0)(15,4)(6,4)(6,19)(0,19)
Polygon:
(0,0)(5,0)(5,6)(2,6)(2,17)(0,17)
Polygon:
(0,0)(17,0)(17,6)(1,6)(1,16)(0,16)
Polygon:
(0,0)(24,0)(24,5)(11,5)(11,8)(0,8)
Polygon:
(0,0)(22,0)(22,16)(7,16)(7,21)(0,21)
Polygon:
(0,0)(14,0)(14,7)(1,7)(1,20)(0,20)
Polygon:
(0,0)(24,0)(24,11)(7,11)(7,21)(0,21)
Polygon:
(0,0)(7,0)(7,13)(4,13)(4,31)(0,31)
Polygon:
(0,0)(4,0)(4,17)(3,17)(3,20)(0,20)
Polygon:
(0,0)(17,0)(17,12)(14,12)(14,25)(0,25)
Polygon:
(0,0)(18,0)(18,7)(16,7)(16,21)(0,21)
Polygon:
(0,0)(14,0)(14,11)(1,11)(1,20)(0,20)
Polygon:
(0,0)(5,0)(5,4)(1,4)(1,9)(0,9)
Polygon:
(0,0)(21,0)(21,1)(8,1)(8,3)(0,3)
Polygon:
(0,0)(21,0)(21,17)(17,17)(17,28)(0,28)
Polygon:
(0,0)(30,0)(30,8)(12,8)(12,12)(0,12)
Polygon:
(0,0)(21,0)(21,18)(15,18)(15,24)(0,24)
Polygon:
(0,0)(31,0)(31,11)(17,11)(17,26)(0,26)
Polygon:
(0,0)(18,0)(18,9)(15,9)(15,18)(0,18)
Polygon:
(0,0)(30,0)(30,12)(18,12)(18,16)(0,16)
Polygon:
(0,0)(23,0)(23,16)(8,16)(8,26)(0,26)
Polygon:
(0,0)(29,0)(29,16)(14,16)(14,33)(0,33)
Polygon:
(0,0)(21,0)(21,8)(7,8)(7,24)(0,24)
Polygon:
(0,0)(20,0)(20,17)(15,17)(15,23)(0,23)
Polygon:
(0,0)(20,0)(20,17)(7,17)(7,25)(0,25)
Polygon:
(0,0)(14,0)(14,3)(12,3)(12,11)(0,11)
Polygon:
(0,0)(28,0)(28,3)(17,3)(17,5)(0,5)
Polygon:
(0,0)(16,0)(16,6)(10,6)(10,18)(0,18)
Polygon:
(0,0)(12,0)(12,18)(4,18)(4,35)(0,35)
Polygon:
(0,0)(12,0)(12,14)(4,14)(4,16)(0,16)
Polygon:
(0,0)(17,0)(17,7)(9,7)(9,13)(5,13)(5,3)(0,3)
Polygon:
(0,0)(5,0)(5,5)(0,5)
Polygon:
(0,0)(6,0)(6,3)(0,3)
Polygon:
(0,0)(10,0)(10,8)(0,8)
Polygon:
(0,0)(35,0)(35,5)(25,5)(25,1)(9,1)(9,2)(0,2)
Polygon:
(0,0)(28,0)(28,18)(17,18)(17,4)(16,4)(16,11)(0,11)
Polygon:
(0,0)(47,0)(47,15)(33,15)(33,8)(18,8)(18,17)(0,17)
Polygon:
(0,0)(36,0)(36,24)(31,24)(31,6)(15,6)(15,12)(0,12)
Polygon:
(0,0)(4,0)(4,1)(0,1)
Polygon:
(0,0)(15,0)(15,10)(0,10)
Polygon:
(0,0)(17,0)(17,1)(0,1)
Polygon:
(0,0)(34,0)(34,17)(25,17)(25,4)(17,4)(17,17)(0,17)
Polygon:
(0,0)(8,0)(8,16)(0,16)
Polygon:
(0,0)(4,0)(4,2)(0,2)
Polygon:
(0,0)(17,0)(17,16)(0,16)
Polygon:
(0,0)(18,0)(18,3)(0,3)
Polygon:
(0,0)(17,0)(17,1)(0,1)
Polygon:
(0,0)(3,0)(3,6)(0,6)
Polygon:
(0,0)(11,0)(11,12)(0,12)
Polygon:
(0,0)(38,0)(38,2)(31,2)(31,13)(18,13)(18,1)(0,1)
Polygon:
(0,0)(11,0)(11,16)(0,16)
Polygon:
(0,0)(1,0)(1,17)(0,17)
Polygon:
(0,0)(19,0)(19,15)(16,15)(16,14)(9,14)(9,15)(0,15)
Polygon:
(0,0)(12,0)(12,6)(0,6)
Polygon:
(0,0)(2,0)(2,11)(0,11)
Polygon:
(0,0)(19,0)(19,16)(16,16)(16,20)(13,20)(13,7)(0,7)
Polygon:
(0,0)(10,0)(10,14)(0,14)
Polygon:
(0,0)(6,0)(6,11)(0,11)
Polygon:
(0,0)(28,0)(28,4)(23,4)(23,16)(16,16)(16,8)(0,8)
Polygon:
(0,0)(13,0)(13,1)(0,1)
Polygon:
(0,0)(4,0)(4,12)(0,12)
Polygon:
(0,0)(16,0)(16,1)(0,1)
Polygon:
(0,0)(12,0)(12,3)(3,3)(3,21)(1,21)(1,17)(0,17)
Polygon:
(0,0)(10,0)(10,7)(0,7)
Polygon:
(0,0)(30,0)(30,17)(24,17)(24,24)(15,24)(15,8)(0,8)
Polygon:
(0,0)(9,0)(9,17)(0,17)
Polygon:
(0,0)(3,0)(3,12)(0,12)
Polygon:
(0,0)(4,0)(4,10)(0,10)
Polygon:
(0,0)(2,0)(2,9)(0,9)
Polygon:
(0,0)(12,0)(12,10)(6,10)(6,11)(1,11)(1,1)(0,1)
Polygon:
(0,0)(10,0)(10,14)(0,14)
Polygon:
(0,0)(18,0)(18,18)(0,18)
Polygon:
(0,0)(32,0)(32,18)(19,18)(19,22)(7,22)(7,5)(0,5)
Polygon:
(0,0)(22,0)(22,13)(15,13)(15,18)(8,18)(8,1)(0,1)
Polygon:
(0,0)(7,0)(7,19)(5,19)(5,8)(3,8)(3,15)(0,15)
Polygon:
(0,0)(27,0)(27,4)(19,4)(19,17)(11,17)(11,4)(0,4)
Polygon:
(0,0)(16,0)(16,2)(0,2)
Polygon:
(0,0)(31,0)(31,6)(18,6)(18,19)(6,19)(6,17)(0,17)
Polygon:
(0,0)(39,0)(39,21)(26,21)(26,27)(13,27)(13,11)(0,11)
Polygon:
(0,0)(9,0)(9,17)(0,17)
Polygon:
(0,0)(27,0)(27,5)(18,5)(18,21)(14,21)(14,18)(0,18)
Polygon:
(0,0)(2,0)(2,2)(0,2)
Polygon:
(0,0)(34,0)(34,15)(29,15)(29,12)(13,12)(13,15)(0,15)
Polygon:
(0,0)(8,0)(8,6)(0,6)
Polygon:
(0,0)(3,0)(3,10)(0,10)
Polygon:
(0,0)(3,0)(3,18)(0,18)
Polygon:
(0,0)(43,0)(43,6)(26,6)(26,20)(10,20)(10,2)(0,2)
Polygon:
(0,0)(15,0)(15,3)(0,3)
Polygon:
(0,0)(22,0)(22,16)(19,16)(19,10)(7,10)(7,15)(0,15)
Polygon:
(0,0)(34,0)(34,13)(27,13)(27,24)(18,24)(18,9)(0,9)
Polygon:
(0,0)(6,0)(6,7)(0,7)
Polygon:
(0,0)(15,0)(15,3)(0,3)
Polygon:
(0,0)(21,0)(21,4)(18,4)(18,14)(11,14)(11,13)(0,13)
Polygon:
(0,0)(14,0)(14,6)(0,6)
Polygon:
(0,0)(15,0)(15,15)(0,15)
Polygon:
(0,0)(16,0)(16,24)(5,24)(5,7)(2,7)(2,12)(0,12)
Polygon:
(0,0)(30,0)(30,16)(18,16)(18,25)(11,25)(11,11)(0,11)
Polygon:
(0,0)(28,0)(28,16)(25,16)(25,20)(17,20)(17,5)(0,5)
Polygon:
(0,0)(7,0)(7,10)(0,10)
Polygon:
(0,0)(1,0)(1,17)(0,17)
Polygon:
(0,0)(15,0)(15,15)(0,15)
Polygon:
(0,0)(4,0)(4,5)(0,5)
Polygon:
(0,0)(26,0)(26,18)(11,18)(11,25)(4,25)(4,10)(0,10)
Polygon:
(0,0)(33,0)(33,4)(28,4)(28,18)(16,18)(16,8)(0,8)
Polygon:
(0,0)(18,0)(18,4)(0,4)
Polygon:
(0,0)(13,0)(13,6)(0,6)
Polygon:
(0,0)(19,0)(19,19)(13,19)(13,2)(5,2)(5,11)(0,11)
Polygon:
(0,0)(26,0)(26,21)(23,21)(23,27)(17,27)(17,16)(0,16)
Polygon:
(0,0)(2,0)(2,16)(0,16)
Polygon:
(0,0)(23,0)(23,6)(19,6)(19,5)(10,5)(10,18)(0,18)
Polygon:
(0,0)(12,0)(12,22)(10,22)(10,28)(3,28)(3,11)(0,11)
Polygon:
(0,0)(31,0)(31,16)(29,16)(29,18)(18,18)(18,8)(0,8)
Polygon:
(0,0)(3,0)(3,14)(0,14)
Polygon:
(0,0)(37,0)(37,18)(26,18)(26,20)(16,20)(16,14)(0,14)
Polygon:
(0,0)(12,0)(12,3)(0,3)
Polygon:
(0,0)(7,0)(7,18)(0,18)
Polygon:
(0,0)(4,0)(4,11)(0,11)
Polygon:
(0,0)(5,0)(5,15)(0,15)
Polygon:
(0,0)(31,0)(31,24)(13,24)(13,10)(11,10)(11,18)(0,18)
Polygon:
(0,0)(4,0)(4,1)(0,1)
Polygon:
(0,0)(10,0)(10,12)(8,12)(8,1)(6,1)(6,2)(0,2)
Polygon:
(0,0)(25,0)(25,6)(12,6)(12,17)(9,17)(9,6)(0,6)
Polygon:
(0,0)(16,0)(16,14)(0,14)
Polygon:
(0,0)(23,0)(23,16)(21,16)(21,1)(9,1)(9,14)(0,14)
Polygon:
(0,0)(14,0)(14,8)(0,8)
Polygon:
(0,0)(14,0)(14,18)(0,18)
Polygon:
(0,0)(17,0)(17,16)(15,16)(15,29)(4,29)(4,12)(0,12)
Polygon:
(0,0)(46,0)(46,6)(28,6)(28,3)(16,3)(16,14)(0,14)
Polygon:
(0,0)(8,0)(8,13)(0,13)
Polygon:
(0,0)(17,0)(17,9)(0,9)
Polygon:
(0,0)(16,0)(16,3)(0,3)
Polygon:
(0,0)(31,0)(31,5)(24,5)(24,21)(18,21)(18,7)(0,7)
Polygon:
(0,0)(10,0)(10,17)(0,17)
Polygon:
(0,0)(21,0)(21,9)(18,9)(18,11)(9,11)(9,1)(0,1)
Polygon:
(0,0)(2,0)(2,12)(0,12)
Polygon:
(0,0)(38,0)(38,13)(31,13)(31,20)(17,20)(17,2)(0,2)
Polygon:
(0,0)(30,0)(30,11)(17,11)(17,18)(13,18)(13,1)(0,1)
Polygon:
(0,0)(11,0)(11,20)(6,20)(6,24)(5,24)(5,16)(0,16)
Polygon:
(0,0)(26,0)(26,10)(25,10)(25,24)(10,24)(10,16)(0,16)
Polygon:
(0,0)(16,0)(16,2)(0,2)
Polygon:
(0,0)(42,0)(42,9)(25,9)(25,20)(8,20)(8,12)(0,12)
Polygon:
(0,0)(18,0)(18,14)(0,14)
Polygon:
(0,0)(14,0)(14,9)(0,9)
Polygon:
(0,0)(38,0)(38,22)(20,22)(20,27)(16,27)(16,10)(0,10)
Polygon:
(0,0)(38,0)(38,26)(22,26)(22,28)(7,28)(7,15)(0,15)
Polygon:
(0,0)(4,0)(4,11)(0,11)
Polygon:
(0,0)(37,0)(37,6)(19,6)(19,18)(18,18)(18,12)(0,12)
Polygon:
(0,0)(3,0)(3,12)(0,12)
Polygon:
(0,0)(26,0)(26,19)(11,19)(11,11)(7,11)(7,18)(0,18)
Polygon:
(0,0)(11,0)(11,3)(0,3)
Polygon:
(0,0)(3,0)(3,2)(0,2)
Polygon:
(0,0)(11,0)(11,7)(9,7)(9,9)(5,9)(5,4)(0,4)
Polygon:
(0,0)(37,0)(37,11)(34,11)(34,18)(17,18)(17,7)(0,7)
Polygon:
(0,0)(14,0)(14,8)(0,8)
Polygon:
(0,0)(25,0)(25,9)(7,9)(7,19)(4,19)(4,11)(0,11)
Polygon:
(0,0)(31,0)(31,14)(15,14)(15,19)(4,19)(4,9)(0,9)
Polygon:
(0,0)(22,0)(22,11)(21,11)(21,19)(13,19)(13,4)(0,4)
Polygon:
(0,0)(3,0)(3,12)(0,12)
Polygon:
(0,0)(31,0)(31,31)(25,31)(25,34)(10,34)(10,16)(0,16)
Polygon:
(0,0)(28,0)(28,18)(23,18)(23,20)(18,20)(18,17)(0,17)
Polygon:
(0,0)(14,0)(14,16)(0,16)
Polygon:
(0,0)(16,0)(16,6)(0,6)
Polygon:
(0,0)(31,0)(31,8)(29,8)(29,5)(13,5)(13,9)(0,9)
Polygon:
(0,0)(30,0)(30,15)(28,15)(28,7)(11,7)(11,15)(0,15)
Polygon:
(0,0)(2,0)(2,13)(0,13)
Polygon:
(0,0)(16,0)(16,16)(0,16)
Polygon:
(0,0)(19,0)(19,9)(16,9)(16,26)(12,26)(12,9)(0,9)
Polygon:
(0,0)(16,0)(16,2)(0,2)
Polygon:
(0,0)(2,0)(2,14)(0,14)
Polygon:
(0,0)(8,0)(8,6)(0,6)
Polygon:
(0,0)(33,0)(33,8)(27,8)(27,19)(10,19)(10,3)(0,3)
Polygon:
(0,0)(15,0)(15,8)(0,8)
Polygon:
(0,0)(24,0)(24,7)(18,7)(18,25)(11,25)(11,8)(0,8)
Polygon:
(0,0)(19,0)(19,14)(14,14)(14,1)(6,1)(6,15)(0,15)
Polygon:
(0,0)(22,0)(22,20)(20,20)(20,3)(11,3)(11,8)(0,8)
Polygon:
(0,0)(8,0)(8,13)(0,13)
Polygon:
(0,0)(38,0)(38,25)(23,25)(23,30)(13,30)(13,18)(0,18)
Polygon:
(0,0)(15,0)(15,14)(0,14)
Polygon:
(0,0)(45,0)(45,12)(35,12)(35,16)(18,16)(18,6)(0,6)
Polygon:
(0,0)(3,0)(3,3)(0,3)
Polygon:
(0,0)(22,0)(22,18)(16,18)(16,13)(8,13)(8,18)(0,18)
Polygon:
(0,0)(13,0)(13,9)(4,9)(4,20)(1,20)(1,15)(0,15)
Polygon:
(0,0)(11,0)(11,18)(0,18)
Polygon:
(0,0)(39,0)(39,10)(22,10)(22,19)(4,19)(4,14)(0,14)
Polygon:
(0,0)(12,0)(12,14)(6,14)(6,8)(2,8)(2,16)(0,16)
Polygon:
(0,0)(25,0)(25,21)(12,21)(12,15)(6,15)(6,16)(0,16)
Polygon:
(0,0)(23,0)(23,26)(9,26)(9,28)(4,28)(4,11)(0,11)
Polygon:
(0,0)(18,0)(18,18)(0,18)
Polygon:
(0,0)(9,0)(9,2)(0,2)
Polygon:
(0,0)(12,0)(12,1)(0,1)
Polygon:
(0,0)(3,0)(3,18)(0,18)
Polygon:
(0,0)(16,0)(16,13)(0,13)
Polygon:
(0,0)(12,0)(12,3)(0,3)
Polygon:
(0,0)(8,0)(8,7)(0,7)
Polygon:
(0,0)(1,0)(1,1)(0,1)
Polygon:
(0,0)(5,0)(5,16)(0,16)
Polygon:
(0,0)(4,0)(4,14)(0,14)
Polygon:
(0,0)(21,0)(21,9)(15,9)(15,11)(2,11)(2,1)(0,1)
Polygon:
(0,0)(26,0)(26,23)(16,23)(16,25)(10,25)(10,13)(0,13)
Polygon:
(0,0)(13,0)(13,12)(0,12)
Polygon:
(0,0)(16,0)(16,13)(0,13)
Polygon:
(0,0)(16,0)(16,17)(0,17)
Polygon:
(0,0)(15,0)(15,4)(0,4)
Polygon:
(0,0)(35,0)(35,19)(26,19)(26,22)(8,22)(8,16)(0,16)
Polygon:
(0,0)(19,0)(19,11)(12,11)(12,1)(3,1)(3,17)(0,17)
Polygon:
(0,0)(18,0)(18,25)(15,25)(15,16)(4,16)(4,17)(0,17)
Polygon:
(0,0)(4,0)(4,16)(0,16)
Polygon:
(0,0)(40,0)(40,10)(22,10)(22,3)(4,3)(4,13)(0,13)
Polygon:
(0,0)(16,0)(16,9)(12,9)(12,11)(1,11)(1,4)(0,4)
Polygon:
(0,0)(33,0)(33,18)(19,18)(19,4)(13,4)(13,17)(0,17)
Polygon:
(0,0)(37,0)(37,6)(30,6)(30,22)(12,22)(12,16)(0,16)
Polygon:
(0,0)(18,0)(18,8)(12,8)(12,17)(2,17)(2,10)(0,10)
Polygon:
(0,0)(13,0)(13,18)(0,18)
Polygon:
(0,0)(3,0)(3,13)(0,13)
Polygon:
(0,0)(3,0)(3,15)(0,15)
Polygon:
(0,0)(1,0)(1,16)(0,16)
Polygon:
(0,0)(10,0)(10,18)(0,18)
Polygon:
(0,0)(11,0)(11,3)(0,3)
Polygon:
(0,0)(23,0)(23,8)(16,8)(16,20)(4,20)(4,8)(0,8)
Polygon:
(0,0)(13,0)(13,11)(0,11)
Polygon:
(0,0)(18,0)(18,9)(8,9)(8,14)(3,14)(3,6)(0,6)
Polygon:
(0,0)(32,0)(32,19)(18,19)(18,1)(5,1)(5,11)(0,11)
Polygon:
(0,0)(36,0)(36,16)(28,16)(28,27)(17,27)(17,14)(0,14)
Polygon:
(0,0)(6,0)(6,4)(0,4)
Polygon:
(0,0)(7,0)(7,22)(3,22)(3,14)(2,14)(2,16)(0,16)
Polygon:
(0,0)(24,0)(24,1)(17,1)(17,18)(5,18)(5,9)(0,9)
Polygon:
(0,0)(20,0)(20,8)(17,8)(17,21)(16,21)(16,8)(0,8)
Polygon:
(0,0)(8,0)(8,3)(0,3)
Polygon:
(0,0)(18,0)(18,9)(15,9)(15,11)(6,11)(6,1)(0,1)
Polygon:
(0,0)(5,0)(5,18)(0,18)
Polygon:
(0,0)(29,0)(29,5)(17,5)(17,13)(16,13)(16,4)(0,4)
Polygon:
(0,0)(6,0)(6,12)(0,12)
Polygon:
(0,0)(28,0)(28,6)(14,6)(14,1)(7,1)(7,9)(0,9)
Polygon:
(0,0)(16,0)(16,13)(12,13)(12,14)(5,14)(5,6)(0,6)
Polygon:
(0,0)(36,0)(36,1)(33,1)(33,7)(16,7)(16,1)(0,1)
Polygon:
(0,0)(14,0)(14,15)(0,15)
Polygon:
(0,0)(7,0)(7,18)(0,18)
Polygon:
(0,0)(7,0)(7,12)(0,12)
Polygon:
(0,0)(35,0)(35,8)(28,8)(28,24)(11,24)(11,13)(0,13)
Polygon:
(0,0)(7,0)(7,15)(0,15)
Polygon:
(0,0)(23,0)(23,21)(17,21)(17,10)(5,10)(5,18)(0,18)
Polygon:
(0,0)(29,0)(29,10)(18,10)(18,25)(5,25)(5,14)(0,14)
Polygon:
(0,0)(10,0)(10,7)(0,7)
Polygon:
(0,0)(7,0)(7,16)(0,16)
Polygon:
(0,0)(18,0)(18,16)(0,16)
Polygon:
(0,0)(1,0)(1,13)(0,13)
Polygon:
(0,0)(17,0)(17,19)(14,19)(14,24)(1,24)(1,11)(0,11)
Polygon:
(0,0)(5,0)(5,18)(0,18)
Polygon:
(0,0)(4,0)(4,14)(0,14)
Polygon:
(0,0)(8,0)(8,3)(0,3)
Polygon:
(0,0)(28,0)(28,22)(22,22)(22,10)(16,10)(16,17)(0,17)
Polygon:
(0,0)(2,0)(2,5)(0,5)
Polygon:
(0,0)(35,0)(35,16)(21,16)(21,23)(6,23)(6,7)(0,7)
Polygon:
(0,0)(34,0)(34,3)(20,3)(20,2)(4,2)(4,17)(0,17)
Polygon:
(0,0)(10,0)(10,14)(0,14)
Polygon:
(0,0)(16,0)(16,3)(8,3)(8,21)(2,21)(2,16)(0,16)
Polygon:
(0,0)(4,0)(4,11)(0,11)
Polygon:
(0,0)(7,0)(7,4)(0,4)
Polygon:
(0,0)(15,0)(15,9)(0,9)
Polygon:
(0,0)(8,0)(8,9)(0,9)
Polygon:
(0,0)(4,0)(4,9)(0,9)
Polygon:
(0,0)(38,0)(38,10)(24,10)(24,8)(15,8)(15,16)(0,16)
Polygon:
(0,0)(16,0)(16,15)(0,15)
Polygon:
(0,0)(15,0)(15,6)(0,6)
Polygon:
(0,0)(15,0)(15,11)(0,11)
Polygon:
(0,0)(14,0)(14,9)(0,9)
Polygon:
(0,0)(12,0)(12,17)(0,17)
Polygon:
(0,0)(21,0)(21,4)(18,4)(18,3)(11,3)(11,7)(0,7)
Polygon:
(0,0)(9,0)(9,3)(0,3)
Polygon:
(0,0)(37,0)(37,6)(27,6)(27,2)(9,2)(9,11)(0,11)
Polygon:
(0,0)(14,0)(14,11)(7,11)(7,20)(1,20)(1,10)(0,10)
Polygon:
(0,0)(21,0)(21,14)(10,14)(10,19)(6,19)(6,13)(0,13)
Polygon:
(0,0)(18,0)(18,26)(14,26)(14,8)(5,8)(5,11)(0,11)
Polygon:
(0,0)(23,0)(23,13)(16,13)(16,24)(1,24)(1,17)(0,17)
Polygon:
(0,0)(9,0)(9,16)(0,16)
Polygon:
(0,0)(14,0)(14,9)(0,9)
Polygon:
(0,0)(14,0)(14,3)(0,3)
Polygon:
(0,0)(15,0)(15,10)(0,10)
Polygon:
(0,0)(4,0)(4,1)(0,1)
Polygon:
(0,0)(32,0)(32,3)(15,3)(15,8)(13,8)(13,7)(0,7)
Polygon:
(0,0)(8,0)(8,4)(0,4)
Polygon:
(0,0)(2,0)(2,12)(0,12)
Polygon:
(0,0)(22,0)(22,7)(7,7)(7,16)(5,16)(5,12)(0,12)
Polygon:
(0,0)(2,0)(2,11)(0,11)
Polygon:
(0,0)(16,0)(16,3)(0,3)
Polygon:
(0,0)(16,0)(16,3)(0,3)
Polygon:
(0,0)(17,0)(17,2)(0,2)
Polygon:
(0,0)(10,0)(10,9)(0,9)
Polygon:
(0,0)(4,0)(4,11)(0,11)
Polygon:
(0,0)(17,0)(17,16)(0,16)
Polygon:
(0,0)(23,0)(23,8)(10,8)(10,9)(9,9)(9,4)(0,4)
Polygon:
(0,0)(30,0)(30,8)(26,8)(26,17)(17,17)(17,1)(0,1)
Polygon:
(0,0)(11,0)(11,14)(0,14)
Polygon:
(0,0)(8,0)(8,7)(0,7)
Polygon:
(0,0)(1,0)(1,10)(0,10)
Polygon:
(0,0)(13,0)(13,1)(0,1)
Polygon:
(0,0)(40,0)(40,16)(31,16)(31,18)(18,18)(18,13)(0,13)
Polygon:
(0,0)(16,0)(16,1)(0,1)
Polygon:
(0,0)(5,0)(5,1)(0,1)
Polygon:
(0,0)(6,0)(6,8)(0,8)
Polygon:
(0,0)(27,0)(27,28)(17,28)(17,13)(4,13)(4,15)(0,15)
Polygon:
(0,0)(11,0)(11,4)(0,4)
Polygon:
(0,0)(25,0)(25,22)(14,22)(14,14)(8,14)(8,18)(0,18)
Polygon:
(0,0)(5,0)(5,18)(0,18)
Polygon:
(0,0)(7,0)(7,14)(0,14)
Polygon:
(0,0)(9,0)(9,15)(0,15)
Polygon:
(0,0)(7,0)(7,16)(0,16)
Polygon:
(0,0)(24,0)(24,26)(18,26)(18,10)(13,10)(13,16)(0,16)
Polygon:
(0,0)(5,0)(5,13)(0,13)
Polygon:
(0,0)(36,0)(36,17)(18,17)(18,3)(1,3)(1,7)(0,7)
Polygon:
(0,0)(7,0)(7,5)(0,5)
Polygon:
(0,0)(42,0)(42,19)(24,19)(24,20)(18,20)(18,10)(0,10)
Polygon:
(0,0)(33,0)(33,7)(16,7)(16,9)(4,9)(4,3)(0,3)
Polygon:
(0,0)(15,0)(15,10)(0,10)
Polygon:
(0,0)(6,0)(6,18)(0,18)
Polygon:
(0,0)(15,0)(15,18)(0,18)
Polygon:
(0,0)(38,0)(38,9)(20,9)(20,4)(17,4)(17,8)(0,8)
Polygon:
(0,0)(18,0)(18,17)(0,17)
Polygon:
(0,0)(4,0)(4,10)(0,10)
Polygon:
(0,0)(20,0)(20,22)(11,22)(11,17)(3,17)(3,29)(0,29)
Polygon:
(0,0)(3,0)(3,15)(0,15)
Polygon:
(0,0)(25,0)(25,27)(18,27)(18,33)(12,33)(12,18)(0,18)
Polygon:
(0,0)(2,0)(2,2)(0,2)
Polygon:
(0,0)(8,0)(8,6)(0,6)
Polygon:
(0,0)(14,0)(14,3)(0,3)
Polygon:
(0,0)(9,0)(9,14)(0,14)
Polygon:
(0,0)(29,0)(29,6)(17,6)(17,16)(3,16)(3,14)(0,14)
Polygon:
(0,0)(20,0)(20,21)(11,21)(11,8)(6,8)(6,15)(0,15)
Polygon:
(0,0)(15,0)(15,10)(0,10)
Polygon:
(0,0)(38,0)(38,9)(22,9)(22,14)(6,14)(6,3)(0,3)
Polygon:
(0,0)(2,0)(2,13)(0,13)
Polygon:
(0,0)(10,0)(10,1)(0,1)
Polygon:
(0,0)(18,0)(18,5)(0,5)
Polygon:
(0,0)(9,0)(9,10)(0,10)
Polygon:
(0,0)(35,0)(35,12)(21,12)(21,18)(6,18)(6,6)(0,6)
Polygon:
(0,0)(7,0)(7,18)(0,18)
Polygon:
(0,0)(9,0)(9,24)(8,24)(8,11)(7,11)(7,17)(0,17)
Polygon:
(0,0)(4,0)(4,10)(0,10)
Polygon:
(0,0)(14,0)(14,9)(0,9)
Polygon:
(0,0)(15,0)(15,18)(0,18)
Polygon:
(0,0)(30,0)(30,3)(25,3)(25,14)(14,14)(14,10)(0,10)
Polygon:
(0,0)(17,0)(17,9)(0,9)
Polygon:
(0,0)(20,0)(20,30)(15,30)(15,31)(7,31)(7,17)(0,17)
Polygon:
(0,0)(28,0)(28,13)(13,13)(13,3)(12,3)(12,6)(0,6)
Polygon:
(0,0)(3,0)(3,4)(0,4)
Polygon:
(0,0)(7,0)(7,9)(0,9)
Polygon:
(0,0)(31,0)(31,9)(16,9)(16,13)(12,13)(12,2)(0,2)
Polygon:
(0,0)(39,0)(39,6)(32,6)(32,1)(14,1)(14,12)(0,12)
Polygon:
(0,0)(13,0)(13,3)(0,3)
Polygon:
(0,0)(16,0)(16,1)(0,1)
