Polygon:
(0,0)(13,0)(13,3)(6,3)(6,13)(0,13)
Polygon:
(0,0)(14,0)(14,2)(10,2)(10,9)(0,9)
Polygon:
(0,0)(22,0)(22,12)(14,12)(14,18)(0,18)
Polygon:
(0,0)(10,0)(10,11)(9,11)(9,20)(0,20)
Polygon:
(0,0)(28,0)(28,13)(17,13)(17,23)(0,23)
Polygon:
(0,0)(14,0)(14,18)(7,18)(7,21)(0,21)
Polygon:
(0,0)(28,0)(28,1)(12,1)(12,14)(0,14)
Polygon:
(0,0)(20,0)(20,13)(3,13)(3,16)(0,16)
Polygon:
(0,0)(6,0)(6,4)(1,4)(1,10)(0,10)
Polygon:
(0,0)(15,0)(15,12)(7,12)(7,15)(0,15)
Polygon:
(0,0)(12,0)(12,17)(10,17)(10,28)(0,28)
Polygon:
(0,0)(18,0)(18,7)(14,7)(14,24)(0,24)
Polygon:
(0,0)(20,0)(20,7)(4,7)(4,8)(0,8)
Polygon:
(0,0)(18,0)(18,7)(6,7)(6,18)(0,18)
Polygon:
(0,0)(5,0)(5,18)(1,18)(1,19)(0,19)
Polygon:
(0,0)(27,0)(27,12)(12,12)(12,30)(0,30)
Polygon:
(0,0)(22,0)(22,6)(15,6)(15,23)(0,23)
Polygon:
(0,0)(23,0)(23,4)(18,4)(18,5)(0,5)
Polygon:
(0,0)(10,0)(10,11)(9,11)(9,19)(0,19)
Polygon:
(0,0)(15,0)(15,5)(11,5)(11,7)(0,7)
Polygon:
(0,0)(34,0)(34,2)(18,2)(18,3)(0,3)
Polygon:
(0,0)(26,0)(26,12)(11,12)(11,16)(0,16)
Polygon:
(0,0)(13,0)(13,3)(1,3)(1,16)(0,16)
Polygon:
(0,0)(21,0)(21,9)(16,9)(16,23)(0,23)
Polygon:
(0,0)(32,0)(32,10)(18,10)(18,22)(0,22)
Polygon:
(0,0)(31,0)(31,11)(16,11)(16,22)(0,22)
Polygon:
(0,0)(19,0)(19,3)(5,3)(5,16)(0,16)
Polygon:
(0,0)(20,0)(20,7)(4,7)(4,8)(0,8)
Polygon:
(0,0)(18,0)(18,13)(10,13)(10,24)(0,24)
Polygon:
(0,0)(26,0)(26,4)(9,4)(9,9)(0,9)
Polygon:
(0,0)(26,0)(26,13)(9,13)(9,14)(0,14)
Polygon:
(0,0)(20,0)(20,4)(2,4)(2,22)(0,22)
Polygon:
(0,0)(11,0)(11,4)(1,4)(1,7)(0,7)
Polygon:
(0,0)(19,0)(19,12)(1,12)(1,29)(0,29)
Polygon:
(0,0)(27,0)(27,17)(15,17)(15,19)(0,19)
Polygon:
(0,0)(27,0)(27,18)(9,18)(9,26)(0,26)
Polygon:
(0,0)(23,0)(23,4)(12,4)(12,11)(0,11)
Polygon:
(0,0)(16,0)(16,10)(1,10)(1,15)(0,15)
Polygon:
(0,0)(34,0)(34,11)(16,11)(16,14)(0,14)
Polygon:
(0,0)(4,0)(4,5)(2,5)(2,11)(0,11)
Polygon:
(0,0)(13,0)(13,18)(2,18)(2,30)(0,30)
Polygon:
(0,0)(7,0)(7,15)(5,15)(5,29)(0,29)
Polygon:
(0,0)(35,0)(35,7)(17,7)(17,13)(0,13)
Polygon:
(0,0)(6,0)(6,8)(2,8)(2,22)(0,22)
Polygon:
(0,0)(23,0)(23,2)(5,2)(5,6)(0,6)
Polygon:
(0,0)(28,0)(28,1)(15,1)(15,12)(0,12)
Polygon:
(0,0)(16,0)(16,15)(2,15)(2,18)(0,18)
Polygon:
(0,0)(15,0)(15,11)(11,11)(11,15)(0,15)
Polygon:
(0,0)(17,0)(17,9)(15,9)(15,20)(0,20)
Polygon:
(0,0)(10,0)(10,13)(2,13)(2,27)(0,27)
Polygon:
(0,0)(23,0)(23,14)(14,14)(14,25)(0,25)
Polygon:
(0,0)(17,0)(17,11)(7,11)(7,26)(0,26)
Polygon:
(0,0)(12,0)(12,16)(7,16)(7,22)(0,22)
Polygon:
(0,0)(22,0)(22,14)(6,14)(6,31)(0,31)
Polygon:
(0,0)(28,0)(28,9)(10,9)(10,18)(0,18)
Polygon:
(0,0)(24,0)(24,8)(11,8)(11,25)(0,25)
Polygon:
(0,0)(12,0)(12,1)(6,1)(6,15)(0,15)
Polygon:
(0,0)(22,0)(22,6)(9,6)(9,9)(0,9)
Polygon:
(0,0)(22,0)(22,7)(10,7)(10,20)(0,20)
Polygon:
(0,0)(20,0)(20,11)(10,11)(10,20)(0,20)
Polygon:
(0,0)(15,0)(15,2)(1,2)(1,7)(0,7)
Polygon:
(0,0)(12,0)(12,8)(3,8)(3,18)(0,18)
Polygon:
(0,0)(25,0)(25,9)(15,9)(15,17)(0,17)
Polygon:
(0,0)(30,0)(30,3)(12,3)(12,11)(0,11)
Polygon:
(0,0)(21,0)(21,11)(11,11)(11,28)(0,28)
Polygon:
(0,0)(11,0)(11,9)(8,9)(8,24)(0,24)
Polygon:
(0,0)(11,0)(11,15)(10,15)(10,16)(0,16)
Polygon:
(0,0)(18,0)(18,17)(5,17)(5,20)(0,20)
Polygon:
(0,0)(20,0)(20,4)(7,4)(7,22)(0,22)
Polygon:
(0,0)(29,0)(29,9)(17,9)(17,17)(0,17)
Polygon:
(0,0)(11,0)(11,2)(2,2)(2,15)(0,15)
Polygon:
(0,0)(20,0)(20,9)(9,9)(9,18)(0,18)
Polygon:
(0,0)(21,0)(21,4)(12,4)(12,16)(0,16)
Polygon:
(0,0)(27,0)(27,8)(11,8)(11,14)(0,14)
Polygon:
(0,0)(12,0)(12,14)(7,14)(7,22)(0,22)
Polygon:
(0,0)(19,0)(19,14)(12,14)(12,32)(0,32)
Polygon:
(0,0)(15,0)(15,13)(8,13)(8,19)(0,19)
Polygon:
(0,0)(23,0)(23,14)(14,14)(14,26)(0,26)
Polygon:
(0,0)(20,0)(20,18)(7,18)(7,35)(0,35)
Polygon:
(0,0)(21,0)(21,2)(3,2)(3,9)(0,9)
Polygon:
(0,0)(15,0)(15,7)(9,7)(9,9)(0,9)
Polygon:
(0,0)(19,0)(19,6)(17,6)(17,17)(0,17)
Polygon:
(0,0)(9,0)(9,2)(6,2)(6,17)(0,17)
Polygon:
(0,0)(23,0)(23,10)(13,10)(13,17)(0,17)
Polygon:
(0,0)(32,0)(32,2)(17,2)(17,8)(0,8)
Polygon:
(0,0)(15,0)(15,18)(7,18)(7,32)(0,32)
Polygon:
(0,0)(19,0)(19,16)(10,16)(10,20)(0,20)
Polygon:
(0,0)(19,0)(19,5)(13,5)(13,9)(0,9)
Polygon:
(0,0)(15,0)(15,11)(10,11)(10,29)(0,29)
Polygon:
(0,0)(19,0)(19,1)(4,1)(4,18)(0,18)
Polygon:
(0,0)(18,0)(18,18)(6,18)(6,25)(0,25)
Polygon:
(0,0)(19,0)(19,7)(7,7)(7,11)(0,11)
Polygon:
(0,0)(8,0)(8,3)(1,3)(1,17)(0,17)
Polygon:
(0,0)(28,0)(28,8)(12,8)(12,20)(0,20)
Polygon:
(0,0)(19,0)(19,2)(9,2)(9,5)(0,5)
Polygon:
(0,0)(18,0)(18,16)(16,16)(16,29)(0,29)
Polygon:
(0,0)(21,0)(21,11)(11,11)(11,20)(0,20)
Polygon:
(0,0)(29,0)(29,14)(17,14)(17,31)(0,31)
Polygon:
(0,0)(16,0)(16,12)(3,12)(3,14)(0,14)
Polygon:
(0,0)(9,0)(9,16)(5,16)(5,34)(0,34)
Polygon:
(0,0)(19,0)(19,12)(17,12)(17,19)(0,19)
Polygon:
(0,0)(21,0)(21,10)(17,10)(17,24)(0,24)
Polygon:
(0,0)(14,0)(14,10)(3,10)(3,11)(0,11)
Polygon:
(0,0)(24,0)(24,12)(13,12)(13,18)(0,18)
Polygon:
(0,0)(18,0)(18,1)(8,1)(8,2)(0,2)
Polygon:
(0,0)(15,0)(15,15)(4,15)(4,30)(0,30)
Polygon:
(0,0)(14,0)(14,14)(11,14)(11,26)(0,26)
Polygon:
(0,0)(13,0)(13,10)(6,10)(6,13)(0,13)
Polygon:
(0,0)(33,0)(33,16)(15,16)(15,28)(0,28)
Polygon:
(0,0)(20,0)(20,11)(6,11)(6,24)(0,24)
Polygon:
(0,0)(16,0)(16,1)(11,1)(11,6)(0,6)
Polygon:
(0,0)(30,0)(30,11)(17,11)(17,23)(0,23)
Polygon:
(0,0)(20,0)(20,1)(7,1)(7,2)(0,2)
Polygon:
(0,0)(17,0)(17,13)(11,13)(11,21)(0,21)
Polygon:
(0,0)(23,0)(23,14)(15,14)(15,16)(0,16)
Polygon:
(0,0)(21,0)(21,12)(15,12)(15,30)(0,30)
Polygon:
(0,0)(24,0)(24,5)(7,5)(7,6)(0,6)
Polygon:
(0,0)(26,0)(26,12)(17,12)(17,22)(0,22)
Polygon:
(0,0)(6,0)(6,4)(3,4)(3,12)(0,12)
Polygon:
(0,0)(11,0)(11,16)(3,16)(3,34)(0,34)
Polygon:
(0,0)(32,0)(32,17)(16,17)(16,25)(0,25)
Polygon:
(0,0)(18,0)(18,14)(2,14)(2,21)(0,21)
Polygon:
(0,0)(6,0)(6,9)(1,9)(1,16)(0,16)
Polygon:
(0,0)(18,0)(18,9)(2,9)(2,16)(0,16)
Polygon:
(0,0)(30,0)(30,18)(13,18)(13,23)(0,23)
Polygon:
(0,0)(14,0)(14,6)(9,6)(9,14)(0,14)
Polygon:
(0,0)(23,0)(23,16)(7,16)(7,34)(0,34)
Polygon:
(0,0)(8,0)(8,4)(1,4)(1,21)(0,21)
Polygon:
(0,0)(14,0)(14,17)(3,17)(3,25)(0,25)
Polygon:
(0,0)(21,0)(21,16)(10,16)(10,23)(0,23)
Polygon:
(0,0)(9,0)(9,13)(4,13)(4,25)(0,25)
Polygon:
(0,0)(17,0)(17,16)(2,16)(2,19)(0,19)
Polygon:
(0,0)(14,0)(14,5)(2,5)(2,21)(0,21)
Polygon:
(0,0)(24,0)(24,18)(13,18)(13,35)(0,35)
Polygon:
(0,0)(19,0)(19,10)(6,10)(6,11)(0,11)
Polygon:
(0,0)(17,0)(17,9)(8,9)(8,26)(0,26)
Polygon:
(0,0)(11,0)(11,3)(7,3)(7,14)(0,14)
Polygon:
(0,0)(5,0)(5,11)(3,11)(3,22)(0,22)
Polygon:
(0,0)(23,0)(23,6)(12,6)(12,7)(0,7)
Polygon:
(0,0)(18,0)(18,1)(15,1)(15,12)(0,12)
Polygon:
(0,0)(19,0)(19,11)(15,11)(15,17)(0,17)
Polygon:
(0,0)(16,0)(16,4)(15,4)(15,7)(0,7)
Polygon:
(0,0)(7,0)(7,8)(4,8)(4,22)(0,22)
Polygon:
(0,0)(19,0)(19,2)(7,2)(7,8)(0,8)
Polygon:
(0,0)(18,0)(18,18)(7,18)(7,30)(0,30)
Polygon:
(0,0)(17,0)(17,13)(10,13)(10,20)(0,20)
Polygon:
(0,0)(31,0)(31,18)(17,18)(17,23)(0,23)
Polygon:
(0,0)(26,0)(26,18)(16,18)(16,22)(0,22)
Polygon:
(0,0)(14,0)(14,9)(13,9)(13,10)(0,10)
Polygon:
(0,0)(22,0)(22,5)(18,5)(18,18)(0,18)
Polygon:
(0,0)(28,0)(28,4)(18,4)(18,18)(0,18)
Polygon:
(0,0)(6,0)(6,15)(5,15)(5,22)(0,22)
Polygon:
(0,0)(10,0)(10,1)(7,1)(7,19)(0,19)
Polygon:
(0,0)(9,0)(9,1)(5,1)(5,19)(0,19)
Polygon:
(0,0)(21,0)(21,6)(3,6)(3,24)(0,24)
Polygon:
(0,0)(23,0)(23,10)(10,10)(10,28)(0,28)
Polygon:
(0,0)(2,0)(2,4)(1,4)(1,21)(0,21)
Polygon:
(0,0)(20,0)(20,15)(16,15)(16,20)(0,20)
Polygon:
(0,0)(25,0)(25,2)(17,2)(17,17)(0,17)
Polygon:
(0,0)(24,0)(24,16)(16,16)(16,17)(0,17)
Polygon:
(0,0)(15,0)(15,9)(10,9)(10,22)(0,22)
Polygon:
(0,0)(13,0)(13,15)(5,15)(5,18)(0,18)
Polygon:
(0,0)(16,0)(16,14)(3,14)(3,24)(0,24)
Polygon:
(0,0)(19,0)(19,5)(8,5)(8,11)(0,11)
Polygon:
(0,0)(31,0)(31,1)(16,1)(16,11)(0,11)
Polygon:
(0,0)(9,0)(9,18)(6,18)(6,34)(0,34)
Polygon:
(0,0)(12,0)(12,18)(10,18)(10,30)(0,30)
Polygon:
(0,0)(14,0)(14,14)(6,14)(6,15)(0,15)
Polygon:
(0,0)(17,0)(17,9)(8,9)(8,25)(0,25)
Polygon:
(0,0)(17,0)(17,18)(3,18)(3,26)(0,26)
Polygon:
(0,0)(26,0)(26,6)(8,6)(8,23)(0,23)
Polygon:
(0,0)(25,0)(25,5)(8,5)(8,20)(0,20)
Polygon:
(0,0)(19,0)(19,13)(1,13)(1,25)(0,25)
Polygon:
(0,0)(20,0)(20,2)(17,2)(17,4)(0,4)
Polygon:
(0,0)(14,0)(14,15)(1,15)(1,29)(0,29)
Polygon:
(0,0)(15,0)(15,9)(4,9)(4,10)(0,10)
Polygon:
(0,0)(22,0)(22,15)(9,15)(9,19)(0,19)
Polygon:
(0,0)(29,0)(29,11)(16,11)(16,17)(0,17)
Polygon:
(0,0)(17,0)(17,2)(8,2)(8,8)(0,8)
Polygon:
(0,0)(16,0)(16,18)(1,18)(1,27)(0,27)
Polygon:
(0,0)(26,0)(26,2)(11,2)(11,13)(0,13)
Polygon:
(0,0)(36,0)(36,16)(18,16)(18,22)(0,22)
Polygon:
(0,0)(13,0)(13,9)(11,9)(11,24)(0,24)
Polygon:
(0,0)(22,0)(22,12)(17,12)(17,26)(0,26)
Polygon:
(0,0)(27,0)(27,5)(17,5)(17,22)(0,22)
Polygon:
(0,0)(31,0)(31,12)(17,12)(17,23)(0,23)
Polygon:
(0,0)(18,0)(18,7)(15,7)(15,20)(0,20)
Polygon:
(0,0)(11,0)(11,11)(10,11)(10,24)(0,24)
Polygon:
(0,0)(12,0)(12,14)(11,14)(11,16)(0,16)
Polygon:
(0,0)(20,0)(20,8)(4,8)(4,26)(0,26)
Polygon:
(0,0)(25,0)(25,2)(8,2)(8,13)(0,13)
Polygon:
(0,0)(8,0)(8,3)(3,3)(3,19)(0,19)
Polygon:
(0,0)(21,0)(21,13)(10,13)(10,24)(0,24)
Polygon:
(0,0)(10,0)(10,8)(9,8)(9,20)(0,20)
Polygon:
(0,0)(28,0)(28,14)(17,14)(17,22)(0,22)
Polygon:
(0,0)(19,0)(19,8)(11,8)(11,16)(0,16)
Polygon:
(0,0)(10,0)(10,7)(6,7)(6,15)(0,15)
Polygon:
(0,0)(17,0)(17,13)(4,13)(4,19)(0,19)
Polygon:
(0,0)(17,0)(17,8)(6,8)(6,9)(0,9)
Polygon:
(0,0)(14,0)(14,18)(10,18)(10,22)(0,22)
Polygon:
(0,0)(19,0)(19,13)(3,13)(3,25)(0,25)
Polygon:
(0,0)(13,0)(13,4)(6,4)(6,8)(0,8)
Polygon:
(0,0)(24,0)(24,5)(10,5)(10,13)(0,13)
Polygon:
(0,0)(27,0)(27,14)(12,14)(12,21)(0,21)
Polygon:
(0,0)(30,0)(30,4)(13,4)(13,22)(0,22)
Polygon:
(0,0)(25,0)(25,5)(10,5)(10,6)(0,6)
Polygon:
(0,0)(19,0)(19,5)(7,5)(7,21)(0,21)
Polygon:
(0,0)(4,0)(4,13)(1,13)(1,22)(0,22)
Polygon:
(0,0)(3,0)(3,13)(1,13)(1,27)(0,27)
Polygon:
(0,0)(7,0)(7,5)(6,5)(6,17)(0,17)
Polygon:
(0,0)(22,0)(22,7)(7,7)(7,14)(0,14)
Polygon:
(0,0)(15,0)(15,12)(10,12)(10,30)(0,30)
Polygon:
(0,0)(22,0)(22,12)(15,12)(15,28)(0,28)
Polygon:
(0,0)(17,0)(17,17)(10,17)(10,23)(0,23)
Polygon:
(0,0)(13,0)(13,3)(3,3)(3,20)(0,20)
Polygon:
(0,0)(26,0)(26,4)(10,4)(10,9)(0,9)
Polygon:
(0,0)(16,0)(16,8)(13,8)(13,15)(0,15)
Polygon:
(0,0)(25,0)(25,18)(7,18)(7,27)(0,27)
Polygon:
(0,0)(14,0)(14,7)(5,7)(5,21)(0,21)
Polygon:
(0,0)(24,0)(24,7)(7,7)(7,16)(0,16)
Polygon:
(0,0)(8,0)(8,13)(3,13)(3,19)(0,19)
Polygon:
(0,0)(22,0)(22,15)(18,15)(18,23)(0,23)
Polygon:
(0,0)(9,0)(9,3)(3,3)(3,9)(0,9)
Polygon:
(0,0)(21,0)(21,13)(7,13)(7,29)(0,29)
Polygon:
(0,0)(26,0)(26,5)(11,5)(11,15)(0,15)
Polygon:
(0,0)(3,0)(3,11)(2,11)(2,21)(0,21)
Polygon:
(0,0)(35,0)(35,3)(18,3)(18,9)(0,9)
Polygon:
(0,0)(23,0)(23,9)(14,9)(14,11)(0,11)
Polygon:
(0,0)(16,0)(16,8)(12,8)(12,22)(0,22)
Polygon:
(0,0)(27,0)(27,9)(18,9)(18,24)(0,24)
Polygon:
(0,0)(27,0)(27,2)(17,2)(17,11)(0,11)
Polygon:
(0,0)(14,0)(14,17)(5,17)(5,25)(0,25)
Polygon:
(0,0)(17,0)(17,10)(14,10)(14,22)(0,22)
Polygon:
(0,0)(13,0)(13,4)(7,4)(7,19)(0,19)
Polygon:
(0,0)(16,0)(16,16)(6,16)(6,32)(0,32)
Polygon:
(0,0)(13,0)(13,1)(5,1)(5,10)(0,10)
Polygon:
(0,0)(11,0)(11,3)(4,3)(4,11)(0,11)
Polygon:
(0,0)(12,0)(12,5)(11,5)(11,13)(0,13)
Polygon:
(0,0)(7,0)(7,16)(4,16)(4,18)(0,18)
Polygon:
(0,0)(29,0)(29,3)(13,3)(13,17)(0,17)
Polygon:
(0,0)(19,0)(19,2)(2,2)(2,7)(0,7)
Polygon:
(0,0)(26,0)(26,4)(16,4)(16,21)(0,21)
Polygon:
(0,0)(25,0)(25,17)(11,17)(11,35)(0,35)
Polygon:
(0,0)(14,0)(14,12)(1,12)(1,29)(0,29)
Polygon:
(0,0)(27,0)(27,5)(17,5)(17,6)(0,6)
Polygon:
(0,0)(21,0)(21,16)(18,16)(18,34)(0,34)
Polygon:
(0,0)(9,0)(9,1)(2,1)(2,12)(0,12)
Polygon:
(0,0)(17,0)(17,16)(13,16)(13,22)(0,22)
Polygon:
(0,0)(15,0)(15,2)(1,2)(1,5)(0,5)
Polygon:
(0,0)(7,0)(7,7)(5,7)(5,18)(0,18)
Polygon:
(0,0)(16,0)(16,14)(6,14)(6,22)(0,22)
Polygon:
(0,0)(27,0)(27,9)(15,9)(15,17)(0,17)
Polygon:
(0,0)(23,0)(23,13)(18,13)(18,16)(0,16)
Polygon:
(0,0)(26,0)(26,6)(13,6)(13,13)(0,13)
Polygon:
(0,0)(29,0)(29,15)(15,15)(15,19)(0,19)
Polygon:
(0,0)(15,0)(15,16)(2,16)(2,21)(0,21)
Polygon:
(0,0)(28,0)(28,3)(12,3)(12,14)(0,14)
Polygon:
(0,0)(14,0)(14,7)(7,7)(7,22)(0,22)
Polygon:
(0,0)(31,0)(31,10)(15,10)(15,28)(0,28)
Polygon:
(0,0)(34,0)(34,3)(16,3)(16,19)(0,19)
Polygon:
(0,0)(8,0)(8,6)(1,6)(1,12)(0,12)
Polygon:
(0,0)(15,0)(15,15)(2,15)(2,21)(0,21)
Polygon:
(0,0)(24,0)(24,3)(16,3)(16,7)(0,7)
Polygon:
(0,0)(14,0)(14,15)(1,15)(1,17)(0,17)
Polygon:
(0,0)(20,0)(20,3)(15,3)(15,18)(0,18)
Polygon:
(0,0)(19,0)(19,18)(14,18)(14,29)(0,29)
Polygon:
(0,0)(8,0)(8,12)(2,12)(2,27)(0,27)
Polygon:
(0,0)(3,0)(3,3)(2,3)(2,14)(0,14)
Polygon:
(0,0)(24,0)(24,16)(8,16)(8,27)(0,27)
Polygon:
(0,0)(33,0)(33,11)(18,11)(18,28)(0,28)
Polygon:
(0,0)(22,0)(22,16)(18,16)(18,25)(0,25)
Polygon:
(0,0)(20,0)(20,11)(10,11)(10,28)(0,28)
Polygon:
(0,0)(6,0)(6,8)(5,8)(5,22)(0,22)
Polygon:
(0,0)(17,0)(17,2)(6,2)(6,15)(0,15)
Polygon:
(0,0)(23,0)(23,14)(13,14)(13,25)(0,25)
Polygon:
(0,0)(12,0)(12,17)(3,17)(3,21)(0,21)
Polygon:
(0,0)(18,0)(18,14)(8,14)(8,21)(0,21)
Polygon:
(0,0)(16,0)(16,9)(13,9)(13,10)(0,10)
Polygon:
(0,0)(10,0)(10,18)(9,18)(9,27)(0,27)
Polygon:
(0,0)(4,0)(4,12)(2,12)(2,21)(0,21)
Polygon:
(0,0)(21,0)(21,8)(4,8)(4,14)(0,14)
Polygon:
(0,0)(22,0)(22,7)(17,7)(17,25)(0,25)
Polygon:
(0,0)(12,0)(12,16)(8,16)(8,20)(0,20)
Polygon:
(0,0)(11,0)(11,5)(4,5)(4,14)(0,14)
Polygon:
(0,0)(28,0)(28,18)(15,18)(15,24)(0,24)
Polygon:
(0,0)(21,0)(21,12)(9,12)(9,28)(0,28)
Polygon:
(0,0)(30,0)(30,15)(12,15)(12,17)(0,17)
Polygon:
(0,0)(11,0)(11,4)(10,4)(10,11)(0,11)
Polygon:
(0,0)(3,0)(3,7)(2,7)(2,9)(0,9)
Polygon:
(0,0)(25,0)(25,18)(18,18)(18,24)(0,24)
Polygon:
(0,0)(33,0)(33,12)(17,12)(17,18)(0,18)
Polygon:
(0,0)(9,0)(9,4)(7,4)(7,20)(0,20)
Polygon:
(0,0)(14,0)(14,5)(13,5)(13,20)(0,20)
Polygon:
(0,0)(19,0)(19,8)(9,8)(9,15)(0,15)
Polygon:
(0,0)(21,0)(21,11)(6,11)(6,18)(0,18)
Polygon:
(0,0)(25,0)(25,12)(16,12)(16,30)(0,30)
Polygon:
(0,0)(21,0)(21,2)(13,2)(13,18)(0,18)
Polygon:
(0,0)(13,0)(13,8)(11,8)(11,13)(0,13)
Polygon:
(0,0)(21,0)(21,11)(16,11)(16,14)(0,14)
Polygon:
(0,0)(18,0)(18,17)(3,17)(3,22)(0,22)
Polygon:
(0,0)(25,0)(25,3)(9,3)(9,17)(0,17)
Polygon:
(0,0)(20,0)(20,10)(11,10)(11,14)(0,14)
Polygon:
(0,0)(17,0)(17,6)(2,6)(2,19)(0,19)
Polygon:
(0,0)(19,0)(19,3)(14,3)(14,19)(0,19)
Polygon:
(0,0)(6,0)(6,3)(3,3)(3,14)(0,14)
Polygon:
(0,0)(24,0)(24,9)(6,9)(6,24)(0,24)
Polygon:
(0,0)(15,0)(15,14)(11,14)(11,17)(0,17)
Polygon:
(0,0)(17,0)(17,7)(9,7)(9,25)(0,25)
Polygon:
(0,0)(22,0)(22,1)(4,1)(4,8)(0,8)
Polygon:
(0,0)(35,0)(35,9)(17,9)(17,26)(0,26)
Polygon:
(0,0)(2,0)(2,1)(1,1)(1,7)(0,7)
Polygon:
(0,0)(12,0)(12,5)(9,5)(9,16)(0,16)
Polygon:
(0,0)(9,0)(9,14)(4,14)(4,24)(0,24)
Polygon:
(0,0)(13,0)(13,14)(7,14)(7,27)(0,27)
Polygon:
(0,0)(9,0)(9,1)(4,1)(4,8)(0,8)
Polygon:
(0,0)(5,0)(5,7)(4,7)(4,9)(0,9)
Polygon:
(0,0)(23,0)(23,16)(18,16)(18,23)(0,23)
Polygon:
(0,0)(33,0)(33,11)(18,11)(18,13)(0,13)
Polygon:
(0,0)(17,0)(17,15)(13,15)(13,30)(0,30)
Polygon:
(0,0)(19,0)(19,1)(7,1)(7,11)(0,11)
Polygon:
(0,0)(4,0)(4,13)(3,13)(3,22)(0,22)
Polygon:
(0,0)(18,0)(18,7)(14,7)(14,19)(0,19)
Polygon:
(0,0)(19,0)(19,16)(11,16)(11,23)(0,23)
Polygon:
(0,0)(27,0)(27,17)(10,17)(10,31)(0,31)
Polygon:
(0,0)(29,0)(29,13)(13,13)(13,21)(0,21)
Polygon:
(0,0)(16,0)(16,17)(3,17)(3,20)(0,20)
Polygon:
(0,0)(22,0)(22,2)(16,2)(16,17)(0,17)
Polygon:
(0,0)(33,0)(33,6)(18,6)(18,10)(0,10)
Polygon:
(0,0)(18,0)(18,6)(7,6)(7,7)(0,7)
Polygon:
(0,0)(9,0)(9,1)(1,1)(1,5)(0,5)
Polygon:
(0,0)(9,0)(9,7)(6,7)(6,8)(0,8)
Polygon:
(0,0)(20,0)(20,9)(14,9)(14,25)(0,25)
Polygon:
(0,0)(30,0)(30,5)(15,5)(15,22)(0,22)
Polygon:
(0,0)(11,0)(11,8)(5,8)(5,9)(0,9)
Polygon:
(0,0)(26,0)(26,18)(9,18)(9,24)(0,24)
Polygon:
(0,0)(18,0)(18,6)(2,6)(2,20)(0,20)
Polygon:
(0,0)(22,0)(22,17)(16,17)(16,24)(0,24)
Polygon:
(0,0)(22,0)(22,13)(4,13)(4,30)(0,30)
Polygon:
(0,0)(30,0)(30,14)(14,14)(14,31)(0,31)
Polygon:
(0,0)(11,0)(11,16)(6,16)(6,30)(0,30)
Polygon:
(0,0)(24,0)(24,4)(15,4)(15,12)(0,12)
Polygon:
(0,0)(32,0)(32,2)(17,2)(17,4)(0,4)
Polygon:
(0,0)(22,0)(22,4)(15,4)(15,14)(0,14)
Polygon:
(0,0)(16,0)(16,16)(8,16)(8,20)(0,20)
Polygon:
(0,0)(23,0)(23,3)(9,3)(9,13)(0,13)
Polygon:
(0,0)(21,0)(21,15)(4,15)(4,29)(0,29)
Polygon:
(0,0)(6,0)(6,18)(3,18)(3,34)(0,34)
Polygon:
(0,0)(24,0)(24,15)(17,15)(17,23)(0,23)
Polygon:
(0,0)(21,0)(21,13)(13,13)(13,16)(0,16)
Polygon:
(0,0)(25,0)(25,13)(7,13)(7,15)(0,15)
Polygon:
(0,0)(10,0)(10,4)(5,4)(5,7)(0,7)
Polygon:
(0,0)(17,0)(17,15)(3,15)(3,31)(0,31)
Polygon:
(0,0)(17,0)(17,4)(1,4)(1,20)(0,20)
Polygon:
(0,0)(15,0)(15,16)(5,16)(5,21)(0,21)
Polygon:
(0,0)(27,0)(27,12)(17,12)(17,25)(0,25)
Polygon:
(0,0)(31,0)(31,10)(14,10)(14,12)(0,12)
Polygon:
(0,0)(35,0)(35,13)(17,13)(17,20)(0,20)
Polygon:
(0,0)(24,0)(24,15)(15,15)(15,18)(0,18)
Polygon:
(0,0)(16,0)(16,14)(2,14)(2,30)(0,30)
Polygon:
(0,0)(17,0)(17,6)(12,6)(12,9)(0,9)
Polygon:
(0,0)(21,0)(21,8)(13,8)(13,9)(0,9)
Polygon:
(0,0)(28,0)(28,10)(10,10)(10,28)(0,28)
Polygon:
(0,0)(19,0)(19,11)(3,11)(3,18)(0,18)
Polygon:
(0,0)(14,0)(14,8)(5,8)(5,22)(0,22)
Polygon:
(0,0)(17,0)(17,7)(9,7)(9,15)(0,15)
Polygon:
(0,0)(7,0)(7,7)(2,7)(2,14)(0,14)
Polygon:
(0,0)(24,0)(24,14)(7,14)(7,19)(0,19)
Polygon:
(0,0)(25,0)(25,12)(12,12)(12,21)(0,21)
Polygon:
(0,0)(22,0)(22,18)(15,18)(15,31)(0,31)
Polygon:
(0,0)(33,0)(33,18)(16,18)(16,36)(0,36)
Polygon:
(0,0)(22,0)(22,7)(16,7)(16,12)(0,12)
Polygon:
(0,0)(13,0)(13,12)(6,12)(6,21)(0,21)
Polygon:
(0,0)(26,0)(26,13)(12,13)(12,26)(0,26)
Polygon:
(0,0)(20,0)(20,15)(10,15)(10,16)(0,16)
Polygon:
(0,0)(16,0)(16,16)(1,16)(1,20)(0,20)
Polygon:
(0,0)(14,0)(14,2)(9,2)(9,14)(0,14)
Polygon:
(0,0)(21,0)(21,18)(9,18)(9,36)(0,36)
Polygon:
(0,0)(12,0)(12,4)(10,4)(10,5)(0,5)
Polygon:
(0,0)(28,0)(28,15)(16,15)(16,28)(0,28)
Polygon:
(0,0)(12,0)(12,2)(3,2)(3,5)(0,5)
Polygon:
(0,0)(15,0)(15,4)(7,4)(7,6)(0,6)
Polygon:
(0,0)(21,0)(21,2)(4,2)(4,3)(0,3)
Polygon:
(0,0)(10,0)(10,7)(2,7)(2,9)(0,9)
Polygon:
(0,0)(8,0)(8,12)(7,12)(7,22)(0,22)
Polygon:
(0,0)(15,0)(15,18)(12,18)(12,23)(0,23)
Polygon:
(0,0)(20,0)(20,5)(12,5)(12,7)(0,7)
Polygon:
(0,0)(29,0)(29,16)(12,16)(12,33)(0,33)
Polygon:
(0,0)(23,0)(23,17)(9,17)(9,33)(0,33)
Polygon:
(0,0)(4,0)(4,9)(3,9)(3,18)(0,18)
Polygon:
(0,0)(26,0)(26,4)(14,4)(14,12)(0,12)
Polygon:
(0,0)(11,0)(11,6)(3,6)(3,10)(0,10)
Polygon:
(0,0)(34,0)(34,2)(16,2)(16,3)(0,3)
Polygon:
(0,0)(19,0)(19,14)(13,14)(13,28)(0,28)
Polygon:
(0,0)(18,0)(18,12)(16,12)(16,23)(0,23)
Polygon:
(0,0)(30,0)(30,12)(18,12)(18,23)(0,23)
Polygon:
(0,0)(10,0)(10,10)(7,10)(7,22)(0,22)
Polygon:
(0,0)(24,0)(24,17)(17,17)(17,30)(0,30)
Polygon:
(0,0)(6,0)(6,13)(4,13)(4,20)(0,20)
Polygon:
(0,0)(7,0)(7,12)(5,12)(5,22)(0,22)
Polygon:
(0,0)(14,0)(14,16)(10,16)(10,23)(0,23)
Polygon:
(0,0)(8,0)(8,2)(2,2)(2,5)(0,5)
Polygon:
(0,0)(11,0)(11,7)(7,7)(7,20)(0,20)
Polygon:
(0,0)(14,0)(14,13)(8,13)(8,14)(0,14)
Polygon:
(0,0)(7,0)(7,6)(5,6)(5,17)(0,17)
Polygon:
(0,0)(19,0)(19,16)(6,16)(6,18)(0,18)
Polygon:
(0,0)(6,0)(6,4)(5,4)(5,9)(0,9)
Polygon:
(0,0)(33,0)(33,2)(17,2)(17,6)(0,6)
Polygon:
(0,0)(26,0)(26,14)(13,14)(13,22)(0,22)
Polygon:
(0,0)(20,0)(20,10)(2,10)(2,18)(0,18)
Polygon:
(0,0)(13,0)(13,14)(1,14)(1,32)(0,32)
Polygon:
(0,0)(23,0)(23,6)(5,6)(5,17)(0,17)
Polygon:
(0,0)(13,0)(13,18)(11,18)(11,35)(0,35)
Polygon:
(0,0)(18,0)(18,7)(11,7)(11,8)(0,8)
Polygon:
(0,0)(10,0)(10,3)(1,3)(1,12)(0,12)
Polygon:
(0,0)(9,0)(9,2)(3,2)(3,14)(0,14)
Polygon:
(0,0)(25,0)(25,15)(9,15)(9,18)(0,18)
Polygon:
(0,0)(26,0)(26,11)(16,11)(16,22)(0,22)
Polygon:
(0,0)(25,0)(25,9)(10,9)(10,20)(0,20)
Polygon:
(0,0)(13,0)(13,2)(1,2)(1,6)(0,6)
Polygon:
(0,0)(19,0)(19,15)(14,15)(14,32)(0,32)
Polygon:
(0,0)(30,0)(30,2)(13,2)(13,20)(0,20)
Polygon:
(0,0)(13,0)(13,13)(6,13)(6,19)(0,19)
Polygon:
(0,0)(12,0)(12,2)(8,2)(8,12)(0,12)
Polygon:
(0,0)(31,0)(31,13)(18,13)(18,24)(0,24)
Polygon:
(0,0)(12,0)(12,11)(4,11)(4,29)(0,29)
Polygon:
(0,0)(23,0)(23,13)(14,13)(14,15)(0,15)
Polygon:
(0,0)(12,0)(12,2)(2,2)(2,19)(0,19)
Polygon:
(0,0)(18,0)(18,14)(15,14)(15,30)(0,30)
Polygon:
(0,0)(16,0)(16,15)(8,15)(8,22)(0,22)
Polygon:
(0,0)(20,0)(20,10)(6,10)(6,22)(0,22)
Polygon:
(0,0)(25,0)(25,12)(10,12)(10,15)(0,15)
Polygon:
(0,0)(26,0)(26,14)(18,14)(18,21)(0,21)
Polygon:
(0,0)(12,0)(12,17)(7,17)(7,28)(0,28)
Polygon:
(0,0)(15,0)(15,2)(6,2)(6,16)(0,16)
Polygon:
(0,0)(24,0)(24,10)(13,10)(13,16)(0,16)
Polygon:
(0,0)(20,0)(20,14)(4,14)(4,20)(0,20)
Polygon:
(0,0)(10,0)(10,11)(5,11)(5,27)(0,27)
Polygon:
(0,0)(20,0)(20,1)(17,1)(17,17)(0,17)
Polygon:
(0,0)(24,0)(24,5)(18,5)(18,20)(0,20)
Polygon:
(0,0)(13,0)(13,17)(2,17)(2,27)(0,27)
Polygon:
(0,0)(19,0)(19,8)(11,8)(11,18)(0,18)
Polygon:
(0,0)(4,0)(4,6)(3,6)(3,7)(0,7)
Polygon:
(0,0)(22,0)(22,8)(9,8)(9,24)(0,24)
Polygon:
(0,0)(22,0)(22,11)(6,11)(6,18)(0,18)
Polygon:
(0,0)(11,0)(11,3)(5,3)(5,13)(0,13)
Polygon:
(0,0)(29,0)(29,5)(18,5)(18,11)(0,11)
Polygon:
(0,0)(12,0)(12,5)(4,5)(4,7)(0,7)
Polygon:
(0,0)(22,0)(22,9)(17,9)(17,12)(0,12)
Polygon:
(0,0)(15,0)(15,4)(8,4)(8,6)(0,6)
Polygon:
(0,0)(30,0)(30,7)(16,7)(16,14)(0,14)
Polygon:
(0,0)(8,0)(8,13)(6,13)(6,14)(0,14)
Polygon:
(0,0)(30,0)(30,2)(14,2)(14,15)(0,15)
Polygon:
(0,0)(19,0)(19,10)(14,10)(14,25)(0,25)
Polygon:
(0,0)(23,0)(23,11)(13,11)(13,25)(0,25)
Polygon:
(0,0)(31,0)(31,16)(17,16)(17,29)(0,29)
Polygon:
(0,0)(32,0)(32,18)(18,18)(18,33)(0,33)
Polygon:
(0,0)(20,0)(20,2)(11,2)(11,20)(0,20)
Polygon:
(0,0)(18,0)(18,4)(5,4)(5,8)(0,8)
Polygon:
(0,0)(22,0)(22,17)(14,17)(14,21)(0,21)
Polygon:
(0,0)(25,0)(25,6)(8,6)(8,9)(0,9)
Polygon:
(0,0)(23,0)(23,9)(6,9)(6,14)(0,14)
Polygon:
(0,0)(27,0)(27,5)(17,5)(17,21)(0,21)
Polygon:
(0,0)(15,0)(15,10)(1,10)(1,21)(0,21)
Polygon:
(0,0)(12,0)(12,9)(10,9)(10,22)(0,22)
Polygon:
(0,0)(9,0)(9,3)(3,3)(3,21)(0,21)
Polygon:
(0,0)(17,0)(17,14)(7,14)(7,26)(0,26)
Polygon:
(0,0)(19,0)(19,6)(5,6)(5,10)(0,10)
Polygon:
(0,0)(13,0)(13,1)(1,1)(1,5)(0,5)
Polygon:
(0,0)(31,0)(31,3)(17,3)(17,8)(0,8)
Polygon:
(0,0)(29,0)(29,4)(17,4)(17,11)(0,11)
Polygon:
(0,0)(10,0)(10,1)(3,1)(3,14)(0,14)
Polygon:
(0,0)(13,0)(13,15)(5,15)(5,23)(0,23)
Polygon:
(0,0)(5,0)(5,16)(1,16)(1,18)(0,18)
Polygon:
(0,0)(12,0)(12,2)(3,2)(3,3)(0,3)
Polygon:
(0,0)(16,0)(16,17)(9,17)(9,23)(0,23)
Polygon:
(0,0)(3,0)(3,14)(2,14)(2,26)(0,26)
Polygon:
(0,0)(31,0)(31,13)(17,13)(17,17)(0,17)
Polygon:
(0,0)(27,0)(27,12)(18,12)(18,15)(0,15)
Polygon:
(0,0)(22,0)(22,7)(8,7)(8,17)(0,17)
Polygon:
(0,0)(19,0)(19,5)(17,5)(17,6)(0,6)
Polygon:
(0,0)(26,0)(26,16)(13,16)(13,34)(0,34)
Polygon:
(0,0)(13,0)(13,13)(3,13)(3,19)(0,19)
Polygon:
(0,0)(5,0)(5,12)(2,12)(2,21)(0,21)
Polygon:
(0,0)(16,0)(16,2)(15,2)(15,16)(0,16)
Polygon:
(0,0)(7,0)(7,9)(6,9)(6,17)(0,17)
Polygon:
(0,0)(7,0)(7,17)(4,17)(4,35)(0,35)
Polygon:
(0,0)(14,0)(14,12)(11,12)(11,27)(0,27)
Polygon:
(0,0)(18,0)(18,14)(17,14)(17,20)(0,20)
Polygon:
(0,0)(20,0)(20,3)(4,3)(4,5)(0,5)
Polygon:
(0,0)(21,0)(21,3)(8,3)(8,5)(0,5)
Polygon:
(0,0)(18,0)(18,6)(10,6)(10,16)(0,16)
Polygon:
(0,0)(18,0)(18,9)(10,9)(10,14)(0,14)
Polygon:
(0,0)(13,0)(13,17)(5,17)(5,25)(0,25)
Polygon:
(0,0)(20,0)(20,9)(6,9)(6,14)(0,14)
Polygon:
(0,0)(15,0)(15,8)(12,8)(12,15)(0,15)
Polygon:
(0,0)(4,0)(4,4)(1,4)(1,14)(0,14)
Polygon:
(0,0)(27,0)(27,18)(12,18)(12,30)(0,30)
Polygon:
(0,0)(23,0)(23,2)(15,2)(15,15)(0,15)
Polygon:
(0,0)(24,0)(24,8)(8,8)(8,11)(0,11)
Polygon:
(0,0)(6,0)(6,4)(4,4)(4,7)(0,7)
Polygon:
(0,0)(26,0)(26,15)(12,15)(12,21)(0,21)
Polygon:
(0,0)(18,0)(18,17)(17,17)(17,29)(0,29)
Polygon:
(0,0)(18,0)(18,16)(13,16)(13,23)(0,23)
Polygon:
(0,0)(33,0)(33,9)(18,9)(18,20)(0,20)
Polygon:
(0,0)(23,0)(23,14)(11,14)(11,29)(0,29)
Polygon:
(0,0)(16,0)(16,12)(3,12)(3,25)(0,25)
Polygon:
(0,0)(18,0)(18,8)(16,8)(16,13)(0,13)
Polygon:
(0,0)(32,0)(32,17)(17,17)(17,19)(0,19)
Polygon:
(0,0)(11,0)(11,12)(3,12)(3,21)(0,21)
Polygon:
(0,0)(14,0)(14,10)(10,10)(10,21)(0,21)
Polygon:
(0,0)(19,0)(19,14)(6,14)(6,25)(0,25)
Polygon:
(0,0)(23,0)(23,2)(15,2)(15,14)(0,14)
Polygon:
(0,0)(10,0)(10,4)(5,4)(5,17)(0,17)
Polygon:
(0,0)(18,0)(18,17)(14,17)(14,25)(0,25)
Polygon:
(0,0)(22,0)(22,17)(17,17)(17,30)(0,30)
Polygon:
(0,0)(18,0)(18,10)(7,10)(7,28)(0,28)
Polygon:
(0,0)(11,0)(11,8)(2,8)(2,22)(0,22)
Polygon:
(0,0)(22,0)(22,10)(17,10)(17,23)(0,23)
Polygon:
(0,0)(6,0)(6,10)(3,10)(3,17)(0,17)
Polygon:
(0,0)(21,0)(21,13)(12,13)(12,24)(0,24)
Polygon:
(0,0)(28,0)(28,16)(14,16)(14,17)(0,17)
Polygon:
(0,0)(6,0)(6,18)(2,18)(2,25)(0,25)
Polygon:
(0,0)(26,0)(26,16)(12,16)(12,34)(0,34)
Polygon:
(0,0)(33,0)(33,1)(17,1)(17,17)(0,17)
Polygon:
(0,0)(25,0)(25,4)(8,4)(8,11)(0,11)
Polygon:
(0,0)(21,0)(21,5)(13,5)(13,16)(0,16)
Polygon:
(0,0)(15,0)(15,9)(2,9)(2,14)(0,14)
Polygon:
(0,0)(34,0)(34,2)(16,2)(16,14)(0,14)
Polygon:
(0,0)(23,0)(23,17)(18,17)(18,32)(0,32)
Polygon:
(0,0)(26,0)(26,18)(16,18)(16,29)(0,29)
Polygon:
(0,0)(16,0)(16,16)(2,16)(2,28)(0,28)
Polygon:
(0,0)(20,0)(20,4)(8,4)(8,15)(0,15)
Polygon:
(0,0)(24,0)(24,9)(9,9)(9,21)(0,21)
Polygon:
(0,0)(21,0)(21,4)(17,4)(17,8)(0,8)
Polygon:
(0,0)(30,0)(30,8)(16,8)(16,14)(0,14)
Polygon:
(0,0)(21,0)(21,14)(14,14)(14,27)(0,27)
Polygon:
(0,0)(28,0)(28,3)(18,3)(18,19)(0,19)
Polygon:
(0,0)(21,0)(21,17)(16,17)(16,35)(0,35)
Polygon:
(0,0)(20,0)(20,1)(15,1)(15,11)(0,11)
Polygon:
(0,0)(14,0)(14,17)(11,17)(11,19)(0,19)
Polygon:
(0,0)(20,0)(20,16)(7,16)(7,19)(0,19)
Polygon:
(0,0)(19,0)(19,9)(13,9)(13,20)(0,20)
Polygon:
(0,0)(13,0)(13,2)(8,2)(8,8)(0,8)
Polygon:
(0,0)(23,0)(23,14)(9,14)(9,28)(0,28)
Polygon:
(0,0)(23,0)(23,4)(11,4)(11,12)(0,12)
Polygon:
(0,0)(23,0)(23,7)(16,7)(16,12)(0,12)
Polygon:
(0,0)(16,0)(16,1)(3,1)(3,4)(0,4)
Polygon:
(0,0)(2,0)(2,15)(1,15)(1,22)(0,22)
Polygon:
(0,0)(35,0)(35,16)(17,16)(17,23)(0,23)
Polygon:
(0,0)(14,0)(14,12)(11,12)(11,18)(0,18)
Polygon:
(0,0)(17,0)(17,6)(11,6)(11,20)(0,20)
Polygon:
(0,0)(15,0)(15,11)(5,11)(5,24)(0,24)
Polygon:
(0,0)(14,0)(14,14)(7,14)(7,28)(0,28)
Polygon:
(0,0)(24,0)(24,4)(17,4)(17,13)(0,13)
Polygon:
(0,0)(33,0)(33,17)(18,17)(18,23)(0,23)
Polygon:
(0,0)(17,0)(17,5)(8,5)(8,6)(0,6)
Polygon:
(0,0)(27,0)(27,5)(10,5)(10,12)(0,12)
Polygon:
(0,0)(23,0)(23,9)(7,9)(7,11)(0,11)
Polygon:
(0,0)(24,0)(24,15)(17,15)(17,33)(0,33)
Polygon:
(0,0)(30,0)(30,9)(12,9)(12,11)(0,11)
Polygon:
(0,0)(19,0)(19,7)(15,7)(15,12)(0,12)
Polygon:
(0,0)(21,0)(21,18)(9,18)(9,23)(0,23)
Polygon:
(0,0)(14,0)(14,9)(6,9)(6,25)(0,25)
Polygon:
(0,0)(30,0)(30,1)(16,1)(16,13)(0,13)
Polygon:
(0,0)(29,0)(29,4)(14,4)(14,22)(0,22)
Polygon:
(0,0)(18,0)(18,18)(9,18)(9,28)(0,28)
Polygon:
(0,0)(23,0)(23,11)(9,11)(9,24)(0,24)
Polygon:
(0,0)(21,0)(21,11)(10,11)(10,21)(0,21)
Polygon:
(0,0)(18,0)(18,14)(15,14)(15,27)(0,27)
Polygon:
(0,0)(27,0)(27,11)(12,11)(12,13)(0,13)
Polygon:
(0,0)(20,0)(20,1)(2,1)(2,14)(0,14)
Polygon:
(0,0)(19,0)(19,15)(16,15)(16,29)(0,29)
Polygon:
(0,0)(13,0)(13,2)(1,2)(1,20)(0,20)
Polygon:
(0,0)(17,0)(17,5)(6,5)(6,15)(0,15)
Polygon:
(0,0)(36,0)(36,17)(18,17)(18,35)(0,35)
Polygon:
(0,0)(20,0)(20,7)(18,7)(18,8)(0,8)
Polygon:
(0,0)(9,0)(9,7)(1,7)(1,11)(0,11)
Polygon:
(0,0)(27,0)(27,15)(11,15)(11,21)(0,21)
Polygon:
(0,0)(13,0)(13,8)(7,8)(7,22)(0,22)
Polygon:
(0,0)(29,0)(29,9)(12,9)(12,16)(0,16)
Polygon:
(0,0)(16,0)(16,8)(1,8)(1,13)(0,13)
Polygon:
(0,0)(6,0)(6,8)(3,8)(3,21)(0,21)
Polygon:
(0,0)(27,0)(27,17)(11,17)(11,22)(0,22)
Polygon:
(0,0)(20,0)(20,13)(6,13)(6,20)(0,20)
Polygon:
(0,0)(29,0)(29,12)(15,12)(15,26)(0,26)
Polygon:
(0,0)(23,0)(23,4)(10,4)(10,10)(0,10)
Polygon:
(0,0)(15,0)(15,8)(8,8)(8,25)(0,25)
Polygon:
(0,0)(30,0)(30,4)(16,4)(16,9)(0,9)
Polygon:
(0,0)(19,0)(19,13)(6,13)(6,17)(0,17)
Polygon:
(0,0)(18,0)(18,16)(16,16)(16,24)(0,24)
Polygon:
(0,0)(23,0)(23,17)(8,17)(8,27)(0,27)
Polygon:
(0,0)(24,0)(24,12)(11,12)(11,16)(0,16)
Polygon:
(0,0)(18,0)(18,1)(2,1)(2,15)(0,15)
Polygon:
(0,0)(21,0)(21,11)(12,11)(12,13)(0,13)
Polygon:
(0,0)(21,0)(21,5)(5,5)(5,22)(0,22)
Polygon:
(0,0)(18,0)(18,6)(3,6)(3,12)(0,12)
Polygon:
(0,0)(18,0)(18,5)(15,5)(15,12)(0,12)
Polygon:
(0,0)(18,0)(18,4)(2,4)(2,19)(0,19)
Polygon:
(0,0)(19,0)(19,8)(15,8)(15,17)(0,17)
Polygon:
(0,0)(20,0)(20,4)(8,4)(8,13)(0,13)
Polygon:
(0,0)(22,0)(22,8)(9,8)(9,16)(0,16)
Polygon:
(0,0)(22,0)(22,10)(9,10)(9,19)(0,19)
Polygon:
(0,0)(28,0)(28,11)(12,11)(12,17)(0,17)
Polygon:
(0,0)(25,0)(25,1)(12,1)(12,15)(0,15)
Polygon:
(0,0)(27,0)(27,18)(17,18)(17,32)(0,32)
Polygon:
(0,0)(18,0)(18,17)(2,17)(2,21)(0,21)
Polygon:
(0,0)(31,0)(31,17)(17,17)(17,18)(0,18)
Polygon:
(0,0)(28,0)(28,1)(16,1)(16,6)(0,6)
Polygon:
(0,0)(12,0)(12,14)(4,14)(4,30)(0,30)
Polygon:
(0,0)(23,0)(23,17)(11,17)(11,31)(0,31)
Polygon:
(0,0)(29,0)(29,17)(16,17)(16,25)(0,25)
Polygon:
(0,0)(10,0)(10,13)(8,13)(8,16)(0,16)
Polygon:
(0,0)(23,0)(23,4)(12,4)(12,10)(0,10)
Polygon:
(0,0)(16,0)(16,17)(5,17)(5,30)(0,30)
Polygon:
(0,0)(18,0)(18,4)(15,4)(15,11)(0,11)
Polygon:
(0,0)(7,0)(7,4)(4,4)(4,8)(0,8)
Polygon:
(0,0)(17,0)(17,17)(7,17)(7,26)(0,26)
Polygon:
(0,0)(17,0)(17,18)(9,18)(9,29)(0,29)
Polygon:
(0,0)(12,0)(12,9)(1,9)(1,15)(0,15)
Polygon:
(0,0)(23,0)(23,15)(15,15)(15,23)(0,23)
Polygon:
(0,0)(14,0)(14,9)(11,9)(11,11)(0,11)
Polygon:
(0,0)(8,0)(8,8)(1,8)(1,18)(0,18)
Polygon:
(0,0)(27,0)(27,14)(9,14)(9,22)(0,22)
Polygon:
(0,0)(6,0)(6,2)(5,2)(5,7)(0,7)
Polygon:
(0,0)(16,0)(16,8)(11,8)(11,23)(0,23)
Polygon:
(0,0)(20,0)(20,2)(2,2)(2,8)(0,8)
Polygon:
(0,0)(9,0)(9,3)(8,3)(8,5)(0,5)
Polygon:
(0,0)(12,0)(12,13)(8,13)(8,31)(0,31)
Polygon:
(0,0)(16,0)(16,13)(4,13)(4,27)(0,27)
Polygon:
(0,0)(26,0)(26,8)(13,8)(13,9)(0,9)
Polygon:
(0,0)(13,0)(13,14)(5,14)(5,25)(0,25)
Polygon:
(0,0)(20,0)(20,7)(16,7)(16,24)(0,24)
Polygon:
(0,0)(13,0)(13,15)(3,15)(3,25)(0,25)
Polygon:
(0,0)(12,0)(12,8)(1,8)(1,25)(0,25)
Polygon:
(0,0)(30,0)(30,15)(12,15)(12,28)(0,28)
Polygon:
(0,0)(13,0)(13,18)(3,18)(3,36)(0,36)
Polygon:
(0,0)(4,0)(4,18)(2,18)(2,29)(0,29)
Polygon:
(0,0)(20,0)(20,9)(18,9)(18,20)(0,20)
Polygon:
(0,0)(23,0)(23,14)(12,14)(12,27)(0,27)
Polygon:
(0,0)(11,0)(11,14)(9,14)(9,26)(0,26)
Polygon:
(0,0)(35,0)(35,16)(19,16)(19,21)(1,21)(1,6)(0,6)
Polygon:
(0,0)(13,0)(13,9)(0,9)
Polygon:
(0,0)(18,0)(18,5)(0,5)
Polygon:
(0,0)(3,0)(3,15)(0,15)
Polygon:
(0,0)(38,0)(38,9)(22,9)(22,21)(15,21)(15,16)(0,16)
Polygon:
(0,0)(24,0)(24,3)(16,3)(16,1)(1,1)(1,15)(0,15)
Polygon:
(0,0)(9,0)(9,9)(0,9)
Polygon:
(0,0)(23,0)(23,18)(19,18)(19,7)(12,7)(12,15)(0,15)
Polygon:
(0,0)(36,0)(36,11)(23,11)(23,2)(5,2)(5,15)(0,15)
Polygon:
(0,0)(11,0)(11,10)(0,10)
Polygon:
(0,0)(4,0)(4,13)(0,13)
Polygon:
(0,0)(10,0)(10,24)(8,24)(8,27)(7,27)(7,17)(0,17)
Polygon:
(0,0)(7,0)(7,9)(0,9)
Polygon:
(0,0)(26,0)(26,3)(21,3)(21,15)(15,15)(15,11)(0,11)
Polygon:
(0,0)(8,0)(8,9)(0,9)
Polygon:
(0,0)(41,0)(41,11)(31,11)(31,23)(16,23)(16,11)(0,11)
Polygon:
(0,0)(27,0)(27,19)(15,19)(15,28)(5,28)(5,12)(0,12)
Polygon:
(0,0)(29,0)(29,14)(15,14)(15,18)(2,18)(2,6)(0,6)
Polygon:
(0,0)(34,0)(34,2)(31,2)(31,8)(14,8)(14,5)(0,5)
Polygon:
(0,0)(24,0)(24,16)(21,16)(21,19)(15,19)(15,15)(0,15)
Polygon:
(0,0)(2,0)(2,10)(0,10)
Polygon:
(0,0)(15,0)(15,13)(0,13)
Polygon:
(0,0)(1,0)(1,17)(0,17)
Polygon:
(0,0)(1,0)(1,2)(0,2)
Polygon:
(0,0)(11,0)(11,4)(0,4)
Polygon:
(0,0)(20,0)(20,27)(16,27)(16,34)(13,34)(13,17)(0,17)
Polygon:
(0,0)(11,0)(11,8)(0,8)
Polygon:
(0,0)(14,0)(14,9)(0,9)
Polygon:
(0,0)(12,0)(12,23)(3,23)(3,8)(2,8)(2,13)(0,13)
Polygon:
(0,0)(11,0)(11,12)(0,12)
Polygon:
(0,0)(1,0)(1,4)(0,4)
Polygon:
(0,0)(7,0)(7,6)(0,6)
Polygon:
(0,0)(11,0)(11,7)(9,7)(9,18)(6,18)(6,3)(0,3)
Polygon:
(0,0)(17,0)(17,10)(0,10)
Polygon:
(0,0)(26,0)(26,15)(21,15)(21,5)(8,5)(8,13)(0,13)
Polygon:
(0,0)(7,0)(7,9)(0,9)
Polygon:
(0,0)(10,0)(10,14)(0,14)
Polygon:
(0,0)(32,0)(32,10)(25,10)(25,15)(13,15)(13,5)(0,5)
Polygon:
(0,0)(13,0)(13,14)(0,14)
Polygon:
(0,0)(5,0)(5,9)(0,9)
Polygon:
(0,0)(7,0)(7,9)(0,9)
Polygon:
(0,0)(28,0)(28,17)(16,17)(16,5)(3,5)(3,8)(0,8)
Polygon:
(0,0)(7,0)(7,5)(0,5)
Polygon:
(0,0)(18,0)(18,13)(0,13)
Polygon:
(0,0)(32,0)(32,16)(25,16)(25,21)(18,21)(18,15)(0,15)
Polygon:
(0,0)(12,0)(12,5)(9,5)(9,1)(1,1)(1,18)(0,18)
Polygon:
(0,0)(16,0)(16,15)(0,15)
Polygon:
(0,0)(25,0)(25,24)(22,24)(22,30)(13,30)(13,12)(0,12)
Polygon:
(0,0)(16,0)(16,13)(0,13)
Polygon:
(0,0)(9,0)(9,11)(0,11)
Polygon:
(0,0)(6,0)(6,8)(0,8)
Polygon:
(0,0)(16,0)(16,3)(0,3)
Polygon:
(0,0)(10,0)(10,6)(0,6)
Polygon:
(0,0)(31,0)(31,9)(24,9)(24,14)(15,14)(15,6)(0,6)
Polygon:
(0,0)(9,0)(9,7)(0,7)
Polygon:
(0,0)(35,0)(35,5)(26,5)(26,16)(9,16)(9,5)(0,5)
Polygon:
(0,0)(11,0)(11,14)(0,14)
Polygon:
(0,0)(2,0)(2,9)(0,9)
Polygon:
(0,0)(33,0)(33,19)(28,19)(28,24)(14,24)(14,14)(0,14)
Polygon:
(0,0)(11,0)(11,13)(0,13)
Polygon:
(0,0)(10,0)(10,15)(0,15)
Polygon:
(0,0)(15,0)(15,21)(13,21)(13,26)(4,26)(4,14)(0,14)
Polygon:
(0,0)(16,0)(16,16)(0,16)
Polygon:
(0,0)(6,0)(6,16)(0,16)
Polygon:
(0,0)(23,0)(23,9)(21,9)(21,7)(15,7)(15,9)(0,9)
Polygon:
(0,0)(3,0)(3,12)(0,12)
Polygon:
(0,0)(41,0)(41,21)(24,21)(24,26)(12,26)(12,14)(0,14)
Polygon:
(0,0)(36,0)(36,16)(22,16)(22,23)(12,23)(12,11)(0,11)
Polygon:
(0,0)(20,0)(20,22)(15,22)(15,4)(9,4)(9,6)(0,6)
Polygon:
(0,0)(1,0)(1,17)(0,17)
Polygon:
(0,0)(31,0)(31,8)(18,8)(18,18)(3,18)(3,3)(0,3)
Polygon:
(0,0)(16,0)(16,6)(10,6)(10,17)(6,17)(6,8)(0,8)
Polygon:
(0,0)(12,0)(12,18)(0,18)
Polygon:
(0,0)(24,0)(24,19)(23,19)(23,32)(12,32)(12,17)(0,17)
Polygon:
(0,0)(17,0)(17,9)(0,9)
Polygon:
(0,0)(20,0)(20,8)(13,8)(13,10)(11,10)(11,1)(0,1)
Polygon:
(0,0)(39,0)(39,2)(21,2)(21,17)(6,17)(6,2)(0,2)
Polygon:
(0,0)(11,0)(11,13)(0,13)
Polygon:
(0,0)(20,0)(20,11)(9,11)(9,4)(8,4)(8,11)(0,11)
Polygon:
(0,0)(18,0)(18,17)(0,17)
Polygon:
(0,0)(3,0)(3,9)(0,9)
Polygon:
(0,0)(16,0)(16,9)(0,9)
Polygon:
(0,0)(39,0)(39,17)(28,17)(28,18)(13,18)(13,1)(0,1)
Polygon:
(0,0)(26,0)(26,2)(15,2)(15,15)(5,15)(5,13)(0,13)
Polygon:
(0,0)(26,0)(26,2)(10,2)(10,9)(5,9)(5,7)(0,7)
Polygon:
(0,0)(12,0)(12,2)(0,2)
Polygon:
(0,0)(18,0)(18,12)(0,12)
Polygon:
(0,0)(11,0)(11,15)(0,15)
Polygon:
(0,0)(27,0)(27,2)(19,2)(19,20)(1,20)(1,12)(0,12)
Polygon:
(0,0)(15,0)(15,9)(0,9)
Polygon:
(0,0)(2,0)(2,2)(0,2)
Polygon:
(0,0)(16,0)(16,4)(0,4)
Polygon:
(0,0)(13,0)(13,3)(0,3)
Polygon:
(0,0)(15,0)(15,13)(0,13)
Polygon:
(0,0)(50,0)(50,24)(32,24)(32,6)(16,6)(16,12)(0,12)
Polygon:
(0,0)(32,0)(32,6)(29,6)(29,11)(12,11)(12,3)(0,3)
Polygon:
(0,0)(34,0)(34,9)(27,9)(27,4)(9,4)(9,7)(0,7)
Polygon:
(0,0)(32,0)(32,16)(14,16)(14,27)(10,27)(10,11)(0,11)
Polygon:
(0,0)(10,0)(10,9)(0,9)
Polygon:
(0,0)(30,0)(30,6)(14,6)(14,9)(12,9)(12,3)(0,3)
Polygon:
(0,0)(16,0)(16,11)(12,11)(12,21)(7,21)(7,9)(0,9)
Polygon:
(0,0)(10,0)(10,9)(0,9)
Polygon:
(0,0)(29,0)(29,19)(13,19)(13,24)(1,24)(1,7)(0,7)
Polygon:
(0,0)(14,0)(14,13)(0,13)
Polygon:
(0,0)(30,0)(30,15)(23,15)(23,17)(10,17)(10,4)(0,4)
Polygon:
(0,0)(28,0)(28,25)(17,25)(17,7)(11,7)(11,16)(0,16)
Polygon:
(0,0)(31,0)(31,5)(19,5)(19,11)(14,11)(14,8)(0,8)
Polygon:
(0,0)(43,0)(43,8)(33,8)(33,1)(16,1)(16,18)(0,18)
Polygon:
(0,0)(31,0)(31,13)(29,13)(29,19)(13,19)(13,4)(0,4)
Polygon:
(0,0)(3,0)(3,3)(0,3)
Polygon:
(0,0)(40,0)(40,14)(29,14)(29,27)(11,27)(11,15)(0,15)
Polygon:
(0,0)(7,0)(7,2)(0,2)
Polygon:
(0,0)(6,0)(6,3)(0,3)
Polygon:
(0,0)(1,0)(1,1)(0,1)
Polygon:
(0,0)(43,0)(43,2)(28,2)(28,18)(12,18)(12,10)(0,10)
Polygon:
(0,0)(42,0)(42,20)(31,20)(31,30)(13,30)(13,15)(0,15)
Polygon:
(0,0)(13,0)(13,6)(0,6)
Polygon:
(0,0)(26,0)(26,6)(20,6)(20,11)(11,11)(11,8)(0,8)
Polygon:
(0,0)(1,0)(1,13)(0,13)
Polygon:
(0,0)(17,0)(17,4)(11,4)(11,16)(9,16)(9,2)(0,2)
Polygon:
(0,0)(5,0)(5,3)(0,3)
Polygon:
(0,0)(11,0)(11,7)(0,7)
Polygon:
(0,0)(22,0)(22,7)(13,7)(13,20)(2,20)(2,4)(0,4)
Polygon:
(0,0)(6,0)(6,6)(0,6)
Polygon:
(0,0)(29,0)(29,18)(16,18)(16,7)(13,7)(13,8)(0,8)
Polygon:
(0,0)(13,0)(13,15)(0,15)
Polygon:
(0,0)(2,0)(2,1)(0,1)
Polygon:
(0,0)(5,0)(5,10)(0,10)
Polygon:
(0,0)(8,0)(8,16)(0,16)
Polygon:
(0,0)(14,0)(14,5)(0,5)
Polygon:
(0,0)(33,0)(33,18)(18,18)(18,23)(14,23)(14,15)(0,15)
Polygon:
(0,0)(12,0)(12,4)(0,4)
Polygon:
(0,0)(38,0)(38,14)(30,14)(30,1)(18,1)(18,7)(0,7)
Polygon:
(0,0)(9,0)(9,4)(0,4)
Polygon:
(0,0)(9,0)(9,4)(0,4)
Polygon:
(0,0)(10,0)(10,16)(0,16)
Polygon:
(0,0)(8,0)(8,4)(0,4)
Polygon:
(0,0)(9,0)(9,14)(0,14)
Polygon:
(0,0)(6,0)(6,7)(0,7)
Polygon:
(0,0)(10,0)(10,18)(0,18)
Polygon:
(0,0)(7,0)(7,7)(0,7)
Polygon:
(0,0)(18,0)(18,1)(0,1)
Polygon:
(0,0)(8,0)(8,7)(0,7)
Polygon:
(0,0)(2,0)(2,13)(0,13)
Polygon:
(0,0)(17,0)(17,15)(0,15)
Polygon:
(0,0)(5,0)(5,3)(0,3)
Polygon:
(0,0)(25,0)(25,9)(12,9)(12,1)(1,1)(1,4)(0,4)
Polygon:
(0,0)(31,0)(31,22)(25,22)(25,8)(17,8)(17,16)(0,16)
Polygon:
(0,0)(3,0)(3,15)(0,15)
Polygon:
(0,0)(16,0)(16,1)(0,1)
Polygon:
(0,0)(9,0)(9,6)(0,6)
Polygon:
(0,0)(48,0)(48,6)(32,6)(32,13)(16,13)(16,8)(0,8)
Polygon:
(0,0)(6,0)(6,2)(0,2)
Polygon:
(0,0)(13,0)(13,18)(0,18)
Polygon:
(0,0)(15,0)(15,15)(0,15)
Polygon:
(0,0)(18,0)(18,3)(0,3)
Polygon:
(0,0)(6,0)(6,2)(5,2)(5,5)(3,5)(3,2)(0,2)
Polygon:
(0,0)(47,0)(47,13)(33,13)(33,21)(18,21)(18,11)(0,11)
Polygon:
(0,0)(6,0)(6,14)(0,14)
Polygon:
(0,0)(48,0)(48,6)(30,6)(30,8)(17,8)(17,4)(0,4)
