Polygon:
(0,0)(21,0)(21,17)(7,17)(7,21)(0,21)
Polygon:
(0,0)(7,0)(7,17)(6,17)(6,18)(0,18)
Polygon:
(0,0)(14,0)(14,10)(10,10)(10,16)(0,16)
Polygon:
(0,0)(19,0)(19,2)(16,2)(16,11)(0,11)
Polygon:
(0,0)(21,0)(21,1)(15,1)(15,4)(0,4)
Polygon:
(0,0)(12,0)(12,14)(10,14)(10,16)(0,16)
Polygon:
(0,0)(24,0)(24,10)(9,10)(9,20)(0,20)
Polygon:
(0,0)(24,0)(24,5)(14,5)(14,21)(0,21)
Polygon:
(0,0)(13,0)(13,1)(8,1)(8,19)(0,19)
Polygon:
(0,0)(15,0)(15,11)(4,11)(4,12)(0,12)
Polygon:
(0,0)(21,0)(21,10)(8,10)(8,12)(0,12)
Polygon:
(0,0)(25,0)(25,6)(13,6)(13,24)(0,24)
Polygon:
(0,0)(24,0)(24,3)(13,3)(13,12)(0,12)
Polygon:
(0,0)(16,0)(16,4)(2,4)(2,5)(0,5)
Polygon:
(0,0)(19,0)(19,15)(10,15)(10,28)(0,28)
Polygon:
(0,0)(14,0)(14,8)(12,8)(12,14)(0,14)
Polygon:
(0,0)(28,0)(28,11)(12,11)(12,22)(0,22)
Polygon:
(0,0)(28,0)(28,18)(11,18)(11,27)(0,27)
Polygon:
(0,0)(21,0)(21,8)(9,8)(9,9)(0,9)
Polygon:
(0,0)(21,0)(21,6)(13,6)(13,7)(0,7)
Polygon:
(0,0)(21,0)(21,17)(18,17)(18,32)(0,32)
Polygon:
(0,0)(15,0)(15,9)(5,9)(5,26)(0,26)
Polygon:
(0,0)(8,0)(8,3)(3,3)(3,11)(0,11)
Polygon:
(0,0)(15,0)(15,13)(6,13)(6,14)(0,14)
Polygon:
(0,0)(22,0)(22,13)(13,13)(13,18)(0,18)
Polygon:
(0,0)(15,0)(15,18)(9,18)(9,25)(0,25)
Polygon:
(0,0)(34,0)(34,8)(17,8)(17,20)(0,20)
Polygon:
(0,0)(18,0)(18,11)(7,11)(7,14)(0,14)
Polygon:
(0,0)(28,0)(28,12)(11,12)(11,15)(0,15)
Polygon:
(0,0)(25,0)(25,11)(7,11)(7,19)(0,19)
Polygon:
(0,0)(18,0)(18,15)(2,15)(2,19)(0,19)
Polygon:
(0,0)(8,0)(8,15)(2,15)(2,18)(0,18)
Polygon:
(0,0)(27,0)(27,14)(16,14)(16,30)(0,30)
Polygon:
(0,0)(34,0)(34,11)(16,11)(16,28)(0,28)
Polygon:
(0,0)(21,0)(21,12)(16,12)(16,20)(0,20)
Polygon:
(0,0)(6,0)(6,12)(5,12)(5,26)(0,26)
Polygon:
(0,0)(13,0)(13,8)(5,8)(5,9)(0,9)
Polygon:
(0,0)(17,0)(17,16)(5,16)(5,32)(0,32)
Polygon:
(0,0)(13,0)(13,18)(8,18)(8,35)(0,35)
Polygon:
(0,0)(11,0)(11,10)(1,10)(1,12)(0,12)
Polygon:
(0,0)(9,0)(9,17)(5,17)(5,29)(0,29)
Polygon:
(0,0)(11,0)(11,16)(2,16)(2,22)(0,22)
Polygon:
(0,0)(26,0)(26,1)(17,1)(17,18)(0,18)
Polygon:
(0,0)(26,0)(26,18)(9,18)(9,28)(0,28)
Polygon:
(0,0)(13,0)(13,8)(12,8)(12,17)(0,17)
Polygon:
(0,0)(34,0)(34,11)(18,11)(18,25)(0,25)
Polygon:
(0,0)(9,0)(9,3)(2,3)(2,9)(0,9)
Polygon:
(0,0)(21,0)(21,18)(15,18)(15,27)(0,27)
Polygon:
(0,0)(12,0)(12,3)(7,3)(7,15)(0,15)
Polygon:
(0,0)(13,0)(13,6)(8,6)(8,21)(0,21)
Polygon:
(0,0)(13,0)(13,17)(12,17)(12,21)(0,21)
Polygon:
(0,0)(7,0)(7,8)(1,8)(1,9)(0,9)
Polygon:
(0,0)(12,0)(12,6)(2,6)(2,12)(0,12)
Polygon:
(0,0)(23,0)(23,9)(5,9)(5,18)(0,18)
Polygon:
(0,0)(14,0)(14,3)(1,3)(1,4)(0,4)
Polygon:
(0,0)(21,0)(21,16)(7,16)(7,32)(0,32)
Polygon:
(0,0)(17,0)(17,9)(4,9)(4,16)(0,16)
Polygon:
(0,0)(22,0)(22,15)(12,15)(12,19)(0,19)
Polygon:
(0,0)(27,0)(27,13)(17,13)(17,14)(0,14)
Polygon:
(0,0)(26,0)(26,2)(12,2)(12,9)(0,9)
Polygon:
(0,0)(20,0)(20,11)(14,11)(14,12)(0,12)
Polygon:
(0,0)(22,0)(22,13)(4,13)(4,17)(0,17)
Polygon:
(0,0)(10,0)(10,18)(5,18)(5,29)(0,29)
Polygon:
(0,0)(6,0)(6,7)(3,7)(3,8)(0,8)
Polygon:
(0,0)(12,0)(12,5)(11,5)(11,18)(0,18)
Polygon:
(0,0)(17,0)(17,9)(11,9)(11,14)(0,14)
Polygon:
(0,0)(7,0)(7,8)(3,8)(3,20)(0,20)
Polygon:
(0,0)(4,0)(4,11)(2,11)(2,22)(0,22)
Polygon:
(0,0)(13,0)(13,12)(1,12)(1,21)(0,21)
Polygon:
(0,0)(36,0)(36,7)(18,7)(18,22)(0,22)
Polygon:
(0,0)(18,0)(18,9)(2,9)(2,14)(0,14)
Polygon:
(0,0)(24,0)(24,2)(18,2)(18,11)(0,11)
Polygon:
(0,0)(14,0)(14,4)(2,4)(2,10)(0,10)
Polygon:
(0,0)(25,0)(25,4)(10,4)(10,7)(0,7)
Polygon:
(0,0)(15,0)(15,1)(7,1)(7,2)(0,2)
Polygon:
(0,0)(15,0)(15,11)(7,11)(7,27)(0,27)
Polygon:
(0,0)(18,0)(18,2)(17,2)(17,14)(0,14)
Polygon:
(0,0)(19,0)(19,11)(13,11)(13,28)(0,28)
Polygon:
(0,0)(18,0)(18,16)(17,16)(17,33)(0,33)
Polygon:
(0,0)(20,0)(20,7)(4,7)(4,18)(0,18)
Polygon:
(0,0)(28,0)(28,4)(15,4)(15,19)(0,19)
Polygon:
(0,0)(9,0)(9,6)(6,6)(6,10)(0,10)
Polygon:
(0,0)(11,0)(11,10)(4,10)(4,17)(0,17)
Polygon:
(0,0)(23,0)(23,1)(18,1)(18,9)(0,9)
Polygon:
(0,0)(19,0)(19,4)(6,4)(6,15)(0,15)
Polygon:
(0,0)(20,0)(20,4)(3,4)(3,10)(0,10)
Polygon:
(0,0)(15,0)(15,8)(1,8)(1,14)(0,14)
Polygon:
(0,0)(18,0)(18,12)(14,12)(14,30)(0,30)
Polygon:
(0,0)(29,0)(29,15)(18,15)(18,17)(0,17)
Polygon:
(0,0)(14,0)(14,16)(11,16)(11,26)(0,26)
Polygon:
(0,0)(23,0)(23,8)(18,8)(18,11)(0,11)
Polygon:
(0,0)(17,0)(17,16)(14,16)(14,20)(0,20)
Polygon:
(0,0)(17,0)(17,3)(5,3)(5,17)(0,17)
Polygon:
(0,0)(7,0)(7,8)(4,8)(4,21)(0,21)
Polygon:
(0,0)(14,0)(14,5)(3,5)(3,8)(0,8)
Polygon:
(0,0)(25,0)(25,15)(11,15)(11,27)(0,27)
Polygon:
(0,0)(16,0)(16,17)(13,17)(13,19)(0,19)
Polygon:
(0,0)(27,0)(27,10)(11,10)(11,18)(0,18)
Polygon:
(0,0)(16,0)(16,7)(14,7)(14,8)(0,8)
Polygon:
(0,0)(15,0)(15,13)(10,13)(10,20)(0,20)
Polygon:
(0,0)(23,0)(23,11)(11,11)(11,27)(0,27)
Polygon:
(0,0)(16,0)(16,1)(9,1)(9,16)(0,16)
Polygon:
(0,0)(20,0)(20,18)(4,18)(4,20)(0,20)
Polygon:
(0,0)(20,0)(20,7)(17,7)(17,21)(0,21)
Polygon:
(0,0)(13,0)(13,10)(12,10)(12,21)(0,21)
Polygon:
(0,0)(14,0)(14,6)(1,6)(1,20)(0,20)
Polygon:
(0,0)(25,0)(25,7)(18,7)(18,20)(0,20)
Polygon:
(0,0)(19,0)(19,4)(3,4)(3,12)(0,12)
Polygon:
(0,0)(33,0)(33,17)(16,17)(16,24)(0,24)
Polygon:
(0,0)(24,0)(24,10)(6,10)(6,27)(0,27)
Polygon:
(0,0)(19,0)(19,13)(14,13)(14,25)(0,25)
Polygon:
(0,0)(27,0)(27,11)(13,11)(13,25)(0,25)
Polygon:
(0,0)(26,0)(26,1)(8,1)(8,18)(0,18)
Polygon:
(0,0)(2,0)(2,7)(1,7)(1,21)(0,21)
Polygon:
(0,0)(26,0)(26,7)(16,7)(16,24)(0,24)
Polygon:
(0,0)(24,0)(24,3)(13,3)(13,14)(0,14)
Polygon:
(0,0)(17,0)(17,17)(2,17)(2,18)(0,18)
Polygon:
(0,0)(28,0)(28,6)(16,6)(16,18)(0,18)
Polygon:
(0,0)(27,0)(27,9)(15,9)(15,23)(0,23)
Polygon:
(0,0)(4,0)(4,18)(1,18)(1,36)(0,36)
Polygon:
(0,0)(9,0)(9,5)(4,5)(4,10)(0,10)
Polygon:
(0,0)(27,0)(27,3)(11,3)(11,15)(0,15)
Polygon:
(0,0)(7,0)(7,4)(2,4)(2,15)(0,15)
Polygon:
(0,0)(20,0)(20,8)(18,8)(18,24)(0,24)
Polygon:
(0,0)(25,0)(25,11)(13,11)(13,24)(0,24)
Polygon:
(0,0)(15,0)(15,9)(7,9)(7,11)(0,11)
Polygon:
(0,0)(30,0)(30,8)(13,8)(13,24)(0,24)
Polygon:
(0,0)(19,0)(19,18)(18,18)(18,35)(0,35)
Polygon:
(0,0)(8,0)(8,17)(4,17)(4,35)(0,35)
Polygon:
(0,0)(22,0)(22,3)(17,3)(17,17)(0,17)
Polygon:
(0,0)(10,0)(10,1)(5,1)(5,15)(0,15)
Polygon:
(0,0)(17,0)(17,4)(1,4)(1,8)(0,8)
Polygon:
(0,0)(15,0)(15,4)(11,4)(11,15)(0,15)
Polygon:
(0,0)(20,0)(20,15)(18,15)(18,33)(0,33)
Polygon:
(0,0)(15,0)(15,4)(8,4)(8,14)(0,14)
Polygon:
(0,0)(21,0)(21,17)(7,17)(7,29)(0,29)
Polygon:
(0,0)(25,0)(25,3)(14,3)(14,4)(0,4)
Polygon:
(0,0)(16,0)(16,2)(14,2)(14,16)(0,16)
Polygon:
(0,0)(27,0)(27,11)(10,11)(10,17)(0,17)
Polygon:
(0,0)(22,0)(22,8)(12,8)(12,24)(0,24)
Polygon:
(0,0)(14,0)(14,7)(9,7)(9,12)(0,12)
Polygon:
(0,0)(17,0)(17,11)(7,11)(7,14)(0,14)
Polygon:
(0,0)(16,0)(16,2)(11,2)(11,18)(0,18)
Polygon:
(0,0)(32,0)(32,3)(15,3)(15,11)(0,11)
Polygon:
(0,0)(18,0)(18,2)(5,2)(5,15)(0,15)
Polygon:
(0,0)(19,0)(19,8)(8,8)(8,9)(0,9)
Polygon:
(0,0)(9,0)(9,16)(8,16)(8,26)(0,26)
Polygon:
(0,0)(18,0)(18,2)(16,2)(16,7)(0,7)
Polygon:
(0,0)(18,0)(18,13)(2,13)(2,30)(0,30)
Polygon:
(0,0)(16,0)(16,12)(11,12)(11,18)(0,18)
Polygon:
(0,0)(20,0)(20,11)(8,11)(8,28)(0,28)
Polygon:
(0,0)(21,0)(21,13)(15,13)(15,28)(0,28)
Polygon:
(0,0)(20,0)(20,3)(10,3)(10,21)(0,21)
Polygon:
(0,0)(29,0)(29,9)(11,9)(11,11)(0,11)
Polygon:
(0,0)(20,0)(20,5)(9,5)(9,13)(0,13)
Polygon:
(0,0)(22,0)(22,3)(18,3)(18,20)(0,20)
Polygon:
(0,0)(18,0)(18,1)(16,1)(16,10)(0,10)
Polygon:
(0,0)(24,0)(24,17)(18,17)(18,34)(0,34)
Polygon:
(0,0)(16,0)(16,9)(7,9)(7,17)(0,17)
Polygon:
(0,0)(32,0)(32,12)(15,12)(15,19)(0,19)
Polygon:
(0,0)(14,0)(14,12)(7,12)(7,27)(0,27)
Polygon:
(0,0)(13,0)(13,13)(1,13)(1,14)(0,14)
Polygon:
(0,0)(32,0)(32,5)(17,5)(17,23)(0,23)
Polygon:
(0,0)(16,0)(16,6)(6,6)(6,24)(0,24)
Polygon:
(0,0)(13,0)(13,3)(5,3)(5,21)(0,21)
Polygon:
(0,0)(31,0)(31,5)(14,5)(14,18)(0,18)
Polygon:
(0,0)(30,0)(30,5)(16,5)(16,21)(0,21)
Polygon:
(0,0)(7,0)(7,8)(3,8)(3,23)(0,23)
Polygon:
(0,0)(15,0)(15,15)(7,15)(7,17)(0,17)
Polygon:
(0,0)(22,0)(22,17)(18,17)(18,31)(0,31)
Polygon:
(0,0)(32,0)(32,14)(15,14)(15,26)(0,26)
Polygon:
(0,0)(21,0)(21,16)(11,16)(11,29)(0,29)
Polygon:
(0,0)(32,0)(32,8)(17,8)(17,20)(0,20)
Polygon:
(0,0)(12,0)(12,5)(7,5)(7,23)(0,23)
Polygon:
(0,0)(12,0)(12,2)(6,2)(6,4)(0,4)
Polygon:
(0,0)(23,0)(23,12)(13,12)(13,17)(0,17)
Polygon:
(0,0)(10,0)(10,7)(7,7)(7,11)(0,11)
Polygon:
(0,0)(22,0)(22,7)(18,7)(18,21)(0,21)
Polygon:
(0,0)(23,0)(23,14)(10,14)(10,28)(0,28)
Polygon:
(0,0)(16,0)(16,18)(4,18)(4,20)(0,20)
Polygon:
(0,0)(11,0)(11,14)(5,14)(5,17)(0,17)
Polygon:
(0,0)(15,0)(15,17)(2,17)(2,33)(0,33)
Polygon:
(0,0)(25,0)(25,5)(17,5)(17,9)(0,9)
Polygon:
(0,0)(34,0)(34,6)(18,6)(18,9)(0,9)
Polygon:
(0,0)(17,0)(17,9)(14,9)(14,11)(0,11)
Polygon:
(0,0)(31,0)(31,9)(18,9)(18,17)(0,17)
Polygon:
(0,0)(19,0)(19,1)(12,1)(12,7)(0,7)
Polygon:
(0,0)(15,0)(15,15)(9,15)(9,24)(0,24)
Polygon:
(0,0)(11,0)(11,2)(2,2)(2,7)(0,7)
Polygon:
(0,0)(18,0)(18,5)(3,5)(3,10)(0,10)
Polygon:
(0,0)(22,0)(22,10)(15,10)(15,11)(0,11)
Polygon:
(0,0)(18,0)(18,9)(4,9)(4,16)(0,16)
Polygon:
(0,0)(24,0)(24,12)(16,12)(16,25)(0,25)
Polygon:
(0,0)(33,0)(33,18)(16,18)(16,27)(0,27)
Polygon:
(0,0)(21,0)(21,17)(15,17)(15,30)(0,30)
Polygon:
(0,0)(10,0)(10,16)(4,16)(4,34)(0,34)
Polygon:
(0,0)(17,0)(17,8)(14,8)(14,17)(0,17)
Polygon:
(0,0)(9,0)(9,16)(7,16)(7,18)(0,18)
Polygon:
(0,0)(19,0)(19,5)(1,5)(1,21)(0,21)
Polygon:
(0,0)(20,0)(20,17)(8,17)(8,20)(0,20)
Polygon:
(0,0)(12,0)(12,9)(7,9)(7,10)(0,10)
Polygon:
(0,0)(19,0)(19,12)(14,12)(14,14)(0,14)
Polygon:
(0,0)(20,0)(20,2)(11,2)(11,16)(0,16)
Polygon:
(0,0)(16,0)(16,10)(12,10)(12,18)(0,18)
Polygon:
(0,0)(27,0)(27,14)(18,14)(18,28)(0,28)
Polygon:
(0,0)(19,0)(19,4)(1,4)(1,16)(0,16)
Polygon:
(0,0)(23,0)(23,12)(7,12)(7,29)(0,29)
Polygon:
(0,0)(14,0)(14,17)(4,17)(4,21)(0,21)
Polygon:
(0,0)(22,0)(22,18)(4,18)(4,36)(0,36)
Polygon:
(0,0)(16,0)(16,4)(5,4)(5,14)(0,14)
Polygon:
(0,0)(11,0)(11,4)(1,4)(1,18)(0,18)
Polygon:
(0,0)(3,0)(3,18)(2,18)(2,26)(0,26)
Polygon:
(0,0)(15,0)(15,5)(10,5)(10,14)(0,14)
Polygon:
(0,0)(7,0)(7,8)(5,8)(5,20)(0,20)
Polygon:
(0,0)(5,0)(5,17)(3,17)(3,18)(0,18)
Polygon:
(0,0)(25,0)(25,18)(10,18)(10,24)(0,24)
Polygon:
(0,0)(14,0)(14,6)(3,6)(3,20)(0,20)
Polygon:
(0,0)(10,0)(10,6)(5,6)(5,21)(0,21)
Polygon:
(0,0)(20,0)(20,10)(16,10)(16,28)(0,28)
Polygon:
(0,0)(24,0)(24,1)(13,1)(13,18)(0,18)
Polygon:
(0,0)(16,0)(16,7)(13,7)(13,18)(0,18)
Polygon:
(0,0)(21,0)(21,12)(6,12)(6,20)(0,20)
Polygon:
(0,0)(21,0)(21,8)(5,8)(5,16)(0,16)
Polygon:
(0,0)(13,0)(13,14)(1,14)(1,32)(0,32)
Polygon:
(0,0)(12,0)(12,8)(7,8)(7,25)(0,25)
Polygon:
(0,0)(20,0)(20,8)(4,8)(4,14)(0,14)
Polygon:
(0,0)(17,0)(17,9)(8,9)(8,17)(0,17)
Polygon:
(0,0)(20,0)(20,13)(3,13)(3,24)(0,24)
Polygon:
(0,0)(11,0)(11,11)(2,11)(2,16)(0,16)
Polygon:
(0,0)(20,0)(20,9)(17,9)(17,24)(0,24)
Polygon:
(0,0)(18,0)(18,2)(10,2)(10,5)(0,5)
Polygon:
(0,0)(10,0)(10,15)(4,15)(4,21)(0,21)
Polygon:
(0,0)(31,0)(31,1)(18,1)(18,12)(0,12)
Polygon:
(0,0)(24,0)(24,1)(15,1)(15,11)(0,11)
Polygon:
(0,0)(21,0)(21,11)(17,11)(17,19)(0,19)
Polygon:
(0,0)(26,0)(26,18)(10,18)(10,31)(0,31)
Polygon:
(0,0)(21,0)(21,2)(12,2)(12,19)(0,19)
Polygon:
(0,0)(22,0)(22,13)(17,13)(17,19)(0,19)
Polygon:
(0,0)(13,0)(13,12)(4,12)(4,17)(0,17)
Polygon:
(0,0)(25,0)(25,11)(15,11)(15,16)(0,16)
Polygon:
(0,0)(12,0)(12,8)(1,8)(1,19)(0,19)
Polygon:
(0,0)(15,0)(15,16)(3,16)(3,19)(0,19)
Polygon:
(0,0)(5,0)(5,14)(3,14)(3,25)(0,25)
Polygon:
(0,0)(24,0)(24,13)(7,13)(7,29)(0,29)
Polygon:
(0,0)(31,0)(31,17)(16,17)(16,31)(0,31)
Polygon:
(0,0)(18,0)(18,6)(1,6)(1,19)(0,19)
Polygon:
(0,0)(22,0)(22,10)(7,10)(7,28)(0,28)
Polygon:
(0,0)(26,0)(26,2)(15,2)(15,13)(0,13)
Polygon:
(0,0)(26,0)(26,2)(12,2)(12,7)(0,7)
Polygon:
(0,0)(23,0)(23,10)(9,10)(9,15)(0,15)
Polygon:
(0,0)(8,0)(8,18)(4,18)(4,25)(0,25)
Polygon:
(0,0)(17,0)(17,10)(12,10)(12,17)(0,17)
Polygon:
(0,0)(20,0)(20,17)(13,17)(13,19)(0,19)
Polygon:
(0,0)(20,0)(20,1)(16,1)(16,7)(0,7)
Polygon:
(0,0)(14,0)(14,8)(5,8)(5,13)(0,13)
Polygon:
(0,0)(20,0)(20,3)(12,3)(12,9)(0,9)
Polygon:
(0,0)(14,0)(14,8)(1,8)(1,21)(0,21)
Polygon:
(0,0)(19,0)(19,2)(14,2)(14,16)(0,16)
Polygon:
(0,0)(25,0)(25,16)(17,16)(17,22)(0,22)
Polygon:
(0,0)(13,0)(13,17)(4,17)(4,20)(0,20)
Polygon:
(0,0)(17,0)(17,1)(7,1)(7,17)(0,17)
Polygon:
(0,0)(15,0)(15,14)(14,14)(14,17)(0,17)
Polygon:
(0,0)(19,0)(19,9)(4,9)(4,27)(0,27)
Polygon:
(0,0)(24,0)(24,17)(6,17)(6,19)(0,19)
Polygon:
(0,0)(22,0)(22,12)(18,12)(18,25)(0,25)
Polygon:
(0,0)(15,0)(15,9)(2,9)(2,18)(0,18)
Polygon:
(0,0)(9,0)(9,10)(7,10)(7,16)(0,16)
Polygon:
(0,0)(16,0)(16,5)(10,5)(10,19)(0,19)
Polygon:
(0,0)(32,0)(32,12)(15,12)(15,14)(0,14)
Polygon:
(0,0)(7,0)(7,12)(5,12)(5,24)(0,24)
Polygon:
(0,0)(14,0)(14,14)(5,14)(5,27)(0,27)
Polygon:
(0,0)(8,0)(8,13)(6,13)(6,27)(0,27)
Polygon:
(0,0)(14,0)(14,4)(4,4)(4,18)(0,18)
Polygon:
(0,0)(10,0)(10,4)(2,4)(2,12)(0,12)
Polygon:
(0,0)(2,0)(2,7)(1,7)(1,17)(0,17)
Polygon:
(0,0)(29,0)(29,4)(13,4)(13,8)(0,8)
Polygon:
(0,0)(13,0)(13,15)(1,15)(1,19)(0,19)
Polygon:
(0,0)(22,0)(22,9)(12,9)(12,16)(0,16)
Polygon:
(0,0)(17,0)(17,18)(8,18)(8,22)(0,22)
Polygon:
(0,0)(30,0)(30,1)(14,1)(14,4)(0,4)
Polygon:
(0,0)(30,0)(30,15)(17,15)(17,18)(0,18)
Polygon:
(0,0)(17,0)(17,4)(13,4)(13,12)(0,12)
Polygon:
(0,0)(23,0)(23,4)(14,4)(14,5)(0,5)
Polygon:
(0,0)(15,0)(15,1)(3,1)(3,14)(0,14)
Polygon:
(0,0)(19,0)(19,13)(8,13)(8,29)(0,29)
Polygon:
(0,0)(17,0)(17,16)(3,16)(3,17)(0,17)
Polygon:
(0,0)(30,0)(30,10)(13,10)(13,15)(0,15)
Polygon:
(0,0)(19,0)(19,3)(5,3)(5,8)(0,8)
Polygon:
(0,0)(19,0)(19,9)(8,9)(8,17)(0,17)
Polygon:
(0,0)(19,0)(19,13)(4,13)(4,24)(0,24)
Polygon:
(0,0)(10,0)(10,9)(9,9)(9,11)(0,11)
Polygon:
(0,0)(15,0)(15,1)(11,1)(11,6)(0,6)
Polygon:
(0,0)(12,0)(12,5)(1,5)(1,9)(0,9)
Polygon:
(0,0)(20,0)(20,7)(2,7)(2,22)(0,22)
Polygon:
(0,0)(18,0)(18,7)(6,7)(6,16)(0,16)
Polygon:
(0,0)(9,0)(9,10)(2,10)(2,11)(0,11)
Polygon:
(0,0)(22,0)(22,11)(12,11)(12,20)(0,20)
Polygon:
(0,0)(21,0)(21,11)(4,11)(4,29)(0,29)
Polygon:
(0,0)(16,0)(16,17)(15,17)(15,19)(0,19)
Polygon:
(0,0)(31,0)(31,7)(17,7)(17,20)(0,20)
Polygon:
(0,0)(33,0)(33,7)(16,7)(16,21)(0,21)
Polygon:
(0,0)(18,0)(18,10)(15,10)(15,14)(0,14)
Polygon:
(0,0)(17,0)(17,7)(3,7)(3,21)(0,21)
Polygon:
(0,0)(14,0)(14,16)(6,16)(6,26)(0,26)
Polygon:
(0,0)(17,0)(17,12)(12,12)(12,23)(0,23)
Polygon:
(0,0)(13,0)(13,9)(5,9)(5,16)(0,16)
Polygon:
(0,0)(10,0)(10,17)(6,17)(6,20)(0,20)
Polygon:
(0,0)(17,0)(17,4)(7,4)(7,13)(0,13)
Polygon:
(0,0)(23,0)(23,10)(13,10)(13,26)(0,26)
Polygon:
(0,0)(13,0)(13,8)(6,8)(6,25)(0,25)
Polygon:
(0,0)(5,0)(5,16)(4,16)(4,20)(0,20)
Polygon:
(0,0)(20,0)(20,18)(2,18)(2,36)(0,36)
Polygon:
(0,0)(4,0)(4,6)(2,6)(2,14)(0,14)
Polygon:
(0,0)(17,0)(17,2)(14,2)(14,8)(0,8)
Polygon:
(0,0)(30,0)(30,18)(15,18)(15,22)(0,22)
Polygon:
(0,0)(28,0)(28,12)(14,12)(14,19)(0,19)
Polygon:
(0,0)(22,0)(22,10)(11,10)(11,15)(0,15)
Polygon:
(0,0)(11,0)(11,12)(2,12)(2,24)(0,24)
Polygon:
(0,0)(21,0)(21,1)(5,1)(5,19)(0,19)
Polygon:
(0,0)(12,0)(12,12)(6,12)(6,25)(0,25)
Polygon:
(0,0)(7,0)(7,13)(0,13)
Polygon:
(0,0)(2,0)(2,7)(0,7)
Polygon:
(0,0)(13,0)(13,2)(0,2)
Polygon:
(0,0)(2,0)(2,2)(0,2)
Polygon:
(0,0)(11,0)(11,15)(0,15)
Polygon:
(0,0)(43,0)(43,12)(36,12)(36,17)(18,17)(18,10)(0,10)
Polygon:
(0,0)(12,0)(12,8)(0,8)
Polygon:
(0,0)(12,0)(12,8)(0,8)
Polygon:
(0,0)(27,0)(27,11)(17,11)(17,16)(11,16)(11,8)(0,8)
Polygon:
(0,0)(8,0)(8,9)(0,9)
Polygon:
(0,0)(46,0)(46,10)(30,10)(30,24)(16,24)(16,13)(0,13)
Polygon:
(0,0)(35,0)(35,3)(22,3)(22,19)(4,19)(4,4)(0,4)
Polygon:
(0,0)(6,0)(6,6)(0,6)
Polygon:
(0,0)(12,0)(12,6)(0,6)
Polygon:
(0,0)(13,0)(13,4)(0,4)
Polygon:
(0,0)(18,0)(18,2)(13,2)(13,14)(1,14)(1,9)(0,9)
Polygon:
(0,0)(18,0)(18,12)(0,12)
Polygon:
(0,0)(45,0)(45,15)(28,15)(28,28)(13,28)(13,18)(0,18)
Polygon:
(0,0)(2,0)(2,14)(0,14)
Polygon:
(0,0)(13,0)(13,3)(0,3)
Polygon:
(0,0)(10,0)(10,13)(0,13)
Polygon:
(0,0)(15,0)(15,8)(0,8)
Polygon:
(0,0)(10,0)(10,4)(0,4)
Polygon:
(0,0)(7,0)(7,5)(0,5)
Polygon:
(0,0)(29,0)(29,6)(15,6)(15,24)(10,24)(10,12)(0,12)
Polygon:
(0,0)(12,0)(12,5)(0,5)
Polygon:
(0,0)(20,0)(20,29)(18,29)(18,32)(7,32)(7,15)(0,15)
Polygon:
(0,0)(8,0)(8,13)(0,13)
Polygon:
(0,0)(17,0)(17,15)(0,15)
Polygon:
(0,0)(36,0)(36,5)(21,5)(21,8)(3,8)(3,3)(0,3)
Polygon:
(0,0)(38,0)(38,33)(20,33)(20,18)(10,18)(10,30)(0,30)
Polygon:
(0,0)(24,0)(24,15)(19,15)(19,5)(16,5)(16,14)(0,14)
Polygon:
(0,0)(12,0)(12,11)(0,11)
Polygon:
(0,0)(20,0)(20,8)(18,8)(18,9)(1,9)(1,4)(0,4)
Polygon:
(0,0)(7,0)(7,4)(0,4)
Polygon:
(0,0)(8,0)(8,9)(5,9)(5,17)(4,17)(4,4)(0,4)
Polygon:
(0,0)(34,0)(34,7)(27,7)(27,8)(12,8)(12,5)(0,5)
Polygon:
(0,0)(46,0)(46,18)(32,18)(32,21)(14,21)(14,9)(0,9)
Polygon:
(0,0)(40,0)(40,4)(28,4)(28,15)(14,15)(14,12)(0,12)
Polygon:
(0,0)(30,0)(30,3)(27,3)(27,20)(10,20)(10,7)(0,7)
Polygon:
(0,0)(14,0)(14,8)(5,8)(5,18)(1,18)(1,3)(0,3)
Polygon:
(0,0)(20,0)(20,8)(19,8)(19,2)(10,2)(10,18)(0,18)
Polygon:
(0,0)(39,0)(39,18)(26,18)(26,20)(13,20)(13,6)(0,6)
Polygon:
(0,0)(11,0)(11,16)(0,16)
Polygon:
(0,0)(29,0)(29,19)(21,19)(21,20)(5,20)(5,2)(0,2)
Polygon:
(0,0)(5,0)(5,15)(0,15)
Polygon:
(0,0)(6,0)(6,9)(0,9)
Polygon:
(0,0)(7,0)(7,10)(0,10)
Polygon:
(0,0)(21,0)(21,4)(13,4)(13,16)(8,16)(8,1)(0,1)
Polygon:
(0,0)(17,0)(17,14)(0,14)
Polygon:
(0,0)(6,0)(6,5)(0,5)
Polygon:
(0,0)(4,0)(4,9)(0,9)
Polygon:
(0,0)(11,0)(11,4)(0,4)
Polygon:
(0,0)(16,0)(16,17)(0,17)
Polygon:
(0,0)(11,0)(11,9)(0,9)
Polygon:
(0,0)(27,0)(27,9)(17,9)(17,8)(9,8)(9,16)(0,16)
Polygon:
(0,0)(5,0)(5,11)(0,11)
Polygon:
(0,0)(34,0)(34,22)(19,22)(19,8)(18,8)(18,17)(0,17)
Polygon:
(0,0)(18,0)(18,5)(0,5)
Polygon:
(0,0)(7,0)(7,12)(0,12)
Polygon:
(0,0)(18,0)(18,8)(0,8)
Polygon:
(0,0)(2,0)(2,4)(0,4)
Polygon:
(0,0)(10,0)(10,5)(0,5)
Polygon:
(0,0)(34,0)(34,8)(16,8)(16,3)(1,3)(1,17)(0,17)
Polygon:
(0,0)(2,0)(2,7)(0,7)
Polygon:
(0,0)(10,0)(10,16)(0,16)
Polygon:
(0,0)(14,0)(14,18)(0,18)
Polygon:
(0,0)(12,0)(12,12)(0,12)
Polygon:
(0,0)(33,0)(33,6)(16,6)(16,20)(12,20)(12,16)(0,16)
Polygon:
(0,0)(44,0)(44,13)(27,13)(27,6)(11,6)(11,11)(0,11)
Polygon:
(0,0)(46,0)(46,5)(30,5)(30,22)(13,22)(13,14)(0,14)
Polygon:
(0,0)(2,0)(2,17)(0,17)
Polygon:
(0,0)(3,0)(3,4)(0,4)
Polygon:
(0,0)(10,0)(10,6)(0,6)
Polygon:
(0,0)(3,0)(3,8)(0,8)
Polygon:
(0,0)(14,0)(14,17)(0,17)
Polygon:
(0,0)(12,0)(12,7)(0,7)
Polygon:
(0,0)(9,0)(9,11)(0,11)
Polygon:
(0,0)(5,0)(5,4)(0,4)
Polygon:
(0,0)(16,0)(16,10)(0,10)
Polygon:
(0,0)(12,0)(12,8)(0,8)
Polygon:
(0,0)(35,0)(35,12)(20,12)(20,6)(14,6)(14,17)(0,17)
Polygon:
(0,0)(10,0)(10,2)(0,2)
Polygon:
(0,0)(6,0)(6,11)(0,11)
Polygon:
(0,0)(22,0)(22,7)(8,7)(8,16)(7,16)(7,1)(0,1)
Polygon:
(0,0)(9,0)(9,14)(0,14)
Polygon:
(0,0)(4,0)(4,7)(0,7)
Polygon:
(0,0)(33,0)(33,21)(19,21)(19,23)(18,23)(18,14)(0,14)
Polygon:
(0,0)(15,0)(15,3)(0,3)
Polygon:
(0,0)(12,0)(12,12)(0,12)
Polygon:
(0,0)(5,0)(5,7)(0,7)
Polygon:
(0,0)(15,0)(15,1)(0,1)
Polygon:
(0,0)(6,0)(6,5)(0,5)
Polygon:
(0,0)(21,0)(21,20)(18,20)(18,23)(15,23)(15,10)(0,10)
Polygon:
(0,0)(31,0)(31,29)(22,29)(22,16)(12,16)(12,18)(0,18)
Polygon:
(0,0)(41,0)(41,9)(28,9)(28,1)(15,1)(15,4)(0,4)
Polygon:
(0,0)(9,0)(9,14)(0,14)
Polygon:
(0,0)(9,0)(9,18)(0,18)
Polygon:
(0,0)(36,0)(36,26)(27,26)(27,27)(10,27)(10,17)(0,17)
Polygon:
(0,0)(9,0)(9,9)(0,9)
Polygon:
(0,0)(34,0)(34,22)(29,22)(29,11)(16,11)(16,15)(0,15)
Polygon:
(0,0)(38,0)(38,12)(32,12)(32,24)(18,24)(18,13)(0,13)
Polygon:
(0,0)(21,0)(21,15)(9,15)(9,16)(2,16)(2,1)(0,1)
Polygon:
(0,0)(33,0)(33,14)(22,14)(22,18)(6,18)(6,3)(0,3)
Polygon:
(0,0)(8,0)(8,6)(0,6)
Polygon:
(0,0)(1,0)(1,11)(0,11)
Polygon:
(0,0)(17,0)(17,5)(0,5)
Polygon:
(0,0)(5,0)(5,4)(0,4)
Polygon:
(0,0)(17,0)(17,17)(0,17)
Polygon:
(0,0)(8,0)(8,6)(0,6)
Polygon:
(0,0)(10,0)(10,10)(0,10)
Polygon:
(0,0)(16,0)(16,3)(0,3)
Polygon:
(0,0)(4,0)(4,4)(0,4)
Polygon:
(0,0)(12,0)(12,6)(0,6)
Polygon:
(0,0)(17,0)(17,8)(0,8)
Polygon:
(0,0)(36,0)(36,9)(22,9)(22,23)(13,23)(13,14)(0,14)
Polygon:
(0,0)(32,0)(32,16)(19,16)(19,23)(7,23)(7,6)(0,6)
Polygon:
(0,0)(20,0)(20,13)(5,13)(5,9)(1,9)(1,16)(0,16)
Polygon:
(0,0)(4,0)(4,14)(0,14)
Polygon:
(0,0)(4,0)(4,9)(0,9)
Polygon:
(0,0)(9,0)(9,18)(0,18)
Polygon:
(0,0)(15,0)(15,12)(0,12)
Polygon:
(0,0)(16,0)(16,7)(0,7)
Polygon:
(0,0)(9,0)(9,12)(0,12)
Polygon:
(0,0)(1,0)(1,6)(0,6)
Polygon:
(0,0)(7,0)(7,9)(0,9)
Polygon:
(0,0)(1,0)(1,13)(0,13)
Polygon:
(0,0)(16,0)(16,4)(0,4)
Polygon:
(0,0)(17,0)(17,15)(0,15)
Polygon:
(0,0)(21,0)(21,15)(8,15)(8,24)(4,24)(4,15)(0,15)
Polygon:
(0,0)(5,0)(5,12)(0,12)
Polygon:
(0,0)(30,0)(30,14)(27,14)(27,16)(16,16)(16,10)(0,10)
Polygon:
(0,0)(29,0)(29,20)(19,20)(19,30)(14,30)(14,16)(0,16)
Polygon:
(0,0)(26,0)(26,8)(13,8)(13,14)(10,14)(10,2)(0,2)
Polygon:
(0,0)(26,0)(26,14)(25,14)(25,15)(8,15)(8,2)(0,2)
Polygon:
(0,0)(4,0)(4,4)(0,4)
Polygon:
(0,0)(10,0)(10,1)(0,1)
Polygon:
(0,0)(34,0)(34,21)(29,21)(29,22)(16,22)(16,10)(0,10)
Polygon:
(0,0)(15,0)(15,3)(0,3)
Polygon:
(0,0)(27,0)(27,31)(21,31)(21,36)(5,36)(5,18)(0,18)
Polygon:
(0,0)(24,0)(24,14)(20,14)(20,23)(17,23)(17,5)(0,5)
Polygon:
(0,0)(3,0)(3,3)(0,3)
Polygon:
(0,0)(24,0)(24,1)(9,1)(9,14)(1,14)(1,4)(0,4)
Polygon:
(0,0)(13,0)(13,14)(10,14)(10,7)(7,7)(7,15)(0,15)
Polygon:
(0,0)(37,0)(37,16)(23,16)(23,25)(9,25)(9,10)(0,10)
Polygon:
(0,0)(4,0)(4,8)(0,8)
Polygon:
(0,0)(11,0)(11,13)(0,13)
Polygon:
(0,0)(7,0)(7,16)(0,16)
Polygon:
(0,0)(27,0)(27,10)(19,10)(19,12)(5,12)(5,3)(0,3)
Polygon:
(0,0)(30,0)(30,21)(12,21)(12,7)(7,7)(7,15)(0,15)
Polygon:
(0,0)(11,0)(11,15)(0,15)
Polygon:
(0,0)(2,0)(2,15)(0,15)
Polygon:
(0,0)(32,0)(32,14)(20,14)(20,7)(12,7)(12,14)(0,14)
Polygon:
(0,0)(6,0)(6,7)(0,7)
Polygon:
(0,0)(6,0)(6,16)(0,16)
Polygon:
(0,0)(11,0)(11,5)(0,5)
Polygon:
(0,0)(14,0)(14,22)(8,22)(8,23)(1,23)(1,10)(0,10)
Polygon:
(0,0)(28,0)(28,24)(27,24)(27,33)(9,33)(9,16)(0,16)
Polygon:
(0,0)(33,0)(33,24)(22,24)(22,27)(8,27)(8,15)(0,15)
Polygon:
(0,0)(3,0)(3,18)(0,18)
Polygon:
(0,0)(2,0)(2,2)(0,2)
Polygon:
(0,0)(41,0)(41,18)(24,18)(24,20)(14,20)(14,3)(0,3)
Polygon:
(0,0)(1,0)(1,9)(0,9)
Polygon:
(0,0)(8,0)(8,9)(0,9)
Polygon:
(0,0)(30,0)(30,24)(20,24)(20,34)(17,34)(17,18)(0,18)
Polygon:
(0,0)(22,0)(22,14)(12,14)(12,11)(7,11)(7,16)(0,16)
Polygon:
(0,0)(20,0)(20,21)(16,21)(16,7)(1,7)(1,11)(0,11)
Polygon:
(0,0)(12,0)(12,6)(0,6)
Polygon:
(0,0)(1,0)(1,4)(0,4)
Polygon:
(0,0)(11,0)(11,5)(0,5)
Polygon:
(0,0)(16,0)(16,11)(0,11)
Polygon:
(0,0)(6,0)(6,17)(0,17)
Polygon:
(0,0)(1,0)(1,10)(0,10)
Polygon:
(0,0)(3,0)(3,13)(0,13)
Polygon:
(0,0)(1,0)(1,2)(0,2)
Polygon:
(0,0)(13,0)(13,3)(0,3)
Polygon:
(0,0)(43,0)(43,12)(26,12)(26,1)(12,1)(12,7)(0,7)
Polygon:
(0,0)(35,0)(35,12)(19,12)(19,15)(4,15)(4,5)(0,5)
Polygon:
(0,0)(10,0)(10,14)(0,14)
Polygon:
(0,0)(9,0)(9,12)(0,12)
Polygon:
(0,0)(16,0)(16,10)(0,10)
Polygon:
(0,0)(24,0)(24,7)(14,7)(14,14)(10,14)(10,8)(0,8)
Polygon:
(0,0)(14,0)(14,16)(0,16)
Polygon:
(0,0)(2,0)(2,12)(0,12)
Polygon:
(0,0)(16,0)(16,4)(0,4)
Polygon:
(0,0)(18,0)(18,18)(0,18)
Polygon:
(0,0)(8,0)(8,5)(0,5)
Polygon:
(0,0)(23,0)(23,9)(22,9)(22,17)(4,17)(4,3)(0,3)
Polygon:
(0,0)(51,0)(51,25)(35,25)(35,28)(18,28)(18,13)(0,13)
Polygon:
(0,0)(16,0)(16,18)(0,18)
Polygon:
(0,0)(36,0)(36,11)(19,11)(19,7)(7,7)(7,15)(0,15)
Polygon:
(0,0)(25,0)(25,30)(24,30)(24,31)(6,31)(6,15)(0,15)
Polygon:
(0,0)(42,0)(42,8)(25,8)(25,22)(7,22)(7,12)(0,12)
Polygon:
(0,0)(9,0)(9,8)(0,8)
Polygon:
(0,0)(12,0)(12,17)(0,17)
Polygon:
(0,0)(17,0)(17,14)(0,14)
Polygon:
(0,0)(16,0)(16,14)(0,14)
Polygon:
(0,0)(30,0)(30,4)(29,4)(29,18)(13,18)(13,14)(0,14)
Polygon:
(0,0)(15,0)(15,10)(0,10)
Polygon:
(0,0)(10,0)(10,10)(0,10)
Polygon:
(0,0)(12,0)(12,1)(0,1)
Polygon:
(0,0)(13,0)(13,2)(0,2)
Polygon:
(0,0)(29,0)(29,12)(11,12)(11,16)(4,16)(4,14)(0,14)
Polygon:
(0,0)(14,0)(14,14)(0,14)
Polygon:
(0,0)(2,0)(2,11)(0,11)
Polygon:
(0,0)(22,0)(22,8)(12,8)(12,24)(9,24)(9,12)(0,12)
Polygon:
(0,0)(28,0)(28,13)(19,13)(19,4)(13,4)(13,5)(0,5)
Polygon:
(0,0)(12,0)(12,13)(3,13)(3,29)(2,29)(2,16)(0,16)
Polygon:
(0,0)(16,0)(16,2)(0,2)
Polygon:
(0,0)(42,0)(42,6)(31,6)(31,4)(17,4)(17,16)(0,16)
Polygon:
(0,0)(11,0)(11,7)(10,7)(10,12)(6,12)(6,11)(0,11)
Polygon:
(0,0)(2,0)(2,9)(0,9)
Polygon:
(0,0)(17,0)(17,13)(0,13)
Polygon:
(0,0)(30,0)(30,29)(25,29)(25,13)(9,13)(9,15)(0,15)
Polygon:
(0,0)(14,0)(14,13)(0,13)
Polygon:
(0,0)(12,0)(12,3)(0,3)
Polygon:
(0,0)(20,0)(20,20)(18,20)(18,21)(10,21)(10,6)(0,6)
Polygon:
(0,0)(14,0)(14,13)(0,13)
Polygon:
(0,0)(3,0)(3,11)(0,11)
Polygon:
(0,0)(13,0)(13,3)(0,3)
Polygon:
(0,0)(15,0)(15,18)(0,18)
Polygon:
(0,0)(8,0)(8,17)(0,17)
Polygon:
(0,0)(14,0)(14,3)(11,3)(11,19)(4,19)(4,5)(0,5)
Polygon:
(0,0)(40,0)(40,23)(23,23)(23,5)(5,5)(5,14)(0,14)
Polygon:
(0,0)(5,0)(5,7)(0,7)
Polygon:
(0,0)(3,0)(3,16)(0,16)
Polygon:
(0,0)(7,0)(7,8)(0,8)
Polygon:
(0,0)(38,0)(38,18)(24,18)(24,3)(18,3)(18,14)(0,14)
Polygon:
(0,0)(30,0)(30,20)(18,20)(18,32)(5,32)(5,16)(0,16)
Polygon:
(0,0)(41,0)(41,27)(27,27)(27,16)(11,16)(11,17)(0,17)
Polygon:
(0,0)(26,0)(26,4)(25,4)(25,19)(10,19)(10,11)(0,11)
Polygon:
(0,0)(16,0)(16,2)(0,2)
Polygon:
(0,0)(25,0)(25,10)(15,10)(15,18)(2,18)(2,3)(0,3)
Polygon:
(0,0)(32,0)(32,17)(24,17)(24,9)(18,9)(18,10)(0,10)
Polygon:
(0,0)(17,0)(17,13)(12,13)(12,19)(9,19)(9,14)(0,14)
Polygon:
(0,0)(43,0)(43,9)(26,9)(26,23)(10,23)(10,7)(0,7)
Polygon:
(0,0)(16,0)(16,12)(0,12)
Polygon:
(0,0)(4,0)(4,1)(0,1)
Polygon:
(0,0)(14,0)(14,13)(0,13)
Polygon:
(0,0)(23,0)(23,13)(6,13)(6,8)(5,8)(5,16)(0,16)
Polygon:
(0,0)(20,0)(20,25)(3,25)(3,28)(2,28)(2,12)(0,12)
Polygon:
(0,0)(35,0)(35,13)(18,13)(18,12)(16,12)(16,17)(0,17)
Polygon:
(0,0)(41,0)(41,9)(33,9)(33,14)(17,14)(17,1)(0,1)
Polygon:
(0,0)(6,0)(6,11)(0,11)
Polygon:
(0,0)(1,0)(1,3)(0,3)
Polygon:
(0,0)(15,0)(15,14)(0,14)
Polygon:
(0,0)(11,0)(11,4)(0,4)
Polygon:
(0,0)(16,0)(16,2)(0,2)
Polygon:
(0,0)(4,0)(4,10)(0,10)
Polygon:
(0,0)(15,0)(15,14)(0,14)
Polygon:
(0,0)(1,0)(1,4)(0,4)
Polygon:
(0,0)(37,0)(37,2)(19,2)(19,16)(5,16)(5,7)(0,7)
Polygon:
(0,0)(9,0)(9,2)(0,2)
Polygon:
(0,0)(10,0)(10,17)(0,17)
Polygon:
(0,0)(15,0)(15,16)(0,16)
Polygon:
(0,0)(8,0)(8,16)(0,16)
Polygon:
(0,0)(26,0)(26,14)(21,14)(21,22)(11,22)(11,4)(0,4)
Polygon:
(0,0)(42,0)(42,12)(33,12)(33,16)(18,16)(18,15)(0,15)
Polygon:
(0,0)(1,0)(1,11)(0,11)
Polygon:
(0,0)(13,0)(13,12)(0,12)
Polygon:
(0,0)(12,0)(12,3)(0,3)
Polygon:
(0,0)(5,0)(5,2)(0,2)
Polygon:
(0,0)(34,0)(34,17)(21,17)(21,2)(16,2)(16,11)(0,11)
Polygon:
(0,0)(3,0)(3,10)(0,10)
Polygon:
(0,0)(34,0)(34,23)(25,23)(25,9)(11,9)(11,12)(0,12)
Polygon:
(0,0)(6,0)(6,14)(0,14)
Polygon:
(0,0)(18,0)(18,8)(0,8)
Polygon:
(0,0)(2,0)(2,15)(0,15)
Polygon:
(0,0)(49,0)(49,22)(34,22)(34,5)(16,5)(16,9)(0,9)
Polygon:
(0,0)(5,0)(5,1)(0,1)
Polygon:
(0,0)(7,0)(7,5)(0,5)
Polygon:
(0,0)(22,0)(22,4)(14,4)(14,2)(4,2)(4,7)(0,7)
Polygon:
(0,0)(20,0)(20,13)(19,13)(19,14)(4,14)(4,2)(0,2)
Polygon:
(0,0)(16,0)(16,10)(0,10)
Polygon:
(0,0)(14,0)(14,6)(0,6)
Polygon:
(0,0)(18,0)(18,1)(0,1)
Polygon:
(0,0)(17,0)(17,8)(0,8)
Polygon:
(0,0)(24,0)(24,17)(22,17)(22,22)(5,22)(5,6)(0,6)
Polygon:
(0,0)(18,0)(18,7)(0,7)
Polygon:
(0,0)(9,0)(9,18)(0,18)
Polygon:
(0,0)(11,0)(11,11)(0,11)
Polygon:
(0,0)(20,0)(20,17)(14,17)(14,22)(5,22)(5,6)(0,6)
Polygon:
(0,0)(30,0)(30,3)(26,3)(26,13)(13,13)(13,1)(0,1)
Polygon:
(0,0)(20,0)(20,6)(10,6)(10,1)(5,1)(5,11)(0,11)
Polygon:
(0,0)(13,0)(13,8)(0,8)
Polygon:
(0,0)(18,0)(18,3)(0,3)
Polygon:
(0,0)(17,0)(17,3)(9,3)(9,17)(7,17)(7,9)(0,9)
Polygon:
(0,0)(10,0)(10,4)(0,4)
Polygon:
(0,0)(18,0)(18,16)(0,16)
Polygon:
(0,0)(15,0)(15,13)(6,13)(6,10)(5,10)(5,18)(0,18)
Polygon:
(0,0)(16,0)(16,18)(0,18)
Polygon:
(0,0)(10,0)(10,1)(0,1)
Polygon:
(0,0)(28,0)(28,2)(18,2)(18,3)(2,3)(2,1)(0,1)
Polygon:
(0,0)(16,0)(16,13)(0,13)
Polygon:
(0,0)(13,0)(13,10)(0,10)
Polygon:
(0,0)(2,0)(2,1)(0,1)
Polygon:
(0,0)(36,0)(36,22)(28,22)(28,11)(11,11)(11,14)(0,14)
Polygon:
(0,0)(33,0)(33,7)(16,7)(16,21)(4,21)(4,15)(0,15)
Polygon:
(0,0)(22,0)(22,18)(17,18)(17,19)(1,19)(1,2)(0,2)
Polygon:
(0,0)(17,0)(17,3)(0,3)
Polygon:
(0,0)(3,0)(3,13)(0,13)
Polygon:
(0,0)(3,0)(3,11)(0,11)
Polygon:
(0,0)(19,0)(19,18)(11,18)(11,21)(10,21)(10,5)(0,5)
Polygon:
(0,0)(16,0)(16,6)(0,6)
Polygon:
(0,0)(6,0)(6,12)(0,12)
Polygon:
(0,0)(21,0)(21,12)(19,12)(19,3)(4,3)(4,14)(0,14)
Polygon:
(0,0)(23,0)(23,20)(7,20)(7,29)(2,29)(2,18)(0,18)
Polygon:
(0,0)(16,0)(16,20)(8,20)(8,11)(6,11)(6,16)(0,16)
Polygon:
(0,0)(41,0)(41,25)(29,25)(29,26)(11,26)(11,11)(0,11)
Polygon:
(0,0)(5,0)(5,8)(0,8)
Polygon:
(0,0)(1,0)(1,1)(0,1)
Polygon:
(0,0)(6,0)(6,5)(0,5)
Polygon:
(0,0)(11,0)(11,2)(0,2)
Polygon:
(0,0)(14,0)(14,2)(0,2)
Polygon:
(0,0)(7,0)(7,1)(0,1)
Polygon:
(0,0)(12,0)(12,1)(0,1)
Polygon:
(0,0)(18,0)(18,1)(0,1)
Polygon:
(0,0)(19,0)(19,1)(15,1)(15,10)(5,10)(5,7)(0,7)
Polygon:
(0,0)(10,0)(10,11)(8,11)(8,4)(3,4)(3,8)(0,8)
Polygon:
(0,0)(5,0)(5,4)(0,4)
Polygon:
(0,0)(34,0)(34,4)(23,4)(23,19)(16,19)(16,2)(0,2)
Polygon:
(0,0)(30,0)(30,13)(22,13)(22,24)(14,24)(14,12)(0,12)
Polygon:
(0,0)(28,0)(28,17)(14,17)(14,18)(7,18)(7,3)(0,3)
Polygon:
(0,0)(33,0)(33,11)(21,11)(21,20)(13,20)(13,16)(0,16)
Polygon:
(0,0)(14,0)(14,9)(0,9)
Polygon:
(0,0)(6,0)(6,4)(0,4)
Polygon:
(0,0)(3,0)(3,5)(0,5)
Polygon:
(0,0)(8,0)(8,2)(0,2)
Polygon:
(0,0)(28,0)(28,22)(18,22)(18,29)(1,29)(1,18)(0,18)
Polygon:
(0,0)(15,0)(15,9)(0,9)
Polygon:
(0,0)(11,0)(11,7)(0,7)
Polygon:
(0,0)(22,0)(22,11)(19,11)(19,16)(6,16)(6,11)(0,11)
Polygon:
(0,0)(6,0)(6,3)(0,3)
Polygon:
(0,0)(18,0)(18,15)(0,15)
Polygon:
(0,0)(40,0)(40,11)(29,11)(29,18)(12,18)(12,17)(0,17)
Polygon:
(0,0)(3,0)(3,5)(0,5)
Polygon:
(0,0)(15,0)(15,3)(0,3)
Polygon:
(0,0)(11,0)(11,14)(0,14)
Polygon:
(0,0)(29,0)(29,16)(18,16)(18,28)(10,28)(10,18)(0,18)
Polygon:
(0,0)(18,0)(18,6)(0,6)
Polygon:
(0,0)(14,0)(14,5)(0,5)
Polygon:
(0,0)(7,0)(7,12)(0,12)
Polygon:
(0,0)(6,0)(6,10)(0,10)
Polygon:
(0,0)(38,0)(38,25)(22,25)(22,29)(6,29)(6,13)(0,13)
Polygon:
(0,0)(25,0)(25,22)(9,22)(9,23)(7,23)(7,9)(0,9)
Polygon:
(0,0)(35,0)(35,16)(20,16)(20,8)(12,8)(12,13)(0,13)
Polygon:
(0,0)(34,0)(34,18)(32,18)(32,31)(16,31)(16,13)(0,13)
Polygon:
(0,0)(1,0)(1,16)(0,16)
Polygon:
(0,0)(2,0)(2,17)(0,17)
Polygon:
(0,0)(37,0)(37,23)(23,23)(23,11)(8,11)(8,13)(0,13)
Polygon:
(0,0)(35,0)(35,3)(33,3)(33,10)(17,10)(17,6)(0,6)
Polygon:
(0,0)(42,0)(42,17)(25,17)(25,32)(14,32)(14,16)(0,16)
Polygon:
(0,0)(14,0)(14,15)(9,15)(9,10)(5,10)(5,12)(0,12)
Polygon:
(0,0)(33,0)(33,26)(17,26)(17,17)(14,17)(14,18)(0,18)
Polygon:
(0,0)(47,0)(47,5)(33,5)(33,20)(16,20)(16,3)(0,3)
Polygon:
(0,0)(30,0)(30,15)(24,15)(24,29)(11,29)(11,12)(0,12)
Polygon:
(0,0)(31,0)(31,21)(18,21)(18,26)(14,26)(14,9)(0,9)
Polygon:
(0,0)(15,0)(15,7)(0,7)
Polygon:
(0,0)(31,0)(31,12)(20,12)(20,26)(15,26)(15,15)(0,15)
Polygon:
(0,0)(12,0)(12,1)(0,1)
Polygon:
(0,0)(10,0)(10,14)(0,14)
Polygon:
(0,0)(27,0)(27,12)(12,12)(12,26)(1,26)(1,9)(0,9)
Polygon:
(0,0)(13,0)(13,5)(4,5)(4,2)(2,2)(2,8)(0,8)
Polygon:
(0,0)(31,0)(31,17)(17,17)(17,15)(10,15)(10,18)(0,18)
Polygon:
(0,0)(41,0)(41,25)(31,25)(31,17)(16,17)(16,18)(0,18)
Polygon:
(0,0)(30,0)(30,3)(16,3)(16,20)(5,20)(5,2)(0,2)
Polygon:
(0,0)(21,0)(21,14)(19,14)(19,2)(13,2)(13,14)(0,14)
Polygon:
(0,0)(31,0)(31,21)(23,21)(23,23)(5,23)(5,8)(0,8)
Polygon:
(0,0)(7,0)(7,12)(0,12)
Polygon:
(0,0)(6,0)(6,18)(0,18)
Polygon:
(0,0)(7,0)(7,6)(0,6)
Polygon:
(0,0)(7,0)(7,13)(0,13)
Polygon:
(0,0)(37,0)(37,12)(19,12)(19,13)(9,13)(9,10)(0,10)
Polygon:
(0,0)(12,0)(12,15)(0,15)
Polygon:
(0,0)(17,0)(17,20)(13,20)(13,25)(4,25)(4,8)(0,8)
Polygon:
(0,0)(44,0)(44,8)(27,8)(27,16)(16,16)(16,1)(0,1)
Polygon:
(0,0)(18,0)(18,2)(0,2)
Polygon:
(0,0)(2,0)(2,18)(0,18)
Polygon:
(0,0)(26,0)(26,17)(20,17)(20,20)(10,20)(10,6)(0,6)
Polygon:
(0,0)(16,0)(16,4)(0,4)
Polygon:
(0,0)(13,0)(13,8)(0,8)
Polygon:
(0,0)(1,0)(1,15)(0,15)
Polygon:
(0,0)(37,0)(37,14)(19,14)(19,2)(16,2)(16,9)(0,9)
Polygon:
(0,0)(19,0)(19,28)(13,28)(13,29)(9,29)(9,14)(0,14)
Polygon:
(0,0)(1,0)(1,2)(0,2)
Polygon:
(0,0)(2,0)(2,4)(0,4)
Polygon:
(0,0)(35,0)(35,16)(22,16)(22,22)(18,22)(18,6)(0,6)
Polygon:
(0,0)(15,0)(15,2)(0,2)
Polygon:
(0,0)(42,0)(42,5)(28,5)(28,2)(16,2)(16,16)(0,16)
Polygon:
(0,0)(30,0)(30,23)(12,23)(12,13)(8,13)(8,14)(0,14)
Polygon:
(0,0)(21,0)(21,14)(8,14)(8,19)(4,19)(4,5)(0,5)
Polygon:
(0,0)(32,0)(32,23)(15,23)(15,5)(3,5)(3,16)(0,16)
Polygon:
(0,0)(19,0)(19,4)(13,4)(13,10)(12,10)(12,2)(0,2)
Polygon:
(0,0)(7,0)(7,7)(0,7)
Polygon:
(0,0)(8,0)(8,3)(0,3)
Polygon:
(0,0)(2,0)(2,9)(0,9)
Polygon:
(0,0)(16,0)(16,14)(12,14)(12,18)(10,18)(10,12)(0,12)
Polygon:
(0,0)(1,0)(1,15)(0,15)
Polygon:
(0,0)(8,0)(8,12)(0,12)
Polygon:
(0,0)(13,0)(13,14)(0,14)
Polygon:
(0,0)(6,0)(6,4)(0,4)
Polygon:
(0,0)(15,0)(15,13)(12,13)(12,15)(9,15)(9,6)(0,6)
Polygon:
(0,0)(5,0)(5,11)(0,11)
Polygon:
(0,0)(11,0)(11,14)(0,14)
Polygon:
(0,0)(41,0)(41,31)(25,31)(25,14)(14,14)(14,18)(0,18)
Polygon:
(0,0)(6,0)(6,8)(0,8)
Polygon:
(0,0)(20,0)(20,13)(17,13)(17,4)(7,4)(7,6)(0,6)
Polygon:
(0,0)(13,0)(13,15)(0,15)
Polygon:
(0,0)(2,0)(2,17)(0,17)
Polygon:
(0,0)(23,0)(23,13)(16,13)(16,25)(12,25)(12,13)(0,13)
Polygon:
(0,0)(1,0)(1,16)(0,16)
Polygon:
(0,0)(34,0)(34,15)(26,15)(26,2)(12,2)(12,10)(0,10)
Polygon:
(0,0)(7,0)(7,16)(0,16)
Polygon:
(0,0)(19,0)(19,7)(11,7)(11,1)(2,1)(2,7)(0,7)
Polygon:
(0,0)(34,0)(34,22)(20,22)(20,29)(3,29)(3,12)(0,12)
Polygon:
(0,0)(19,0)(19,13)(13,13)(13,26)(8,26)(8,8)(0,8)
Polygon:
(0,0)(28,0)(28,16)(11,16)(11,15)(7,15)(7,18)(0,18)
Polygon:
(0,0)(40,0)(40,11)(30,11)(30,29)(15,29)(15,11)(0,11)
Polygon:
(0,0)(17,0)(17,17)(0,17)
Polygon:
(0,0)(36,0)(36,5)(20,5)(20,7)(15,7)(15,6)(0,6)
Polygon:
(0,0)(18,0)(18,7)(15,7)(15,24)(11,24)(11,6)(0,6)
Polygon:
(0,0)(35,0)(35,29)(19,29)(19,13)(17,13)(17,14)(0,14)
Polygon:
(0,0)(15,0)(15,14)(0,14)
Polygon:
(0,0)(15,0)(15,12)(11,12)(11,19)(3,19)(3,7)(0,7)
Polygon:
(0,0)(9,0)(9,9)(0,9)
Polygon:
(0,0)(7,0)(7,13)(0,13)
Polygon:
(0,0)(32,0)(32,9)(18,9)(18,22)(1,22)(1,4)(0,4)
Polygon:
(0,0)(15,0)(15,13)(6,13)(6,11)(3,11)(3,15)(0,15)
Polygon:
(0,0)(34,0)(34,5)(19,5)(19,22)(17,22)(17,18)(0,18)
Polygon:
(0,0)(33,0)(33,7)(15,7)(15,17)(2,17)(2,10)(0,10)
Polygon:
(0,0)(9,0)(9,13)(0,13)
Polygon:
(0,0)(38,0)(38,6)(27,6)(27,24)(15,24)(15,7)(0,7)
Polygon:
(0,0)(15,0)(15,10)(0,10)
Polygon:
(0,0)(13,0)(13,9)(0,9)
Polygon:
(0,0)(36,0)(36,17)(18,17)(18,26)(15,26)(15,12)(0,12)
Polygon:
(0,0)(42,0)(42,26)(29,26)(29,31)(18,31)(18,17)(0,17)
Polygon:
(0,0)(2,0)(2,2)(0,2)
Polygon:
(0,0)(41,0)(41,18)(27,18)(27,24)(13,24)(13,6)(0,6)
Polygon:
(0,0)(23,0)(23,13)(12,13)(12,22)(2,22)(2,12)(0,12)
Polygon:
(0,0)(14,0)(14,6)(10,6)(10,21)(5,21)(5,3)(0,3)
Polygon:
(0,0)(13,0)(13,7)(0,7)
Polygon:
(0,0)(30,0)(30,13)(15,13)(15,3)(4,3)(4,17)(0,17)
Polygon:
(0,0)(11,0)(11,8)(0,8)
Polygon:
(0,0)(2,0)(2,2)(0,2)
Polygon:
(0,0)(4,0)(4,16)(0,16)
Polygon:
(0,0)(25,0)(25,8)(19,8)(19,10)(9,10)(9,4)(0,4)
Polygon:
(0,0)(10,0)(10,7)(0,7)
Polygon:
(0,0)(21,0)(21,21)(14,21)(14,22)(7,22)(7,9)(0,9)
Polygon:
(0,0)(2,0)(2,2)(0,2)
Polygon:
(0,0)(2,0)(2,18)(0,18)
Polygon:
(0,0)(14,0)(14,1)(0,1)
Polygon:
(0,0)(2,0)(2,15)(0,15)
Polygon:
(0,0)(11,0)(11,9)(3,9)(3,23)(2,23)(2,8)(0,8)
Polygon:
(0,0)(9,0)(9,11)(0,11)
Polygon:
(0,0)(1,0)(1,16)(0,16)
Polygon:
(0,0)(12,0)(12,11)(0,11)
Polygon:
(0,0)(14,0)(14,11)(0,11)
Polygon:
(0,0)(33,0)(33,24)(20,24)(20,9)(18,9)(18,10)(0,10)
Polygon:
(0,0)(17,0)(17,14)(16,14)(16,5)(13,5)(13,7)(0,7)
Polygon:
(0,0)(41,0)(41,22)(27,22)(27,33)(15,33)(15,16)(0,16)
Polygon:
(0,0)(27,0)(27,6)(25,6)(25,13)(12,13)(12,6)(0,6)
Polygon:
(0,0)(44,0)(44,1)(35,1)(35,18)(18,18)(18,1)(0,1)
Polygon:
(0,0)(33,0)(33,5)(28,5)(28,21)(12,21)(12,13)(0,13)
Polygon:
(0,0)(30,0)(30,24)(18,24)(18,28)(2,28)(2,11)(0,11)
Polygon:
(0,0)(31,0)(31,19)(15,19)(15,21)(12,21)(12,9)(0,9)
Polygon:
(0,0)(32,0)(32,14)(21,14)(21,15)(15,15)(15,4)(0,4)
Polygon:
(0,0)(11,0)(11,1)(0,1)
Polygon:
(0,0)(34,0)(34,11)(17,11)(17,26)(16,26)(16,17)(0,17)
Polygon:
(0,0)(37,0)(37,16)(20,16)(20,19)(7,19)(7,4)(0,4)
Polygon:
(0,0)(12,0)(12,12)(0,12)
Polygon:
(0,0)(10,0)(10,8)(0,8)
Polygon:
(0,0)(34,0)(34,7)(24,7)(24,12)(13,12)(13,10)(0,10)
Polygon:
(0,0)(12,0)(12,17)(0,17)
Polygon:
(0,0)(48,0)(48,10)(33,10)(33,14)(18,14)(18,3)(0,3)
Polygon:
(0,0)(3,0)(3,2)(0,2)
Polygon:
(0,0)(10,0)(10,18)(0,18)
Polygon:
(0,0)(48,0)(48,18)(36,18)(36,1)(18,1)(18,3)(0,3)
Polygon:
(0,0)(8,0)(8,9)(0,9)
Polygon:
(0,0)(35,0)(35,22)(30,22)(30,29)(17,29)(17,12)(0,12)
Polygon:
(0,0)(38,0)(38,18)(21,18)(21,8)(12,8)(12,10)(0,10)
