Polygon:
(117,190)(117,185)(114,185)(114,190)
Polygon:
(29.000,91.000)(29.000,85.000)(19.000,85.000)(19.000,100.000)(23.000,100.000)(23.000,91.000)
Polygon:
(157.000,95.000)(164.000,95.000)(164.000,85.000)(155.000,85.000)(155.000,88.000)(152.000,88.000)(152.000,91.000)(157.000,91.000)
Polygon:
(156,150)(156,145)(152,145)(152,150)
Polygon:
(0,147)(3,147)(3,145)(0,145)
Polygon:
(19,111)(19,105)(24,105)(24,111)
Polygon:
(63.000,105.000)(66.000,105.000)(66.000,115.000)(57.000,115.000)(57.000,112.000)(63.000,112.000)
Polygon:
(102.000,205.000)(95.000,205.000)(95.000,207.000)(100.000,207.000)(100.000,213.000)(102.000,213.000)
Polygon:
(66,173)(66,165)(57,165)(57,173)
Polygon:
(114.000,211.000)(114.000,208.000)(118.000,208.000)(118.000,205.000)(124.000,205.000)(124.000,216.000)(118.000,216.000)(118.000,211.000)
Polygon:
(24,185)(19,185)(19,189)(24,189)
Polygon:
(193,145)(193,148)(190,148)(190,145)
Polygon:
(109,92)(95,92)(95,85)(109,85)
Polygon:
(152.000,109.000)(152.000,105.000)(161.000,105.000)(161.000,123.000)(159.000,123.000)(159.000,109.000)
Polygon:
(28.000,223.000)(28.000,205.000)(25.000,205.000)(25.000,215.000)(19.000,215.000)(19.000,223.000)
Polygon:
(38,85)(49,85)(49,94)(38,94)
Polygon:
(95.000,258.000)(95.000,245.000)(98.000,245.000)(98.000,253.000)(104.000,253.000)(104.000,258.000)
Polygon:
(114,145)(125,145)(125,152)(114,152)
Polygon:
(64,145)(57,145)(57,153)(64,153)
Polygon:
(5.000,96.000)(0.000,96.000)(0.000,85.000)(15.000,85.000)(15.000,88.000)(5.000,88.000)
Polygon:
(104.000,169.000)(104.000,173.000)(95.000,173.000)(95.000,169.000)(98.000,169.000)(98.000,165.000)(100.000,165.000)(100.000,169.000)
Polygon:
(24,148)(19,148)(19,145)(24,145)
Polygon:
(41,210)(41,205)(38,205)(38,210)
Polygon:
(38,190)(47,190)(47,185)(38,185)
Polygon:
(47.000,125.000)(50.000,125.000)(50.000,134.000)(38.000,134.000)(38.000,132.000)(47.000,132.000)
Polygon:
(130,258)(130,245)(114,245)(114,258)
Polygon:
(19.000,208.000)(19.000,205.000)(0.000,205.000)(0.000,221.000)(2.000,221.000)(2.000,208.000)
Polygon:
(140,109)(140,105)(133,105)(133,109)
Polygon:
(161.000,249.000)(161.000,245.000)(152.000,245.000)(152.000,254.000)(154.000,254.000)(154.000,249.000)
Polygon:
(133,225)(139,225)(139,230)(133,230)
Polygon:
(76.000,87.000)(76.000,85.000)(85.000,85.000)(85.000,94.000)(81.000,94.000)(81.000,87.000)
Polygon:
(157.000,243.000)(155.000,243.000)(155.000,231.000)(152.000,231.000)(152.000,225.000)(161.000,225.000)(161.000,238.000)(157.000,238.000)
Polygon:
(194,185)(190,185)(190,191)(194,191)
Polygon:
(95,108)(95,105)(107,105)(107,108)
Polygon:
(133.000,245.000)(133.000,260.000)(141.000,260.000)(141.000,251.000)(152.000,251.000)(152.000,245.000)
Polygon:
(133,165)(144,165)(144,177)(133,177)
Polygon:
(152.000,128.000)(152.000,131.000)(161.000,131.000)(161.000,128.000)(158.000,128.000)(158.000,125.000)(156.000,125.000)(156.000,128.000)
Polygon:
(152,165)(152,169)(156,169)(156,165)
Polygon:
(192,129)(192,125)(190,125)(190,129)
Polygon:
(199.000,245.000)(190.000,245.000)(190.000,248.000)(196.000,248.000)(196.000,254.000)(199.000,254.000)
Polygon:
(180,165)(180,173)(171,173)(171,165)
Polygon:
(190.000,92.000)(190.000,85.000)(199.000,85.000)(199.000,92.000)(196.000,92.000)(196.000,95.000)(194.000,95.000)(194.000,92.000)
Polygon:
(118,105)(114,105)(114,110)(118,110)
Polygon:
(137,208)(133,208)(133,205)(137,205)
Polygon:
(85,165)(76,165)(76,170)(85,170)
Polygon:
(104.000,225.000)(107.000,225.000)(107.000,234.000)(95.000,234.000)(95.000,232.000)(104.000,232.000)
Polygon:
(27.000,174.000)(27.000,170.000)(23.000,170.000)(23.000,165.000)(19.000,165.000)(19.000,180.000)(24.000,180.000)(24.000,174.000)
Polygon:
(38,245)(46,245)(46,249)(38,249)
Polygon:
(38,145)(38,150)(42,150)(42,145)
Polygon:
(190,232)(190,225)(194,225)(194,232)
Polygon:
(59.000,236.000)(57.000,236.000)(57.000,225.000)(66.000,225.000)(66.000,229.000)(59.000,229.000)
Polygon:
(171.000,111.000)(171.000,105.000)(180.000,105.000)(180.000,111.000)(177.000,111.000)(177.000,114.000)(175.000,114.000)(175.000,111.000)
Polygon:
(95,185)(95,187)(99,187)(99,185)
Polygon:
(78,227)(76,227)(76,225)(78,225)
Polygon:
(57,85)(68,85)(68,89)(57,89)
Polygon:
(180.000,147.000)(180.000,145.000)(171.000,145.000)(171.000,161.000)(175.000,161.000)(175.000,147.000)
Polygon:
(133.000,185.000)(133.000,199.000)(136.000,199.000)(136.000,193.000)(143.000,193.000)(143.000,185.000)
Polygon:
(7,174)(0,174)(0,165)(7,165)
Polygon:
(133.000,129.000)(133.000,133.000)(136.000,133.000)(136.000,136.000)(140.000,136.000)(140.000,125.000)(137.000,125.000)(137.000,129.000)
Polygon:
(114,91)(114,85)(118,85)(118,91)
Polygon:
(171,129)(171,125)(173,125)(173,129)
Polygon:
(23.000,245.000)(26.000,245.000)(26.000,253.000)(29.000,253.000)(29.000,259.000)(19.000,259.000)(19.000,249.000)(23.000,249.000)
Polygon:
(76,105)(76,111)(81,111)(81,105)
Polygon:
(103,148)(103,145)(95,145)(95,148)
Polygon:
(42.000,239.000)(38.000,239.000)(38.000,225.000)(42.000,225.000)(42.000,229.000)(46.000,229.000)(46.000,233.000)(42.000,233.000)
Polygon:
(196,205)(196,208)(190,208)(190,205)
Polygon:
(80,148)(80,145)(76,145)(76,148)
Polygon:
(19.000,139.000)(19.000,125.000)(25.000,125.000)(25.000,131.000)(33.000,131.000)(33.000,139.000)
Polygon:
(171,205)(171,214)(181,214)(181,205)
Polygon:
(152.000,188.000)(152.000,197.000)(166.000,197.000)(166.000,191.000)(162.000,191.000)(162.000,185.000)(158.000,185.000)(158.000,188.000)
Polygon:
(57,205)(59,205)(59,210)(57,210)
Polygon:
(19,225)(19,230)(24,230)(24,225)
Polygon:
(180,185)(171,185)(171,191)(180,191)
Polygon:
(174.000,100.000)(171.000,100.000)(171.000,85.000)(183.000,85.000)(183.000,90.000)(174.000,90.000)
Polygon:
(82,185)(76,185)(76,189)(82,189)
Polygon:
(154.000,205.000)(152.000,205.000)(152.000,216.000)(162.000,216.000)(162.000,212.000)(154.000,212.000)
Polygon:
(133,150)(133,145)(141,145)(141,150)
Polygon:
(121.000,176.000)(125.000,176.000)(125.000,165.000)(114.000,165.000)(114.000,167.000)(121.000,167.000)
Polygon:
(199.000,105.000)(199.000,114.000)(196.000,114.000)(196.000,108.000)(190.000,108.000)(190.000,105.000)
Polygon:
(83,253)(76,253)(76,245)(83,245)
Polygon:
(133.000,85.000)(133.000,95.000)(135.000,95.000)(135.000,89.000)(141.000,89.000)(141.000,85.000)
Polygon:
(38,114)(47,114)(47,105)(38,105)
Polygon:
(200.000,165.000)(200.000,172.000)(196.000,172.000)(196.000,166.000)(190.000,166.000)(190.000,165.000)
Polygon:
(178,245)(178,254)(171,254)(171,245)
Polygon:
(0,250)(9,250)(9,245)(0,245)
Polygon:
(98.000,125.000)(95.000,125.000)(95.000,135.000)(107.000,135.000)(107.000,131.000)(98.000,131.000)
Polygon:
(3,128)(0,128)(0,125)(3,125)
Polygon:
(7.000,201.000)(12.000,201.000)(12.000,185.000)(0.000,185.000)(0.000,193.000)(7.000,193.000)
Polygon:
(73.000,252.000)(73.000,245.000)(65.000,245.000)(65.000,250.000)(57.000,250.000)(57.000,252.000)
Polygon:
(84,134)(76,134)(76,125)(84,125)
Polygon:
(119.000,125.000)(114.000,125.000)(114.000,135.000)(119.000,135.000)(119.000,132.000)(122.000,132.000)(122.000,129.000)(119.000,129.000)
Polygon:
(42,165)(42,168)(38,168)(38,165)
Polygon:
(57,128)(57,125)(60,125)(60,128)
Polygon:
(0.000,232.000)(0.000,225.000)(11.000,225.000)(11.000,232.000)(8.000,232.000)(8.000,235.000)(5.000,235.000)(5.000,232.000)
Polygon:
(0,105)(0,109)(4,109)(4,105)
Polygon:
(76,209)(76,205)(79,205)(79,209)
Polygon:
(114.000,225.000)(123.000,225.000)(123.000,232.000)(117.000,232.000)(117.000,240.000)(114.000,240.000)
Polygon:
(181,225)(181,233)(171,233)(171,225)
Polygon:
(57,185)(57,193)(71,193)(71,185)
Polygon:
(8.000,281.000)(11.000,281.000)(11.000,265.000)(0.000,265.000)(0.000,267.000)(8.000,267.000)
