Polygon:
(222,230)(222,217)(209,217)(209,230)
Polygon:
(8,407)(8,401)(0,401)(0,407)
Polygon:
(8,286)(12,286)(12,300)(0,300)(0,297)(8,297)
Polygon:
(159,384)(159,378)(152,378)(152,384)
Polygon:
(44,335)(38,335)(38,332)(44,332)
Polygon:
(0,177)(0,171)(7,171)(7,177)
Polygon:
(23,177)(23,171)(19,171)(19,177)
Polygon:
(47,194)(47,204)(46,204)(46,195)(38,195)(38,194)
Polygon:
(125,205)(114,205)(114,194)(125,194)
Polygon:
(228,178)(233,178)(233,171)(228,171)
Polygon:
(76,217)(81,217)(81,220)(76,220)
Polygon:
(14,263)(14,269)(0,269)(0,263)(5,263)(5,265)(7,265)(7,263)
Polygon:
(152,178)(154,178)(154,171)(152,171)
Polygon:
(209,171)(211,171)(211,173)(209,173)
Polygon:
(178,217)(176,217)(176,218)(171,218)(171,225)(184,225)(184,218)(178,218)
Polygon:
(38,222)(50,222)(50,217)(38,217)
Polygon:
(114,240)(117,240)(117,244)(114,244)
Polygon:
(209,249)(220,249)(220,248)(211,248)(211,240)(209,240)
Polygon:
(125,378)(125,394)(114,394)(114,378)
Polygon:
(234,292)(228,292)(228,286)(234,286)
Polygon:
(29,413)(31,413)(31,401)(19,401)(19,404)(29,404)
Polygon:
(171,247)(177,247)(177,240)(171,240)
Polygon:
(153,194)(153,200)(152,200)(152,194)
Polygon:
(144,140)(144,125)(142,125)(142,137)(133,137)(133,140)
Polygon:
(243,263)(228,263)(228,275)(243,275)
Polygon:
(38,125)(38,131)(45,131)(45,125)
Polygon:
(10,378)(12,378)(12,391)(0,391)(0,389)(10,389)
Polygon:
(38,309)(43,309)(43,312)(38,312)
Polygon:
(95,125)(104,125)(104,131)(95,131)
Polygon:
(62,263)(62,265)(57,265)(57,263)
Polygon:
(45,378)(45,386)(38,386)(38,378)
Polygon:
(27,355)(19,355)(19,368)(37,368)(37,362)(27,362)
Polygon:
(125,273)(114,273)(114,272)(124,272)(124,263)(125,263)
Polygon:
(15,205)(0,205)(0,194)(15,194)
Polygon:
(233,131)(228,131)(228,125)(233,125)
Polygon:
(152,286)(152,289)(158,289)(158,286)
Polygon:
(171,341)(187,341)(187,340)(175,340)(175,332)(171,332)
Polygon:
(228,231)(228,217)(239,217)(239,231)
Polygon:
(153,355)(160,355)(160,365)(153,365)(153,362)(152,362)(152,361)(153,361)
