Polygon:
(60,131)(77,131)(77,129)(68,129)(68,123)(60,123)
Polygon:
(60,72)(60,84)(69,84)(69,72)
Polygon:
(86,63)(80,63)(80,55)(86,55)
Polygon:
(47,99)(49,99)(49,89)(40,89)(40,91)(47,91)
Polygon:
(105,100)(103,100)(103,95)(100,95)(100,89)(109,89)(109,95)(105,95)
Polygon:
(85,95)(80,95)(80,89)(85,89)
Polygon:
(29,95)(20,95)(20,89)(29,89)
Polygon:
(60,58)(65,58)(65,55)(60,55)
Polygon:
(68,89)(68,97)(66,97)(66,91)(60,91)(60,89)
Polygon:
(90,107)(80,107)(80,106)(90,106)
Polygon:
(104,119)(106,119)(106,113)(109,113)(109,106)(100,106)(100,113)(104,113)
Polygon:
(65,140)(60,140)(60,148)(65,148)
Polygon:
(80,72)(82,72)(82,79)(80,79)
Polygon:
(55,72)(55,81)(50,81)(50,75)(40,75)(40,72)
Polygon:
(40,55)(47,55)(47,67)(40,67)
Polygon:
(20,79)(20,72)(29,72)(29,77)(36,77)(36,79)
Polygon:
(48,131)(40,131)(40,123)(48,123)
Polygon:
(40,111)(45,111)(45,106)(40,106)
Polygon:
(86,156)(89,156)(89,140)(80,140)(80,146)(86,146)
