Polygon:
(0,0)(33,0)(33,29)(17,29)(17,13)(14,13)(14,18)(0,18)
Polygon:
(0,0)(7,0)(7,18)(0,18)
Polygon:
(0,0)(9,0)(9,7)(0,7)
Polygon:
(0,0)(1,0)(1,7)(0,7)
Polygon:
(0,0)(30,0)(30,18)(17,18)(17,32)(0,32)
Polygon:
(0,0)(32,0)(32,12)(18,12)(18,1)(6,1)(6,7)(0,7)
Polygon:
(0,0)(34,0)(34,16)(16,16)(16,30)(0,30)
Polygon:
(0,0)(27,0)(27,21)(21,21)(21,3)(14,3)(14,16)(0,16)
Polygon:
(0,0)(1,0)(1,18)(0,18)
Polygon:
(0,0)(13,0)(13,14)(3,14)(3,24)(0,24)
Polygon:
(0,0)(17,0)(17,15)(0,15)
Polygon:
(0,0)(19,0)(19,12)(12,12)(12,22)(0,22)
Polygon:
(0,0)(29,0)(29,4)(16,4)(16,15)(0,15)
Polygon:
(0,0)(3,0)(3,12)(0,12)
Polygon:
(0,0)(1,0)(1,4)(0,4)
Polygon:
(0,0)(34,0)(34,16)(16,16)(16,5)(7,5)(7,7)(0,7)
Polygon:
(0,0)(2,0)(2,5)(0,5)
Polygon:
(0,0)(7,0)(7,2)(0,2)
Polygon:
(0,0)(7,0)(7,8)(0,8)
Polygon:
(0,0)(1,0)(1,14)(0,14)
Polygon:
(0,0)(13,0)(13,12)(0,12)
Polygon:
(0,0)(5,0)(5,7)(0,7)
Polygon:
(0,0)(20,0)(20,14)(15,14)(15,21)(0,21)
Polygon:
(0,0)(18,0)(18,16)(0,16)
Polygon:
(0,0)(4,0)(4,3)(0,3)
Polygon:
(0,0)(13,0)(13,11)(0,11)
Polygon:
(0,0)(25,0)(25,10)(15,10)(15,13)(0,13)
Polygon:
(0,0)(20,0)(20,15)(2,15)(2,16)(0,16)
Polygon:
(0,0)(15,0)(15,11)(4,11)(4,24)(0,24)
Polygon:
(0,0)(20,0)(20,16)(14,16)(14,31)(0,31)
Polygon:
(0,0)(22,0)(22,9)(17,9)(17,19)(0,19)
Polygon:
(0,0)(5,0)(5,4)(0,4)
Polygon:
(0,0)(35,0)(35,19)(19,19)(19,8)(3,8)(3,18)(0,18)
Polygon:
(0,0)(10,0)(10,8)(0,8)
Polygon:
(0,0)(5,0)(5,9)(0,9)
Polygon:
(0,0)(14,0)(14,4)(0,4)
Polygon:
(0,0)(6,0)(6,10)(0,10)
Polygon:
(0,0)(5,0)(5,2)(0,2)
Polygon:
(0,0)(26,0)(26,11)(11,11)(11,18)(0,18)
Polygon:
(0,0)(13,0)(13,2)(0,2)
Polygon:
(0,0)(29,0)(29,12)(17,12)(17,5)(11,5)(11,16)(0,16)
Polygon:
(0,0)(9,0)(9,15)(5,15)(5,29)(0,29)
Polygon:
(0,0)(14,0)(14,3)(0,3)
Polygon:
(0,0)(5,0)(5,16)(0,16)
Polygon:
(0,0)(21,0)(21,7)(7,7)(7,5)(4,5)(4,12)(0,12)
Polygon:
(0,0)(3,0)(3,10)(0,10)
Polygon:
(0,0)(17,0)(17,14)(15,14)(15,26)(0,26)
Polygon:
(0,0)(3,0)(3,17)(0,17)
Polygon:
(0,0)(20,0)(20,14)(3,14)(3,28)(0,28)
Polygon:
(0,0)(1,0)(1,3)(0,3)
Polygon:
(0,0)(17,0)(17,16)(0,16)
Polygon:
(0,0)(32,0)(32,20)(28,20)(28,3)(10,3)(10,17)(0,17)
Polygon:
(0,0)(11,0)(11,7)(10,7)(10,9)(0,9)
Polygon:
(0,0)(29,0)(29,19)(16,19)(16,6)(13,6)(13,11)(0,11)
Polygon:
(0,0)(17,0)(17,7)(0,7)
Polygon:
(0,0)(10,0)(10,11)(0,11)
Polygon:
(0,0)(7,0)(7,17)(0,17)
Polygon:
(0,0)(2,0)(2,10)(0,10)
Polygon:
(0,0)(22,0)(22,11)(13,11)(13,6)(11,6)(11,18)(0,18)
Polygon:
(0,0)(16,0)(16,8)(0,8)
Polygon:
(0,0)(15,0)(15,5)(0,5)
Polygon:
(0,0)(5,0)(5,16)(0,16)
Polygon:
(0,0)(25,0)(25,5)(19,5)(19,2)(3,2)(3,3)(0,3)
Polygon:
(0,0)(5,0)(5,6)(0,6)
Polygon:
(0,0)(12,0)(12,7)(7,7)(7,19)(0,19)
Polygon:
(0,0)(12,0)(12,6)(7,6)(7,8)(0,8)
Polygon:
(0,0)(3,0)(3,12)(0,12)
Polygon:
(0,0)(14,0)(14,14)(9,14)(9,24)(0,24)
Polygon:
(0,0)(44,0)(44,11)(30,11)(30,4)(17,4)(17,5)(0,5)
Polygon:
(0,0)(10,0)(10,18)(0,18)
Polygon:
(0,0)(6,0)(6,10)(0,10)
Polygon:
(0,0)(4,0)(4,16)(3,16)(3,21)(0,21)
Polygon:
(0,0)(5,0)(5,16)(0,16)
Polygon:
(0,0)(37,0)(37,17)(20,17)(20,6)(17,6)(17,14)(0,14)
Polygon:
(0,0)(18,0)(18,10)(5,10)(5,22)(0,22)
Polygon:
(0,0)(17,0)(17,6)(16,6)(16,2)(5,2)(5,18)(0,18)
Polygon:
(0,0)(7,0)(7,16)(0,16)
Polygon:
(0,0)(14,0)(14,5)(0,5)
Polygon:
(0,0)(10,0)(10,7)(0,7)
Polygon:
(0,0)(6,0)(6,17)(0,17)
Polygon:
(0,0)(5,0)(5,7)(0,7)
Polygon:
(0,0)(16,0)(16,17)(0,17)
Polygon:
(0,0)(17,0)(17,17)(0,17)
Polygon:
(0,0)(9,0)(9,16)(0,16)
Polygon:
(0,0)(23,0)(23,2)(11,2)(11,14)(0,14)
Polygon:
(0,0)(29,0)(29,25)(12,25)(12,11)(5,11)(5,12)(0,12)
Polygon:
(0,0)(27,0)(27,10)(18,10)(18,17)(0,17)
Polygon:
(0,0)(10,0)(10,12)(0,12)
Polygon:
(0,0)(4,0)(4,14)(0,14)
Polygon:
(0,0)(14,0)(14,16)(11,16)(11,30)(0,30)
Polygon:
(0,0)(9,0)(9,5)(0,5)
Polygon:
(0,0)(46,0)(46,5)(29,5)(29,3)(11,3)(11,9)(0,9)
Polygon:
(0,0)(9,0)(9,17)(0,17)
Polygon:
(0,0)(2,0)(2,18)(0,18)
Polygon:
(0,0)(23,0)(23,18)(9,18)(9,26)(0,26)
Polygon:
(0,0)(13,0)(13,5)(0,5)
Polygon:
(0,0)(25,0)(25,15)(9,15)(9,10)(2,10)(2,13)(0,13)
Polygon:
(0,0)(25,0)(25,1)(13,1)(13,3)(0,3)
Polygon:
(0,0)(11,0)(11,14)(0,14)
Polygon:
(0,0)(10,0)(10,7)(0,7)
Polygon:
(0,0)(15,0)(15,5)(4,5)(4,6)(0,6)
Polygon:
(0,0)(5,0)(5,5)(0,5)
Polygon:
(0,0)(18,0)(18,9)(12,9)(12,27)(0,27)
Polygon:
(0,0)(4,0)(4,5)(0,5)
Polygon:
(0,0)(11,0)(11,13)(0,13)
Polygon:
(0,0)(30,0)(30,32)(24,32)(24,18)(15,18)(15,21)(0,21)
Polygon:
(0,0)(6,0)(6,9)(0,9)
Polygon:
(0,0)(27,0)(27,14)(16,14)(16,23)(0,23)
Polygon:
(0,0)(7,0)(7,3)(5,3)(5,20)(0,20)
Polygon:
(0,0)(14,0)(14,9)(0,9)
Polygon:
(0,0)(24,0)(24,22)(17,22)(17,6)(2,6)(2,8)(0,8)
Polygon:
(0,0)(7,0)(7,12)(0,12)
Polygon:
(0,0)(3,0)(3,11)(0,11)
Polygon:
(0,0)(9,0)(9,3)(7,3)(7,15)(0,15)
Polygon:
(0,0)(23,0)(23,13)(8,13)(8,17)(0,17)
Polygon:
(0,0)(18,0)(18,5)(0,5)
Polygon:
(0,0)(13,0)(13,18)(0,18)
Polygon:
(0,0)(1,0)(1,16)(0,16)
Polygon:
(0,0)(16,0)(16,13)(0,13)
Polygon:
(0,0)(25,0)(25,8)(11,8)(11,17)(0,17)
Polygon:
(0,0)(16,0)(16,13)(0,13)
Polygon:
(0,0)(7,0)(7,5)(0,5)
Polygon:
(0,0)(16,0)(16,7)(0,7)
Polygon:
(0,0)(14,0)(14,5)(0,5)
Polygon:
(0,0)(5,0)(5,9)(0,9)
Polygon:
(0,0)(24,0)(24,12)(6,12)(6,16)(0,16)
Polygon:
(0,0)(7,0)(7,4)(0,4)
Polygon:
(0,0)(3,0)(3,12)(0,12)
Polygon:
(0,0)(10,0)(10,5)(0,5)
Polygon:
(0,0)(11,0)(11,5)(0,5)
Polygon:
(0,0)(5,0)(5,16)(0,16)
Polygon:
(0,0)(32,0)(32,34)(26,34)(26,17)(13,17)(13,34)(0,34)
Polygon:
(0,0)(27,0)(27,12)(11,12)(11,24)(0,24)
Polygon:
(0,0)(14,0)(14,2)(0,2)
Polygon:
(0,0)(8,0)(8,1)(0,1)
Polygon:
(0,0)(12,0)(12,14)(0,14)
Polygon:
(0,0)(29,0)(29,18)(13,18)(13,29)(0,29)
Polygon:
(0,0)(1,0)(1,1)(0,1)
Polygon:
(0,0)(5,0)(5,11)(0,11)
Polygon:
(0,0)(4,0)(4,7)(0,7)
Polygon:
(0,0)(13,0)(13,1)(0,1)
Polygon:
(0,0)(29,0)(29,11)(12,11)(12,15)(0,15)
Polygon:
(0,0)(39,0)(39,7)(29,7)(29,4)(11,4)(11,18)(0,18)
Polygon:
(0,0)(2,0)(2,9)(0,9)
Polygon:
(0,0)(16,0)(16,10)(7,10)(7,26)(0,26)
Polygon:
(0,0)(19,0)(19,7)(14,7)(14,21)(0,21)
Polygon:
(0,0)(46,0)(46,6)(28,6)(28,3)(11,3)(11,5)(0,5)
Polygon:
(0,0)(13,0)(13,11)(0,11)
Polygon:
(0,0)(2,0)(2,9)(0,9)
Polygon:
(0,0)(4,0)(4,14)(0,14)
Polygon:
(0,0)(21,0)(21,19)(17,19)(17,6)(16,6)(16,17)(0,17)
Polygon:
(0,0)(8,0)(8,14)(7,14)(7,27)(0,27)
Polygon:
(0,0)(15,0)(15,16)(0,16)
Polygon:
(0,0)(14,0)(14,17)(0,17)
Polygon:
(0,0)(11,0)(11,11)(7,11)(7,13)(0,13)
Polygon:
(0,0)(11,0)(11,4)(0,4)
Polygon:
(0,0)(6,0)(6,7)(0,7)
Polygon:
(0,0)(4,0)(4,2)(0,2)
Polygon:
(0,0)(22,0)(22,15)(16,15)(16,21)(0,21)
Polygon:
(0,0)(15,0)(15,15)(3,15)(3,23)(0,23)
Polygon:
(0,0)(11,0)(11,16)(0,16)
Polygon:
(0,0)(1,0)(1,12)(0,12)
Polygon:
(0,0)(29,0)(29,11)(14,11)(14,27)(0,27)
Polygon:
(0,0)(9,0)(9,10)(0,10)
Polygon:
(0,0)(16,0)(16,9)(0,9)
Polygon:
(0,0)(10,0)(10,6)(6,6)(6,20)(0,20)
Polygon:
(0,0)(3,0)(3,11)(0,11)
Polygon:
(0,0)(12,0)(12,8)(0,8)
Polygon:
(0,0)(11,0)(11,10)(0,10)
Polygon:
(0,0)(7,0)(7,9)(0,9)
Polygon:
(0,0)(21,0)(21,16)(7,16)(7,30)(0,30)
Polygon:
(0,0)(13,0)(13,8)(0,8)
Polygon:
(0,0)(12,0)(12,2)(0,2)
Polygon:
(0,0)(8,0)(8,6)(0,6)
Polygon:
(0,0)(1,0)(1,2)(0,2)
Polygon:
(0,0)(41,0)(41,14)(23,14)(23,3)(13,3)(13,17)(0,17)
Polygon:
(0,0)(15,0)(15,13)(0,13)
Polygon:
(0,0)(9,0)(9,16)(0,16)
Polygon:
(0,0)(14,0)(14,21)(8,21)(8,4)(7,4)(7,16)(0,16)
Polygon:
(0,0)(17,0)(17,4)(0,4)
Polygon:
(0,0)(16,0)(16,12)(0,12)
Polygon:
(0,0)(3,0)(3,5)(0,5)
Polygon:
(0,0)(18,0)(18,12)(1,12)(1,13)(0,13)
Polygon:
(0,0)(10,0)(10,4)(1,4)(1,10)(0,10)
Polygon:
(0,0)(2,0)(2,5)(0,5)
Polygon:
(0,0)(35,0)(35,3)(17,3)(17,21)(0,21)
Polygon:
(0,0)(24,0)(24,20)(11,20)(11,3)(4,3)(4,8)(0,8)
Polygon:
(0,0)(7,0)(7,11)(0,11)
Polygon:
(0,0)(17,0)(17,18)(0,18)
Polygon:
(0,0)(17,0)(17,7)(1,7)(1,12)(0,12)
Polygon:
(0,0)(15,0)(15,12)(0,12)
Polygon:
(0,0)(16,0)(16,17)(0,17)
Polygon:
(0,0)(25,0)(25,16)(19,16)(19,3)(17,3)(17,7)(0,7)
Polygon:
(0,0)(13,0)(13,10)(0,10)
Polygon:
(0,0)(18,0)(18,5)(0,5)
Polygon:
(0,0)(12,0)(12,11)(0,11)
Polygon:
(0,0)(27,0)(27,20)(19,20)(19,6)(1,6)(1,16)(0,16)
Polygon:
(0,0)(13,0)(13,1)(0,1)
Polygon:
(0,0)(15,0)(15,2)(5,2)(5,10)(0,10)
Polygon:
(0,0)(12,0)(12,12)(1,12)(1,30)(0,30)
Polygon:
(0,0)(6,0)(6,8)(0,8)
Polygon:
(0,0)(16,0)(16,5)(0,5)
Polygon:
(0,0)(18,0)(18,5)(0,5)
Polygon:
(0,0)(2,0)(2,18)(0,18)
Polygon:
(0,0)(2,0)(2,2)(0,2)
Polygon:
(0,0)(21,0)(21,15)(14,15)(14,30)(0,30)
Polygon:
(0,0)(10,0)(10,17)(0,17)
Polygon:
(0,0)(28,0)(28,6)(13,6)(13,10)(0,10)
Polygon:
(0,0)(18,0)(18,4)(8,4)(8,1)(2,1)(2,14)(0,14)
Polygon:
(0,0)(6,0)(6,16)(0,16)
Polygon:
(0,0)(17,0)(17,5)(13,5)(13,18)(0,18)
Polygon:
(0,0)(15,0)(15,16)(4,16)(4,23)(0,23)
Polygon:
(0,0)(19,0)(19,11)(18,11)(18,26)(0,26)
Polygon:
(0,0)(27,0)(27,6)(13,6)(13,5)(7,5)(7,12)(0,12)
Polygon:
(0,0)(9,0)(9,4)(0,4)
Polygon:
(0,0)(33,0)(33,15)(18,15)(18,2)(9,2)(9,10)(0,10)
Polygon:
(0,0)(13,0)(13,6)(9,6)(9,17)(0,17)
Polygon:
(0,0)(8,0)(8,4)(0,4)
Polygon:
(0,0)(7,0)(7,14)(0,14)
Polygon:
(0,0)(14,0)(14,6)(4,6)(4,11)(0,11)
Polygon:
(0,0)(16,0)(16,3)(5,3)(5,14)(0,14)
Polygon:
(0,0)(25,0)(25,5)(13,5)(13,15)(0,15)
Polygon:
(0,0)(11,0)(11,14)(8,14)(8,17)(0,17)
Polygon:
(0,0)(32,0)(32,6)(16,6)(16,16)(0,16)
Polygon:
(0,0)(18,0)(18,2)(0,2)
Polygon:
(0,0)(27,0)(27,15)(14,15)(14,2)(4,2)(4,6)(0,6)
Polygon:
(0,0)(18,0)(18,7)(0,7)
Polygon:
(0,0)(26,0)(26,11)(9,11)(9,28)(0,28)
Polygon:
(0,0)(25,0)(25,3)(13,3)(13,19)(0,19)
Polygon:
(0,0)(14,0)(14,18)(4,18)(4,19)(0,19)
Polygon:
(0,0)(16,0)(16,10)(10,10)(10,5)(6,5)(6,12)(0,12)
Polygon:
(0,0)(27,0)(27,8)(17,8)(17,19)(0,19)
Polygon:
(0,0)(15,0)(15,4)(8,4)(8,18)(0,18)
Polygon:
(0,0)(8,0)(8,3)(0,3)
Polygon:
(0,0)(47,0)(47,3)(31,3)(31,1)(18,1)(18,6)(0,6)
Polygon:
(0,0)(18,0)(18,18)(0,18)
Polygon:
(0,0)(27,0)(27,17)(18,17)(18,10)(3,10)(3,11)(0,11)
Polygon:
(0,0)(4,0)(4,7)(0,7)
Polygon:
(0,0)(4,0)(4,6)(0,6)
Polygon:
(0,0)(15,0)(15,7)(0,7)
Polygon:
(0,0)(6,0)(6,15)(0,15)
Polygon:
(0,0)(15,0)(15,7)(0,7)
Polygon:
(0,0)(7,0)(7,12)(5,12)(5,7)(1,7)(1,9)(0,9)
Polygon:
(0,0)(24,0)(24,17)(6,17)(6,9)(4,9)(4,16)(0,16)
Polygon:
(0,0)(17,0)(17,18)(0,18)
Polygon:
(0,0)(7,0)(7,12)(0,12)
Polygon:
(0,0)(12,0)(12,10)(0,10)
Polygon:
(0,0)(23,0)(23,3)(15,3)(15,15)(0,15)
Polygon:
(0,0)(14,0)(14,7)(0,7)
Polygon:
(0,0)(16,0)(16,11)(0,11)
Polygon:
(0,0)(14,0)(14,6)(0,6)
Polygon:
(0,0)(7,0)(7,17)(0,17)
Polygon:
(0,0)(20,0)(20,4)(11,4)(11,5)(0,5)
Polygon:
(0,0)(13,0)(13,15)(0,15)
Polygon:
(0,0)(19,0)(19,15)(7,15)(7,32)(0,32)
Polygon:
(0,0)(26,0)(26,12)(13,12)(13,29)(0,29)
Polygon:
(0,0)(2,0)(2,8)(0,8)
Polygon:
(0,0)(1,0)(1,18)(0,18)
Polygon:
(0,0)(14,0)(14,14)(0,14)
Polygon:
(0,0)(1,0)(1,1)(0,1)
Polygon:
(0,0)(17,0)(17,10)(14,10)(14,7)(12,7)(12,22)(0,22)
Polygon:
(0,0)(21,0)(21,15)(4,15)(4,33)(0,33)
Polygon:
(0,0)(33,0)(33,7)(15,7)(15,19)(0,19)
Polygon:
(0,0)(6,0)(6,17)(0,17)
Polygon:
(0,0)(11,0)(11,10)(0,10)
Polygon:
(0,0)(8,0)(8,5)(0,5)
Polygon:
(0,0)(19,0)(19,6)(17,6)(17,14)(0,14)
Polygon:
(0,0)(10,0)(10,8)(9,8)(9,26)(0,26)
Polygon:
(0,0)(12,0)(12,6)(9,6)(9,13)(0,13)
Polygon:
(0,0)(1,0)(1,18)(0,18)
Polygon:
(0,0)(29,0)(29,7)(16,7)(16,5)(2,5)(2,15)(0,15)
Polygon:
(0,0)(24,0)(24,14)(16,14)(16,10)(4,10)(4,18)(0,18)
Polygon:
(0,0)(17,0)(17,28)(9,28)(9,13)(1,13)(1,15)(0,15)
Polygon:
(0,0)(7,0)(7,18)(0,18)
Polygon:
(0,0)(11,0)(11,17)(0,17)
Polygon:
(0,0)(15,0)(15,8)(0,8)
Polygon:
(0,0)(23,0)(23,15)(15,15)(15,28)(0,28)
Polygon:
(0,0)(6,0)(6,18)(0,18)
Polygon:
(0,0)(2,0)(2,5)(0,5)
Polygon:
(0,0)(1,0)(1,11)(0,11)
Polygon:
(0,0)(11,0)(11,4)(0,4)
Polygon:
(0,0)(6,0)(6,17)(0,17)
Polygon:
(0,0)(13,0)(13,3)(12,3)(12,12)(0,12)
Polygon:
(0,0)(25,0)(25,6)(16,6)(16,4)(4,4)(4,9)(0,9)
Polygon:
(0,0)(27,0)(27,11)(15,11)(15,9)(13,9)(13,19)(0,19)
Polygon:
(0,0)(13,0)(13,10)(0,10)
Polygon:
(0,0)(5,0)(5,7)(0,7)
Polygon:
(0,0)(14,0)(14,3)(0,3)
Polygon:
(0,0)(15,0)(15,14)(0,14)
Polygon:
(0,0)(25,0)(25,18)(15,18)(15,24)(0,24)
Polygon:
(0,0)(22,0)(22,15)(7,15)(7,19)(0,19)
Polygon:
(0,0)(38,0)(38,15)(20,15)(20,3)(14,3)(14,11)(0,11)
Polygon:
(0,0)(18,0)(18,8)(0,8)
Polygon:
(0,0)(11,0)(11,2)(5,2)(5,17)(0,17)
Polygon:
(0,0)(6,0)(6,18)(0,18)
Polygon:
(0,0)(14,0)(14,12)(0,12)
Polygon:
(0,0)(23,0)(23,2)(14,2)(14,11)(0,11)
Polygon:
(0,0)(16,0)(16,7)(0,7)
Polygon:
(0,0)(9,0)(9,5)(0,5)
Polygon:
(0,0)(27,0)(27,27)(14,27)(14,13)(8,13)(8,15)(0,15)
Polygon:
(0,0)(21,0)(21,1)(13,1)(13,11)(0,11)
Polygon:
(0,0)(1,0)(1,6)(0,6)
Polygon:
(0,0)(1,0)(1,14)(0,14)
Polygon:
(0,0)(26,0)(26,16)(22,16)(22,7)(10,7)(10,9)(0,9)
Polygon:
(0,0)(3,0)(3,16)(0,16)
Polygon:
(0,0)(18,0)(18,2)(0,2)
Polygon:
(0,0)(21,0)(21,4)(13,4)(13,12)(0,12)
Polygon:
(0,0)(15,0)(15,16)(0,16)
Polygon:
(0,0)(6,0)(6,4)(0,4)
Polygon:
(0,0)(33,0)(33,8)(16,8)(16,10)(0,10)
Polygon:
(0,0)(12,0)(12,12)(0,12)
Polygon:
(0,0)(18,0)(18,1)(0,1)
Polygon:
(0,0)(3,0)(3,10)(0,10)
Polygon:
(0,0)(30,0)(30,18)(17,18)(17,35)(0,35)
Polygon:
(0,0)(31,0)(31,4)(16,4)(16,15)(0,15)
Polygon:
(0,0)(12,0)(12,14)(0,14)
Polygon:
(0,0)(13,0)(13,8)(0,8)
Polygon:
(0,0)(9,0)(9,15)(0,15)
Polygon:
(0,0)(1,0)(1,3)(0,3)
Polygon:
(0,0)(7,0)(7,2)(0,2)
Polygon:
(0,0)(24,0)(24,11)(12,11)(12,6)(6,6)(6,13)(0,13)
Polygon:
(0,0)(1,0)(1,13)(0,13)
Polygon:
(0,0)(3,0)(3,1)(0,1)
Polygon:
(0,0)(1,0)(1,8)(0,8)
Polygon:
(0,0)(17,0)(17,6)(15,6)(15,8)(0,8)
Polygon:
(0,0)(36,0)(36,15)(26,15)(26,2)(18,2)(18,16)(0,16)
Polygon:
(0,0)(18,0)(18,7)(16,7)(16,17)(0,17)
Polygon:
(0,0)(9,0)(9,8)(0,8)
Polygon:
(0,0)(2,0)(2,8)(0,8)
Polygon:
(0,0)(22,0)(22,7)(13,7)(13,17)(0,17)
Polygon:
(0,0)(18,0)(18,16)(11,16)(11,4)(9,4)(9,9)(0,9)
Polygon:
(0,0)(28,0)(28,14)(25,14)(25,2)(14,2)(14,7)(0,7)
Polygon:
(0,0)(7,0)(7,15)(0,15)
Polygon:
(0,0)(29,0)(29,1)(14,1)(14,5)(0,5)
Polygon:
(0,0)(15,0)(15,16)(13,16)(13,5)(10,5)(10,9)(0,9)
Polygon:
(0,0)(27,0)(27,5)(16,5)(16,21)(0,21)
Polygon:
(0,0)(18,0)(18,14)(15,14)(15,20)(0,20)
Polygon:
(0,0)(18,0)(18,9)(0,9)
Polygon:
(0,0)(23,0)(23,10)(9,10)(9,15)(0,15)
Polygon:
(0,0)(24,0)(24,26)(22,26)(22,12)(17,12)(17,15)(0,15)
Polygon:
(0,0)(27,0)(27,4)(13,4)(13,16)(0,16)
Polygon:
(0,0)(24,0)(24,11)(7,11)(7,27)(0,27)
Polygon:
(0,0)(16,0)(16,15)(0,15)
Polygon:
(0,0)(30,0)(30,5)(28,5)(28,1)(11,1)(11,12)(0,12)
Polygon:
(0,0)(8,0)(8,18)(0,18)
Polygon:
(0,0)(29,0)(29,7)(15,7)(15,19)(0,19)
Polygon:
(0,0)(27,0)(27,18)(13,18)(13,26)(0,26)
Polygon:
(0,0)(22,0)(22,19)(18,19)(18,9)(4,9)(4,14)(0,14)
Polygon:
(0,0)(18,0)(18,10)(12,10)(12,13)(0,13)
Polygon:
(0,0)(2,0)(2,15)(0,15)
Polygon:
(0,0)(8,0)(8,12)(0,12)
Polygon:
(0,0)(28,0)(28,13)(11,13)(11,9)(8,9)(8,10)(0,10)
Polygon:
(0,0)(17,0)(17,10)(11,10)(11,24)(0,24)
Polygon:
(0,0)(9,0)(9,18)(0,18)
Polygon:
(0,0)(4,0)(4,3)(1,3)(1,9)(0,9)
Polygon:
(0,0)(3,0)(3,1)(0,1)
Polygon:
(0,0)(31,0)(31,11)(18,11)(18,20)(0,20)
Polygon:
(0,0)(26,0)(26,33)(18,33)(18,16)(4,16)(4,18)(0,18)
Polygon:
(0,0)(18,0)(18,1)(0,1)
Polygon:
(0,0)(13,0)(13,1)(0,1)
Polygon:
(0,0)(23,0)(23,10)(9,10)(9,22)(0,22)
Polygon:
(0,0)(23,0)(23,10)(9,10)(9,13)(0,13)
Polygon:
(0,0)(7,0)(7,4)(0,4)
Polygon:
(0,0)(23,0)(23,6)(15,6)(15,24)(0,24)
Polygon:
(0,0)(5,0)(5,18)(0,18)
Polygon:
(0,0)(1,0)(1,3)(0,3)
Polygon:
(0,0)(8,0)(8,14)(4,14)(4,26)(0,26)
Polygon:
(0,0)(4,0)(4,18)(0,18)
Polygon:
(0,0)(8,0)(8,7)(0,7)
Polygon:
(0,0)(9,0)(9,8)(0,8)
Polygon:
(0,0)(16,0)(16,9)(0,9)
Polygon:
(0,0)(11,0)(11,17)(7,17)(7,23)(0,23)
Polygon:
(0,0)(2,0)(2,5)(0,5)
Polygon:
(0,0)(16,0)(16,5)(0,5)
Polygon:
(0,0)(24,0)(24,14)(9,14)(9,27)(0,27)
Polygon:
(0,0)(20,0)(20,1)(17,1)(17,14)(0,14)
Polygon:
(0,0)(5,0)(5,7)(0,7)
Polygon:
(0,0)(14,0)(14,8)(8,8)(8,4)(7,4)(7,6)(0,6)
Polygon:
(0,0)(10,0)(10,7)(0,7)
Polygon:
(0,0)(3,0)(3,2)(0,2)
Polygon:
(0,0)(9,0)(9,1)(0,1)
Polygon:
(0,0)(1,0)(1,11)(0,11)
Polygon:
(0,0)(42,0)(42,15)(29,15)(29,4)(18,4)(18,9)(0,9)
Polygon:
(0,0)(17,0)(17,11)(0,11)
Polygon:
(0,0)(21,0)(21,16)(13,16)(13,24)(0,24)
Polygon:
(0,0)(9,0)(9,6)(0,6)
Polygon:
(0,0)(2,0)(2,16)(0,16)
Polygon:
(0,0)(18,0)(18,10)(0,10)
Polygon:
(0,0)(30,0)(30,20)(17,20)(17,9)(2,9)(2,10)(0,10)
Polygon:
(0,0)(2,0)(2,11)(0,11)
Polygon:
(0,0)(11,0)(11,3)(0,3)
Polygon:
(0,0)(15,0)(15,7)(0,7)
Polygon:
(0,0)(17,0)(17,12)(9,12)(9,30)(0,30)
Polygon:
(0,0)(10,0)(10,9)(0,9)
Polygon:
(0,0)(18,0)(18,8)(0,8)
Polygon:
(0,0)(6,0)(6,14)(0,14)
Polygon:
(0,0)(20,0)(20,13)(4,13)(4,31)(0,31)
Polygon:
(0,0)(12,0)(12,13)(2,13)(2,21)(0,21)
Polygon:
(0,0)(29,0)(29,17)(14,17)(14,20)(0,20)
Polygon:
(0,0)(23,0)(23,16)(17,16)(17,6)(15,6)(15,23)(0,23)
Polygon:
(0,0)(24,0)(24,26)(10,26)(10,12)(4,12)(4,18)(0,18)
Polygon:
(0,0)(8,0)(8,17)(0,17)
Polygon:
(0,0)(40,0)(40,13)(22,13)(22,11)(10,11)(10,18)(0,18)
Polygon:
(0,0)(11,0)(11,13)(0,13)
Polygon:
(0,0)(16,0)(16,5)(15,5)(15,1)(1,1)(1,18)(0,18)
Polygon:
(0,0)(17,0)(17,17)(0,17)
Polygon:
(0,0)(3,0)(3,5)(0,5)
Polygon:
(0,0)(23,0)(23,4)(14,4)(14,12)(0,12)
Polygon:
(0,0)(4,0)(4,2)(0,2)
Polygon:
(0,0)(28,0)(28,15)(27,15)(27,3)(12,3)(12,16)(0,16)
Polygon:
(0,0)(2,0)(2,17)(0,17)
Polygon:
(0,0)(10,0)(10,6)(0,6)
Polygon:
(0,0)(4,0)(4,14)(0,14)
Polygon:
(0,0)(18,0)(18,17)(0,17)
Polygon:
(0,0)(6,0)(6,17)(0,17)
Polygon:
(0,0)(1,0)(1,3)(0,3)
Polygon:
(0,0)(20,0)(20,12)(13,12)(13,18)(0,18)
Polygon:
(0,0)(18,0)(18,2)(6,2)(6,16)(0,16)
Polygon:
(0,0)(4,0)(4,4)(0,4)
Polygon:
(0,0)(15,0)(15,11)(12,11)(12,14)(0,14)
Polygon:
(0,0)(15,0)(15,1)(0,1)
Polygon:
(0,0)(26,0)(26,5)(13,5)(13,21)(0,21)
Polygon:
(0,0)(29,0)(29,15)(19,15)(19,1)(8,1)(8,16)(0,16)
Polygon:
(0,0)(21,0)(21,14)(12,14)(12,1)(9,1)(9,12)(0,12)
Polygon:
(0,0)(13,0)(13,3)(0,3)
Polygon:
(0,0)(24,0)(24,14)(15,14)(15,25)(0,25)
Polygon:
(0,0)(12,0)(12,16)(0,16)
Polygon:
(0,0)(33,0)(33,14)(17,14)(17,3)(10,3)(10,7)(0,7)
Polygon:
(0,0)(9,0)(9,16)(0,16)
Polygon:
(0,0)(3,0)(3,13)(0,13)
Polygon:
(0,0)(34,0)(34,17)(18,17)(18,7)(1,7)(1,8)(0,8)
Polygon:
(0,0)(17,0)(17,13)(0,13)
Polygon:
(0,0)(13,0)(13,9)(0,9)
Polygon:
(0,0)(15,0)(15,13)(0,13)
Polygon:
(0,0)(13,0)(13,9)(0,9)
Polygon:
(0,0)(1,0)(1,12)(0,12)
Polygon:
(0,0)(23,0)(23,18)(16,18)(16,1)(4,1)(4,15)(0,15)
Polygon:
(0,0)(8,0)(8,3)(0,3)
Polygon:
(0,0)(7,0)(7,10)(0,10)
Polygon:
(0,0)(10,0)(10,1)(0,1)
Polygon:
(0,0)(18,0)(18,16)(0,16)
Polygon:
(0,0)(18,0)(18,13)(0,13)
Polygon:
(0,0)(18,0)(18,12)(0,12)
Polygon:
(0,0)(16,0)(16,14)(14,14)(14,31)(0,31)
Polygon:
(0,0)(17,0)(17,5)(0,5)
Polygon:
(0,0)(3,0)(3,10)(0,10)
Polygon:
(0,0)(6,0)(6,9)(0,9)
Polygon:
(0,0)(5,0)(5,6)(4,6)(4,15)(0,15)
Polygon:
(0,0)(37,0)(37,19)(26,19)(26,4)(17,4)(17,5)(0,5)
Polygon:
(0,0)(13,0)(13,23)(7,23)(7,16)(3,16)(3,30)(0,30)
Polygon:
(0,0)(11,0)(11,3)(0,3)
Polygon:
(0,0)(16,0)(16,16)(8,16)(8,29)(0,29)
Polygon:
(0,0)(6,0)(6,15)(5,15)(5,25)(0,25)
Polygon:
(0,0)(5,0)(5,2)(0,2)
Polygon:
(0,0)(22,0)(22,9)(13,9)(13,19)(0,19)
Polygon:
(0,0)(17,0)(17,4)(0,4)
Polygon:
(0,0)(15,0)(15,1)(0,1)
Polygon:
(0,0)(10,0)(10,17)(0,17)
Polygon:
(0,0)(11,0)(11,18)(0,18)
Polygon:
(0,0)(7,0)(7,14)(0,14)
Polygon:
(0,0)(14,0)(14,3)(0,3)
Polygon:
(0,0)(13,0)(13,13)(0,13)
Polygon:
(0,0)(6,0)(6,2)(0,2)
Polygon:
(0,0)(10,0)(10,18)(0,18)
Polygon:
(0,0)(11,0)(11,17)(0,17)
Polygon:
(0,0)(7,0)(7,13)(0,13)
Polygon:
(0,0)(3,0)(3,12)(2,12)(2,15)(0,15)
Polygon:
(0,0)(2,0)(2,18)(0,18)
Polygon:
(0,0)(22,0)(22,1)(8,1)(8,18)(0,18)
Polygon:
(0,0)(9,0)(9,15)(0,15)
Polygon:
(0,0)(15,0)(15,8)(0,8)
Polygon:
(0,0)(1,0)(1,11)(0,11)
Polygon:
(0,0)(7,0)(7,4)(0,4)
Polygon:
(0,0)(2,0)(2,13)(0,13)
Polygon:
(0,0)(18,0)(18,1)(0,1)
Polygon:
(0,0)(12,0)(12,17)(8,17)(8,20)(0,20)
Polygon:
(0,0)(20,0)(20,14)(14,14)(14,27)(0,27)
Polygon:
(0,0)(9,0)(9,16)(0,16)
Polygon:
(0,0)(5,0)(5,7)(0,7)
Polygon:
(0,0)(28,0)(28,4)(14,4)(14,18)(0,18)
Polygon:
(0,0)(4,0)(4,1)(0,1)
Polygon:
(0,0)(12,0)(12,17)(0,17)
Polygon:
(0,0)(34,0)(34,25)(26,25)(26,12)(8,12)(8,16)(0,16)
Polygon:
(0,0)(14,0)(14,14)(3,14)(3,22)(0,22)
Polygon:
(0,0)(5,0)(5,12)(0,12)
Polygon:
(0,0)(8,0)(8,14)(0,14)
Polygon:
(0,0)(19,0)(19,12)(16,12)(16,21)(0,21)
Polygon:
(0,0)(10,0)(10,8)(0,8)
Polygon:
(0,0)(5,0)(5,2)(0,2)
Polygon:
(0,0)(24,0)(24,7)(11,7)(11,2)(9,2)(9,17)(0,17)
Polygon:
(0,0)(16,0)(16,13)(0,13)
Polygon:
(0,0)(24,0)(24,5)(11,5)(11,13)(0,13)
Polygon:
(0,0)(4,0)(4,14)(0,14)
Polygon:
(0,0)(4,0)(4,3)(0,3)
Polygon:
(0,0)(4,0)(4,4)(0,4)
Polygon:
(0,0)(13,0)(13,14)(9,14)(9,15)(0,15)
Polygon:
(0,0)(1,0)(1,18)(0,18)
Polygon:
(0,0)(17,0)(17,11)(0,11)
Polygon:
(0,0)(28,0)(28,3)(12,3)(12,15)(0,15)
Polygon:
(0,0)(1,0)(1,11)(0,11)
Polygon:
(0,0)(36,0)(36,19)(20,19)(20,3)(3,3)(3,11)(0,11)
Polygon:
(0,0)(30,0)(30,10)(18,10)(18,8)(3,8)(3,12)(0,12)
Polygon:
(0,0)(8,0)(8,14)(0,14)
Polygon:
(0,0)(2,0)(2,6)(0,6)
Polygon:
(0,0)(18,0)(18,12)(17,12)(17,24)(0,24)
Polygon:
(0,0)(19,0)(19,18)(5,18)(5,25)(0,25)
Polygon:
(0,0)(34,0)(34,15)(17,15)(17,17)(0,17)
Polygon:
(0,0)(31,0)(31,26)(13,26)(13,12)(12,12)(12,16)(0,16)
Polygon:
(0,0)(5,0)(5,6)(3,6)(3,20)(0,20)
Polygon:
(0,0)(15,0)(15,11)(0,11)
Polygon:
(0,0)(27,0)(27,11)(17,11)(17,18)(0,18)
Polygon:
(0,0)(16,0)(16,11)(2,11)(2,17)(0,17)
Polygon:
(0,0)(16,0)(16,6)(0,6)
Polygon:
(0,0)(26,0)(26,12)(14,12)(14,29)(0,29)
Polygon:
(0,0)(17,0)(17,18)(0,18)
Polygon:
(0,0)(11,0)(11,8)(0,8)
Polygon:
(0,0)(17,0)(17,10)(0,10)
Polygon:
(0,0)(4,0)(4,10)(0,10)
Polygon:
(0,0)(8,0)(8,12)(0,12)
Polygon:
(0,0)(5,0)(5,16)(0,16)
Polygon:
(0,0)(26,0)(26,17)(21,17)(21,2)(13,2)(13,11)(0,11)
Polygon:
(0,0)(1,0)(1,13)(0,13)
Polygon:
(0,0)(8,0)(8,4)(5,4)(5,8)(0,8)
Polygon:
(0,0)(13,0)(13,1)(0,1)
Polygon:
(0,0)(6,0)(6,13)(0,13)
Polygon:
(0,0)(26,0)(26,9)(12,9)(12,14)(0,14)
Polygon:
(0,0)(16,0)(16,18)(1,18)(1,23)(0,23)
Polygon:
(0,0)(4,0)(4,11)(0,11)
Polygon:
(0,0)(9,0)(9,14)(0,14)
Polygon:
(0,0)(17,0)(17,27)(16,27)(16,10)(5,10)(5,12)(0,12)
Polygon:
(0,0)(13,0)(13,8)(5,8)(5,23)(0,23)
Polygon:
(0,0)(32,0)(32,8)(18,8)(18,9)(0,9)
Polygon:
(0,0)(14,0)(14,16)(6,16)(6,34)(0,34)
Polygon:
(0,0)(16,0)(16,3)(0,3)
Polygon:
(0,0)(8,0)(8,12)(0,12)
Polygon:
(0,0)(9,0)(9,3)(0,3)
Polygon:
(0,0)(13,0)(13,9)(0,9)
Polygon:
(0,0)(13,0)(13,7)(0,7)
Polygon:
(0,0)(28,0)(28,12)(13,12)(13,30)(0,30)
Polygon:
(0,0)(23,0)(23,1)(16,1)(16,5)(0,5)
Polygon:
(0,0)(4,0)(4,2)(0,2)
Polygon:
(0,0)(5,0)(5,4)(0,4)
Polygon:
(0,0)(22,0)(22,13)(5,13)(5,15)(0,15)
Polygon:
(0,0)(35,0)(35,22)(19,22)(19,6)(3,6)(3,18)(0,18)
Polygon:
(0,0)(18,0)(18,16)(14,16)(14,2)(12,2)(12,11)(0,11)
Polygon:
(0,0)(18,0)(18,5)(0,5)
Polygon:
(0,0)(13,0)(13,18)(0,18)
Polygon:
(0,0)(12,0)(12,5)(0,5)
Polygon:
(0,0)(11,0)(11,8)(0,8)
Polygon:
(0,0)(10,0)(10,17)(0,17)
Polygon:
(0,0)(12,0)(12,9)(0,9)
Polygon:
(0,0)(11,0)(11,6)(0,6)
Polygon:
(0,0)(3,0)(3,16)(0,16)
Polygon:
(0,0)(12,0)(12,3)(8,3)(8,7)(0,7)
Polygon:
(0,0)(12,0)(12,6)(7,6)(7,11)(0,11)
Polygon:
(0,0)(22,0)(22,5)(15,5)(15,12)(0,12)
Polygon:
(0,0)(21,0)(21,8)(16,8)(16,18)(0,18)
Polygon:
(0,0)(11,0)(11,1)(0,1)
Polygon:
(0,0)(9,0)(9,13)(4,13)(4,26)(0,26)
Polygon:
(0,0)(5,0)(5,3)(0,3)
Polygon:
(0,0)(7,0)(7,7)(0,7)
Polygon:
(0,0)(34,0)(34,4)(24,4)(24,1)(9,1)(9,18)(0,18)
Polygon:
(0,0)(1,0)(1,4)(0,4)
Polygon:
(0,0)(13,0)(13,14)(7,14)(7,16)(0,16)
Polygon:
(0,0)(11,0)(11,3)(0,3)
Polygon:
(0,0)(6,0)(6,15)(0,15)
Polygon:
(0,0)(17,0)(17,13)(0,13)
Polygon:
(0,0)(11,0)(11,18)(0,18)
Polygon:
(0,0)(7,0)(7,6)(0,6)
Polygon:
(0,0)(12,0)(12,14)(0,14)
Polygon:
(0,0)(5,0)(5,3)(0,3)
Polygon:
(0,0)(18,0)(18,11)(7,11)(7,24)(0,24)
Polygon:
(0,0)(15,0)(15,1)(0,1)
Polygon:
(0,0)(7,0)(7,3)(3,3)(3,4)(0,4)
Polygon:
(0,0)(11,0)(11,9)(0,9)
Polygon:
(0,0)(18,0)(18,15)(14,15)(14,26)(0,26)
Polygon:
(0,0)(25,0)(25,10)(13,10)(13,28)(0,28)
Polygon:
(0,0)(20,0)(20,22)(19,22)(19,15)(1,15)(1,18)(0,18)
Polygon:
(0,0)(1,0)(1,3)(0,3)
Polygon:
(0,0)(17,0)(17,18)(0,18)
Polygon:
(0,0)(3,0)(3,7)(0,7)
Polygon:
(0,0)(19,0)(19,15)(8,15)(8,29)(0,29)
Polygon:
(0,0)(12,0)(12,9)(7,9)(7,12)(0,12)
Polygon:
(0,0)(16,0)(16,1)(0,1)
Polygon:
(0,0)(4,0)(4,15)(0,15)
Polygon:
(0,0)(5,0)(5,17)(0,17)
Polygon:
(0,0)(7,0)(7,1)(0,1)
Polygon:
(0,0)(35,0)(35,21)(24,21)(24,10)(14,10)(14,15)(0,15)
Polygon:
(0,0)(4,0)(4,12)(1,12)(1,30)(0,30)
Polygon:
(0,0)(8,0)(8,11)(0,11)
Polygon:
(0,0)(17,0)(17,16)(0,16)
Polygon:
(0,0)(41,0)(41,29)(24,29)(24,11)(14,11)(14,15)(0,15)
Polygon:
(0,0)(6,0)(6,3)(0,3)
Polygon:
(0,0)(10,0)(10,10)(0,10)
Polygon:
(0,0)(18,0)(18,5)(0,5)
Polygon:
(0,0)(27,0)(27,14)(21,14)(21,1)(6,1)(6,12)(0,12)
Polygon:
(0,0)(10,0)(10,7)(0,7)
Polygon:
(0,0)(12,0)(12,2)(2,2)(2,14)(0,14)
Polygon:
(0,0)(4,0)(4,10)(0,10)
Polygon:
(0,0)(18,0)(18,10)(0,10)
Polygon:
(0,0)(7,0)(7,17)(0,17)
Polygon:
(0,0)(38,0)(38,6)(29,6)(29,5)(17,5)(17,15)(0,15)
Polygon:
(0,0)(8,0)(8,4)(0,4)
Polygon:
(0,0)(9,0)(9,18)(0,18)
Polygon:
(0,0)(18,0)(18,8)(2,8)(2,21)(0,21)
Polygon:
(0,0)(34,0)(34,20)(20,20)(20,14)(17,14)(17,17)(0,17)
Polygon:
(0,0)(11,0)(11,4)(9,4)(9,17)(0,17)
Polygon:
(0,0)(16,0)(16,3)(0,3)
Polygon:
(0,0)(3,0)(3,14)(1,14)(1,23)(0,23)
Polygon:
(0,0)(5,0)(5,15)(0,15)
Polygon:
(0,0)(6,0)(6,12)(2,12)(2,16)(0,16)
Polygon:
(0,0)(4,0)(4,2)(0,2)
Polygon:
(0,0)(35,0)(35,2)(18,2)(18,20)(0,20)
Polygon:
(0,0)(9,0)(9,4)(0,4)
Polygon:
(0,0)(16,0)(16,9)(10,9)(10,7)(3,7)(3,18)(0,18)
Polygon:
(0,0)(22,0)(22,4)(8,4)(8,9)(0,9)
Polygon:
(0,0)(11,0)(11,3)(9,3)(9,16)(0,16)
Polygon:
(0,0)(11,0)(11,6)(0,6)
Polygon:
(0,0)(17,0)(17,12)(0,12)
Polygon:
(0,0)(15,0)(15,7)(0,7)
Polygon:
(0,0)(18,0)(18,13)(13,13)(13,19)(0,19)
Polygon:
(0,0)(2,0)(2,18)(0,18)
Polygon:
(0,0)(21,0)(21,14)(4,14)(4,25)(0,25)
Polygon:
(0,0)(15,0)(15,13)(0,13)
Polygon:
(0,0)(4,0)(4,17)(0,17)
Polygon:
(0,0)(9,0)(9,2)(0,2)
Polygon:
(0,0)(3,0)(3,16)(0,16)
Polygon:
(0,0)(26,0)(26,8)(9,8)(9,20)(0,20)
Polygon:
(0,0)(28,0)(28,16)(23,16)(23,3)(15,3)(15,8)(0,8)
Polygon:
(0,0)(5,0)(5,14)(1,14)(1,21)(0,21)
Polygon:
(0,0)(20,0)(20,14)(10,14)(10,5)(3,5)(3,9)(0,9)
Polygon:
(0,0)(18,0)(18,12)(0,12)
Polygon:
(0,0)(28,0)(28,22)(12,22)(12,9)(1,9)(1,16)(0,16)
Polygon:
(0,0)(14,0)(14,2)(8,2)(8,19)(0,19)
Polygon:
(0,0)(11,0)(11,7)(0,7)
Polygon:
(0,0)(18,0)(18,15)(0,15)
Polygon:
(0,0)(21,0)(21,9)(4,9)(4,20)(0,20)
Polygon:
(0,0)(2,0)(2,8)(0,8)
Polygon:
(0,0)(20,0)(20,19)(5,19)(5,9)(4,9)(4,18)(0,18)
Polygon:
(0,0)(15,0)(15,3)(0,3)
Polygon:
(0,0)(9,0)(9,5)(0,5)
Polygon:
(0,0)(18,0)(18,9)(15,9)(15,23)(0,23)
Polygon:
(0,0)(7,0)(7,13)(0,13)
Polygon:
(0,0)(17,0)(17,7)(0,7)
Polygon:
(0,0)(25,0)(25,26)(15,26)(15,9)(3,9)(3,11)(0,11)
Polygon:
(0,0)(12,0)(12,2)(6,2)(6,9)(0,9)
Polygon:
(0,0)(11,0)(11,10)(0,10)
Polygon:
(0,0)(12,0)(12,13)(0,13)
Polygon:
(0,0)(18,0)(18,9)(9,9)(9,25)(0,25)
Polygon:
(0,0)(4,0)(4,14)(0,14)
Polygon:
(0,0)(15,0)(15,2)(0,2)
Polygon:
(0,0)(3,0)(3,9)(0,9)
Polygon:
(0,0)(7,0)(7,5)(0,5)
Polygon:
(0,0)(13,0)(13,11)(0,11)
Polygon:
(0,0)(25,0)(25,18)(15,18)(15,30)(0,30)
Polygon:
(0,0)(26,0)(26,6)(16,6)(16,11)(0,11)
Polygon:
(0,0)(20,0)(20,1)(4,1)(4,9)(0,9)
Polygon:
(0,0)(26,0)(26,17)(14,17)(14,2)(13,2)(13,15)(0,15)
Polygon:
(0,0)(12,0)(12,16)(0,16)
Polygon:
(0,0)(15,0)(15,3)(0,3)
Polygon:
(0,0)(17,0)(17,9)(7,9)(7,13)(0,13)
Polygon:
(0,0)(19,0)(19,16)(12,16)(12,19)(0,19)
Polygon:
(0,0)(5,0)(5,4)(3,4)(3,9)(0,9)
Polygon:
(0,0)(13,0)(13,16)(9,16)(9,32)(0,32)
Polygon:
(0,0)(5,0)(5,6)(0,6)
Polygon:
(0,0)(21,0)(21,8)(18,8)(18,21)(0,21)
Polygon:
(0,0)(9,0)(9,12)(0,12)
Polygon:
(0,0)(20,0)(20,16)(18,16)(18,34)(0,34)
Polygon:
(0,0)(12,0)(12,13)(0,13)
Polygon:
(0,0)(9,0)(9,10)(0,10)
Polygon:
(0,0)(12,0)(12,4)(0,4)
Polygon:
(0,0)(1,0)(1,10)(0,10)
Polygon:
(0,0)(11,0)(11,8)(0,8)
Polygon:
(0,0)(16,0)(16,16)(0,16)
Polygon:
(0,0)(38,0)(38,17)(23,17)(23,13)(13,13)(13,18)(0,18)
Polygon:
(0,0)(26,0)(26,13)(15,13)(15,25)(0,25)
Polygon:
(0,0)(11,0)(11,11)(0,11)
Polygon:
(0,0)(18,0)(18,5)(10,5)(10,22)(0,22)
Polygon:
(0,0)(1,0)(1,15)(0,15)
Polygon:
(0,0)(35,0)(35,6)(17,6)(17,22)(0,22)
Polygon:
(0,0)(18,0)(18,16)(9,16)(9,32)(0,32)
Polygon:
(0,0)(9,0)(9,6)(0,6)
Polygon:
(0,0)(3,0)(3,3)(0,3)
Polygon:
(0,0)(6,0)(6,5)(0,5)
Polygon:
(0,0)(4,0)(4,18)(0,18)
Polygon:
(0,0)(34,0)(34,5)(18,5)(18,20)(0,20)
Polygon:
(0,0)(19,0)(19,7)(4,7)(4,12)(0,12)
Polygon:
(0,0)(2,0)(2,4)(0,4)
Polygon:
(0,0)(3,0)(3,15)(0,15)
Polygon:
(0,0)(28,0)(28,13)(15,13)(15,24)(0,24)
Polygon:
(0,0)(28,0)(28,5)(15,5)(15,19)(0,19)
Polygon:
(0,0)(14,0)(14,16)(0,16)
Polygon:
(0,0)(7,0)(7,11)(6,11)(6,25)(0,25)
Polygon:
(0,0)(21,0)(21,3)(8,3)(8,17)(0,17)
Polygon:
(0,0)(11,0)(11,5)(0,5)
Polygon:
(0,0)(20,0)(20,24)(11,24)(11,9)(3,9)(3,11)(0,11)
Polygon:
(0,0)(30,0)(30,13)(15,13)(15,27)(0,27)
Polygon:
(0,0)(8,0)(8,5)(0,5)
Polygon:
(0,0)(12,0)(12,17)(5,17)(5,35)(0,35)
Polygon:
(0,0)(13,0)(13,10)(0,10)
Polygon:
(0,0)(31,0)(31,14)(16,14)(16,32)(0,32)
Polygon:
(0,0)(23,0)(23,18)(14,18)(14,30)(0,30)
Polygon:
(0,0)(6,0)(6,1)(0,1)
Polygon:
(0,0)(9,0)(9,4)(7,4)(7,18)(0,18)
Polygon:
(0,0)(16,0)(16,4)(0,4)
Polygon:
(0,0)(35,0)(35,4)(25,4)(25,3)(9,3)(9,17)(0,17)
Polygon:
(0,0)(18,0)(18,23)(13,23)(13,10)(3,10)(3,12)(0,12)
Polygon:
(0,0)(28,0)(28,19)(22,19)(22,9)(17,9)(17,13)(0,13)
Polygon:
(0,0)(13,0)(13,6)(8,6)(8,21)(0,21)
Polygon:
(0,0)(39,0)(39,28)(21,28)(21,13)(18,13)(18,15)(0,15)
Polygon:
(0,0)(30,0)(30,17)(14,17)(14,26)(0,26)
Polygon:
(0,0)(3,0)(3,6)(0,6)
Polygon:
(0,0)(14,0)(14,13)(8,13)(8,20)(0,20)
Polygon:
(0,0)(10,0)(10,8)(0,8)
Polygon:
(0,0)(18,0)(18,15)(7,15)(7,24)(0,24)
Polygon:
(0,0)(20,0)(20,14)(17,14)(17,1)(11,1)(11,5)(0,5)
Polygon:
(0,0)(7,0)(7,3)(0,3)
Polygon:
(0,0)(22,0)(22,18)(9,18)(9,35)(0,35)
Polygon:
(0,0)(24,0)(24,1)(12,1)(12,15)(0,15)
Polygon:
(0,0)(1,0)(1,3)(0,3)
Polygon:
(0,0)(7,0)(7,12)(0,12)
Polygon:
(0,0)(5,0)(5,12)(0,12)
Polygon:
(0,0)(15,0)(15,7)(9,7)(9,21)(0,21)
Polygon:
(0,0)(12,0)(12,4)(0,4)
Polygon:
(0,0)(1,0)(1,12)(0,12)
Polygon:
(0,0)(4,0)(4,7)(0,7)
Polygon:
(0,0)(18,0)(18,2)(0,2)
Polygon:
(0,0)(3,0)(3,10)(0,10)
Polygon:
(0,0)(26,0)(26,13)(15,13)(15,25)(0,25)
Polygon:
(0,0)(5,0)(5,7)(0,7)
Polygon:
(0,0)(6,0)(6,17)(3,17)(3,22)(0,22)
Polygon:
(0,0)(9,0)(9,10)(0,10)
Polygon:
(0,0)(27,0)(27,11)(12,11)(12,25)(0,25)
Polygon:
(0,0)(3,0)(3,10)(0,10)
Polygon:
(0,0)(9,0)(9,13)(0,13)
Polygon:
(0,0)(5,0)(5,10)(0,10)
Polygon:
(0,0)(4,0)(4,8)(0,8)
Polygon:
(0,0)(18,0)(18,9)(0,9)
Polygon:
(0,0)(23,0)(23,15)(5,15)(5,16)(0,16)
Polygon:
(0,0)(29,0)(29,20)(17,20)(17,5)(2,5)(2,6)(0,6)
Polygon:
(0,0)(32,0)(32,7)(14,7)(14,17)(0,17)
Polygon:
(0,0)(12,0)(12,9)(8,9)(8,27)(0,27)
Polygon:
(0,0)(16,0)(16,10)(10,10)(10,17)(0,17)
Polygon:
(0,0)(29,0)(29,4)(22,4)(22,1)(6,1)(6,8)(0,8)
Polygon:
(0,0)(16,0)(16,13)(0,13)
Polygon:
(0,0)(1,0)(1,17)(0,17)
Polygon:
(0,0)(14,0)(14,18)(0,18)
Polygon:
(0,0)(18,0)(18,5)(0,5)
Polygon:
(0,0)(2,0)(2,15)(0,15)
Polygon:
(0,0)(11,0)(11,6)(4,6)(4,10)(0,10)
Polygon:
(0,0)(4,0)(4,3)(3,3)(3,7)(0,7)
Polygon:
(0,0)(17,0)(17,15)(0,15)
Polygon:
(0,0)(35,0)(35,14)(17,14)(17,20)(0,20)
Polygon:
(0,0)(21,0)(21,9)(7,9)(7,23)(0,23)
Polygon:
(0,0)(26,0)(26,18)(13,18)(13,19)(0,19)
Polygon:
(0,0)(11,0)(11,1)(0,1)
Polygon:
(0,0)(9,0)(9,18)(0,18)
Polygon:
(0,0)(11,0)(11,9)(9,9)(9,19)(0,19)
Polygon:
(0,0)(14,0)(14,10)(1,10)(1,24)(0,24)
Polygon:
(0,0)(7,0)(7,17)(0,17)
Polygon:
(0,0)(40,0)(40,13)(33,13)(33,12)(18,12)(18,17)(0,17)
Polygon:
(0,0)(17,0)(17,14)(0,14)
Polygon:
(0,0)(18,0)(18,8)(0,8)
Polygon:
(0,0)(4,0)(4,15)(0,15)
Polygon:
(0,0)(10,0)(10,3)(0,3)
Polygon:
(0,0)(24,0)(24,1)(15,1)(15,17)(0,17)
Polygon:
(0,0)(20,0)(20,3)(18,3)(18,2)(3,2)(3,17)(0,17)
Polygon:
(0,0)(25,0)(25,3)(9,3)(9,20)(0,20)
Polygon:
(0,0)(3,0)(3,8)(0,8)
Polygon:
(0,0)(7,0)(7,17)(4,17)(4,32)(0,32)
Polygon:
(0,0)(7,0)(7,12)(1,12)(1,22)(0,22)
Polygon:
(0,0)(20,0)(20,1)(12,1)(12,9)(0,9)
Polygon:
(0,0)(22,0)(22,12)(13,12)(13,29)(0,29)
Polygon:
(0,0)(29,0)(29,21)(18,21)(18,6)(6,6)(6,18)(0,18)
Polygon:
(0,0)(3,0)(3,11)(1,11)(1,16)(0,16)
Polygon:
(0,0)(2,0)(2,16)(0,16)
Polygon:
(0,0)(31,0)(31,13)(17,13)(17,11)(14,11)(14,12)(0,12)
Polygon:
(0,0)(4,0)(4,12)(0,12)
Polygon:
(0,0)(7,0)(7,14)(6,14)(6,19)(0,19)
Polygon:
(0,0)(16,0)(16,11)(0,11)
Polygon:
(0,0)(1,0)(1,1)(0,1)
Polygon:
(0,0)(10,0)(10,5)(0,5)
Polygon:
(0,0)(37,0)(37,23)(22,23)(22,12)(18,12)(18,14)(0,14)
Polygon:
(0,0)(7,0)(7,9)(0,9)
Polygon:
(0,0)(14,0)(14,15)(0,15)
Polygon:
(0,0)(30,0)(30,17)(19,17)(19,6)(5,6)(5,15)(0,15)
Polygon:
(0,0)(5,0)(5,11)(0,11)
Polygon:
(0,0)(9,0)(9,3)(0,3)
Polygon:
(0,0)(18,0)(18,6)(0,6)
Polygon:
(0,0)(16,0)(16,5)(5,5)(5,9)(0,9)
Polygon:
(0,0)(5,0)(5,6)(0,6)
Polygon:
(0,0)(4,0)(4,3)(0,3)
Polygon:
(0,0)(25,0)(25,21)(24,21)(24,13)(14,13)(14,18)(0,18)
Polygon:
(0,0)(39,0)(39,12)(32,12)(32,1)(18,1)(18,7)(0,7)
Polygon:
(0,0)(16,0)(16,11)(0,11)
Polygon:
(0,0)(6,0)(6,2)(0,2)
Polygon:
(0,0)(18,0)(18,12)(12,12)(12,2)(4,2)(4,9)(0,9)
Polygon:
(0,0)(16,0)(16,10)(0,10)
Polygon:
(0,0)(4,0)(4,6)(0,6)
Polygon:
(0,0)(30,0)(30,6)(13,6)(13,22)(0,22)
Polygon:
(0,0)(2,0)(2,7)(0,7)
Polygon:
(0,0)(9,0)(9,18)(0,18)
Polygon:
(0,0)(8,0)(8,9)(0,9)
Polygon:
(0,0)(5,0)(5,8)(0,8)
Polygon:
(0,0)(20,0)(20,23)(5,23)(5,11)(4,11)(4,16)(0,16)
Polygon:
(0,0)(20,0)(20,6)(3,6)(3,17)(0,17)
Polygon:
(0,0)(18,0)(18,3)(0,3)
Polygon:
(0,0)(15,0)(15,18)(0,18)
Polygon:
(0,0)(24,0)(24,18)(10,18)(10,32)(0,32)
Polygon:
(0,0)(3,0)(3,4)(0,4)
Polygon:
(0,0)(27,0)(27,20)(24,20)(24,16)(9,16)(9,18)(0,18)
Polygon:
(0,0)(14,0)(14,16)(0,16)
Polygon:
(0,0)(6,0)(6,15)(0,15)
Polygon:
(0,0)(12,0)(12,5)(0,5)
Polygon:
(0,0)(2,0)(2,12)(0,12)
Polygon:
(0,0)(7,0)(7,14)(0,14)
Polygon:
(0,0)(18,0)(18,17)(10,17)(10,10)(4,10)(4,18)(0,18)
Polygon:
(0,0)(15,0)(15,9)(11,9)(11,22)(0,22)
Polygon:
(0,0)(7,0)(7,3)(0,3)
Polygon:
(0,0)(2,0)(2,14)(0,14)
Polygon:
(0,0)(11,0)(11,17)(8,17)(8,28)(0,28)
Polygon:
(0,0)(8,0)(8,11)(0,11)
Polygon:
(0,0)(5,0)(5,3)(0,3)
Polygon:
(0,0)(14,0)(14,8)(0,8)
Polygon:
(0,0)(14,0)(14,17)(0,17)
Polygon:
(0,0)(15,0)(15,17)(0,17)
Polygon:
(0,0)(2,0)(2,6)(0,6)
Polygon:
(0,0)(10,0)(10,8)(0,8)
Polygon:
(0,0)(17,0)(17,18)(2,18)(2,32)(0,32)
Polygon:
(0,0)(14,0)(14,2)(0,2)
Polygon:
(0,0)(3,0)(3,6)(0,6)
Polygon:
(0,0)(3,0)(3,8)(0,8)
Polygon:
(0,0)(3,0)(3,12)(0,12)
Polygon:
(0,0)(11,0)(11,7)(0,7)
Polygon:
(0,0)(28,0)(28,10)(16,10)(16,5)(14,5)(14,17)(0,17)
Polygon:
(0,0)(14,0)(14,13)(6,13)(6,19)(0,19)
Polygon:
(0,0)(4,0)(4,12)(0,12)
Polygon:
(0,0)(4,0)(4,17)(0,17)
Polygon:
(0,0)(38,0)(38,14)(22,14)(22,4)(7,4)(7,8)(0,8)
Polygon:
(0,0)(12,0)(12,5)(0,5)
Polygon:
(0,0)(13,0)(13,6)(0,6)
Polygon:
(0,0)(29,0)(29,7)(14,7)(14,9)(0,9)
Polygon:
(0,0)(2,0)(2,10)(0,10)
Polygon:
(0,0)(25,0)(25,16)(20,16)(20,15)(13,15)(13,18)(0,18)
Polygon:
(0,0)(23,0)(23,12)(8,12)(8,28)(0,28)
Polygon:
(0,0)(33,0)(33,17)(16,17)(16,2)(11,2)(11,16)(0,16)
Polygon:
(0,0)(17,0)(17,15)(0,15)
Polygon:
(0,0)(8,0)(8,15)(2,15)(2,25)(0,25)
Polygon:
(0,0)(3,0)(3,1)(0,1)
Polygon:
(0,0)(18,0)(18,16)(0,16)
Polygon:
(0,0)(19,0)(19,6)(10,6)(10,22)(0,22)
Polygon:
(0,0)(8,0)(8,4)(0,4)
Polygon:
(0,0)(14,0)(14,6)(4,6)(4,20)(0,20)
Polygon:
(0,0)(14,0)(14,14)(0,14)
Polygon:
(0,0)(3,0)(3,8)(1,8)(1,26)(0,26)
Polygon:
(0,0)(8,0)(8,4)(0,4)
Polygon:
(0,0)(17,0)(17,18)(0,18)
Polygon:
(0,0)(17,0)(17,14)(0,14)
Polygon:
(0,0)(10,0)(10,7)(0,7)
Polygon:
(0,0)(15,0)(15,4)(0,4)
Polygon:
(0,0)(18,0)(18,7)(7,7)(7,16)(0,16)
Polygon:
(0,0)(2,0)(2,10)(0,10)
Polygon:
(0,0)(27,0)(27,5)(13,5)(13,12)(0,12)
Polygon:
(0,0)(17,0)(17,15)(6,15)(6,31)(0,31)
Polygon:
(0,0)(23,0)(23,17)(10,17)(10,33)(0,33)
Polygon:
(0,0)(15,0)(15,4)(0,4)
Polygon:
(0,0)(3,0)(3,11)(0,11)
Polygon:
(0,0)(32,0)(32,9)(17,9)(17,14)(0,14)
Polygon:
(0,0)(17,0)(17,1)(13,1)(13,3)(0,3)
Polygon:
(0,0)(3,0)(3,13)(0,13)
Polygon:
(0,0)(19,0)(19,4)(4,4)(4,13)(0,13)
Polygon:
(0,0)(4,0)(4,2)(0,2)
Polygon:
(0,0)(17,0)(17,2)(0,2)
Polygon:
(0,0)(17,0)(17,2)(0,2)
Polygon:
(0,0)(24,0)(24,15)(17,15)(17,17)(0,17)
Polygon:
(0,0)(12,0)(12,6)(3,6)(3,12)(0,12)
Polygon:
(0,0)(13,0)(13,16)(0,16)
Polygon:
(0,0)(45,0)(45,7)(29,7)(29,4)(14,4)(14,7)(0,7)
Polygon:
(0,0)(1,0)(1,11)(0,11)
Polygon:
(0,0)(12,0)(12,4)(0,4)
Polygon:
(0,0)(3,0)(3,16)(0,16)
Polygon:
(0,0)(17,0)(17,9)(0,9)
Polygon:
(0,0)(12,0)(12,3)(0,3)
Polygon:
(0,0)(1,0)(1,9)(0,9)
Polygon:
(0,0)(9,0)(9,1)(0,1)
Polygon:
(0,0)(2,0)(2,5)(0,5)
Polygon:
(0,0)(14,0)(14,9)(0,9)
Polygon:
(0,0)(7,0)(7,8)(0,8)
Polygon:
(0,0)(23,0)(23,17)(6,17)(6,19)(0,19)
Polygon:
(0,0)(26,0)(26,11)(13,11)(13,20)(0,20)
Polygon:
(0,0)(25,0)(25,5)(7,5)(7,10)(0,10)
Polygon:
(0,0)(17,0)(17,9)(9,9)(9,20)(0,20)
Polygon:
(0,0)(7,0)(7,8)(0,8)
Polygon:
(0,0)(6,0)(6,5)(0,5)
Polygon:
(0,0)(17,0)(17,6)(0,6)
Polygon:
(0,0)(17,0)(17,18)(0,18)
Polygon:
(0,0)(6,0)(6,1)(0,1)
Polygon:
(0,0)(25,0)(25,15)(13,15)(13,3)(6,3)(6,16)(0,16)
Polygon:
(0,0)(2,0)(2,12)(0,12)
Polygon:
(0,0)(9,0)(9,12)(0,12)
Polygon:
(0,0)(22,0)(22,10)(17,10)(17,21)(0,21)
Polygon:
(0,0)(37,0)(37,16)(20,16)(20,5)(9,5)(9,10)(0,10)
Polygon:
(0,0)(8,0)(8,13)(0,13)
Polygon:
(0,0)(2,0)(2,14)(0,14)
Polygon:
(0,0)(3,0)(3,13)(0,13)
Polygon:
(0,0)(19,0)(19,5)(14,5)(14,20)(0,20)
Polygon:
(0,0)(14,0)(14,18)(0,18)
Polygon:
(0,0)(22,0)(22,21)(15,21)(15,5)(13,5)(13,13)(0,13)
Polygon:
(0,0)(14,0)(14,31)(12,31)(12,13)(8,13)(8,28)(0,28)
Polygon:
(0,0)(18,0)(18,17)(0,17)
Polygon:
(0,0)(18,0)(18,5)(0,5)
Polygon:
(0,0)(10,0)(10,11)(0,11)
Polygon:
(0,0)(11,0)(11,1)(0,1)
Polygon:
(0,0)(41,0)(41,28)(30,28)(30,11)(16,11)(16,14)(0,14)
Polygon:
(0,0)(14,0)(14,6)(0,6)
Polygon:
(0,0)(6,0)(6,5)(0,5)
Polygon:
(0,0)(29,0)(29,6)(14,6)(14,17)(0,17)
Polygon:
(0,0)(9,0)(9,17)(0,17)
Polygon:
(0,0)(17,0)(17,4)(11,4)(11,11)(0,11)
Polygon:
(0,0)(14,0)(14,15)(0,15)
Polygon:
(0,0)(5,0)(5,12)(0,12)
Polygon:
(0,0)(18,0)(18,2)(0,2)
Polygon:
(0,0)(32,0)(32,18)(17,18)(17,7)(15,7)(15,11)(0,11)
Polygon:
(0,0)(15,0)(15,17)(2,17)(2,24)(0,24)
Polygon:
(0,0)(5,0)(5,5)(0,5)
Polygon:
(0,0)(18,0)(18,1)(0,1)
Polygon:
(0,0)(6,0)(6,16)(0,16)
Polygon:
(0,0)(10,0)(10,28)(9,28)(9,10)(3,10)(3,14)(0,14)
Polygon:
(0,0)(17,0)(17,4)(1,4)(1,18)(0,18)
Polygon:
(0,0)(16,0)(16,9)(6,9)(6,16)(0,16)
Polygon:
(0,0)(9,0)(9,17)(4,17)(4,28)(0,28)
Polygon:
(0,0)(9,0)(9,11)(0,11)
Polygon:
(0,0)(13,0)(13,11)(0,11)
Polygon:
(0,0)(16,0)(16,13)(0,13)
Polygon:
(0,0)(3,0)(3,16)(0,16)
Polygon:
(0,0)(21,0)(21,17)(12,17)(12,26)(0,26)
Polygon:
(0,0)(25,0)(25,10)(7,10)(7,27)(0,27)
Polygon:
(0,0)(24,0)(24,13)(7,13)(7,16)(0,16)
Polygon:
(0,0)(4,0)(4,4)(0,4)
Polygon:
(0,0)(19,0)(19,16)(2,16)(2,19)(0,19)
Polygon:
(0,0)(16,0)(16,18)(11,18)(11,24)(0,24)
Polygon:
(0,0)(7,0)(7,4)(1,4)(1,19)(0,19)
Polygon:
(0,0)(15,0)(15,17)(0,17)
Polygon:
(0,0)(19,0)(19,11)(6,11)(6,14)(0,14)
Polygon:
(0,0)(20,0)(20,15)(7,15)(7,26)(0,26)
Polygon:
(0,0)(11,0)(11,7)(0,7)
Polygon:
(0,0)(21,0)(21,25)(16,25)(16,12)(11,12)(11,13)(0,13)
Polygon:
(0,0)(3,0)(3,2)(0,2)
Polygon:
(0,0)(6,0)(6,9)(0,9)
Polygon:
(0,0)(16,0)(16,15)(0,15)
Polygon:
(0,0)(14,0)(14,12)(0,12)
Polygon:
(0,0)(12,0)(12,12)(10,12)(10,25)(0,25)
Polygon:
(0,0)(20,0)(20,3)(17,3)(17,2)(13,2)(13,4)(0,4)
Polygon:
(0,0)(29,0)(29,11)(15,11)(15,4)(11,4)(11,10)(0,10)
Polygon:
(0,0)(25,0)(25,5)(11,5)(11,11)(0,11)
Polygon:
(0,0)(28,0)(28,18)(14,18)(14,22)(0,22)
Polygon:
(0,0)(26,0)(26,18)(13,18)(13,27)(0,27)
Polygon:
(0,0)(1,0)(1,13)(0,13)
Polygon:
(0,0)(24,0)(24,14)(12,14)(12,28)(0,28)
Polygon:
(0,0)(40,0)(40,14)(30,14)(30,8)(15,8)(15,12)(0,12)
Polygon:
(0,0)(28,0)(28,18)(13,18)(13,28)(0,28)
Polygon:
(0,0)(14,0)(14,19)(4,19)(4,1)(3,1)(3,11)(0,11)
Polygon:
(0,0)(17,0)(17,12)(0,12)
Polygon:
(0,0)(16,0)(16,2)(0,2)
Polygon:
(0,0)(39,0)(39,13)(22,13)(22,6)(5,6)(5,11)(0,11)
Polygon:
(0,0)(11,0)(11,17)(0,17)
Polygon:
(0,0)(18,0)(18,12)(3,12)(3,30)(0,30)
Polygon:
(0,0)(6,0)(6,2)(4,2)(4,6)(0,6)
Polygon:
(0,0)(2,0)(2,6)(0,6)
Polygon:
(0,0)(17,0)(17,1)(0,1)
Polygon:
(0,0)(17,0)(17,17)(11,17)(11,22)(0,22)
Polygon:
(0,0)(27,0)(27,10)(14,10)(14,27)(0,27)
Polygon:
(0,0)(27,0)(27,10)(18,10)(18,16)(0,16)
Polygon:
(0,0)(26,0)(26,3)(8,3)(8,7)(0,7)
Polygon:
(0,0)(29,0)(29,9)(15,9)(15,13)(0,13)
Polygon:
(0,0)(23,0)(23,5)(15,5)(15,22)(0,22)
Polygon:
(0,0)(9,0)(9,12)(0,12)
Polygon:
(0,0)(16,0)(16,13)(0,13)
Polygon:
(0,0)(29,0)(29,25)(18,25)(18,14)(4,14)(4,18)(0,18)
Polygon:
(0,0)(10,0)(10,5)(0,5)
Polygon:
(0,0)(3,0)(3,17)(0,17)
Polygon:
(0,0)(27,0)(27,17)(12,17)(12,18)(0,18)
Polygon:
(0,0)(17,0)(17,11)(0,11)
Polygon:
(0,0)(2,0)(2,3)(0,3)
Polygon:
(0,0)(13,0)(13,12)(1,12)(1,27)(0,27)
Polygon:
(0,0)(4,0)(4,10)(0,10)
Polygon:
(0,0)(29,0)(29,19)(26,19)(26,5)(16,5)(16,6)(0,6)
Polygon:
(0,0)(24,0)(24,15)(8,15)(8,28)(0,28)
Polygon:
(0,0)(2,0)(2,18)(0,18)
Polygon:
(0,0)(28,0)(28,18)(12,18)(12,2)(7,2)(7,18)(0,18)
Polygon:
(0,0)(5,0)(5,13)(0,13)
Polygon:
(0,0)(7,0)(7,10)(0,10)
Polygon:
(0,0)(20,0)(20,4)(6,4)(6,13)(0,13)
Polygon:
(0,0)(36,0)(36,28)(24,28)(24,13)(9,13)(9,18)(0,18)
Polygon:
(0,0)(16,0)(16,9)(4,9)(4,12)(0,12)
Polygon:
(0,0)(12,0)(12,15)(2,15)(2,18)(0,18)
Polygon:
(0,0)(15,0)(15,4)(0,4)
Polygon:
(0,0)(29,0)(29,17)(16,17)(16,19)(0,19)
Polygon:
(0,0)(26,0)(26,21)(18,21)(18,6)(13,6)(13,12)(0,12)
Polygon:
(0,0)(27,0)(27,18)(13,18)(13,28)(0,28)
