Polygon:
(0,0)(23,0)(23,2)(21,2)(21,6)(5,6)(5,2)(0,2)
Polygon:
(0,0)(22,0)(22,14)(5,14)(5,17)(2,17)(2,16)(0,16)
Polygon:
(0,0)(15,0)(15,28)(6,28)(6,29)(3,29)(3,11)(0,11)
Polygon:
(0,0)(31,0)(31,2)(13,2)(13,16)(11,16)(11,1)(0,1)
Polygon:
(0,0)(35,0)(35,12)(29,12)(29,26)(14,26)(14,9)(0,9)
Polygon:
(0,0)(37,0)(37,10)(23,10)(23,20)(5,20)(5,4)(0,4)
Polygon:
(0,0)(43,0)(43,11)(25,11)(25,17)(14,17)(14,5)(0,5)
Polygon:
(0,0)(33,0)(33,9)(22,9)(22,13)(12,13)(12,11)(0,11)
Polygon:
(0,0)(41,0)(41,10)(32,10)(32,18)(16,18)(16,9)(0,9)
Polygon:
(0,0)(36,0)(36,6)(26,6)(26,14)(12,14)(12,5)(0,5)
Polygon:
(0,0)(38,0)(38,20)(30,20)(30,27)(13,27)(13,17)(0,17)
Polygon:
(0,0)(23,0)(23,5)(16,5)(16,8)(1,8)(1,7)(0,7)
Polygon:
(0,0)(22,0)(22,9)(19,9)(19,15)(17,15)(17,4)(0,4)
Polygon:
(0,0)(19,0)(19,8)(12,8)(12,23)(2,23)(2,6)(0,6)
Polygon:
(0,0)(13,0)(13,12)(11,12)(11,29)(4,29)(4,12)(0,12)
Polygon:
(0,0)(32,0)(32,6)(28,6)(28,17)(16,17)(16,1)(0,1)
Polygon:
(0,0)(15,0)(15,7)(14,7)(14,23)(1,23)(1,6)(0,6)
Polygon:
(0,0)(22,0)(22,1)(14,1)(14,17)(7,17)(7,1)(0,1)
Polygon:
(0,0)(22,0)(22,19)(21,19)(21,23)(12,23)(12,12)(0,12)
Polygon:
(0,0)(32,0)(32,2)(24,2)(24,18)(16,18)(16,14)(0,14)
Polygon:
(0,0)(29,0)(29,9)(26,9)(26,15)(14,15)(14,14)(0,14)
Polygon:
(0,0)(28,0)(28,28)(19,28)(19,33)(14,33)(14,15)(0,15)
Polygon:
(0,0)(18,0)(18,10)(9,10)(9,11)(8,11)(8,1)(0,1)
Polygon:
(0,0)(35,0)(35,13)(19,13)(19,19)(9,19)(9,2)(0,2)
Polygon:
(0,0)(38,0)(38,12)(25,12)(25,18)(15,18)(15,12)(0,12)
Polygon:
(0,0)(13,0)(13,20)(9,20)(9,23)(6,23)(6,6)(0,6)
Polygon:
(0,0)(13,0)(13,9)(5,9)(5,17)(2,17)(2,1)(0,1)
Polygon:
(0,0)(10,0)(10,22)(7,22)(7,24)(4,24)(4,12)(0,12)
Polygon:
(0,0)(31,0)(31,19)(14,19)(14,33)(7,33)(7,15)(0,15)
Polygon:
(0,0)(32,0)(32,1)(15,1)(15,14)(6,14)(6,1)(0,1)
Polygon:
(0,0)(30,0)(30,14)(16,14)(16,17)(8,17)(8,7)(0,7)
Polygon:
(0,0)(24,0)(24,2)(16,2)(16,19)(15,19)(15,15)(0,15)
Polygon:
(0,0)(23,0)(23,22)(21,22)(21,23)(18,23)(18,5)(0,5)
Polygon:
(0,0)(30,0)(30,3)(12,3)(12,8)(10,8)(10,6)(0,6)
Polygon:
(0,0)(27,0)(27,7)(11,7)(11,21)(7,21)(7,16)(0,16)
Polygon:
(0,0)(25,0)(25,11)(17,11)(17,28)(3,28)(3,13)(0,13)
Polygon:
(0,0)(29,0)(29,4)(15,4)(15,8)(4,8)(4,5)(0,5)
Polygon:
(0,0)(23,0)(23,16)(21,16)(21,17)(12,17)(12,3)(0,3)
Polygon:
(0,0)(14,0)(14,17)(9,17)(9,26)(7,26)(7,10)(0,10)
Polygon:
(0,0)(44,0)(44,26)(30,26)(30,33)(16,33)(16,16)(0,16)
Polygon:
(0,0)(44,0)(44,20)(33,20)(33,23)(15,23)(15,5)(0,5)
Polygon:
(0,0)(14,0)(14,20)(7,20)(7,21)(2,21)(2,6)(0,6)
Polygon:
(0,0)(35,0)(35,9)(34,9)(34,27)(18,27)(18,9)(0,9)
Polygon:
(0,0)(37,0)(37,11)(21,11)(21,13)(5,13)(5,9)(0,9)
Polygon:
(0,0)(22,0)(22,25)(17,25)(17,28)(3,28)(3,18)(0,18)
Polygon:
(0,0)(27,0)(27,11)(15,11)(15,18)(5,18)(5,11)(0,11)
Polygon:
(0,0)(26,0)(26,23)(19,23)(19,34)(16,34)(16,16)(0,16)
Polygon:
(0,0)(19,0)(19,21)(9,21)(9,23)(8,23)(8,10)(0,10)
Polygon:
(0,0)(27,0)(27,5)(22,5)(22,10)(14,10)(14,2)(0,2)
Polygon:
(0,0)(16,0)(16,13)(11,13)(11,15)(6,15)(6,13)(0,13)
Polygon:
(0,0)(26,0)(26,1)(14,1)(14,18)(6,18)(6,14)(0,14)
Polygon:
(0,0)(25,0)(25,3)(20,3)(20,8)(16,8)(16,4)(0,4)
Polygon:
(0,0)(33,0)(33,2)(17,2)(17,11)(10,11)(10,4)(0,4)
Polygon:
(0,0)(39,0)(39,14)(21,14)(21,27)(13,27)(13,16)(0,16)
Polygon:
(0,0)(27,0)(27,10)(20,10)(20,15)(11,15)(11,5)(0,5)
Polygon:
(0,0)(27,0)(27,3)(19,3)(19,13)(6,13)(6,3)(0,3)
Polygon:
(0,0)(40,0)(40,20)(23,20)(23,28)(15,28)(15,11)(0,11)
Polygon:
(0,0)(42,0)(42,10)(30,10)(30,22)(12,22)(12,4)(0,4)
Polygon:
(0,0)(39,0)(39,11)(23,11)(23,12)(5,12)(5,6)(0,6)
Polygon:
(0,0)(30,0)(30,8)(24,8)(24,20)(12,20)(12,3)(0,3)
Polygon:
(0,0)(36,0)(36,15)(19,15)(19,20)(14,20)(14,10)(0,10)
Polygon:
(0,0)(39,0)(39,6)(27,6)(27,18)(12,18)(12,12)(0,12)
Polygon:
(0,0)(42,0)(42,12)(24,12)(24,26)(8,26)(8,15)(0,15)
Polygon:
(0,0)(37,0)(37,14)(25,14)(25,17)(14,17)(14,10)(0,10)
Polygon:
(0,0)(22,0)(22,4)(15,4)(15,8)(11,8)(11,5)(0,5)
Polygon:
(0,0)(6,0)(6,29)(4,29)(4,33)(3,33)(3,16)(0,16)
Polygon:
(0,0)(29,0)(29,2)(17,2)(17,14)(12,14)(12,3)(0,3)
Polygon:
(0,0)(19,0)(19,10)(9,10)(9,19)(2,19)(2,3)(0,3)
Polygon:
(0,0)(28,0)(28,29)(25,29)(25,30)(11,30)(11,16)(0,16)
Polygon:
(0,0)(16,0)(16,14)(12,14)(12,27)(3,27)(3,12)(0,12)
Polygon:
(0,0)(25,0)(25,15)(22,15)(22,19)(14,19)(14,7)(0,7)
Polygon:
(0,0)(29,0)(29,21)(27,21)(27,27)(9,27)(9,13)(0,13)
Polygon:
(0,0)(9,0)(9,7)(6,7)(6,16)(1,16)(1,5)(0,5)
Polygon:
(0,0)(25,0)(25,17)(8,17)(8,19)(5,19)(5,13)(0,13)
Polygon:
(0,0)(23,0)(23,12)(21,12)(21,13)(11,13)(11,1)(0,1)
Polygon:
(0,0)(17,0)(17,15)(16,15)(16,22)(5,22)(5,7)(0,7)
Polygon:
(0,0)(36,0)(36,2)(28,2)(28,13)(15,13)(15,7)(0,7)
Polygon:
(0,0)(20,0)(20,3)(15,3)(15,15)(5,15)(5,9)(0,9)
Polygon:
(0,0)(26,0)(26,14)(12,14)(12,18)(7,18)(7,3)(0,3)
Polygon:
(0,0)(38,0)(38,11)(32,11)(32,18)(17,18)(17,17)(0,17)
Polygon:
(0,0)(25,0)(25,15)(22,15)(22,22)(6,22)(6,8)(0,8)
Polygon:
(0,0)(26,0)(26,18)(22,18)(22,25)(18,25)(18,12)(0,12)
Polygon:
(0,0)(28,0)(28,5)(16,5)(16,14)(14,14)(14,10)(0,10)
Polygon:
(0,0)(18,0)(18,12)(16,12)(16,29)(14,29)(14,15)(0,15)
Polygon:
(0,0)(18,0)(18,27)(4,27)(4,28)(2,28)(2,12)(0,12)
Polygon:
(0,0)(21,0)(21,21)(19,21)(19,32)(1,32)(1,17)(0,17)
Polygon:
(0,0)(32,0)(32,21)(23,21)(23,23)(15,23)(15,8)(0,8)
Polygon:
(0,0)(12,0)(12,15)(3,15)(3,16)(1,16)(1,4)(0,4)
Polygon:
(0,0)(46,0)(46,22)(30,22)(30,23)(18,23)(18,10)(0,10)
Polygon:
(0,0)(17,0)(17,16)(10,16)(10,19)(7,19)(7,1)(0,1)
Polygon:
(0,0)(46,0)(46,13)(33,13)(33,19)(18,19)(18,15)(0,15)
Polygon:
(0,0)(34,0)(34,8)(22,8)(22,24)(18,24)(18,16)(0,16)
Polygon:
(0,0)(28,0)(28,7)(21,7)(21,9)(17,9)(17,2)(0,2)
Polygon:
(0,0)(16,0)(16,15)(13,15)(13,20)(4,20)(4,13)(0,13)
Polygon:
(0,0)(29,0)(29,4)(24,4)(24,6)(6,6)(6,3)(0,3)
Polygon:
(0,0)(42,0)(42,9)(33,9)(33,17)(17,17)(17,4)(0,4)
Polygon:
(0,0)(31,0)(31,19)(21,19)(21,22)(3,22)(3,5)(0,5)
Polygon:
(0,0)(17,0)(17,16)(15,16)(15,17)(12,17)(12,10)(0,10)
Polygon:
(0,0)(29,0)(29,4)(20,4)(20,11)(10,11)(10,2)(0,2)
Polygon:
(0,0)(18,0)(18,19)(15,19)(15,20)(2,20)(2,13)(0,13)
Polygon:
(0,0)(48,0)(48,6)(32,6)(32,11)(15,11)(15,3)(0,3)
Polygon:
(0,0)(11,0)(11,7)(6,7)(6,24)(3,24)(3,8)(0,8)
Polygon:
(0,0)(29,0)(29,17)(17,17)(17,27)(3,27)(3,13)(0,13)
Polygon:
(0,0)(16,0)(16,22)(14,22)(14,27)(3,27)(3,9)(0,9)
Polygon:
(0,0)(16,0)(16,21)(13,21)(13,29)(10,29)(10,13)(0,13)
Polygon:
(0,0)(22,0)(22,8)(6,8)(6,26)(3,26)(3,8)(0,8)
Polygon:
(0,0)(22,0)(22,13)(15,13)(15,23)(2,23)(2,8)(0,8)
Polygon:
(0,0)(25,0)(25,30)(16,30)(16,33)(1,33)(1,17)(0,17)
Polygon:
(0,0)(31,0)(31,10)(26,10)(26,21)(11,21)(11,3)(0,3)
Polygon:
(0,0)(32,0)(32,6)(29,6)(29,11)(18,11)(18,3)(0,3)
Polygon:
(0,0)(31,0)(31,7)(24,7)(24,21)(7,21)(7,11)(0,11)
Polygon:
(0,0)(16,0)(16,18)(3,18)(3,20)(2,20)(2,10)(0,10)
Polygon:
(0,0)(30,0)(30,7)(16,7)(16,16)(2,16)(2,1)(0,1)
Polygon:
(0,0)(7,0)(7,7)(5,7)(5,11)(2,11)(2,1)(0,1)
Polygon:
(0,0)(34,0)(34,24)(16,24)(16,30)(13,30)(13,13)(0,13)
Polygon:
(0,0)(28,0)(28,10)(18,10)(18,25)(4,25)(4,10)(0,10)
Polygon:
(0,0)(27,0)(27,30)(19,30)(19,31)(7,31)(7,14)(0,14)
Polygon:
(0,0)(27,0)(27,20)(19,20)(19,26)(10,26)(10,11)(0,11)
Polygon:
(0,0)(18,0)(18,8)(11,8)(11,24)(7,24)(7,16)(0,16)
Polygon:
(0,0)(27,0)(27,7)(9,7)(9,15)(5,15)(5,10)(0,10)
Polygon:
(0,0)(34,0)(34,18)(23,18)(23,24)(16,24)(16,11)(0,11)
Polygon:
(0,0)(16,0)(16,8)(6,8)(6,17)(2,17)(2,12)(0,12)
Polygon:
(0,0)(40,0)(40,14)(27,14)(27,29)(12,29)(12,16)(0,16)
Polygon:
(0,0)(30,0)(30,21)(14,21)(14,24)(12,24)(12,15)(0,15)
Polygon:
(0,0)(23,0)(23,28)(20,28)(20,33)(6,33)(6,15)(0,15)
Polygon:
(0,0)(19,0)(19,26)(18,26)(18,28)(5,28)(5,15)(0,15)
Polygon:
(0,0)(32,0)(32,7)(19,7)(19,18)(15,18)(15,12)(0,12)
Polygon:
(0,0)(38,0)(38,20)(21,20)(21,22)(15,22)(15,17)(0,17)
Polygon:
(0,0)(25,0)(25,12)(14,12)(14,15)(5,15)(5,5)(0,5)
Polygon:
(0,0)(24,0)(24,11)(20,11)(20,17)(5,17)(5,13)(0,13)
Polygon:
(0,0)(29,0)(29,19)(23,19)(23,22)(12,22)(12,10)(0,10)
Polygon:
(0,0)(22,0)(22,22)(14,22)(14,23)(1,23)(1,5)(0,5)
Polygon:
(0,0)(33,0)(33,26)(26,26)(26,33)(18,33)(18,16)(0,16)
Polygon:
(0,0)(20,0)(20,17)(16,17)(16,24)(15,24)(15,18)(0,18)
Polygon:
(0,0)(39,0)(39,15)(22,15)(22,17)(17,17)(17,12)(0,12)
Polygon:
(0,0)(16,0)(16,8)(12,8)(12,10)(2,10)(2,8)(0,8)
Polygon:
(0,0)(18,0)(18,7)(16,7)(16,11)(9,11)(9,2)(0,2)
Polygon:
(0,0)(18,0)(18,22)(15,22)(15,25)(14,25)(14,15)(0,15)
Polygon:
(0,0)(25,0)(25,9)(24,9)(24,22)(17,22)(17,17)(0,17)
Polygon:
(0,0)(27,0)(27,8)(13,8)(13,11)(5,11)(5,4)(0,4)
Polygon:
(0,0)(38,0)(38,6)(34,6)(34,21)(18,21)(18,10)(0,10)
Polygon:
(0,0)(38,0)(38,5)(20,5)(20,10)(7,10)(7,7)(0,7)
Polygon:
(0,0)(32,0)(32,8)(18,8)(18,21)(13,21)(13,17)(0,17)
Polygon:
(0,0)(17,0)(17,20)(12,20)(12,24)(2,24)(2,17)(0,17)
Polygon:
(0,0)(29,0)(29,13)(18,13)(18,23)(14,23)(14,18)(0,18)
Polygon:
(0,0)(35,0)(35,4)(20,4)(20,22)(11,22)(11,8)(0,8)
Polygon:
(0,0)(20,0)(20,8)(10,8)(10,21)(7,21)(7,5)(0,5)
Polygon:
(0,0)(38,0)(38,5)(26,5)(26,21)(15,21)(15,18)(0,18)
Polygon:
(0,0)(22,0)(22,14)(19,14)(19,16)(2,16)(2,6)(0,6)
Polygon:
(0,0)(29,0)(29,10)(20,10)(20,13)(18,13)(18,8)(0,8)
Polygon:
(0,0)(24,0)(24,18)(16,18)(16,33)(10,33)(10,17)(0,17)
Polygon:
(0,0)(27,0)(27,13)(14,13)(14,14)(13,14)(13,10)(0,10)
Polygon:
(0,0)(25,0)(25,20)(23,20)(23,32)(13,32)(13,15)(0,15)
Polygon:
(0,0)(35,0)(35,8)(17,8)(17,18)(2,18)(2,3)(0,3)
Polygon:
(0,0)(21,0)(21,8)(19,8)(19,11)(6,11)(6,9)(0,9)
Polygon:
(0,0)(28,0)(28,24)(23,24)(23,25)(9,25)(9,8)(0,8)
Polygon:
(0,0)(32,0)(32,14)(25,14)(25,24)(14,24)(14,8)(0,8)
Polygon:
(0,0)(37,0)(37,9)(30,9)(30,18)(17,18)(17,11)(0,11)
Polygon:
(0,0)(39,0)(39,15)(35,15)(35,22)(17,22)(17,8)(0,8)
Polygon:
(0,0)(24,0)(24,14)(19,14)(19,20)(2,20)(2,18)(0,18)
Polygon:
(0,0)(32,0)(32,26)(15,26)(15,32)(10,32)(10,17)(0,17)
Polygon:
(0,0)(17,0)(17,12)(13,12)(13,19)(12,19)(12,11)(0,11)
Polygon:
(0,0)(19,0)(19,15)(13,15)(13,26)(9,26)(9,18)(0,18)
Polygon:
(0,0)(38,0)(38,15)(23,15)(23,25)(9,25)(9,12)(0,12)
Polygon:
(0,0)(39,0)(39,15)(24,15)(24,25)(9,25)(9,14)(0,14)
Polygon:
(0,0)(42,0)(42,14)(29,14)(29,15)(18,15)(18,7)(0,7)
Polygon:
(0,0)(20,0)(20,4)(19,4)(19,8)(14,8)(14,5)(0,5)
Polygon:
(0,0)(27,0)(27,5)(19,5)(19,19)(7,19)(7,9)(0,9)
Polygon:
(0,0)(28,0)(28,22)(26,22)(26,31)(14,31)(14,17)(0,17)
Polygon:
(0,0)(31,0)(31,6)(23,6)(23,22)(14,22)(14,5)(0,5)
Polygon:
(0,0)(37,0)(37,16)(19,16)(19,23)(6,23)(6,13)(0,13)
Polygon:
(0,0)(30,0)(30,15)(14,15)(14,23)(13,23)(13,12)(0,12)
Polygon:
(0,0)(27,0)(27,12)(19,12)(19,14)(17,14)(17,5)(0,5)
Polygon:
(0,0)(28,0)(28,20)(10,20)(10,26)(2,26)(2,8)(0,8)
Polygon:
(0,0)(32,0)(32,16)(18,16)(18,23)(2,23)(2,5)(0,5)
Polygon:
(0,0)(21,0)(21,17)(10,17)(10,29)(9,29)(9,17)(0,17)
Polygon:
(0,0)(40,0)(40,19)(33,19)(33,23)(15,23)(15,11)(0,11)
Polygon:
(0,0)(9,0)(9,8)(8,8)(8,12)(6,12)(6,3)(0,3)
Polygon:
(0,0)(37,0)(37,12)(22,12)(22,22)(17,22)(17,4)(0,4)
Polygon:
(0,0)(38,0)(38,2)(31,2)(31,11)(15,11)(15,4)(0,4)
Polygon:
(0,0)(42,0)(42,10)(24,10)(24,22)(12,22)(12,16)(0,16)
Polygon:
(0,0)(10,0)(10,3)(6,3)(6,19)(2,19)(2,10)(0,10)
Polygon:
(0,0)(21,0)(21,15)(10,15)(10,23)(4,23)(4,16)(0,16)
Polygon:
(0,0)(15,0)(15,9)(13,9)(13,13)(7,13)(7,3)(0,3)
Polygon:
(0,0)(16,0)(16,20)(11,20)(11,27)(9,27)(9,11)(0,11)
Polygon:
(0,0)(30,0)(30,10)(21,10)(21,16)(5,16)(5,3)(0,3)
Polygon:
(0,0)(52,0)(52,5)(35,5)(35,8)(18,8)(18,5)(0,5)
Polygon:
(0,0)(33,0)(33,7)(30,7)(30,21)(13,21)(13,18)(0,18)
Polygon:
(0,0)(28,0)(28,5)(24,5)(24,12)(13,12)(13,3)(0,3)
Polygon:
(0,0)(18,0)(18,2)(15,2)(15,15)(10,15)(10,11)(0,11)
Polygon:
(0,0)(19,0)(19,1)(9,1)(9,19)(4,19)(4,7)(0,7)
Polygon:
(0,0)(31,0)(31,3)(29,3)(29,15)(17,15)(17,2)(0,2)
Polygon:
(0,0)(51,0)(51,21)(35,21)(35,27)(17,27)(17,9)(0,9)
Polygon:
(0,0)(29,0)(29,6)(18,6)(18,19)(13,19)(13,1)(0,1)
Polygon:
(0,0)(29,0)(29,22)(17,22)(17,27)(10,27)(10,13)(0,13)
Polygon:
(0,0)(22,0)(22,10)(20,10)(20,11)(4,11)(4,1)(0,1)
Polygon:
(0,0)(30,0)(30,13)(19,13)(19,24)(4,24)(4,14)(0,14)
Polygon:
(0,0)(31,0)(31,12)(28,12)(28,22)(11,22)(11,17)(0,17)
Polygon:
(0,0)(24,0)(24,7)(22,7)(22,14)(14,14)(14,3)(0,3)
Polygon:
(0,0)(43,0)(43,7)(31,7)(31,10)(15,10)(15,1)(0,1)
Polygon:
(0,0)(22,0)(22,5)(10,5)(10,20)(6,20)(6,10)(0,10)
Polygon:
(0,0)(36,0)(36,20)(29,20)(29,25)(16,25)(16,14)(0,14)
Polygon:
(0,0)(36,0)(36,3)(24,3)(24,20)(8,20)(8,6)(0,6)
Polygon:
(0,0)(43,0)(43,16)(30,16)(30,19)(15,19)(15,4)(0,4)
Polygon:
(0,0)(25,0)(25,6)(10,6)(10,18)(3,18)(3,16)(0,16)
Polygon:
(0,0)(37,0)(37,13)(20,13)(20,19)(9,19)(9,11)(0,11)
Polygon:
(0,0)(30,0)(30,2)(21,2)(21,18)(12,18)(12,17)(0,17)
Polygon:
(0,0)(15,0)(15,7)(11,7)(11,13)(5,13)(5,12)(0,12)
Polygon:
(0,0)(38,0)(38,8)(25,8)(25,24)(8,24)(8,18)(0,18)
Polygon:
(0,0)(19,0)(19,22)(7,22)(7,26)(4,26)(4,12)(0,12)
Polygon:
(0,0)(31,0)(31,14)(29,14)(29,25)(11,25)(11,10)(0,10)
Polygon:
(0,0)(21,0)(21,6)(11,6)(11,14)(7,14)(7,13)(0,13)
Polygon:
(0,0)(30,0)(30,23)(26,23)(26,34)(11,34)(11,16)(0,16)
Polygon:
(0,0)(39,0)(39,6)(26,6)(26,16)(8,16)(8,12)(0,12)
Polygon:
(0,0)(21,0)(21,4)(14,4)(14,9)(8,9)(8,6)(0,6)
Polygon:
(0,0)(28,0)(28,5)(14,5)(14,19)(9,19)(9,7)(0,7)
Polygon:
(0,0)(44,0)(44,26)(28,26)(28,30)(15,30)(15,16)(0,16)
Polygon:
(0,0)(11,0)(11,10)(9,10)(9,25)(5,25)(5,13)(0,13)
Polygon:
(0,0)(21,0)(21,15)(3,15)(3,17)(2,17)(2,2)(0,2)
Polygon:
(0,0)(23,0)(23,7)(18,7)(18,24)(12,24)(12,13)(0,13)
Polygon:
(0,0)(26,0)(26,9)(13,9)(13,22)(5,22)(5,4)(0,4)
Polygon:
(0,0)(23,0)(23,5)(12,5)(12,10)(6,10)(6,7)(0,7)
Polygon:
(0,0)(42,0)(42,18)(27,18)(27,27)(16,27)(16,14)(0,14)
Polygon:
(0,0)(32,0)(32,6)(28,6)(28,16)(18,16)(18,11)(0,11)
Polygon:
(0,0)(32,0)(32,2)(17,2)(17,19)(14,19)(14,10)(0,10)
Polygon:
(0,0)(26,0)(26,3)(9,3)(9,12)(5,12)(5,7)(0,7)
Polygon:
(0,0)(32,0)(32,29)(22,29)(22,30)(17,30)(17,12)(0,12)
Polygon:
(0,0)(50,0)(50,18)(36,18)(36,23)(18,23)(18,5)(0,5)
Polygon:
(0,0)(28,0)(28,12)(13,12)(13,25)(8,25)(8,8)(0,8)
Polygon:
(0,0)(24,0)(24,1)(18,1)(18,18)(15,18)(15,6)(0,6)
Polygon:
(0,0)(29,0)(29,27)(24,27)(24,29)(7,29)(7,15)(0,15)
Polygon:
(0,0)(24,0)(24,15)(7,15)(7,26)(1,26)(1,18)(0,18)
Polygon:
(0,0)(30,0)(30,9)(17,9)(17,18)(8,18)(8,9)(0,9)
Polygon:
(0,0)(19,0)(19,7)(18,7)(18,21)(17,21)(17,5)(0,5)
Polygon:
(0,0)(30,0)(30,3)(16,3)(16,13)(15,13)(15,7)(0,7)
Polygon:
(0,0)(21,0)(21,17)(8,17)(8,21)(4,21)(4,12)(0,12)
Polygon:
(0,0)(32,0)(32,19)(22,19)(22,21)(12,21)(12,8)(0,8)
Polygon:
(0,0)(17,0)(17,14)(10,14)(10,24)(6,24)(6,10)(0,10)
Polygon:
(0,0)(19,0)(19,12)(17,12)(17,27)(15,27)(15,18)(0,18)
Polygon:
(0,0)(17,0)(17,2)(7,2)(7,10)(1,10)(1,4)(0,4)
Polygon:
(0,0)(22,0)(22,23)(19,23)(19,29)(9,29)(9,15)(0,15)
Polygon:
(0,0)(27,0)(27,6)(23,6)(23,13)(12,13)(12,3)(0,3)
Polygon:
(0,0)(16,0)(16,17)(15,17)(15,22)(10,22)(10,11)(0,11)
Polygon:
(0,0)(44,0)(44,9)(30,9)(30,26)(18,26)(18,8)(0,8)
Polygon:
(0,0)(33,0)(33,5)(25,5)(25,20)(9,20)(9,7)(0,7)
Polygon:
(0,0)(8,0)(8,14)(5,14)(5,21)(2,21)(2,14)(0,14)
Polygon:
(0,0)(9,0)(9,13)(8,13)(8,14)(7,14)(7,1)(0,1)
Polygon:
(0,0)(26,0)(26,3)(13,3)(13,15)(8,15)(8,13)(0,13)
Polygon:
(0,0)(26,0)(26,5)(19,5)(19,8)(18,8)(18,7)(0,7)
Polygon:
(0,0)(25,0)(25,4)(8,4)(8,17)(7,17)(7,15)(0,15)
Polygon:
(0,0)(35,0)(35,10)(20,10)(20,21)(9,21)(9,3)(0,3)
Polygon:
(0,0)(22,0)(22,22)(7,22)(7,29)(1,29)(1,17)(0,17)
Polygon:
(0,0)(24,0)(24,4)(22,4)(22,7)(14,7)(14,6)(0,6)
Polygon:
(0,0)(22,0)(22,22)(19,22)(19,34)(8,34)(8,18)(0,18)
Polygon:
(0,0)(33,0)(33,19)(18,19)(18,23)(17,23)(17,18)(0,18)
Polygon:
(0,0)(32,0)(32,17)(23,17)(23,19)(18,19)(18,16)(0,16)
Polygon:
(0,0)(42,0)(42,13)(25,13)(25,17)(14,17)(14,2)(0,2)
Polygon:
(0,0)(31,0)(31,20)(27,20)(27,24)(18,24)(18,7)(0,7)
Polygon:
(0,0)(29,0)(29,9)(26,9)(26,14)(16,14)(16,1)(0,1)
Polygon:
(0,0)(13,0)(13,6)(12,6)(12,9)(1,9)(1,3)(0,3)
Polygon:
(0,0)(27,0)(27,6)(23,6)(23,24)(6,24)(6,7)(0,7)
Polygon:
(0,0)(44,0)(44,9)(27,9)(27,21)(17,21)(17,12)(0,12)
Polygon:
(0,0)(27,0)(27,18)(24,18)(24,25)(18,25)(18,13)(0,13)
Polygon:
(0,0)(21,0)(21,8)(15,8)(15,17)(8,17)(8,4)(0,4)
Polygon:
(0,0)(22,0)(22,3)(16,3)(16,19)(3,19)(3,5)(0,5)
Polygon:
(0,0)(20,0)(20,17)(13,17)(13,22)(9,22)(9,18)(0,18)
Polygon:
(0,0)(21,0)(21,18)(17,18)(17,19)(3,19)(3,14)(0,14)
Polygon:
(0,0)(21,0)(21,13)(12,13)(12,20)(2,20)(2,5)(0,5)
Polygon:
(0,0)(25,0)(25,26)(11,26)(11,31)(9,31)(9,13)(0,13)
Polygon:
(0,0)(38,0)(38,9)(21,9)(21,11)(13,11)(13,9)(0,9)
Polygon:
(0,0)(33,0)(33,10)(25,10)(25,19)(11,19)(11,7)(0,7)
Polygon:
(0,0)(21,0)(21,13)(12,13)(12,21)(10,21)(10,17)(0,17)
Polygon:
(0,0)(14,0)(14,18)(11,18)(11,26)(10,26)(10,8)(0,8)
Polygon:
(0,0)(28,0)(28,2)(21,2)(21,17)(7,17)(7,14)(0,14)
Polygon:
(0,0)(28,0)(28,8)(27,8)(27,17)(11,17)(11,11)(0,11)
Polygon:
(0,0)(31,0)(31,26)(28,26)(28,30)(13,30)(13,13)(0,13)
Polygon:
(0,0)(10,0)(10,7)(9,7)(9,21)(7,21)(7,8)(0,8)
Polygon:
(0,0)(29,0)(29,8)(18,8)(18,13)(17,13)(17,5)(0,5)
Polygon:
(0,0)(30,0)(30,4)(14,4)(14,11)(1,11)(1,7)(0,7)
Polygon:
(0,0)(38,0)(38,9)(22,9)(22,14)(4,14)(4,3)(0,3)
Polygon:
(0,0)(20,0)(20,2)(15,2)(15,12)(8,12)(8,10)(0,10)
Polygon:
(0,0)(27,0)(27,18)(21,18)(21,25)(8,25)(8,11)(0,11)
Polygon:
(0,0)(36,0)(36,17)(23,17)(23,28)(16,28)(16,13)(0,13)
Polygon:
(0,0)(23,0)(23,14)(18,14)(18,21)(9,21)(9,3)(0,3)
Polygon:
(0,0)(25,0)(25,23)(15,23)(15,24)(7,24)(7,11)(0,11)
Polygon:
(0,0)(34,0)(34,15)(23,15)(23,25)(8,25)(8,9)(0,9)
Polygon:
(0,0)(39,0)(39,14)(28,14)(28,28)(14,28)(14,16)(0,16)
Polygon:
(0,0)(41,0)(41,9)(24,9)(24,13)(6,13)(6,4)(0,4)
Polygon:
(0,0)(37,0)(37,9)(35,9)(35,19)(18,19)(18,14)(0,14)
Polygon:
(0,0)(44,0)(44,13)(26,13)(26,22)(12,22)(12,4)(0,4)
Polygon:
(0,0)(21,0)(21,16)(16,16)(16,18)(2,18)(2,6)(0,6)
Polygon:
(0,0)(16,0)(16,6)(11,6)(11,21)(6,21)(6,3)(0,3)
Polygon:
(0,0)(23,0)(23,12)(16,12)(16,25)(2,25)(2,16)(0,16)
Polygon:
(0,0)(22,0)(22,21)(18,21)(18,23)(12,23)(12,17)(0,17)
Polygon:
(0,0)(36,0)(36,14)(32,14)(32,17)(18,17)(18,2)(0,2)
Polygon:
(0,0)(42,0)(42,20)(30,20)(30,24)(14,24)(14,13)(0,13)
Polygon:
(0,0)(32,0)(32,7)(18,7)(18,20)(7,20)(7,15)(0,15)
Polygon:
(0,0)(33,0)(33,10)(20,10)(20,15)(2,15)(2,10)(0,10)
Polygon:
(0,0)(36,0)(36,15)(34,15)(34,18)(18,18)(18,7)(0,7)
Polygon:
(0,0)(23,0)(23,20)(12,20)(12,24)(2,24)(2,14)(0,14)
Polygon:
(0,0)(19,0)(19,7)(15,7)(15,24)(3,24)(3,12)(0,12)
Polygon:
(0,0)(25,0)(25,16)(16,16)(16,18)(3,18)(3,13)(0,13)
Polygon:
(0,0)(37,0)(37,5)(26,5)(26,18)(10,18)(10,10)(0,10)
Polygon:
(0,0)(27,0)(27,19)(17,19)(17,21)(12,21)(12,9)(0,9)
Polygon:
(0,0)(29,0)(29,16)(13,16)(13,23)(11,23)(11,5)(0,5)
Polygon:
(0,0)(30,0)(30,12)(18,12)(18,29)(4,29)(4,16)(0,16)
Polygon:
(0,0)(33,0)(33,23)(20,23)(20,30)(9,30)(9,17)(0,17)
Polygon:
(0,0)(24,0)(24,11)(17,11)(17,27)(11,27)(11,11)(0,11)
Polygon:
(0,0)(18,0)(18,23)(15,23)(15,25)(4,25)(4,8)(0,8)
Polygon:
(0,0)(25,0)(25,13)(9,13)(9,26)(8,26)(8,18)(0,18)
Polygon:
(0,0)(12,0)(12,10)(8,10)(8,23)(7,23)(7,15)(0,15)
Polygon:
(0,0)(11,0)(11,9)(8,9)(8,18)(6,18)(6,3)(0,3)
Polygon:
(0,0)(24,0)(24,6)(22,6)(22,10)(9,10)(9,9)(0,9)
Polygon:
(0,0)(43,0)(43,7)(27,7)(27,18)(15,18)(15,7)(0,7)
Polygon:
(0,0)(8,0)(8,9)(4,9)(4,13)(3,13)(3,12)(0,12)
Polygon:
(0,0)(11,0)(11,7)(10,7)(10,17)(4,17)(4,4)(0,4)
Polygon:
(0,0)(29,0)(29,13)(26,13)(26,20)(15,20)(15,9)(0,9)
Polygon:
(0,0)(30,0)(30,14)(16,14)(16,18)(15,18)(15,2)(0,2)
Polygon:
(0,0)(35,0)(35,16)(20,16)(20,17)(8,17)(8,2)(0,2)
Polygon:
(0,0)(31,0)(31,3)(24,3)(24,20)(16,20)(16,13)(0,13)
Polygon:
(0,0)(43,0)(43,28)(27,28)(27,30)(14,30)(14,13)(0,13)
Polygon:
(0,0)(27,0)(27,11)(10,11)(10,13)(7,13)(7,12)(0,12)
Polygon:
(0,0)(25,0)(25,26)(15,26)(15,31)(13,31)(13,13)(0,13)
Polygon:
(0,0)(23,0)(23,6)(16,6)(16,24)(8,24)(8,7)(0,7)
Polygon:
(0,0)(29,0)(29,18)(28,18)(28,21)(10,21)(10,9)(0,9)
Polygon:
(0,0)(38,0)(38,8)(22,8)(22,23)(13,23)(13,12)(0,12)
Polygon:
(0,0)(36,0)(36,2)(22,2)(22,8)(17,8)(17,2)(0,2)
Polygon:
(0,0)(30,0)(30,7)(27,7)(27,17)(13,17)(13,1)(0,1)
Polygon:
(0,0)(32,0)(32,9)(28,9)(28,15)(13,15)(13,14)(0,14)
Polygon:
(0,0)(18,0)(18,11)(8,11)(8,26)(2,26)(2,10)(0,10)
Polygon:
(0,0)(33,0)(33,3)(27,3)(27,17)(13,17)(13,2)(0,2)
Polygon:
(0,0)(30,0)(30,13)(25,13)(25,24)(14,24)(14,7)(0,7)
Polygon:
(0,0)(29,0)(29,8)(19,8)(19,21)(17,21)(17,12)(0,12)
Polygon:
(0,0)(14,0)(14,29)(11,29)(11,30)(2,30)(2,18)(0,18)
Polygon:
(0,0)(21,0)(21,20)(14,20)(14,26)(8,26)(8,9)(0,9)
Polygon:
(0,0)(32,0)(32,10)(21,10)(21,19)(8,19)(8,9)(0,9)
Polygon:
(0,0)(25,0)(25,11)(12,11)(12,19)(9,19)(9,7)(0,7)
Polygon:
(0,0)(16,0)(16,7)(4,7)(4,13)(3,13)(3,11)(0,11)
Polygon:
(0,0)(25,0)(25,10)(15,10)(15,21)(11,21)(11,9)(0,9)
Polygon:
(0,0)(32,0)(32,18)(24,18)(24,31)(13,31)(13,14)(0,14)
Polygon:
(0,0)(14,0)(14,5)(11,5)(11,22)(1,22)(1,12)(0,12)
Polygon:
(0,0)(33,0)(33,12)(19,12)(19,18)(15,18)(15,2)(0,2)
Polygon:
(0,0)(18,0)(18,6)(8,6)(8,19)(5,19)(5,16)(0,16)
Polygon:
(0,0)(33,0)(33,2)(29,2)(29,15)(15,15)(15,3)(0,3)
Polygon:
(0,0)(38,0)(38,12)(21,12)(21,15)(7,15)(7,11)(0,11)
Polygon:
(0,0)(36,0)(36,33)(25,33)(25,34)(7,34)(7,17)(0,17)
Polygon:
(0,0)(27,0)(27,16)(11,16)(11,29)(2,29)(2,18)(0,18)
Polygon:
(0,0)(21,0)(21,28)(15,28)(15,31)(7,31)(7,14)(0,14)
Polygon:
(0,0)(33,0)(33,10)(18,10)(18,24)(9,24)(9,12)(0,12)
Polygon:
(0,0)(21,0)(21,6)(15,6)(15,24)(8,24)(8,9)(0,9)
Polygon:
(0,0)(28,0)(28,21)(15,21)(15,22)(4,22)(4,4)(0,4)
Polygon:
(0,0)(32,0)(32,8)(27,8)(27,9)(16,9)(16,6)(0,6)
Polygon:
(0,0)(30,0)(30,22)(16,22)(16,28)(9,28)(9,10)(0,10)
Polygon:
(0,0)(35,0)(35,7)(30,7)(30,18)(12,18)(12,14)(0,14)
Polygon:
(0,0)(34,0)(34,8)(17,8)(17,26)(13,26)(13,18)(0,18)
Polygon:
(0,0)(32,0)(32,11)(25,11)(25,14)(12,14)(12,13)(0,13)
Polygon:
(0,0)(27,0)(27,3)(14,3)(14,10)(5,10)(5,5)(0,5)
Polygon:
(0,0)(31,0)(31,15)(16,15)(16,21)(12,21)(12,15)(0,15)
Polygon:
(0,0)(34,0)(34,13)(24,13)(24,22)(10,22)(10,13)(0,13)
Polygon:
(0,0)(43,0)(43,8)(27,8)(27,18)(18,18)(18,15)(0,15)
Polygon:
(0,0)(31,0)(31,5)(17,5)(17,20)(5,20)(5,7)(0,7)
Polygon:
(0,0)(44,0)(44,15)(30,15)(30,32)(15,32)(15,15)(0,15)
Polygon:
(0,0)(32,0)(32,17)(17,17)(17,20)(14,20)(14,8)(0,8)
Polygon:
(0,0)(19,0)(19,17)(17,17)(17,22)(4,22)(4,12)(0,12)
Polygon:
(0,0)(27,0)(27,1)(16,1)(16,17)(9,17)(9,8)(0,8)
Polygon:
(0,0)(40,0)(40,17)(22,17)(22,26)(14,26)(14,14)(0,14)
Polygon:
(0,0)(25,0)(25,21)(12,21)(12,27)(1,27)(1,13)(0,13)
Polygon:
(0,0)(26,0)(26,8)(14,8)(14,26)(6,26)(6,18)(0,18)
Polygon:
(0,0)(42,0)(42,9)(26,9)(26,22)(8,22)(8,4)(0,4)
Polygon:
(0,0)(32,0)(32,2)(30,2)(30,19)(12,19)(12,5)(0,5)
Polygon:
(0,0)(35,0)(35,15)(29,15)(29,17)(11,17)(11,4)(0,4)
Polygon:
(0,0)(40,0)(40,9)(30,9)(30,20)(12,20)(12,12)(0,12)
Polygon:
(0,0)(16,0)(16,11)(7,11)(7,15)(3,15)(3,6)(0,6)
Polygon:
(0,0)(16,0)(16,3)(12,3)(12,16)(6,16)(6,13)(0,13)
Polygon:
(0,0)(32,0)(32,9)(26,9)(26,10)(9,10)(9,3)(0,3)
Polygon:
(0,0)(9,0)(9,5)(5,5)(5,13)(4,13)(4,9)(0,9)
Polygon:
(0,0)(15,0)(15,14)(9,14)(9,21)(1,21)(1,4)(0,4)
Polygon:
(0,0)(40,0)(40,9)(31,9)(31,24)(13,24)(13,17)(0,17)
Polygon:
(0,0)(42,0)(42,31)(29,31)(29,33)(13,33)(13,15)(0,15)
Polygon:
(0,0)(29,0)(29,13)(23,13)(23,14)(15,14)(15,1)(0,1)
Polygon:
(0,0)(28,0)(28,8)(23,8)(23,16)(10,16)(10,3)(0,3)
Polygon:
(0,0)(18,0)(18,3)(12,3)(12,16)(10,16)(10,7)(0,7)
Polygon:
(0,0)(21,0)(21,14)(11,14)(11,18)(2,18)(2,6)(0,6)
Polygon:
(0,0)(34,0)(34,6)(19,6)(19,22)(7,22)(7,18)(0,18)
Polygon:
(0,0)(26,0)(26,18)(22,18)(22,27)(5,27)(5,12)(0,12)
Polygon:
(0,0)(40,0)(40,3)(28,3)(28,21)(16,21)(16,13)(0,13)
Polygon:
(0,0)(39,0)(39,6)(30,6)(30,15)(15,15)(15,2)(0,2)
Polygon:
(0,0)(32,0)(32,12)(22,12)(22,13)(14,13)(14,10)(0,10)
Polygon:
(0,0)(18,0)(18,20)(15,20)(15,21)(6,21)(6,6)(0,6)
Polygon:
(0,0)(32,0)(32,9)(27,9)(27,10)(11,10)(11,3)(0,3)
Polygon:
(0,0)(29,0)(29,18)(21,18)(21,22)(16,22)(16,15)(0,15)
Polygon:
(0,0)(8,0)(8,12)(4,12)(4,15)(2,15)(2,3)(0,3)
Polygon:
(0,0)(24,0)(24,19)(15,19)(15,30)(10,30)(10,17)(0,17)
Polygon:
(0,0)(30,0)(30,13)(22,13)(22,23)(15,23)(15,5)(0,5)
Polygon:
(0,0)(21,0)(21,16)(7,16)(7,18)(3,18)(3,4)(0,4)
Polygon:
(0,0)(11,0)(11,4)(10,4)(10,21)(6,21)(6,14)(0,14)
Polygon:
(0,0)(9,0)(9,16)(6,16)(6,22)(1,22)(1,4)(0,4)
Polygon:
(0,0)(26,0)(26,18)(24,18)(24,21)(15,21)(15,15)(0,15)
Polygon:
(0,0)(22,0)(22,11)(20,11)(20,18)(3,18)(3,9)(0,9)
Polygon:
(0,0)(37,0)(37,5)(23,5)(23,21)(10,21)(10,12)(0,12)
Polygon:
(0,0)(25,0)(25,16)(19,16)(19,24)(2,24)(2,10)(0,10)
Polygon:
(0,0)(15,0)(15,10)(4,10)(4,22)(2,22)(2,4)(0,4)
Polygon:
(0,0)(22,0)(22,12)(20,12)(20,28)(4,28)(4,12)(0,12)
Polygon:
(0,0)(28,0)(28,6)(15,6)(15,8)(7,8)(7,3)(0,3)
Polygon:
(0,0)(25,0)(25,6)(15,6)(15,16)(8,16)(8,15)(0,15)
Polygon:
(0,0)(36,0)(36,2)(24,2)(24,20)(16,20)(16,12)(0,12)
Polygon:
(0,0)(36,0)(36,13)(28,13)(28,14)(18,14)(18,2)(0,2)
Polygon:
(0,0)(36,0)(36,13)(24,13)(24,31)(9,31)(9,16)(0,16)
Polygon:
(0,0)(29,0)(29,5)(18,5)(18,7)(8,7)(8,3)(0,3)
Polygon:
(0,0)(24,0)(24,7)(22,7)(22,23)(16,23)(16,12)(0,12)
Polygon:
(0,0)(23,0)(23,16)(19,16)(19,33)(4,33)(4,15)(0,15)
Polygon:
(0,0)(23,0)(23,22)(16,22)(16,25)(15,25)(15,13)(0,13)
Polygon:
(0,0)(35,0)(35,30)(23,30)(23,33)(14,33)(14,15)(0,15)
Polygon:
(0,0)(36,0)(36,7)(27,7)(27,17)(14,17)(14,3)(0,3)
Polygon:
(0,0)(30,0)(30,17)(22,17)(22,27)(13,27)(13,18)(0,18)
Polygon:
(0,0)(21,0)(21,16)(16,16)(16,20)(12,20)(12,7)(0,7)
Polygon:
(0,0)(23,0)(23,13)(10,13)(10,15)(6,15)(6,2)(0,2)
Polygon:
(0,0)(29,0)(29,16)(25,16)(25,24)(17,24)(17,7)(0,7)
Polygon:
(0,0)(16,0)(16,16)(9,16)(9,22)(8,22)(8,4)(0,4)
Polygon:
(0,0)(36,0)(36,11)(22,11)(22,23)(5,23)(5,12)(0,12)
Polygon:
(0,0)(32,0)(32,10)(28,10)(28,17)(10,17)(10,4)(0,4)
Polygon:
(0,0)(28,0)(28,20)(20,20)(20,26)(15,26)(15,10)(0,10)
Polygon:
(0,0)(40,0)(40,4)(26,4)(26,15)(18,15)(18,2)(0,2)
Polygon:
(0,0)(33,0)(33,22)(20,22)(20,27)(11,27)(11,14)(0,14)
Polygon:
(0,0)(35,0)(35,3)(17,3)(17,14)(8,14)(8,4)(0,4)
Polygon:
(0,0)(24,0)(24,25)(20,25)(20,28)(10,28)(10,11)(0,11)
Polygon:
(0,0)(37,0)(37,9)(33,9)(33,13)(15,13)(15,12)(0,12)
Polygon:
(0,0)(19,0)(19,6)(13,6)(13,20)(12,20)(12,7)(0,7)
Polygon:
(0,0)(31,0)(31,15)(23,15)(23,31)(9,31)(9,18)(0,18)
Polygon:
(0,0)(31,0)(31,23)(14,23)(14,27)(3,27)(3,10)(0,10)
Polygon:
(0,0)(16,0)(16,22)(11,22)(11,25)(6,25)(6,9)(0,9)
Polygon:
(0,0)(25,0)(25,13)(10,13)(10,31)(7,31)(7,13)(0,13)
Polygon:
(0,0)(15,0)(15,4)(9,4)(9,22)(1,22)(1,5)(0,5)
Polygon:
(0,0)(33,0)(33,14)(23,14)(23,22)(8,22)(8,7)(0,7)
Polygon:
(0,0)(41,0)(41,3)(23,3)(23,20)(17,20)(17,9)(0,9)
Polygon:
(0,0)(32,0)(32,1)(16,1)(16,17)(11,17)(11,9)(0,9)
Polygon:
(0,0)(29,0)(29,6)(24,6)(24,24)(13,24)(13,17)(0,17)
Polygon:
(0,0)(11,0)(11,15)(10,15)(10,23)(1,23)(1,12)(0,12)
Polygon:
(0,0)(35,0)(35,8)(24,8)(24,18)(6,18)(6,12)(0,12)
Polygon:
(0,0)(29,0)(29,14)(22,14)(22,20)(6,20)(6,14)(0,14)
Polygon:
(0,0)(42,0)(42,21)(30,21)(30,25)(13,25)(13,14)(0,14)
Polygon:
(0,0)(19,0)(19,5)(18,5)(18,17)(8,17)(8,9)(0,9)
Polygon:
(0,0)(24,0)(24,3)(16,3)(16,15)(14,15)(14,14)(0,14)
Polygon:
(0,0)(17,0)(17,9)(15,9)(15,17)(9,17)(9,1)(0,1)
Polygon:
(0,0)(28,0)(28,4)(22,4)(22,20)(8,20)(8,17)(0,17)
Polygon:
(0,0)(32,0)(32,27)(22,27)(22,32)(16,32)(16,17)(0,17)
Polygon:
(0,0)(35,0)(35,21)(21,21)(21,23)(7,23)(7,11)(0,11)
Polygon:
(0,0)(29,0)(29,20)(19,20)(19,25)(1,25)(1,18)(0,18)
Polygon:
(0,0)(26,0)(26,5)(15,5)(15,21)(1,21)(1,18)(0,18)
Polygon:
(0,0)(8,0)(8,16)(5,16)(5,34)(4,34)(4,18)(0,18)
Polygon:
(0,0)(30,0)(30,4)(22,4)(22,18)(12,18)(12,2)(0,2)
Polygon:
(0,0)(30,0)(30,5)(19,5)(19,11)(1,11)(1,2)(0,2)
Polygon:
(0,0)(19,0)(19,15)(16,15)(16,21)(4,21)(4,18)(0,18)
Polygon:
(0,0)(44,0)(44,17)(33,17)(33,30)(17,30)(17,14)(0,14)
Polygon:
(0,0)(46,0)(46,10)(33,10)(33,13)(17,13)(17,4)(0,4)
Polygon:
(0,0)(27,0)(27,16)(19,16)(19,17)(18,17)(18,3)(0,3)
Polygon:
(0,0)(36,0)(36,7)(23,7)(23,23)(17,23)(17,13)(0,13)
Polygon:
(0,0)(25,0)(25,5)(10,5)(10,22)(9,22)(9,9)(0,9)
Polygon:
(0,0)(24,0)(24,2)(7,2)(7,18)(5,18)(5,13)(0,13)
Polygon:
(0,0)(20,0)(20,7)(10,7)(10,18)(8,18)(8,14)(0,14)
Polygon:
(0,0)(30,0)(30,11)(24,11)(24,14)(7,14)(7,7)(0,7)
Polygon:
(0,0)(12,0)(12,8)(5,8)(5,17)(4,17)(4,16)(0,16)
Polygon:
(0,0)(29,0)(29,2)(16,2)(16,20)(9,20)(9,10)(0,10)
Polygon:
(0,0)(36,0)(36,15)(22,15)(22,23)(13,23)(13,6)(0,6)
Polygon:
(0,0)(32,0)(32,13)(29,13)(29,16)(18,16)(18,4)(0,4)
Polygon:
(0,0)(34,0)(34,22)(17,22)(17,24)(11,24)(11,14)(0,14)
Polygon:
(0,0)(43,0)(43,11)(27,11)(27,16)(16,16)(16,2)(0,2)
Polygon:
(0,0)(30,0)(30,21)(28,21)(28,23)(10,23)(10,5)(0,5)
Polygon:
(0,0)(27,0)(27,5)(20,5)(20,12)(3,12)(3,8)(0,8)
Polygon:
(0,0)(18,0)(18,17)(15,17)(15,27)(14,27)(14,10)(0,10)
Polygon:
(0,0)(28,0)(28,6)(18,6)(18,8)(17,8)(17,2)(0,2)
Polygon:
(0,0)(26,0)(26,24)(13,24)(13,26)(4,26)(4,17)(0,17)
Polygon:
(0,0)(14,0)(14,11)(7,11)(7,18)(5,18)(5,4)(0,4)
Polygon:
(0,0)(37,0)(37,4)(19,4)(19,6)(8,6)(8,5)(0,5)
Polygon:
(0,0)(34,0)(34,15)(18,15)(18,21)(15,21)(15,3)(0,3)
Polygon:
(0,0)(13,0)(13,8)(6,8)(6,12)(1,12)(1,3)(0,3)
Polygon:
(0,0)(19,0)(19,13)(16,13)(16,19)(15,19)(15,17)(0,17)
Polygon:
(0,0)(34,0)(34,19)(20,19)(20,29)(12,29)(12,16)(0,16)
Polygon:
(0,0)(17,0)(17,17)(14,17)(14,31)(2,31)(2,17)(0,17)
Polygon:
(0,0)(39,0)(39,16)(27,16)(27,21)(16,21)(16,7)(0,7)
Polygon:
(0,0)(30,0)(30,4)(20,4)(20,10)(9,10)(9,2)(0,2)
Polygon:
(0,0)(18,0)(18,8)(7,8)(7,22)(1,22)(1,11)(0,11)
Polygon:
(0,0)(20,0)(20,15)(19,15)(19,19)(9,19)(9,1)(0,1)
Polygon:
(0,0)(18,0)(18,13)(10,13)(10,30)(4,30)(4,14)(0,14)
Polygon:
(0,0)(18,0)(18,15)(15,15)(15,21)(1,21)(1,11)(0,11)
Polygon:
(0,0)(17,0)(17,12)(10,12)(10,15)(8,15)(8,6)(0,6)
Polygon:
(0,0)(34,0)(34,11)(20,11)(20,23)(15,23)(15,14)(0,14)
Polygon:
(0,0)(32,0)(32,16)(20,16)(20,20)(2,20)(2,4)(0,4)
Polygon:
(0,0)(18,0)(18,4)(14,4)(14,22)(8,22)(8,12)(0,12)
Polygon:
(0,0)(34,0)(34,28)(33,28)(33,31)(18,31)(18,15)(0,15)
Polygon:
(0,0)(37,0)(37,22)(19,22)(19,30)(4,30)(4,13)(0,13)
Polygon:
(0,0)(35,0)(35,14)(31,14)(31,20)(17,20)(17,4)(0,4)
Polygon:
(0,0)(30,0)(30,20)(28,20)(28,22)(18,22)(18,17)(0,17)
Polygon:
(0,0)(30,0)(30,4)(13,4)(13,18)(11,18)(11,12)(0,12)
Polygon:
(0,0)(47,0)(47,5)(31,5)(31,11)(18,11)(18,3)(0,3)
Polygon:
(0,0)(15,0)(15,22)(4,22)(4,28)(1,28)(1,17)(0,17)
Polygon:
(0,0)(23,0)(23,2)(20,2)(20,17)(13,17)(13,4)(0,4)
Polygon:
(0,0)(23,0)(23,5)(7,5)(7,14)(2,14)(2,7)(0,7)
Polygon:
(0,0)(36,0)(36,27)(21,27)(21,29)(5,29)(5,12)(0,12)
Polygon:
(0,0)(34,0)(34,15)(22,15)(22,18)(6,18)(6,9)(0,9)
Polygon:
(0,0)(27,0)(27,1)(12,1)(12,18)(6,18)(6,11)(0,11)
Polygon:
(0,0)(50,0)(50,2)(35,2)(35,17)(18,17)(18,8)(0,8)
Polygon:
(0,0)(36,0)(36,31)(19,31)(19,33)(10,33)(10,17)(0,17)
Polygon:
(0,0)(19,0)(19,10)(17,10)(17,15)(5,15)(5,11)(0,11)
Polygon:
(0,0)(24,0)(24,3)(9,3)(9,9)(3,9)(3,3)(0,3)
Polygon:
(0,0)(28,0)(28,2)(26,2)(26,14)(10,14)(10,9)(0,9)
Polygon:
(0,0)(29,0)(29,13)(24,13)(24,24)(13,24)(13,14)(0,14)
Polygon:
(0,0)(30,0)(30,26)(22,26)(22,32)(5,32)(5,15)(0,15)
Polygon:
(0,0)(20,0)(20,20)(6,20)(6,32)(3,32)(3,14)(0,14)
Polygon:
(0,0)(28,0)(28,7)(20,7)(20,19)(3,19)(3,16)(0,16)
Polygon:
(0,0)(30,0)(30,14)(23,14)(23,20)(12,20)(12,5)(0,5)
Polygon:
(0,0)(23,0)(23,11)(18,11)(18,21)(14,21)(14,18)(0,18)
Polygon:
(0,0)(27,0)(27,9)(14,9)(14,20)(13,20)(13,18)(0,18)
Polygon:
(0,0)(38,0)(38,26)(21,26)(21,27)(5,27)(5,11)(0,11)
Polygon:
(0,0)(30,0)(30,10)(21,10)(21,20)(12,20)(12,2)(0,2)
Polygon:
(0,0)(36,0)(36,16)(23,16)(23,25)(17,25)(17,17)(0,17)
Polygon:
(0,0)(34,0)(34,23)(28,23)(28,25)(15,25)(15,11)(0,11)
Polygon:
(0,0)(38,0)(38,7)(28,7)(28,17)(18,17)(18,1)(0,1)
Polygon:
(0,0)(32,0)(32,15)(19,15)(19,21)(2,21)(2,10)(0,10)
Polygon:
(0,0)(24,0)(24,15)(16,15)(16,21)(7,21)(7,6)(0,6)
Polygon:
(0,0)(16,0)(16,15)(15,15)(15,20)(4,20)(4,5)(0,5)
Polygon:
(0,0)(29,0)(29,7)(23,7)(23,22)(7,22)(7,8)(0,8)
Polygon:
(0,0)(43,0)(43,15)(31,15)(31,20)(17,20)(17,12)(0,12)
Polygon:
(0,0)(28,0)(28,19)(23,19)(23,25)(15,25)(15,11)(0,11)
Polygon:
(0,0)(42,0)(42,5)(28,5)(28,19)(16,19)(16,4)(0,4)
Polygon:
(0,0)(29,0)(29,12)(11,12)(11,18)(10,18)(10,11)(0,11)
Polygon:
(0,0)(26,0)(26,12)(15,12)(15,14)(14,14)(14,4)(0,4)
Polygon:
(0,0)(50,0)(50,14)(34,14)(34,20)(16,20)(16,13)(0,13)
Polygon:
(0,0)(43,0)(43,25)(27,25)(27,27)(18,27)(18,13)(0,13)
Polygon:
(0,0)(26,0)(26,6)(18,6)(18,22)(9,22)(9,16)(0,16)
Polygon:
(0,0)(27,0)(27,7)(20,7)(20,20)(16,20)(16,5)(0,5)
Polygon:
(0,0)(36,0)(36,2)(29,2)(29,10)(11,10)(11,7)(0,7)
Polygon:
(0,0)(31,0)(31,4)(27,4)(27,16)(14,16)(14,13)(0,13)
Polygon:
(0,0)(31,0)(31,2)(19,2)(19,8)(14,8)(14,7)(0,7)
Polygon:
(0,0)(39,0)(39,21)(24,21)(24,25)(8,25)(8,8)(0,8)
Polygon:
(0,0)(31,0)(31,3)(26,3)(26,7)(15,7)(15,1)(0,1)
Polygon:
(0,0)(30,0)(30,9)(16,9)(16,14)(7,14)(7,3)(0,3)
Polygon:
(0,0)(23,0)(23,20)(20,20)(20,21)(15,21)(15,15)(0,15)
Polygon:
(0,0)(20,0)(20,27)(19,27)(19,28)(13,28)(13,11)(0,11)
Polygon:
(0,0)(41,0)(41,16)(27,16)(27,20)(13,20)(13,5)(0,5)
Polygon:
(0,0)(16,0)(16,4)(15,4)(15,13)(14,13)(14,10)(0,10)
Polygon:
(0,0)(27,0)(27,8)(25,8)(25,15)(9,15)(9,1)(0,1)
Polygon:
(0,0)(30,0)(30,16)(17,16)(17,24)(5,24)(5,7)(0,7)
Polygon:
(0,0)(15,0)(15,16)(10,16)(10,32)(8,32)(8,18)(0,18)
Polygon:
(0,0)(33,0)(33,9)(19,9)(19,26)(6,26)(6,18)(0,18)
Polygon:
(0,0)(28,0)(28,1)(16,1)(16,10)(1,10)(1,3)(0,3)
Polygon:
(0,0)(11,0)(11,12)(4,12)(4,23)(3,23)(3,11)(0,11)
Polygon:
(0,0)(29,0)(29,22)(17,22)(17,25)(11,25)(11,13)(0,13)
Polygon:
(0,0)(12,0)(12,7)(11,7)(11,19)(2,19)(2,9)(0,9)
Polygon:
(0,0)(27,0)(27,11)(17,11)(17,27)(9,27)(9,17)(0,17)
Polygon:
(0,0)(34,0)(34,21)(27,21)(27,23)(11,23)(11,7)(0,7)
Polygon:
(0,0)(27,0)(27,5)(21,5)(21,14)(16,14)(16,5)(0,5)
Polygon:
(0,0)(32,0)(32,19)(18,19)(18,21)(13,21)(13,5)(0,5)
Polygon:
(0,0)(16,0)(16,14)(13,14)(13,21)(7,21)(7,4)(0,4)
Polygon:
(0,0)(17,0)(17,10)(7,10)(7,27)(1,27)(1,15)(0,15)
Polygon:
(0,0)(3,0)(3,6)(2,6)(2,12)(1,12)(1,2)(0,2)
Polygon:
(0,0)(48,0)(48,11)(30,11)(30,13)(16,13)(16,10)(0,10)
Polygon:
(0,0)(12,0)(12,12)(6,12)(6,27)(4,27)(4,10)(0,10)
Polygon:
(0,0)(21,0)(21,19)(6,19)(6,24)(4,24)(4,13)(0,13)
Polygon:
(0,0)(26,0)(26,2)(22,2)(22,12)(14,12)(14,4)(0,4)
Polygon:
(0,0)(30,0)(30,19)(23,19)(23,23)(7,23)(7,14)(0,14)
Polygon:
(0,0)(42,0)(42,20)(28,20)(28,21)(10,21)(10,17)(0,17)
Polygon:
(0,0)(27,0)(27,16)(24,16)(24,22)(9,22)(9,9)(0,9)
Polygon:
(0,0)(28,0)(28,15)(19,15)(19,17)(7,17)(7,7)(0,7)
Polygon:
(0,0)(27,0)(27,6)(18,6)(18,21)(8,21)(8,11)(0,11)
Polygon:
(0,0)(32,0)(32,11)(22,11)(22,16)(18,16)(18,7)(0,7)
Polygon:
(0,0)(16,0)(16,7)(11,7)(11,24)(7,24)(7,11)(0,11)
Polygon:
(0,0)(43,0)(43,24)(30,24)(30,25)(16,25)(16,18)(0,18)
Polygon:
(0,0)(28,0)(28,14)(23,14)(23,16)(10,16)(10,2)(0,2)
Polygon:
(0,0)(13,0)(13,17)(6,17)(6,29)(3,29)(3,11)(0,11)
Polygon:
(0,0)(33,0)(33,4)(18,4)(18,13)(17,13)(17,2)(0,2)
Polygon:
(0,0)(25,0)(25,31)(24,31)(24,33)(11,33)(11,18)(0,18)
Polygon:
(0,0)(31,0)(31,6)(19,6)(19,23)(18,23)(18,18)(0,18)
Polygon:
(0,0)(8,0)(8,24)(4,24)(4,27)(1,27)(1,13)(0,13)
Polygon:
(0,0)(18,0)(18,9)(10,9)(10,25)(9,25)(9,17)(0,17)
Polygon:
(0,0)(22,0)(22,15)(13,15)(13,24)(6,24)(6,8)(0,8)
Polygon:
(0,0)(43,0)(43,2)(29,2)(29,18)(16,18)(16,10)(0,10)
Polygon:
(0,0)(28,0)(28,17)(19,17)(19,28)(5,28)(5,10)(0,10)
Polygon:
(0,0)(40,0)(40,11)(31,11)(31,16)(14,16)(14,2)(0,2)
Polygon:
(0,0)(19,0)(19,4)(9,4)(9,22)(4,22)(4,8)(0,8)
Polygon:
(0,0)(43,0)(43,2)(28,2)(28,5)(10,5)(10,1)(0,1)
Polygon:
(0,0)(40,0)(40,6)(28,6)(28,11)(10,11)(10,1)(0,1)
Polygon:
(0,0)(38,0)(38,21)(24,21)(24,22)(18,22)(18,4)(0,4)
Polygon:
(0,0)(52,0)(52,22)(35,22)(35,27)(17,27)(17,18)(0,18)
Polygon:
(0,0)(27,0)(27,8)(23,8)(23,23)(12,23)(12,9)(0,9)
Polygon:
(0,0)(17,0)(17,3)(16,3)(16,16)(11,16)(11,15)(0,15)
Polygon:
(0,0)(40,0)(40,6)(22,6)(22,23)(4,23)(4,17)(0,17)
Polygon:
(0,0)(25,0)(25,18)(19,18)(19,22)(18,22)(18,6)(0,6)
Polygon:
(0,0)(32,0)(32,5)(15,5)(15,16)(10,16)(10,9)(0,9)
Polygon:
(0,0)(42,0)(42,11)(33,11)(33,25)(16,25)(16,11)(0,11)
Polygon:
(0,0)(28,0)(28,15)(16,15)(16,19)(7,19)(7,1)(0,1)
Polygon:
(0,0)(38,0)(38,3)(33,3)(33,18)(15,18)(15,3)(0,3)
Polygon:
(0,0)(42,0)(42,4)(26,4)(26,16)(12,16)(12,1)(0,1)
Polygon:
(0,0)(20,0)(20,13)(16,13)(16,29)(2,29)(2,14)(0,14)
Polygon:
(0,0)(38,0)(38,18)(21,18)(21,27)(13,27)(13,16)(0,16)
Polygon:
(0,0)(36,0)(36,21)(19,21)(19,24)(18,24)(18,7)(0,7)
Polygon:
(0,0)(35,0)(35,23)(27,23)(27,25)(17,25)(17,8)(0,8)
Polygon:
(0,0)(37,0)(37,13)(31,13)(31,29)(16,29)(16,16)(0,16)
Polygon:
(0,0)(36,0)(36,16)(22,16)(22,23)(10,23)(10,8)(0,8)
Polygon:
(0,0)(36,0)(36,20)(19,20)(19,22)(8,22)(8,4)(0,4)
Polygon:
(0,0)(31,0)(31,5)(22,5)(22,8)(10,8)(10,1)(0,1)
Polygon:
(0,0)(29,0)(29,2)(21,2)(21,14)(14,14)(14,6)(0,6)
Polygon:
(0,0)(34,0)(34,8)(20,8)(20,19)(15,19)(15,15)(0,15)
Polygon:
(0,0)(23,0)(23,18)(10,18)(10,28)(6,28)(6,12)(0,12)
Polygon:
(0,0)(22,0)(22,2)(12,2)(12,12)(10,12)(10,5)(0,5)
Polygon:
(0,0)(9,0)(9,11)(7,11)(7,18)(6,18)(6,4)(0,4)
Polygon:
(0,0)(37,0)(37,17)(27,17)(27,20)(18,20)(18,17)(0,17)
Polygon:
(0,0)(30,0)(30,13)(21,13)(21,18)(3,18)(3,14)(0,14)
Polygon:
(0,0)(39,0)(39,21)(28,21)(28,26)(14,26)(14,11)(0,11)
Polygon:
(0,0)(37,0)(37,5)(26,5)(26,9)(10,9)(10,6)(0,6)
Polygon:
(0,0)(23,0)(23,22)(11,22)(11,25)(7,25)(7,10)(0,10)
Polygon:
(0,0)(31,0)(31,11)(24,11)(24,27)(6,27)(6,15)(0,15)
Polygon:
(0,0)(18,0)(18,1)(17,1)(17,18)(1,18)(1,11)(0,11)
Polygon:
(0,0)(27,0)(27,26)(25,26)(25,27)(14,27)(14,9)(0,9)
Polygon:
(0,0)(28,0)(28,9)(12,9)(12,22)(7,22)(7,15)(0,15)
Polygon:
(0,0)(20,0)(20,17)(14,17)(14,21)(7,21)(7,8)(0,8)
Polygon:
(0,0)(44,0)(44,19)(29,19)(29,20)(18,20)(18,4)(0,4)
Polygon:
(0,0)(12,0)(12,18)(10,18)(10,26)(4,26)(4,15)(0,15)
Polygon:
(0,0)(36,0)(36,7)(25,7)(25,19)(13,19)(13,13)(0,13)
Polygon:
(0,0)(17,0)(17,9)(11,9)(11,16)(7,16)(7,2)(0,2)
Polygon:
(0,0)(39,0)(39,12)(29,12)(29,15)(17,15)(17,5)(0,5)
Polygon:
(0,0)(18,0)(18,23)(5,23)(5,30)(3,30)(3,13)(0,13)
Polygon:
(0,0)(33,0)(33,1)(21,1)(21,5)(6,5)(6,3)(0,3)
Polygon:
(0,0)(14,0)(14,4)(4,4)(4,14)(1,14)(1,7)(0,7)
Polygon:
(0,0)(50,0)(50,6)(33,6)(33,16)(17,16)(17,10)(0,10)
Polygon:
(0,0)(32,0)(32,5)(15,5)(15,17)(3,17)(3,1)(0,1)
Polygon:
(0,0)(43,0)(43,17)(27,17)(27,26)(15,26)(15,11)(0,11)
Polygon:
(0,0)(20,0)(20,2)(16,2)(16,19)(8,19)(8,16)(0,16)
Polygon:
(0,0)(40,0)(40,5)(22,5)(22,21)(13,21)(13,14)(0,14)
Polygon:
(0,0)(24,0)(24,10)(20,10)(20,21)(18,21)(18,14)(0,14)
Polygon:
(0,0)(37,0)(37,17)(23,17)(23,27)(10,27)(10,12)(0,12)
Polygon:
(0,0)(30,0)(30,8)(19,8)(19,19)(5,19)(5,14)(0,14)
Polygon:
(0,0)(33,0)(33,4)(18,4)(18,16)(12,16)(12,12)(0,12)
Polygon:
(0,0)(16,0)(16,7)(7,7)(7,17)(2,17)(2,16)(0,16)
Polygon:
(0,0)(46,0)(46,2)(30,2)(30,6)(17,6)(17,2)(0,2)
Polygon:
(0,0)(20,0)(20,10)(18,10)(18,24)(10,24)(10,15)(0,15)
Polygon:
(0,0)(24,0)(24,5)(14,5)(14,14)(4,14)(4,1)(0,1)
Polygon:
(0,0)(34,0)(34,17)(26,17)(26,26)(11,26)(11,14)(0,14)
Polygon:
(0,0)(19,0)(19,16)(15,16)(15,24)(11,24)(11,6)(0,6)
Polygon:
(0,0)(30,0)(30,15)(13,15)(13,24)(5,24)(5,18)(0,18)
Polygon:
(0,0)(50,0)(50,13)(32,13)(32,18)(14,18)(14,14)(0,14)
Polygon:
(0,0)(48,0)(48,17)(33,17)(33,32)(17,32)(17,17)(0,17)
Polygon:
(0,0)(21,0)(21,8)(8,8)(8,26)(5,26)(5,11)(0,11)
Polygon:
(0,0)(30,0)(30,18)(25,18)(25,30)(15,30)(15,17)(0,17)
Polygon:
(0,0)(36,0)(36,17)(26,17)(26,19)(15,19)(15,18)(0,18)
Polygon:
(0,0)(37,0)(37,20)(21,20)(21,32)(7,32)(7,15)(0,15)
Polygon:
(0,0)(20,0)(20,13)(15,13)(15,29)(11,29)(11,12)(0,12)
Polygon:
(0,0)(34,0)(34,14)(18,14)(18,16)(15,16)(15,5)(0,5)
Polygon:
(0,0)(8,0)(8,11)(4,11)(4,25)(2,25)(2,9)(0,9)
Polygon:
(0,0)(22,0)(22,2)(4,2)(4,17)(1,17)(1,10)(0,10)
Polygon:
(0,0)(33,0)(33,10)(18,10)(18,20)(13,20)(13,7)(0,7)
Polygon:
(0,0)(32,0)(32,26)(17,26)(17,34)(16,34)(16,18)(0,18)
Polygon:
(0,0)(45,0)(45,11)(28,11)(28,22)(12,22)(12,6)(0,6)
Polygon:
(0,0)(32,0)(32,24)(31,24)(31,26)(17,26)(17,10)(0,10)
Polygon:
(0,0)(43,0)(43,18)(32,18)(32,19)(14,19)(14,2)(0,2)
Polygon:
(0,0)(30,0)(30,19)(24,19)(24,22)(17,22)(17,15)(0,15)
Polygon:
(0,0)(34,0)(34,8)(21,8)(21,16)(16,16)(16,15)(0,15)
Polygon:
(0,0)(32,0)(32,29)(31,29)(31,32)(14,32)(14,16)(0,16)
Polygon:
(0,0)(42,0)(42,14)(32,14)(32,15)(16,15)(16,1)(0,1)
Polygon:
(0,0)(27,0)(27,3)(21,3)(21,6)(7,6)(7,5)(0,5)
Polygon:
(0,0)(14,0)(14,16)(6,16)(6,18)(1,18)(1,3)(0,3)
Polygon:
(0,0)(20,0)(20,5)(13,5)(13,12)(10,12)(10,8)(0,8)
Polygon:
(0,0)(18,0)(18,29)(16,29)(16,30)(15,30)(15,14)(0,14)
Polygon:
(0,0)(28,0)(28,5)(14,5)(14,20)(6,20)(6,7)(0,7)
Polygon:
(0,0)(31,0)(31,27)(29,27)(29,28)(18,28)(18,18)(0,18)
Polygon:
(0,0)(45,0)(45,20)(32,20)(32,26)(14,26)(14,12)(0,12)
Polygon:
(0,0)(22,0)(22,3)(12,3)(12,17)(1,17)(1,1)(0,1)
Polygon:
(0,0)(20,0)(20,8)(19,8)(19,9)(14,9)(14,3)(0,3)
Polygon:
(0,0)(21,0)(21,9)(19,9)(19,11)(12,11)(12,3)(0,3)
Polygon:
(0,0)(32,0)(32,9)(15,9)(15,23)(14,23)(14,15)(0,15)
Polygon:
(0,0)(17,0)(17,11)(13,11)(13,21)(10,21)(10,6)(0,6)
Polygon:
(0,0)(26,0)(26,27)(23,27)(23,29)(16,29)(16,13)(0,13)
Polygon:
(0,0)(6,0)(6,3)(4,3)(4,16)(3,16)(3,2)(0,2)
Polygon:
(0,0)(42,0)(42,9)(24,9)(24,16)(10,16)(10,7)(0,7)
Polygon:
(0,0)(17,0)(17,20)(14,20)(14,21)(13,21)(13,18)(0,18)
Polygon:
(0,0)(18,0)(18,9)(12,9)(12,22)(9,22)(9,11)(0,11)
Polygon:
(0,0)(34,0)(34,3)(22,3)(22,5)(9,5)(9,1)(0,1)
Polygon:
(0,0)(22,0)(22,8)(15,8)(15,17)(14,17)(14,12)(0,12)
Polygon:
(0,0)(20,0)(20,13)(13,13)(13,19)(8,19)(8,15)(0,15)
Polygon:
(0,0)(34,0)(34,24)(27,24)(27,26)(11,26)(11,10)(0,10)
Polygon:
(0,0)(19,0)(19,13)(15,13)(15,24)(3,24)(3,12)(0,12)
Polygon:
(0,0)(31,0)(31,8)(17,8)(17,18)(6,18)(6,1)(0,1)
Polygon:
(0,0)(31,0)(31,7)(24,7)(24,23)(10,23)(10,13)(0,13)
Polygon:
(0,0)(38,0)(38,10)(26,10)(26,16)(14,16)(14,15)(0,15)
Polygon:
(0,0)(33,0)(33,11)(17,11)(17,28)(5,28)(5,17)(0,17)
Polygon:
(0,0)(46,0)(46,7)(33,7)(33,16)(15,16)(15,10)(0,10)
Polygon:
(0,0)(27,0)(27,12)(15,12)(15,20)(9,20)(9,9)(0,9)
Polygon:
(0,0)(28,0)(28,8)(13,8)(13,20)(8,20)(8,7)(0,7)
Polygon:
(0,0)(26,0)(26,8)(22,8)(22,10)(8,10)(8,4)(0,4)
Polygon:
(0,0)(16,0)(16,15)(13,15)(13,19)(7,19)(7,12)(0,12)
Polygon:
(0,0)(27,0)(27,3)(15,3)(15,15)(9,15)(9,8)(0,8)
Polygon:
(0,0)(12,0)(12,18)(11,18)(11,28)(5,28)(5,13)(0,13)
Polygon:
(0,0)(10,0)(10,10)(8,10)(8,19)(3,19)(3,4)(0,4)
Polygon:
(0,0)(26,0)(26,27)(20,27)(20,32)(12,32)(12,16)(0,16)
Polygon:
(0,0)(15,0)(15,2)(7,2)(7,17)(6,17)(6,10)(0,10)
Polygon:
(0,0)(43,0)(43,19)(30,19)(30,23)(17,23)(17,7)(0,7)
Polygon:
(0,0)(29,0)(29,17)(17,17)(17,22)(13,22)(13,11)(0,11)
Polygon:
(0,0)(33,0)(33,9)(19,9)(19,20)(18,20)(18,7)(0,7)
Polygon:
(0,0)(17,0)(17,13)(13,13)(13,28)(3,28)(3,14)(0,14)
Polygon:
(0,0)(25,0)(25,23)(15,23)(15,25)(8,25)(8,11)(0,11)
Polygon:
(0,0)(17,0)(17,10)(11,10)(11,14)(4,14)(4,4)(0,4)
Polygon:
(0,0)(16,0)(16,14)(15,14)(15,19)(1,19)(1,2)(0,2)
Polygon:
(0,0)(9,0)(9,9)(5,9)(5,16)(1,16)(1,12)(0,12)
Polygon:
(0,0)(25,0)(25,12)(13,12)(13,19)(11,19)(11,5)(0,5)
Polygon:
(0,0)(33,0)(33,19)(18,19)(18,23)(13,23)(13,5)(0,5)
Polygon:
(0,0)(38,0)(38,2)(20,2)(20,8)(5,8)(5,2)(0,2)
Polygon:
(0,0)(23,0)(23,9)(19,9)(19,19)(8,19)(8,5)(0,5)
Polygon:
(0,0)(47,0)(47,11)(33,11)(33,23)(16,23)(16,8)(0,8)
Polygon:
(0,0)(16,0)(16,16)(15,16)(15,22)(1,22)(1,16)(0,16)
Polygon:
(0,0)(21,0)(21,16)(10,16)(10,27)(5,27)(5,16)(0,16)
Polygon:
(0,0)(12,0)(12,23)(4,23)(4,28)(1,28)(1,18)(0,18)
Polygon:
(0,0)(40,0)(40,5)(22,5)(22,13)(10,13)(10,4)(0,4)
Polygon:
(0,0)(23,0)(23,20)(7,20)(7,32)(2,32)(2,16)(0,16)
Polygon:
(0,0)(18,0)(18,7)(16,7)(16,25)(8,25)(8,7)(0,7)
Polygon:
(0,0)(35,0)(35,10)(22,10)(22,17)(10,17)(10,13)(0,13)
Polygon:
(0,0)(8,0)(8,4)(5,4)(5,14)(4,14)(4,5)(0,5)
Polygon:
(0,0)(35,0)(35,6)(17,6)(17,21)(4,21)(4,3)(0,3)
Polygon:
(0,0)(39,0)(39,1)(23,1)(23,13)(14,13)(14,11)(0,11)
Polygon:
(0,0)(32,0)(32,24)(19,24)(19,29)(8,29)(8,18)(0,18)
Polygon:
(0,0)(19,0)(19,3)(15,3)(15,13)(11,13)(11,12)(0,12)
Polygon:
(0,0)(26,0)(26,4)(20,4)(20,13)(18,13)(18,3)(0,3)
Polygon:
(0,0)(25,0)(25,10)(18,10)(18,16)(6,16)(6,5)(0,5)
Polygon:
(0,0)(32,0)(32,1)(29,1)(29,19)(14,19)(14,6)(0,6)
Polygon:
(0,0)(33,0)(33,19)(19,19)(19,26)(7,26)(7,17)(0,17)
Polygon:
(0,0)(41,0)(41,21)(28,21)(28,25)(15,25)(15,9)(0,9)
Polygon:
(0,0)(29,0)(29,12)(22,12)(22,17)(6,17)(6,5)(0,5)
Polygon:
(0,0)(31,0)(31,10)(19,10)(19,15)(13,15)(13,1)(0,1)
Polygon:
(0,0)(29,0)(29,14)(13,14)(13,15)(10,15)(10,10)(0,10)
Polygon:
(0,0)(19,0)(19,12)(16,12)(16,14)(13,14)(13,5)(0,5)
Polygon:
(0,0)(25,0)(25,21)(11,21)(11,27)(4,27)(4,15)(0,15)
Polygon:
(0,0)(40,0)(40,17)(28,17)(28,19)(10,19)(10,17)(0,17)
Polygon:
(0,0)(8,0)(8,11)(6,11)(6,15)(2,15)(2,4)(0,4)
Polygon:
(0,0)(23,0)(23,22)(21,22)(21,29)(11,29)(11,12)(0,12)
Polygon:
(0,0)(41,0)(41,15)(25,15)(25,24)(7,24)(7,8)(0,8)
Polygon:
(0,0)(31,0)(31,10)(19,10)(19,12)(5,12)(5,6)(0,6)
Polygon:
(0,0)(20,0)(20,9)(12,9)(12,25)(7,25)(7,9)(0,9)
Polygon:
(0,0)(41,0)(41,15)(26,15)(26,23)(13,23)(13,13)(0,13)
Polygon:
(0,0)(28,0)(28,19)(12,19)(12,24)(5,24)(5,18)(0,18)
Polygon:
(0,0)(28,0)(28,20)(21,20)(21,31)(15,31)(15,15)(0,15)
Polygon:
(0,0)(19,0)(19,18)(17,18)(17,29)(8,29)(8,11)(0,11)
Polygon:
(0,0)(28,0)(28,12)(10,12)(10,18)(1,18)(1,13)(0,13)
Polygon:
(0,0)(18,0)(18,17)(17,17)(17,23)(12,23)(12,5)(0,5)
Polygon:
(0,0)(3,0)(3,16)(2,16)(2,31)(1,31)(1,14)(0,14)
Polygon:
(0,0)(24,0)(24,15)(21,15)(21,23)(7,23)(7,17)(0,17)
Polygon:
(0,0)(33,0)(33,14)(17,14)(17,16)(2,16)(2,5)(0,5)
Polygon:
(0,0)(22,0)(22,5)(17,5)(17,18)(5,18)(5,3)(0,3)
Polygon:
(0,0)(36,0)(36,11)(27,11)(27,19)(12,19)(12,11)(0,11)
Polygon:
(0,0)(24,0)(24,7)(20,7)(20,17)(7,17)(7,8)(0,8)
Polygon:
(0,0)(34,0)(34,8)(20,8)(20,20)(6,20)(6,16)(0,16)
Polygon:
(0,0)(31,0)(31,8)(23,8)(23,21)(8,21)(8,3)(0,3)
Polygon:
(0,0)(16,0)(16,22)(12,22)(12,23)(4,23)(4,10)(0,10)
Polygon:
(0,0)(37,0)(37,16)(28,16)(28,21)(12,21)(12,8)(0,8)
Polygon:
(0,0)(5,0)(5,6)(3,6)(3,10)(2,10)(2,1)(0,1)
Polygon:
(0,0)(28,0)(28,13)(19,13)(19,24)(6,24)(6,9)(0,9)
Polygon:
(0,0)(21,0)(21,5)(7,5)(7,18)(5,18)(5,8)(0,8)
Polygon:
(0,0)(27,0)(27,10)(19,10)(19,11)(4,11)(4,2)(0,2)
Polygon:
(0,0)(12,0)(12,22)(10,22)(10,25)(1,25)(1,10)(0,10)
Polygon:
(0,0)(41,0)(41,25)(27,25)(27,31)(18,31)(18,17)(0,17)
Polygon:
(0,0)(34,0)(34,9)(27,9)(27,13)(10,13)(10,6)(0,6)
Polygon:
(0,0)(10,0)(10,28)(8,28)(8,32)(5,32)(5,14)(0,14)
Polygon:
(0,0)(28,0)(28,15)(22,15)(22,26)(6,26)(6,17)(0,17)
Polygon:
(0,0)(38,0)(38,11)(21,11)(21,19)(9,19)(9,2)(0,2)
Polygon:
(0,0)(24,0)(24,12)(22,12)(22,19)(13,19)(13,4)(0,4)
Polygon:
(0,0)(40,0)(40,6)(26,6)(26,19)(12,19)(12,14)(0,14)
Polygon:
(0,0)(23,0)(23,3)(11,3)(11,14)(8,14)(8,7)(0,7)
Polygon:
(0,0)(30,0)(30,18)(13,18)(13,26)(11,26)(11,9)(0,9)
Polygon:
(0,0)(39,0)(39,14)(26,14)(26,16)(16,16)(16,4)(0,4)
Polygon:
(0,0)(34,0)(34,7)(17,7)(17,14)(2,14)(2,1)(0,1)
Polygon:
(0,0)(44,0)(44,13)(26,13)(26,18)(9,18)(9,8)(0,8)
Polygon:
(0,0)(10,0)(10,31)(9,31)(9,33)(5,33)(5,17)(0,17)
Polygon:
(0,0)(41,0)(41,18)(23,18)(23,22)(5,22)(5,11)(0,11)
Polygon:
(0,0)(26,0)(26,24)(25,24)(25,29)(15,29)(15,13)(0,13)
Polygon:
(0,0)(24,0)(24,12)(23,12)(23,13)(17,13)(17,11)(0,11)
Polygon:
(0,0)(26,0)(26,1)(15,1)(15,10)(11,10)(11,7)(0,7)
Polygon:
(0,0)(11,0)(11,18)(7,18)(7,28)(5,28)(5,13)(0,13)
Polygon:
(0,0)(32,0)(32,6)(18,6)(18,17)(14,17)(14,15)(0,15)
Polygon:
(0,0)(30,0)(30,12)(24,12)(24,19)(15,19)(15,6)(0,6)
Polygon:
(0,0)(15,0)(15,9)(9,9)(9,22)(1,22)(1,4)(0,4)
Polygon:
(0,0)(26,0)(26,14)(11,14)(11,16)(10,16)(10,1)(0,1)
Polygon:
(0,0)(28,0)(28,15)(23,15)(23,32)(13,32)(13,16)(0,16)
Polygon:
(0,0)(28,0)(28,6)(26,6)(26,18)(18,18)(18,1)(0,1)
Polygon:
(0,0)(33,0)(33,8)(30,8)(30,13)(15,13)(15,8)(0,8)
Polygon:
(0,0)(29,0)(29,17)(25,17)(25,34)(15,34)(15,18)(0,18)
Polygon:
(0,0)(32,0)(32,7)(17,7)(17,8)(4,8)(4,6)(0,6)
Polygon:
(0,0)(16,0)(16,2)(2,2)(2,14)(1,14)(1,1)(0,1)
Polygon:
(0,0)(42,0)(42,8)(25,8)(25,23)(13,23)(13,15)(0,15)
Polygon:
(0,0)(38,0)(38,12)(29,12)(29,25)(18,25)(18,10)(0,10)
Polygon:
(0,0)(38,0)(38,13)(20,13)(20,28)(5,28)(5,14)(0,14)
Polygon:
(0,0)(25,0)(25,8)(17,8)(17,14)(9,14)(9,13)(0,13)
Polygon:
(0,0)(28,0)(28,8)(21,8)(21,11)(6,11)(6,10)(0,10)
Polygon:
(0,0)(42,0)(42,19)(27,19)(27,30)(14,30)(14,16)(0,16)
Polygon:
(0,0)(31,0)(31,20)(15,20)(15,21)(3,21)(3,10)(0,10)
Polygon:
(0,0)(35,0)(35,7)(17,7)(17,10)(12,10)(12,4)(0,4)
Polygon:
(0,0)(19,0)(19,11)(18,11)(18,19)(1,19)(1,3)(0,3)
Polygon:
(0,0)(22,0)(22,19)(16,19)(16,25)(7,25)(7,13)(0,13)
Polygon:
(0,0)(37,0)(37,3)(21,3)(21,16)(13,16)(13,5)(0,5)
Polygon:
(0,0)(29,0)(29,22)(21,22)(21,27)(9,27)(9,9)(0,9)
Polygon:
(0,0)(22,0)(22,16)(21,16)(21,18)(7,18)(7,5)(0,5)
Polygon:
(0,0)(31,0)(31,22)(26,22)(26,36)(9,36)(9,18)(0,18)
Polygon:
(0,0)(27,0)(27,18)(20,18)(20,26)(5,26)(5,13)(0,13)
Polygon:
(0,0)(8,0)(8,14)(0,14)
Polygon:
(0,0)(6,0)(6,6)(0,6)
Polygon:
(0,0)(6,0)(6,5)(0,5)
Polygon:
(0,0)(17,0)(17,16)(0,16)
Polygon:
(0,0)(1,0)(1,18)(0,18)
Polygon:
(0,0)(21,0)(21,21)(14,21)(14,8)(3,8)(3,18)(0,18)
Polygon:
(0,0)(44,0)(44,16)(30,16)(30,1)(12,1)(12,7)(0,7)
Polygon:
(0,0)(18,0)(18,18)(0,18)
Polygon:
(0,0)(20,0)(20,10)(12,10)(12,7)(11,7)(11,11)(0,11)
Polygon:
(0,0)(14,0)(14,7)(0,7)
Polygon:
(0,0)(6,0)(6,12)(0,12)
Polygon:
(0,0)(25,0)(25,17)(10,17)(10,27)(0,27)
Polygon:
(0,0)(25,0)(25,11)(12,11)(12,20)(0,20)
Polygon:
(0,0)(5,0)(5,9)(0,9)
Polygon:
(0,0)(10,0)(10,12)(0,12)
Polygon:
(0,0)(18,0)(18,8)(15,8)(15,1)(3,1)(3,15)(0,15)
Polygon:
(0,0)(4,0)(4,5)(0,5)
Polygon:
(0,0)(16,0)(16,10)(0,10)
Polygon:
(0,0)(10,0)(10,8)(0,8)
Polygon:
(0,0)(8,0)(8,6)(2,6)(2,19)(0,19)
Polygon:
(0,0)(12,0)(12,12)(0,12)
Polygon:
(0,0)(8,0)(8,14)(0,14)
Polygon:
(0,0)(15,0)(15,14)(13,14)(13,26)(0,26)
Polygon:
(0,0)(17,0)(17,12)(0,12)
Polygon:
(0,0)(4,0)(4,4)(0,4)
Polygon:
(0,0)(27,0)(27,5)(14,5)(14,17)(0,17)
Polygon:
(0,0)(28,0)(28,3)(16,3)(16,8)(0,8)
Polygon:
(0,0)(36,0)(36,11)(18,11)(18,13)(0,13)
Polygon:
(0,0)(25,0)(25,15)(10,15)(10,23)(0,23)
Polygon:
(0,0)(18,0)(18,6)(7,6)(7,24)(0,24)
Polygon:
(0,0)(9,0)(9,18)(3,18)(3,26)(0,26)
Polygon:
(0,0)(4,0)(4,11)(0,11)
Polygon:
(0,0)(2,0)(2,7)(0,7)
Polygon:
(0,0)(11,0)(11,3)(0,3)
Polygon:
(0,0)(9,0)(9,2)(1,2)(1,5)(0,5)
Polygon:
(0,0)(13,0)(13,10)(0,10)
Polygon:
(0,0)(4,0)(4,5)(0,5)
Polygon:
(0,0)(18,0)(18,8)(0,8)
Polygon:
(0,0)(19,0)(19,12)(17,12)(17,24)(0,24)
Polygon:
(0,0)(13,0)(13,5)(0,5)
Polygon:
(0,0)(3,0)(3,14)(0,14)
Polygon:
(0,0)(1,0)(1,10)(0,10)
Polygon:
(0,0)(18,0)(18,17)(6,17)(6,26)(0,26)
Polygon:
(0,0)(18,0)(18,1)(0,1)
Polygon:
(0,0)(1,0)(1,10)(0,10)
Polygon:
(0,0)(9,0)(9,9)(2,9)(2,6)(1,6)(1,15)(0,15)
Polygon:
(0,0)(8,0)(8,8)(2,8)(2,7)(1,7)(1,15)(0,15)
Polygon:
(0,0)(32,0)(32,3)(16,3)(16,17)(0,17)
Polygon:
(0,0)(11,0)(11,13)(0,13)
Polygon:
(0,0)(16,0)(16,3)(14,3)(14,17)(0,17)
Polygon:
(0,0)(9,0)(9,18)(0,18)
Polygon:
(0,0)(13,0)(13,14)(0,14)
Polygon:
(0,0)(16,0)(16,8)(8,8)(8,12)(0,12)
Polygon:
(0,0)(17,0)(17,10)(0,10)
Polygon:
(0,0)(17,0)(17,12)(0,12)
Polygon:
(0,0)(14,0)(14,2)(6,2)(6,20)(0,20)
Polygon:
(0,0)(33,0)(33,28)(26,28)(26,10)(18,10)(18,18)(0,18)
Polygon:
(0,0)(17,0)(17,14)(11,14)(11,21)(0,21)
Polygon:
(0,0)(6,0)(6,5)(0,5)
Polygon:
(0,0)(22,0)(22,12)(18,12)(18,28)(0,28)
Polygon:
(0,0)(14,0)(14,2)(0,2)
Polygon:
(0,0)(11,0)(11,8)(0,8)
Polygon:
(0,0)(30,0)(30,3)(16,3)(16,16)(0,16)
Polygon:
(0,0)(22,0)(22,3)(6,3)(6,12)(0,12)
Polygon:
(0,0)(2,0)(2,14)(0,14)
Polygon:
(0,0)(30,0)(30,21)(20,21)(20,4)(15,4)(15,6)(0,6)
Polygon:
(0,0)(14,0)(14,17)(0,17)
Polygon:
(0,0)(17,0)(17,15)(0,15)
Polygon:
(0,0)(5,0)(5,3)(0,3)
Polygon:
(0,0)(14,0)(14,9)(6,9)(6,23)(0,23)
Polygon:
(0,0)(18,0)(18,10)(0,10)
Polygon:
(0,0)(15,0)(15,1)(0,1)
Polygon:
(0,0)(39,0)(39,5)(26,5)(26,1)(15,1)(15,9)(0,9)
Polygon:
(0,0)(14,0)(14,3)(0,3)
Polygon:
(0,0)(11,0)(11,12)(7,12)(7,16)(0,16)
Polygon:
(0,0)(3,0)(3,15)(0,15)
Polygon:
(0,0)(17,0)(17,2)(0,2)
Polygon:
(0,0)(25,0)(25,6)(8,6)(8,22)(0,22)
Polygon:
(0,0)(1,0)(1,18)(0,18)
Polygon:
(0,0)(1,0)(1,12)(0,12)
Polygon:
(0,0)(27,0)(27,16)(9,16)(9,19)(0,19)
Polygon:
(0,0)(8,0)(8,17)(0,17)
Polygon:
(0,0)(6,0)(6,13)(0,13)
Polygon:
(0,0)(18,0)(18,9)(14,9)(14,27)(0,27)
Polygon:
(0,0)(9,0)(9,5)(5,5)(5,15)(0,15)
Polygon:
(0,0)(25,0)(25,15)(13,15)(13,22)(0,22)
Polygon:
(0,0)(12,0)(12,10)(0,10)
Polygon:
(0,0)(31,0)(31,14)(29,14)(29,4)(13,4)(13,5)(0,5)
Polygon:
(0,0)(3,0)(3,8)(0,8)
Polygon:
(0,0)(16,0)(16,16)(0,16)
Polygon:
(0,0)(16,0)(16,2)(5,2)(5,3)(0,3)
Polygon:
(0,0)(2,0)(2,13)(0,13)
Polygon:
(0,0)(12,0)(12,7)(0,7)
Polygon:
(0,0)(15,0)(15,8)(0,8)
Polygon:
(0,0)(26,0)(26,12)(20,12)(20,8)(11,8)(11,16)(0,16)
Polygon:
(0,0)(20,0)(20,15)(7,15)(7,21)(0,21)
Polygon:
(0,0)(21,0)(21,11)(13,11)(13,21)(0,21)
Polygon:
(0,0)(1,0)(1,1)(0,1)
Polygon:
(0,0)(14,0)(14,9)(0,9)
Polygon:
(0,0)(9,0)(9,6)(0,6)
Polygon:
(0,0)(17,0)(17,14)(4,14)(4,22)(0,22)
Polygon:
(0,0)(26,0)(26,17)(15,17)(15,3)(2,3)(2,12)(0,12)
Polygon:
(0,0)(5,0)(5,15)(0,15)
Polygon:
(0,0)(34,0)(34,26)(16,26)(16,8)(1,8)(1,17)(0,17)
Polygon:
(0,0)(5,0)(5,7)(0,7)
Polygon:
(0,0)(26,0)(26,15)(24,15)(24,7)(17,7)(17,10)(0,10)
Polygon:
(0,0)(12,0)(12,13)(0,13)
Polygon:
(0,0)(14,0)(14,10)(8,10)(8,25)(0,25)
Polygon:
(0,0)(20,0)(20,6)(3,6)(3,3)(1,3)(1,11)(0,11)
Polygon:
(0,0)(21,0)(21,18)(16,18)(16,7)(14,7)(14,15)(0,15)
Polygon:
(0,0)(12,0)(12,17)(0,17)
Polygon:
(0,0)(6,0)(6,3)(0,3)
Polygon:
(0,0)(1,0)(1,10)(0,10)
Polygon:
(0,0)(26,0)(26,5)(12,5)(12,15)(0,15)
Polygon:
(0,0)(6,0)(6,8)(4,8)(4,20)(0,20)
Polygon:
(0,0)(11,0)(11,11)(0,11)
Polygon:
(0,0)(18,0)(18,13)(0,13)
Polygon:
(0,0)(20,0)(20,12)(18,12)(18,7)(11,7)(11,11)(0,11)
Polygon:
(0,0)(26,0)(26,14)(16,14)(16,1)(12,1)(12,17)(0,17)
Polygon:
(0,0)(1,0)(1,2)(0,2)
Polygon:
(0,0)(13,0)(13,3)(0,3)
Polygon:
(0,0)(18,0)(18,4)(0,4)
Polygon:
(0,0)(24,0)(24,2)(8,2)(8,3)(0,3)
Polygon:
(0,0)(34,0)(34,24)(17,24)(17,7)(1,7)(1,9)(0,9)
Polygon:
(0,0)(12,0)(12,4)(0,4)
Polygon:
(0,0)(19,0)(19,1)(17,1)(17,3)(0,3)
Polygon:
(0,0)(16,0)(16,14)(0,14)
Polygon:
(0,0)(8,0)(8,5)(0,5)
Polygon:
(0,0)(8,0)(8,13)(0,13)
Polygon:
(0,0)(28,0)(28,19)(27,19)(27,1)(9,1)(9,4)(0,4)
Polygon:
(0,0)(17,0)(17,4)(0,4)
Polygon:
(0,0)(16,0)(16,4)(12,4)(12,6)(0,6)
Polygon:
(0,0)(5,0)(5,10)(0,10)
Polygon:
(0,0)(24,0)(24,3)(12,3)(12,9)(0,9)
Polygon:
(0,0)(34,0)(34,16)(17,16)(17,3)(8,3)(8,17)(0,17)
Polygon:
(0,0)(18,0)(18,12)(16,12)(16,18)(0,18)
Polygon:
(0,0)(8,0)(8,5)(0,5)
Polygon:
(0,0)(20,0)(20,3)(17,3)(17,2)(14,2)(14,12)(0,12)
Polygon:
(0,0)(22,0)(22,14)(10,14)(10,31)(0,31)
Polygon:
(0,0)(18,0)(18,17)(0,17)
Polygon:
(0,0)(16,0)(16,18)(0,18)
Polygon:
(0,0)(4,0)(4,12)(0,12)
Polygon:
(0,0)(13,0)(13,8)(0,8)
Polygon:
(0,0)(17,0)(17,8)(4,8)(4,14)(0,14)
Polygon:
(0,0)(1,0)(1,14)(0,14)
Polygon:
(0,0)(14,0)(14,17)(0,17)
Polygon:
(0,0)(23,0)(23,6)(9,6)(9,17)(0,17)
Polygon:
(0,0)(8,0)(8,2)(7,2)(7,13)(0,13)
Polygon:
(0,0)(17,0)(17,17)(13,17)(13,22)(0,22)
Polygon:
(0,0)(14,0)(14,12)(0,12)
Polygon:
(0,0)(12,0)(12,13)(0,13)
Polygon:
(0,0)(23,0)(23,14)(7,14)(7,20)(0,20)
Polygon:
(0,0)(20,0)(20,1)(2,1)(2,4)(0,4)
Polygon:
(0,0)(15,0)(15,2)(0,2)
Polygon:
(0,0)(15,0)(15,1)(6,1)(6,6)(0,6)
Polygon:
(0,0)(36,0)(36,18)(19,18)(19,1)(4,1)(4,6)(0,6)
Polygon:
(0,0)(14,0)(14,14)(3,14)(3,30)(0,30)
Polygon:
(0,0)(5,0)(5,13)(0,13)
Polygon:
(0,0)(23,0)(23,2)(11,2)(11,12)(0,12)
Polygon:
(0,0)(28,0)(28,7)(17,7)(17,4)(3,4)(3,15)(0,15)
Polygon:
(0,0)(6,0)(6,17)(0,17)
Polygon:
(0,0)(11,0)(11,13)(0,13)
Polygon:
(0,0)(11,0)(11,15)(0,15)
Polygon:
(0,0)(24,0)(24,26)(14,26)(14,10)(9,10)(9,17)(0,17)
Polygon:
(0,0)(7,0)(7,8)(0,8)
Polygon:
(0,0)(42,0)(42,22)(30,22)(30,6)(18,6)(18,14)(0,14)
Polygon:
(0,0)(8,0)(8,10)(0,10)
Polygon:
(0,0)(10,0)(10,15)(0,15)
Polygon:
(0,0)(6,0)(6,7)(3,7)(3,17)(0,17)
Polygon:
(0,0)(10,0)(10,13)(0,13)
Polygon:
(0,0)(27,0)(27,14)(13,14)(13,16)(0,16)
Polygon:
(0,0)(5,0)(5,12)(0,12)
Polygon:
(0,0)(18,0)(18,18)(13,18)(13,31)(0,31)
Polygon:
(0,0)(23,0)(23,2)(17,2)(17,11)(0,11)
Polygon:
(0,0)(11,0)(11,6)(0,6)
Polygon:
(0,0)(6,0)(6,17)(0,17)
Polygon:
(0,0)(7,0)(7,5)(0,5)
Polygon:
(0,0)(1,0)(1,14)(0,14)
Polygon:
(0,0)(25,0)(25,14)(10,14)(10,7)(5,7)(5,10)(0,10)
Polygon:
(0,0)(9,0)(9,9)(0,9)
Polygon:
(0,0)(11,0)(11,2)(0,2)
Polygon:
(0,0)(4,0)(4,7)(0,7)
Polygon:
(0,0)(16,0)(16,9)(0,9)
Polygon:
(0,0)(4,0)(4,1)(0,1)
Polygon:
(0,0)(2,0)(2,12)(0,12)
Polygon:
(0,0)(5,0)(5,7)(0,7)
Polygon:
(0,0)(17,0)(17,10)(0,10)
Polygon:
(0,0)(29,0)(29,5)(16,5)(16,15)(0,15)
Polygon:
(0,0)(13,0)(13,18)(0,18)
Polygon:
(0,0)(11,0)(11,9)(2,9)(2,10)(0,10)
Polygon:
(0,0)(14,0)(14,3)(0,3)
Polygon:
(0,0)(5,0)(5,9)(0,9)
Polygon:
(0,0)(10,0)(10,1)(9,1)(9,14)(0,14)
Polygon:
(0,0)(35,0)(35,12)(24,12)(24,5)(8,5)(8,7)(0,7)
Polygon:
(0,0)(29,0)(29,14)(17,14)(17,29)(0,29)
Polygon:
(0,0)(29,0)(29,17)(14,17)(14,23)(0,23)
Polygon:
(0,0)(15,0)(15,10)(0,10)
Polygon:
(0,0)(18,0)(18,3)(0,3)
Polygon:
(0,0)(16,0)(16,16)(2,16)(2,27)(0,27)
Polygon:
(0,0)(13,0)(13,16)(0,16)
