Polygon:
(0,0)(29,0)(29,7)(18,7)(18,12)(11,12)(11,11)(0,11)
Polygon:
(0,0)(22,0)(22,21)(18,21)(18,23)(16,23)(16,7)(0,7)
Polygon:
(0,0)(23,0)(23,30)(22,30)(22,31)(16,31)(16,13)(0,13)
Polygon:
(0,0)(29,0)(29,11)(13,11)(13,18)(2,18)(2,1)(0,1)
Polygon:
(0,0)(33,0)(33,10)(32,10)(32,21)(18,21)(18,11)(0,11)
Polygon:
(0,0)(34,0)(34,20)(23,20)(23,23)(15,23)(15,11)(0,11)
Polygon:
(0,0)(33,0)(33,29)(22,29)(22,31)(7,31)(7,13)(0,13)
Polygon:
(0,0)(33,0)(33,16)(20,16)(20,20)(9,20)(9,4)(0,4)
Polygon:
(0,0)(35,0)(35,15)(30,15)(30,21)(18,21)(18,16)(0,16)
Polygon:
(0,0)(32,0)(32,4)(30,4)(30,18)(16,18)(16,1)(0,1)
Polygon:
(0,0)(28,0)(28,10)(15,10)(15,13)(14,13)(14,1)(0,1)
Polygon:
(0,0)(21,0)(21,17)(10,17)(10,32)(1,32)(1,18)(0,18)
Polygon:
(0,0)(41,0)(41,3)(26,3)(26,19)(14,19)(14,6)(0,6)
Polygon:
(0,0)(44,0)(44,11)(31,11)(31,19)(15,19)(15,10)(0,10)
Polygon:
(0,0)(18,0)(18,19)(17,19)(17,25)(10,25)(10,16)(0,16)
Polygon:
(0,0)(36,0)(36,9)(24,9)(24,27)(6,27)(6,17)(0,17)
Polygon:
(0,0)(31,0)(31,19)(28,19)(28,26)(17,26)(17,8)(0,8)
Polygon:
(0,0)(34,0)(34,3)(26,3)(26,14)(9,14)(9,1)(0,1)
Polygon:
(0,0)(9,0)(9,2)(7,2)(7,14)(4,14)(4,6)(0,6)
Polygon:
(0,0)(32,0)(32,8)(29,8)(29,26)(14,26)(14,15)(0,15)
Polygon:
(0,0)(29,0)(29,11)(14,11)(14,13)(4,13)(4,2)(0,2)
Polygon:
(0,0)(29,0)(29,13)(23,13)(23,25)(6,25)(6,12)(0,12)
Polygon:
(0,0)(28,0)(28,4)(20,4)(20,16)(2,16)(2,1)(0,1)
Polygon:
(0,0)(22,0)(22,13)(17,13)(17,22)(6,22)(6,13)(0,13)
Polygon:
(0,0)(26,0)(26,9)(24,9)(24,21)(14,21)(14,11)(0,11)
Polygon:
(0,0)(37,0)(37,11)(20,11)(20,26)(6,26)(6,8)(0,8)
Polygon:
(0,0)(43,0)(43,11)(32,11)(32,27)(17,27)(17,9)(0,9)
Polygon:
(0,0)(17,0)(17,20)(13,20)(13,28)(9,28)(9,11)(0,11)
Polygon:
(0,0)(25,0)(25,22)(8,22)(8,29)(3,29)(3,11)(0,11)
Polygon:
(0,0)(46,0)(46,19)(32,19)(32,29)(15,29)(15,12)(0,12)
Polygon:
(0,0)(15,0)(15,12)(4,12)(4,14)(1,14)(1,3)(0,3)
Polygon:
(0,0)(34,0)(34,6)(17,6)(17,14)(8,14)(8,9)(0,9)
Polygon:
(0,0)(51,0)(51,5)(33,5)(33,20)(17,20)(17,12)(0,12)
Polygon:
(0,0)(38,0)(38,13)(23,13)(23,26)(18,26)(18,13)(0,13)
Polygon:
(0,0)(26,0)(26,14)(24,14)(24,22)(16,22)(16,9)(0,9)
Polygon:
(0,0)(27,0)(27,19)(11,19)(11,29)(9,29)(9,14)(0,14)
Polygon:
(0,0)(18,0)(18,10)(5,10)(5,25)(2,25)(2,9)(0,9)
Polygon:
(0,0)(23,0)(23,21)(22,21)(22,23)(13,23)(13,5)(0,5)
Polygon:
(0,0)(24,0)(24,22)(14,22)(14,25)(9,25)(9,10)(0,10)
Polygon:
(0,0)(27,0)(27,11)(25,11)(25,18)(11,18)(11,17)(0,17)
Polygon:
(0,0)(29,0)(29,14)(20,14)(20,20)(4,20)(4,3)(0,3)
Polygon:
(0,0)(40,0)(40,16)(29,16)(29,30)(13,30)(13,12)(0,12)
Polygon:
(0,0)(26,0)(26,3)(24,3)(24,17)(6,17)(6,10)(0,10)
Polygon:
(0,0)(13,0)(13,20)(12,20)(12,30)(2,30)(2,18)(0,18)
Polygon:
(0,0)(32,0)(32,1)(24,1)(24,19)(8,19)(8,5)(0,5)
Polygon:
(0,0)(31,0)(31,13)(17,13)(17,19)(10,19)(10,1)(0,1)
Polygon:
(0,0)(38,0)(38,11)(23,11)(23,15)(11,15)(11,8)(0,8)
Polygon:
(0,0)(17,0)(17,14)(13,14)(13,23)(5,23)(5,15)(0,15)
Polygon:
(0,0)(44,0)(44,1)(28,1)(28,7)(10,7)(10,4)(0,4)
Polygon:
(0,0)(42,0)(42,9)(26,9)(26,16)(17,16)(17,6)(0,6)
Polygon:
(0,0)(9,0)(9,16)(8,16)(8,22)(5,22)(5,18)(0,18)
Polygon:
(0,0)(28,0)(28,10)(13,10)(13,18)(2,18)(2,3)(0,3)
Polygon:
(0,0)(34,0)(34,4)(22,4)(22,20)(17,20)(17,3)(0,3)
Polygon:
(0,0)(36,0)(36,10)(23,10)(23,13)(16,13)(16,2)(0,2)
Polygon:
(0,0)(25,0)(25,4)(18,4)(18,19)(10,19)(10,5)(0,5)
Polygon:
(0,0)(32,0)(32,10)(25,10)(25,17)(10,17)(10,3)(0,3)
Polygon:
(0,0)(22,0)(22,1)(16,1)(16,5)(5,5)(5,3)(0,3)
Polygon:
(0,0)(29,0)(29,20)(18,20)(18,21)(2,21)(2,6)(0,6)
Polygon:
(0,0)(23,0)(23,15)(21,15)(21,21)(7,21)(7,12)(0,12)
Polygon:
(0,0)(24,0)(24,4)(14,4)(14,18)(8,18)(8,15)(0,15)
Polygon:
(0,0)(31,0)(31,8)(19,8)(19,22)(13,22)(13,14)(0,14)
Polygon:
(0,0)(30,0)(30,21)(22,21)(22,31)(10,31)(10,15)(0,15)
Polygon:
(0,0)(24,0)(24,9)(10,9)(10,20)(5,20)(5,13)(0,13)
Polygon:
(0,0)(10,0)(10,2)(9,2)(9,13)(4,13)(4,1)(0,1)
Polygon:
(0,0)(31,0)(31,10)(24,10)(24,21)(7,21)(7,5)(0,5)
Polygon:
(0,0)(19,0)(19,4)(17,4)(17,9)(2,9)(2,7)(0,7)
Polygon:
(0,0)(24,0)(24,6)(11,6)(11,22)(3,22)(3,11)(0,11)
Polygon:
(0,0)(24,0)(24,5)(10,5)(10,16)(3,16)(3,9)(0,9)
Polygon:
(0,0)(41,0)(41,12)(27,12)(27,29)(18,29)(18,13)(0,13)
Polygon:
(0,0)(37,0)(37,13)(26,13)(26,28)(13,28)(13,16)(0,16)
Polygon:
(0,0)(26,0)(26,26)(20,26)(20,28)(13,28)(13,12)(0,12)
Polygon:
(0,0)(23,0)(23,17)(8,17)(8,19)(6,19)(6,9)(0,9)
Polygon:
(0,0)(15,0)(15,22)(4,22)(4,24)(2,24)(2,15)(0,15)
Polygon:
(0,0)(18,0)(18,15)(13,15)(13,16)(1,16)(1,5)(0,5)
Polygon:
(0,0)(31,0)(31,6)(26,6)(26,10)(9,10)(9,9)(0,9)
Polygon:
(0,0)(28,0)(28,21)(24,21)(24,24)(13,24)(13,13)(0,13)
Polygon:
(0,0)(41,0)(41,16)(25,16)(25,24)(14,24)(14,7)(0,7)
Polygon:
(0,0)(23,0)(23,12)(5,12)(5,15)(1,15)(1,4)(0,4)
Polygon:
(0,0)(46,0)(46,19)(33,19)(33,24)(18,24)(18,10)(0,10)
Polygon:
(0,0)(18,0)(18,7)(6,7)(6,24)(2,24)(2,11)(0,11)
Polygon:
(0,0)(16,0)(16,28)(9,28)(9,36)(3,36)(3,18)(0,18)
Polygon:
(0,0)(21,0)(21,14)(10,14)(10,27)(3,27)(3,18)(0,18)
Polygon:
(0,0)(19,0)(19,5)(7,5)(7,22)(2,22)(2,17)(0,17)
Polygon:
(0,0)(22,0)(22,6)(17,6)(17,21)(16,21)(16,14)(0,14)
Polygon:
(0,0)(31,0)(31,18)(26,18)(26,20)(10,20)(10,7)(0,7)
Polygon:
(0,0)(37,0)(37,23)(22,23)(22,24)(12,24)(12,6)(0,6)
Polygon:
(0,0)(22,0)(22,8)(12,8)(12,18)(1,18)(1,2)(0,2)
Polygon:
(0,0)(37,0)(37,17)(29,17)(29,28)(18,28)(18,16)(0,16)
Polygon:
(0,0)(30,0)(30,4)(19,4)(19,15)(2,15)(2,14)(0,14)
Polygon:
(0,0)(21,0)(21,3)(13,3)(13,19)(9,19)(9,16)(0,16)
Polygon:
(0,0)(34,0)(34,16)(21,16)(21,19)(17,19)(17,7)(0,7)
Polygon:
(0,0)(22,0)(22,12)(15,12)(15,29)(6,29)(6,12)(0,12)
Polygon:
(0,0)(39,0)(39,9)(21,9)(21,15)(4,15)(4,1)(0,1)
Polygon:
(0,0)(9,0)(9,19)(6,19)(6,22)(4,22)(4,6)(0,6)
Polygon:
(0,0)(15,0)(15,14)(10,14)(10,24)(6,24)(6,15)(0,15)
Polygon:
(0,0)(32,0)(32,15)(16,15)(16,22)(5,22)(5,5)(0,5)
Polygon:
(0,0)(30,0)(30,8)(27,8)(27,9)(9,9)(9,8)(0,8)
Polygon:
(0,0)(30,0)(30,7)(21,7)(21,20)(6,20)(6,5)(0,5)
Polygon:
(0,0)(45,0)(45,4)(28,4)(28,12)(14,12)(14,1)(0,1)
Polygon:
(0,0)(36,0)(36,2)(22,2)(22,7)(7,7)(7,1)(0,1)
Polygon:
(0,0)(39,0)(39,3)(29,3)(29,15)(17,15)(17,14)(0,14)
Polygon:
(0,0)(33,0)(33,4)(22,4)(22,14)(9,14)(9,12)(0,12)
Polygon:
(0,0)(37,0)(37,7)(29,7)(29,15)(16,15)(16,3)(0,3)
Polygon:
(0,0)(43,0)(43,4)(33,4)(33,5)(18,5)(18,1)(0,1)
Polygon:
(0,0)(45,0)(45,6)(31,6)(31,13)(16,13)(16,6)(0,6)
Polygon:
(0,0)(22,0)(22,22)(19,22)(19,30)(15,30)(15,16)(0,16)
Polygon:
(0,0)(24,0)(24,15)(17,15)(17,18)(11,18)(11,14)(0,14)
Polygon:
(0,0)(30,0)(30,8)(20,8)(20,19)(10,19)(10,1)(0,1)
Polygon:
(0,0)(35,0)(35,17)(26,17)(26,21)(13,21)(13,5)(0,5)
Polygon:
(0,0)(30,0)(30,3)(29,3)(29,19)(17,19)(17,2)(0,2)
Polygon:
(0,0)(37,0)(37,31)(26,31)(26,36)(16,36)(16,18)(0,18)
Polygon:
(0,0)(30,0)(30,13)(18,13)(18,19)(6,19)(6,4)(0,4)
Polygon:
(0,0)(39,0)(39,18)(22,18)(22,30)(15,30)(15,18)(0,18)
Polygon:
(0,0)(16,0)(16,19)(5,19)(5,20)(4,20)(4,6)(0,6)
Polygon:
(0,0)(26,0)(26,10)(13,10)(13,28)(4,28)(4,13)(0,13)
Polygon:
(0,0)(21,0)(21,13)(19,13)(19,28)(5,28)(5,11)(0,11)
Polygon:
(0,0)(31,0)(31,16)(26,16)(26,30)(8,30)(8,12)(0,12)
Polygon:
(0,0)(20,0)(20,13)(19,13)(19,14)(6,14)(6,5)(0,5)
Polygon:
(0,0)(34,0)(34,3)(19,3)(19,17)(6,17)(6,4)(0,4)
Polygon:
(0,0)(31,0)(31,20)(17,20)(17,27)(10,27)(10,10)(0,10)
Polygon:
(0,0)(25,0)(25,8)(13,8)(13,21)(1,21)(1,4)(0,4)
Polygon:
(0,0)(37,0)(37,9)(19,9)(19,21)(12,21)(12,3)(0,3)
Polygon:
(0,0)(34,0)(34,3)(26,3)(26,18)(10,18)(10,2)(0,2)
Polygon:
(0,0)(42,0)(42,11)(30,11)(30,18)(16,18)(16,15)(0,15)
Polygon:
(0,0)(26,0)(26,3)(19,3)(19,12)(18,12)(18,5)(0,5)
Polygon:
(0,0)(47,0)(47,12)(35,12)(35,22)(18,22)(18,4)(0,4)
Polygon:
(0,0)(33,0)(33,29)(23,29)(23,32)(10,32)(10,18)(0,18)
Polygon:
(0,0)(23,0)(23,11)(14,11)(14,20)(11,20)(11,17)(0,17)
Polygon:
(0,0)(28,0)(28,2)(15,2)(15,14)(13,14)(13,1)(0,1)
Polygon:
(0,0)(27,0)(27,13)(22,13)(22,25)(15,25)(15,10)(0,10)
Polygon:
(0,0)(34,0)(34,5)(23,5)(23,19)(14,19)(14,15)(0,15)
Polygon:
(0,0)(31,0)(31,25)(17,25)(17,30)(12,30)(12,15)(0,15)
Polygon:
(0,0)(12,0)(12,18)(9,18)(9,23)(2,23)(2,9)(0,9)
Polygon:
(0,0)(35,0)(35,28)(21,28)(21,33)(5,33)(5,17)(0,17)
Polygon:
(0,0)(13,0)(13,7)(4,7)(4,25)(1,25)(1,10)(0,10)
Polygon:
(0,0)(38,0)(38,19)(21,19)(21,22)(16,22)(16,6)(0,6)
Polygon:
(0,0)(24,0)(24,25)(21,25)(21,33)(7,33)(7,15)(0,15)
Polygon:
(0,0)(44,0)(44,10)(31,10)(31,12)(16,12)(16,9)(0,9)
Polygon:
(0,0)(15,0)(15,15)(12,15)(12,16)(10,16)(10,2)(0,2)
Polygon:
(0,0)(36,0)(36,30)(28,30)(28,32)(14,32)(14,15)(0,15)
Polygon:
(0,0)(20,0)(20,15)(14,15)(14,22)(9,22)(9,11)(0,11)
Polygon:
(0,0)(31,0)(31,18)(14,18)(14,23)(11,23)(11,16)(0,16)
Polygon:
(0,0)(30,0)(30,15)(29,15)(29,20)(12,20)(12,3)(0,3)
Polygon:
(0,0)(30,0)(30,8)(16,8)(16,23)(14,23)(14,7)(0,7)
Polygon:
(0,0)(22,0)(22,18)(17,18)(17,23)(2,23)(2,15)(0,15)
Polygon:
(0,0)(31,0)(31,6)(20,6)(20,12)(13,12)(13,2)(0,2)
Polygon:
(0,0)(31,0)(31,13)(21,13)(21,27)(7,27)(7,17)(0,17)
Polygon:
(0,0)(20,0)(20,12)(12,12)(12,30)(2,30)(2,13)(0,13)
Polygon:
(0,0)(28,0)(28,26)(12,26)(12,34)(3,34)(3,17)(0,17)
Polygon:
(0,0)(24,0)(24,10)(14,10)(14,20)(8,20)(8,5)(0,5)
Polygon:
(0,0)(33,0)(33,4)(31,4)(31,18)(13,18)(13,7)(0,7)
Polygon:
(0,0)(38,0)(38,13)(24,13)(24,26)(7,26)(7,12)(0,12)
Polygon:
(0,0)(19,0)(19,19)(15,19)(15,25)(9,25)(9,13)(0,13)
Polygon:
(0,0)(46,0)(46,15)(28,15)(28,21)(13,21)(13,10)(0,10)
Polygon:
(0,0)(43,0)(43,10)(29,10)(29,21)(16,21)(16,11)(0,11)
Polygon:
(0,0)(36,0)(36,12)(26,12)(26,22)(13,22)(13,7)(0,7)
Polygon:
(0,0)(24,0)(24,12)(21,12)(21,27)(11,27)(11,17)(0,17)
Polygon:
(0,0)(39,0)(39,15)(33,15)(33,25)(16,25)(16,12)(0,12)
Polygon:
(0,0)(35,0)(35,25)(34,25)(34,32)(16,32)(16,17)(0,17)
Polygon:
(0,0)(30,0)(30,18)(18,18)(18,32)(4,32)(4,14)(0,14)
Polygon:
(0,0)(24,0)(24,12)(10,12)(10,15)(6,15)(6,3)(0,3)
Polygon:
(0,0)(25,0)(25,16)(19,16)(19,24)(1,24)(1,8)(0,8)
Polygon:
(0,0)(25,0)(25,9)(16,9)(16,16)(2,16)(2,15)(0,15)
Polygon:
(0,0)(18,0)(18,13)(15,13)(15,19)(11,19)(11,1)(0,1)
Polygon:
(0,0)(35,0)(35,6)(25,6)(25,17)(14,17)(14,10)(0,10)
Polygon:
(0,0)(40,0)(40,21)(29,21)(29,27)(14,27)(14,16)(0,16)
Polygon:
(0,0)(21,0)(21,6)(14,6)(14,15)(13,15)(13,3)(0,3)
Polygon:
(0,0)(16,0)(16,13)(9,13)(9,22)(7,22)(7,17)(0,17)
Polygon:
(0,0)(45,0)(45,18)(28,18)(28,21)(12,21)(12,17)(0,17)
Polygon:
(0,0)(26,0)(26,5)(17,5)(17,20)(14,20)(14,11)(0,11)
Polygon:
(0,0)(21,0)(21,16)(12,16)(12,17)(10,17)(10,4)(0,4)
Polygon:
(0,0)(34,0)(34,2)(23,2)(23,13)(17,13)(17,10)(0,10)
Polygon:
(0,0)(25,0)(25,10)(12,10)(12,16)(11,16)(11,13)(0,13)
Polygon:
(0,0)(20,0)(20,9)(17,9)(17,18)(11,18)(11,1)(0,1)
Polygon:
(0,0)(28,0)(28,9)(12,9)(12,23)(5,23)(5,16)(0,16)
Polygon:
(0,0)(24,0)(24,23)(18,23)(18,26)(13,26)(13,13)(0,13)
Polygon:
(0,0)(34,0)(34,23)(21,23)(21,25)(8,25)(8,16)(0,16)
Polygon:
(0,0)(23,0)(23,12)(21,12)(21,13)(18,13)(18,3)(0,3)
Polygon:
(0,0)(29,0)(29,5)(16,5)(16,21)(12,21)(12,17)(0,17)
Polygon:
(0,0)(25,0)(25,15)(18,15)(18,27)(11,27)(11,13)(0,13)
Polygon:
(0,0)(22,0)(22,4)(21,4)(21,15)(8,15)(8,11)(0,11)
Polygon:
(0,0)(14,0)(14,28)(10,28)(10,29)(5,29)(5,16)(0,16)
Polygon:
(0,0)(29,0)(29,11)(18,11)(18,15)(5,15)(5,9)(0,9)
Polygon:
(0,0)(25,0)(25,21)(22,21)(22,33)(11,33)(11,15)(0,15)
Polygon:
(0,0)(32,0)(32,24)(18,24)(18,35)(2,35)(2,18)(0,18)
Polygon:
(0,0)(35,0)(35,8)(23,8)(23,19)(14,19)(14,15)(0,15)
Polygon:
(0,0)(22,0)(22,16)(21,16)(21,21)(3,21)(3,14)(0,14)
Polygon:
(0,0)(16,0)(16,8)(15,8)(15,10)(5,10)(5,1)(0,1)
Polygon:
(0,0)(30,0)(30,2)(16,2)(16,17)(14,17)(14,14)(0,14)
Polygon:
(0,0)(45,0)(45,21)(30,21)(30,26)(14,26)(14,16)(0,16)
Polygon:
(0,0)(34,0)(34,23)(22,23)(22,29)(13,29)(13,14)(0,14)
Polygon:
(0,0)(18,0)(18,24)(15,24)(15,35)(14,35)(14,18)(0,18)
Polygon:
(0,0)(42,0)(42,10)(26,10)(26,13)(14,13)(14,3)(0,3)
Polygon:
(0,0)(33,0)(33,1)(29,1)(29,14)(13,14)(13,8)(0,8)
Polygon:
(0,0)(33,0)(33,22)(17,22)(17,34)(14,34)(14,16)(0,16)
Polygon:
(0,0)(32,0)(32,11)(24,11)(24,29)(13,29)(13,16)(0,16)
Polygon:
(0,0)(32,0)(32,3)(20,3)(20,19)(3,19)(3,14)(0,14)
Polygon:
(0,0)(36,0)(36,17)(29,17)(29,34)(12,34)(12,18)(0,18)
Polygon:
(0,0)(20,0)(20,17)(6,17)(6,27)(2,27)(2,17)(0,17)
Polygon:
(0,0)(35,0)(35,2)(32,2)(32,19)(15,19)(15,8)(0,8)
Polygon:
(0,0)(36,0)(36,13)(21,13)(21,21)(7,21)(7,18)(0,18)
Polygon:
(0,0)(21,0)(21,8)(5,8)(5,23)(4,23)(4,10)(0,10)
Polygon:
(0,0)(32,0)(32,10)(21,10)(21,13)(10,13)(10,10)(0,10)
Polygon:
(0,0)(24,0)(24,17)(20,17)(20,27)(3,27)(3,14)(0,14)
Polygon:
(0,0)(33,0)(33,4)(24,4)(24,6)(12,6)(12,4)(0,4)
Polygon:
(0,0)(31,0)(31,15)(22,15)(22,33)(9,33)(9,16)(0,16)
Polygon:
(0,0)(25,0)(25,16)(23,16)(23,23)(12,23)(12,11)(0,11)
Polygon:
(0,0)(33,0)(33,14)(19,14)(19,17)(7,17)(7,10)(0,10)
Polygon:
(0,0)(29,0)(29,8)(17,8)(17,16)(16,16)(16,7)(0,7)
Polygon:
(0,0)(37,0)(37,19)(22,19)(22,24)(10,24)(10,7)(0,7)
Polygon:
(0,0)(23,0)(23,24)(9,24)(9,30)(7,30)(7,18)(0,18)
Polygon:
(0,0)(34,0)(34,2)(17,2)(17,18)(14,18)(14,1)(0,1)
Polygon:
(0,0)(36,0)(36,14)(29,14)(29,21)(11,21)(11,6)(0,6)
Polygon:
(0,0)(23,0)(23,12)(13,12)(13,18)(8,18)(8,12)(0,12)
Polygon:
(0,0)(34,0)(34,2)(27,2)(27,6)(13,6)(13,2)(0,2)
Polygon:
(0,0)(8,0)(8,4)(6,4)(6,9)(2,9)(2,2)(0,2)
Polygon:
(0,0)(38,0)(38,12)(28,12)(28,13)(16,13)(16,11)(0,11)
Polygon:
(0,0)(30,0)(30,27)(14,27)(14,31)(12,31)(12,16)(0,16)
Polygon:
(0,0)(26,0)(26,8)(21,8)(21,13)(9,13)(9,10)(0,10)
Polygon:
(0,0)(22,0)(22,13)(7,13)(7,22)(4,22)(4,17)(0,17)
Polygon:
(0,0)(39,0)(39,2)(27,2)(27,8)(18,8)(18,4)(0,4)
Polygon:
(0,0)(30,0)(30,13)(20,13)(20,19)(4,19)(4,17)(0,17)
Polygon:
(0,0)(44,0)(44,29)(27,29)(27,31)(11,31)(11,16)(0,16)
Polygon:
(0,0)(48,0)(48,14)(32,14)(32,21)(14,21)(14,6)(0,6)
Polygon:
(0,0)(28,0)(28,17)(12,17)(12,29)(2,29)(2,14)(0,14)
Polygon:
(0,0)(40,0)(40,6)(27,6)(27,18)(10,18)(10,1)(0,1)
Polygon:
(0,0)(27,0)(27,7)(23,7)(23,24)(16,24)(16,13)(0,13)
Polygon:
(0,0)(29,0)(29,8)(12,8)(12,14)(6,14)(6,7)(0,7)
Polygon:
(0,0)(42,0)(42,2)(30,2)(30,6)(15,6)(15,2)(0,2)
Polygon:
(0,0)(27,0)(27,11)(19,11)(19,23)(18,23)(18,15)(0,15)
Polygon:
(0,0)(39,0)(39,4)(33,4)(33,12)(17,12)(17,5)(0,5)
Polygon:
(0,0)(14,0)(14,26)(7,26)(7,33)(6,33)(6,15)(0,15)
Polygon:
(0,0)(20,0)(20,24)(9,24)(9,27)(2,27)(2,11)(0,11)
Polygon:
(0,0)(32,0)(32,16)(26,16)(26,19)(14,19)(14,14)(0,14)
Polygon:
(0,0)(39,0)(39,21)(26,21)(26,34)(9,34)(9,18)(0,18)
Polygon:
(0,0)(35,0)(35,15)(31,15)(31,20)(16,20)(16,6)(0,6)
Polygon:
(0,0)(29,0)(29,9)(21,9)(21,25)(8,25)(8,14)(0,14)
Polygon:
(0,0)(19,0)(19,7)(11,7)(11,8)(9,8)(9,2)(0,2)
Polygon:
(0,0)(14,0)(14,14)(13,14)(13,19)(4,19)(4,3)(0,3)
Polygon:
(0,0)(32,0)(32,5)(26,5)(26,17)(14,17)(14,9)(0,9)
Polygon:
(0,0)(20,0)(20,13)(13,13)(13,28)(12,28)(12,11)(0,11)
Polygon:
(0,0)(49,0)(49,2)(32,2)(32,17)(15,17)(15,13)(0,13)
Polygon:
(0,0)(28,0)(28,22)(13,22)(13,23)(8,23)(8,13)(0,13)
Polygon:
(0,0)(21,0)(21,5)(18,5)(18,6)(17,6)(17,4)(0,4)
Polygon:
(0,0)(26,0)(26,2)(25,2)(25,9)(13,9)(13,7)(0,7)
Polygon:
(0,0)(23,0)(23,7)(8,7)(8,11)(6,11)(6,7)(0,7)
Polygon:
(0,0)(18,0)(18,29)(11,29)(11,34)(1,34)(1,18)(0,18)
Polygon:
(0,0)(27,0)(27,3)(24,3)(24,8)(13,8)(13,6)(0,6)
Polygon:
(0,0)(34,0)(34,11)(30,11)(30,12)(15,12)(15,9)(0,9)
Polygon:
(0,0)(24,0)(24,25)(19,25)(19,27)(6,27)(6,15)(0,15)
Polygon:
(0,0)(25,0)(25,19)(14,19)(14,27)(1,27)(1,17)(0,17)
Polygon:
(0,0)(32,0)(32,23)(18,23)(18,24)(16,24)(16,11)(0,11)
Polygon:
(0,0)(43,0)(43,27)(31,27)(31,30)(17,30)(17,14)(0,14)
Polygon:
(0,0)(27,0)(27,20)(20,20)(20,23)(2,23)(2,7)(0,7)
Polygon:
(0,0)(19,0)(19,13)(17,13)(17,20)(14,20)(14,5)(0,5)
Polygon:
(0,0)(37,0)(37,30)(25,30)(25,32)(18,32)(18,16)(0,16)
Polygon:
(0,0)(19,0)(19,15)(14,15)(14,21)(8,21)(8,5)(0,5)
Polygon:
(0,0)(35,0)(35,19)(18,19)(18,23)(8,23)(8,12)(0,12)
Polygon:
(0,0)(34,0)(34,17)(21,17)(21,23)(12,23)(12,8)(0,8)
Polygon:
(0,0)(26,0)(26,4)(22,4)(22,18)(9,18)(9,3)(0,3)
Polygon:
(0,0)(27,0)(27,8)(21,8)(21,12)(5,12)(5,1)(0,1)
Polygon:
(0,0)(15,0)(15,7)(2,7)(2,20)(1,20)(1,18)(0,18)
Polygon:
(0,0)(30,0)(30,5)(21,5)(21,23)(14,23)(14,5)(0,5)
Polygon:
(0,0)(42,0)(42,15)(26,15)(26,21)(14,21)(14,5)(0,5)
Polygon:
(0,0)(32,0)(32,23)(30,23)(30,31)(15,31)(15,13)(0,13)
Polygon:
(0,0)(36,0)(36,18)(34,18)(34,24)(16,24)(16,11)(0,11)
Polygon:
(0,0)(31,0)(31,7)(14,7)(14,10)(3,10)(3,8)(0,8)
Polygon:
(0,0)(35,0)(35,16)(21,16)(21,20)(6,20)(6,2)(0,2)
Polygon:
(0,0)(28,0)(28,30)(15,30)(15,31)(5,31)(5,14)(0,14)
Polygon:
(0,0)(35,0)(35,28)(19,28)(19,31)(6,31)(6,14)(0,14)
Polygon:
(0,0)(21,0)(21,19)(20,19)(20,29)(12,29)(12,15)(0,15)
Polygon:
(0,0)(26,0)(26,6)(16,6)(16,7)(10,7)(10,2)(0,2)
Polygon:
(0,0)(31,0)(31,9)(18,9)(18,25)(4,25)(4,14)(0,14)
Polygon:
(0,0)(32,0)(32,21)(15,21)(15,23)(10,23)(10,15)(0,15)
Polygon:
(0,0)(36,0)(36,5)(22,5)(22,19)(5,19)(5,14)(0,14)
Polygon:
(0,0)(27,0)(27,6)(13,6)(13,19)(4,19)(4,2)(0,2)
Polygon:
(0,0)(28,0)(28,6)(17,6)(17,23)(5,23)(5,6)(0,6)
Polygon:
(0,0)(24,0)(24,12)(13,12)(13,19)(11,19)(11,1)(0,1)
Polygon:
(0,0)(16,0)(16,13)(10,13)(10,19)(5,19)(5,6)(0,6)
Polygon:
(0,0)(18,0)(18,2)(10,2)(10,14)(8,14)(8,2)(0,2)
Polygon:
(0,0)(12,0)(12,1)(9,1)(9,10)(4,10)(4,6)(0,6)
Polygon:
(0,0)(27,0)(27,14)(13,14)(13,32)(9,32)(9,15)(0,15)
Polygon:
(0,0)(32,0)(32,3)(26,3)(26,16)(12,16)(12,13)(0,13)
Polygon:
(0,0)(38,0)(38,3)(22,3)(22,18)(6,18)(6,7)(0,7)
Polygon:
(0,0)(19,0)(19,28)(16,28)(16,29)(7,29)(7,13)(0,13)
Polygon:
(0,0)(13,0)(13,4)(5,4)(5,17)(4,17)(4,5)(0,5)
Polygon:
(0,0)(25,0)(25,11)(21,11)(21,16)(8,16)(8,13)(0,13)
Polygon:
(0,0)(29,0)(29,16)(24,16)(24,17)(8,17)(8,2)(0,2)
Polygon:
(0,0)(25,0)(25,9)(14,9)(14,15)(3,15)(3,1)(0,1)
Polygon:
(0,0)(15,0)(15,9)(11,9)(11,22)(10,22)(10,7)(0,7)
Polygon:
(0,0)(24,0)(24,6)(23,6)(23,13)(17,13)(17,12)(0,12)
Polygon:
(0,0)(21,0)(21,5)(14,5)(14,14)(12,14)(12,9)(0,9)
Polygon:
(0,0)(22,0)(22,13)(15,13)(15,15)(7,15)(7,11)(0,11)
Polygon:
(0,0)(33,0)(33,5)(18,5)(18,17)(17,17)(17,2)(0,2)
Polygon:
(0,0)(27,0)(27,1)(16,1)(16,15)(13,15)(13,8)(0,8)
Polygon:
(0,0)(33,0)(33,11)(19,11)(19,24)(10,24)(10,17)(0,17)
Polygon:
(0,0)(47,0)(47,1)(35,1)(35,18)(17,18)(17,2)(0,2)
Polygon:
(0,0)(4,0)(4,13)(3,13)(3,26)(1,26)(1,18)(0,18)
Polygon:
(0,0)(16,0)(16,8)(15,8)(15,19)(14,19)(14,13)(0,13)
Polygon:
(0,0)(7,0)(7,6)(5,6)(5,12)(1,12)(1,2)(0,2)
Polygon:
(0,0)(23,0)(23,16)(9,16)(9,18)(4,18)(4,7)(0,7)
Polygon:
(0,0)(35,0)(35,8)(25,8)(25,21)(8,21)(8,4)(0,4)
Polygon:
(0,0)(40,0)(40,8)(26,8)(26,18)(8,18)(8,3)(0,3)
Polygon:
(0,0)(28,0)(28,11)(24,11)(24,18)(7,18)(7,7)(0,7)
Polygon:
(0,0)(26,0)(26,13)(16,13)(16,26)(6,26)(6,14)(0,14)
Polygon:
(0,0)(21,0)(21,24)(20,24)(20,35)(9,35)(9,17)(0,17)
Polygon:
(0,0)(18,0)(18,13)(9,13)(9,18)(5,18)(5,1)(0,1)
Polygon:
(0,0)(28,0)(28,15)(24,15)(24,17)(12,17)(12,15)(0,15)
Polygon:
(0,0)(26,0)(26,13)(20,13)(20,14)(8,14)(8,5)(0,5)
Polygon:
(0,0)(36,0)(36,11)(29,11)(29,12)(15,12)(15,6)(0,6)
Polygon:
(0,0)(34,0)(34,2)(21,2)(21,16)(5,16)(5,1)(0,1)
Polygon:
(0,0)(28,0)(28,18)(13,18)(13,19)(12,19)(12,12)(0,12)
Polygon:
(0,0)(19,0)(19,12)(7,12)(7,17)(1,17)(1,12)(0,12)
Polygon:
(0,0)(25,0)(25,10)(24,10)(24,16)(11,16)(11,5)(0,5)
Polygon:
(0,0)(38,0)(38,11)(31,11)(31,14)(16,14)(16,3)(0,3)
Polygon:
(0,0)(17,0)(17,18)(16,18)(16,21)(5,21)(5,6)(0,6)
Polygon:
(0,0)(37,0)(37,1)(28,1)(28,5)(12,5)(12,3)(0,3)
Polygon:
(0,0)(13,0)(13,7)(6,7)(6,22)(4,22)(4,8)(0,8)
Polygon:
(0,0)(32,0)(32,20)(27,20)(27,23)(18,23)(18,6)(0,6)
Polygon:
(0,0)(37,0)(37,12)(26,12)(26,20)(10,20)(10,10)(0,10)
Polygon:
(0,0)(24,0)(24,15)(17,15)(17,24)(5,24)(5,6)(0,6)
Polygon:
(0,0)(20,0)(20,8)(14,8)(14,24)(12,24)(12,11)(0,11)
Polygon:
(0,0)(38,0)(38,13)(25,13)(25,17)(12,17)(12,4)(0,4)
Polygon:
(0,0)(27,0)(27,8)(23,8)(23,16)(6,16)(6,11)(0,11)
Polygon:
(0,0)(32,0)(32,9)(18,9)(18,12)(11,12)(11,3)(0,3)
Polygon:
(0,0)(24,0)(24,12)(20,12)(20,27)(10,27)(10,9)(0,9)
Polygon:
(0,0)(29,0)(29,9)(11,9)(11,20)(6,20)(6,3)(0,3)
Polygon:
(0,0)(35,0)(35,16)(18,16)(18,19)(10,19)(10,5)(0,5)
Polygon:
(0,0)(52,0)(52,9)(34,9)(34,12)(16,12)(16,6)(0,6)
Polygon:
(0,0)(26,0)(26,15)(18,15)(18,17)(16,17)(16,3)(0,3)
Polygon:
(0,0)(39,0)(39,16)(21,16)(21,20)(4,20)(4,7)(0,7)
Polygon:
(0,0)(23,0)(23,20)(13,20)(13,22)(11,22)(11,11)(0,11)
Polygon:
(0,0)(18,0)(18,6)(12,6)(12,11)(8,11)(8,8)(0,8)
Polygon:
(0,0)(13,0)(13,25)(2,25)(2,29)(1,29)(1,12)(0,12)
Polygon:
(0,0)(30,0)(30,10)(19,10)(19,21)(18,21)(18,8)(0,8)
Polygon:
(0,0)(11,0)(11,15)(10,15)(10,18)(1,18)(1,2)(0,2)
Polygon:
(0,0)(33,0)(33,3)(19,3)(19,12)(14,12)(14,3)(0,3)
Polygon:
(0,0)(17,0)(17,20)(16,20)(16,34)(5,34)(5,16)(0,16)
Polygon:
(0,0)(24,0)(24,4)(8,4)(8,12)(1,12)(1,9)(0,9)
Polygon:
(0,0)(39,0)(39,1)(32,1)(32,16)(18,16)(18,15)(0,15)
Polygon:
(0,0)(29,0)(29,14)(26,14)(26,22)(13,22)(13,11)(0,11)
Polygon:
(0,0)(16,0)(16,1)(9,1)(9,6)(1,6)(1,2)(0,2)
Polygon:
(0,0)(39,0)(39,18)(24,18)(24,20)(6,20)(6,2)(0,2)
Polygon:
(0,0)(21,0)(21,16)(8,16)(8,22)(5,22)(5,8)(0,8)
Polygon:
(0,0)(33,0)(33,16)(15,16)(15,19)(6,19)(6,13)(0,13)
Polygon:
(0,0)(16,0)(16,2)(3,2)(3,9)(2,9)(2,1)(0,1)
Polygon:
(0,0)(29,0)(29,12)(22,12)(22,22)(10,22)(10,4)(0,4)
Polygon:
(0,0)(44,0)(44,5)(31,5)(31,11)(16,11)(16,9)(0,9)
Polygon:
(0,0)(40,0)(40,11)(26,11)(26,22)(10,22)(10,16)(0,16)
Polygon:
(0,0)(17,0)(17,11)(11,11)(11,26)(8,26)(8,11)(0,11)
Polygon:
(0,0)(41,0)(41,21)(24,21)(24,22)(15,22)(15,15)(0,15)
Polygon:
(0,0)(28,0)(28,21)(17,21)(17,23)(14,23)(14,13)(0,13)
Polygon:
(0,0)(15,0)(15,6)(14,6)(14,21)(11,21)(11,3)(0,3)
Polygon:
(0,0)(31,0)(31,11)(27,11)(27,20)(9,20)(9,5)(0,5)
Polygon:
(0,0)(27,0)(27,8)(20,8)(20,24)(13,24)(13,10)(0,10)
Polygon:
(0,0)(27,0)(27,6)(11,6)(11,24)(2,24)(2,11)(0,11)
Polygon:
(0,0)(22,0)(22,11)(17,11)(17,26)(10,26)(10,18)(0,18)
Polygon:
(0,0)(22,0)(22,17)(20,17)(20,19)(16,19)(16,2)(0,2)
Polygon:
(0,0)(31,0)(31,7)(20,7)(20,15)(3,15)(3,3)(0,3)
Polygon:
(0,0)(22,0)(22,12)(15,12)(15,23)(6,23)(6,16)(0,16)
Polygon:
(0,0)(45,0)(45,28)(28,28)(28,30)(16,30)(16,13)(0,13)
Polygon:
(0,0)(26,0)(26,11)(17,11)(17,15)(7,15)(7,12)(0,12)
Polygon:
(0,0)(16,0)(16,1)(14,1)(14,15)(12,15)(12,11)(0,11)
Polygon:
(0,0)(18,0)(18,3)(16,3)(16,17)(8,17)(8,14)(0,14)
Polygon:
(0,0)(10,0)(10,6)(8,6)(8,18)(7,18)(7,15)(0,15)
Polygon:
(0,0)(36,0)(36,19)(18,19)(18,20)(7,20)(7,9)(0,9)
Polygon:
(0,0)(29,0)(29,5)(15,5)(15,15)(1,15)(1,2)(0,2)
Polygon:
(0,0)(38,0)(38,13)(32,13)(32,14)(16,14)(16,7)(0,7)
Polygon:
(0,0)(34,0)(34,11)(18,11)(18,12)(8,12)(8,3)(0,3)
Polygon:
(0,0)(25,0)(25,16)(16,16)(16,24)(13,24)(13,6)(0,6)
Polygon:
(0,0)(37,0)(37,18)(24,18)(24,24)(12,24)(12,7)(0,7)
Polygon:
(0,0)(36,0)(36,24)(29,24)(29,30)(18,30)(18,12)(0,12)
Polygon:
(0,0)(14,0)(14,16)(8,16)(8,17)(3,17)(3,5)(0,5)
Polygon:
(0,0)(21,0)(21,17)(20,17)(20,18)(18,18)(18,9)(0,9)
Polygon:
(0,0)(15,0)(15,15)(12,15)(12,23)(4,23)(4,15)(0,15)
Polygon:
(0,0)(38,0)(38,12)(27,12)(27,25)(10,25)(10,13)(0,13)
Polygon:
(0,0)(31,0)(31,10)(14,10)(14,17)(4,17)(4,14)(0,14)
Polygon:
(0,0)(17,0)(17,16)(13,16)(13,29)(9,29)(9,15)(0,15)
Polygon:
(0,0)(17,0)(17,1)(10,1)(10,9)(3,9)(3,8)(0,8)
Polygon:
(0,0)(36,0)(36,2)(18,2)(18,17)(9,17)(9,9)(0,9)
Polygon:
(0,0)(27,0)(27,3)(22,3)(22,19)(17,19)(17,1)(0,1)
Polygon:
(0,0)(16,0)(16,24)(15,24)(15,32)(10,32)(10,15)(0,15)
Polygon:
(0,0)(44,0)(44,3)(34,3)(34,18)(17,18)(17,5)(0,5)
Polygon:
(0,0)(23,0)(23,15)(21,15)(21,16)(3,16)(3,1)(0,1)
Polygon:
(0,0)(39,0)(39,14)(31,14)(31,23)(15,23)(15,5)(0,5)
Polygon:
(0,0)(33,0)(33,10)(19,10)(19,17)(1,17)(1,1)(0,1)
Polygon:
(0,0)(23,0)(23,14)(12,14)(12,19)(9,19)(9,2)(0,2)
Polygon:
(0,0)(43,0)(43,18)(32,18)(32,29)(15,29)(15,14)(0,14)
Polygon:
(0,0)(26,0)(26,18)(16,18)(16,24)(12,24)(12,18)(0,18)
Polygon:
(0,0)(26,0)(26,8)(14,8)(14,11)(3,11)(3,3)(0,3)
Polygon:
(0,0)(13,0)(13,24)(11,24)(11,26)(4,26)(4,15)(0,15)
Polygon:
(0,0)(27,0)(27,6)(23,6)(23,18)(8,18)(8,3)(0,3)
Polygon:
(0,0)(25,0)(25,14)(11,14)(11,15)(5,15)(5,10)(0,10)
Polygon:
(0,0)(36,0)(36,19)(20,19)(20,33)(2,33)(2,15)(0,15)
Polygon:
(0,0)(32,0)(32,1)(16,1)(16,11)(2,11)(2,1)(0,1)
Polygon:
(0,0)(25,0)(25,11)(9,11)(9,13)(3,13)(3,3)(0,3)
Polygon:
(0,0)(34,0)(34,18)(24,18)(24,21)(8,21)(8,13)(0,13)
Polygon:
(0,0)(41,0)(41,30)(30,30)(30,31)(13,31)(13,14)(0,14)
Polygon:
(0,0)(21,0)(21,18)(8,18)(8,27)(5,27)(5,17)(0,17)
Polygon:
(0,0)(14,0)(14,1)(9,1)(9,8)(7,8)(7,7)(0,7)
Polygon:
(0,0)(17,0)(17,10)(0,10)
Polygon:
(0,0)(18,0)(18,5)(0,5)
Polygon:
(0,0)(6,0)(6,9)(0,9)
Polygon:
(0,0)(24,0)(24,20)(13,20)(13,4)(3,4)(3,6)(0,6)
Polygon:
(0,0)(19,0)(19,17)(17,17)(17,30)(0,30)
Polygon:
(0,0)(16,0)(16,19)(9,19)(9,15)(8,15)(8,18)(0,18)
Polygon:
(0,0)(4,0)(4,5)(0,5)
Polygon:
(0,0)(25,0)(25,13)(13,13)(13,21)(0,21)
Polygon:
(0,0)(4,0)(4,16)(0,16)
Polygon:
(0,0)(17,0)(17,16)(0,16)
Polygon:
(0,0)(5,0)(5,1)(0,1)
Polygon:
(0,0)(36,0)(36,7)(19,7)(19,6)(14,6)(14,17)(0,17)
Polygon:
(0,0)(40,0)(40,13)(25,13)(25,12)(9,12)(9,15)(0,15)
Polygon:
(0,0)(29,0)(29,22)(17,22)(17,4)(6,4)(6,12)(0,12)
Polygon:
(0,0)(9,0)(9,11)(0,11)
Polygon:
(0,0)(23,0)(23,17)(15,17)(15,22)(0,22)
Polygon:
(0,0)(12,0)(12,9)(0,9)
Polygon:
(0,0)(19,0)(19,8)(12,8)(12,6)(2,6)(2,15)(0,15)
Polygon:
(0,0)(21,0)(21,8)(6,8)(6,15)(0,15)
Polygon:
(0,0)(3,0)(3,10)(0,10)
Polygon:
(0,0)(15,0)(15,14)(0,14)
Polygon:
(0,0)(18,0)(18,8)(8,8)(8,24)(0,24)
Polygon:
(0,0)(18,0)(18,7)(0,7)
Polygon:
(0,0)(17,0)(17,4)(0,4)
Polygon:
(0,0)(7,0)(7,4)(0,4)
Polygon:
(0,0)(42,0)(42,14)(30,14)(30,6)(13,6)(13,18)(0,18)
Polygon:
(0,0)(13,0)(13,2)(0,2)
Polygon:
(0,0)(35,0)(35,6)(18,6)(18,23)(0,23)
Polygon:
(0,0)(5,0)(5,14)(0,14)
Polygon:
(0,0)(10,0)(10,6)(0,6)
Polygon:
(0,0)(13,0)(13,6)(11,6)(11,10)(0,10)
Polygon:
(0,0)(23,0)(23,15)(10,15)(10,24)(0,24)
Polygon:
(0,0)(2,0)(2,3)(0,3)
Polygon:
(0,0)(30,0)(30,11)(19,11)(19,9)(1,9)(1,14)(0,14)
Polygon:
(0,0)(6,0)(6,2)(0,2)
Polygon:
(0,0)(23,0)(23,8)(9,8)(9,7)(2,7)(2,14)(0,14)
Polygon:
(0,0)(15,0)(15,17)(0,17)
Polygon:
(0,0)(3,0)(3,8)(0,8)
Polygon:
(0,0)(28,0)(28,14)(21,14)(21,2)(16,2)(16,7)(0,7)
Polygon:
(0,0)(23,0)(23,12)(18,12)(18,21)(0,21)
Polygon:
(0,0)(22,0)(22,6)(14,6)(14,2)(4,2)(4,8)(0,8)
Polygon:
(0,0)(13,0)(13,4)(0,4)
Polygon:
(0,0)(12,0)(12,15)(0,15)
Polygon:
(0,0)(29,0)(29,3)(26,3)(26,2)(16,2)(16,8)(0,8)
Polygon:
(0,0)(5,0)(5,4)(0,4)
Polygon:
(0,0)(10,0)(10,4)(0,4)
Polygon:
(0,0)(11,0)(11,12)(8,12)(8,20)(0,20)
Polygon:
(0,0)(9,0)(9,11)(0,11)
Polygon:
(0,0)(32,0)(32,4)(14,4)(14,18)(0,18)
Polygon:
(0,0)(14,0)(14,17)(0,17)
Polygon:
(0,0)(11,0)(11,9)(0,9)
Polygon:
(0,0)(29,0)(29,16)(12,16)(12,18)(0,18)
Polygon:
(0,0)(10,0)(10,6)(0,6)
Polygon:
(0,0)(9,0)(9,17)(0,17)
Polygon:
(0,0)(10,0)(10,15)(8,15)(8,32)(0,32)
Polygon:
(0,0)(15,0)(15,16)(0,16)
Polygon:
(0,0)(15,0)(15,15)(1,15)(1,22)(0,22)
Polygon:
(0,0)(15,0)(15,17)(4,17)(4,32)(0,32)
Polygon:
(0,0)(19,0)(19,8)(10,8)(10,10)(0,10)
Polygon:
(0,0)(13,0)(13,5)(4,5)(4,19)(0,19)
Polygon:
(0,0)(15,0)(15,15)(10,15)(10,7)(2,7)(2,12)(0,12)
Polygon:
(0,0)(10,0)(10,16)(0,16)
Polygon:
(0,0)(11,0)(11,8)(0,8)
Polygon:
(0,0)(18,0)(18,16)(0,16)
Polygon:
(0,0)(17,0)(17,8)(13,8)(13,24)(0,24)
Polygon:
(0,0)(7,0)(7,17)(0,17)
Polygon:
(0,0)(31,0)(31,1)(17,1)(17,14)(0,14)
Polygon:
(0,0)(13,0)(13,11)(0,11)
Polygon:
(0,0)(4,0)(4,2)(0,2)
Polygon:
(0,0)(12,0)(12,13)(0,13)
Polygon:
(0,0)(8,0)(8,5)(4,5)(4,7)(0,7)
Polygon:
(0,0)(16,0)(16,8)(13,8)(13,9)(0,9)
Polygon:
(0,0)(14,0)(14,4)(0,4)
Polygon:
(0,0)(18,0)(18,3)(0,3)
Polygon:
(0,0)(15,0)(15,3)(3,3)(3,19)(0,19)
Polygon:
(0,0)(16,0)(16,1)(3,1)(3,18)(0,18)
Polygon:
(0,0)(52,0)(52,6)(35,6)(35,2)(17,2)(17,6)(0,6)
Polygon:
(0,0)(6,0)(6,11)(0,11)
Polygon:
(0,0)(26,0)(26,18)(17,18)(17,12)(14,12)(14,14)(0,14)
Polygon:
(0,0)(14,0)(14,15)(0,15)
Polygon:
(0,0)(6,0)(6,6)(0,6)
Polygon:
(0,0)(16,0)(16,8)(0,8)
Polygon:
(0,0)(1,0)(1,9)(0,9)
Polygon:
(0,0)(4,0)(4,16)(0,16)
Polygon:
(0,0)(12,0)(12,7)(0,7)
Polygon:
(0,0)(12,0)(12,9)(0,9)
Polygon:
(0,0)(17,0)(17,10)(3,10)(3,21)(0,21)
Polygon:
(0,0)(17,0)(17,5)(3,5)(3,15)(0,15)
Polygon:
(0,0)(13,0)(13,5)(0,5)
Polygon:
(0,0)(12,0)(12,16)(0,16)
Polygon:
(0,0)(13,0)(13,8)(0,8)
Polygon:
(0,0)(5,0)(5,3)(0,3)
Polygon:
(0,0)(28,0)(28,14)(10,14)(10,28)(0,28)
Polygon:
(0,0)(3,0)(3,3)(0,3)
Polygon:
(0,0)(11,0)(11,14)(0,14)
Polygon:
(0,0)(2,0)(2,4)(0,4)
Polygon:
(0,0)(13,0)(13,9)(0,9)
Polygon:
(0,0)(13,0)(13,9)(0,9)
Polygon:
(0,0)(12,0)(12,1)(0,1)
Polygon:
(0,0)(17,0)(17,1)(14,1)(14,13)(0,13)
Polygon:
(0,0)(4,0)(4,1)(0,1)
Polygon:
(0,0)(15,0)(15,6)(13,6)(13,12)(0,12)
Polygon:
(0,0)(9,0)(9,2)(0,2)
Polygon:
(0,0)(4,0)(4,6)(0,6)
Polygon:
(0,0)(20,0)(20,1)(4,1)(4,11)(0,11)
Polygon:
(0,0)(3,0)(3,2)(0,2)
Polygon:
(0,0)(12,0)(12,11)(6,11)(6,16)(0,16)
Polygon:
(0,0)(4,0)(4,13)(0,13)
Polygon:
(0,0)(26,0)(26,14)(8,14)(8,29)(0,29)
Polygon:
(0,0)(14,0)(14,3)(5,3)(5,14)(0,14)
Polygon:
(0,0)(8,0)(8,7)(0,7)
Polygon:
(0,0)(18,0)(18,5)(13,5)(13,16)(0,16)
Polygon:
(0,0)(18,0)(18,12)(15,12)(15,18)(0,18)
Polygon:
(0,0)(7,0)(7,2)(0,2)
Polygon:
(0,0)(29,0)(29,5)(13,5)(13,17)(0,17)
Polygon:
(0,0)(10,0)(10,17)(4,17)(4,19)(0,19)
Polygon:
(0,0)(22,0)(22,16)(6,16)(6,14)(5,14)(5,18)(0,18)
Polygon:
(0,0)(35,0)(35,11)(17,11)(17,5)(12,5)(12,15)(0,15)
Polygon:
(0,0)(16,0)(16,3)(0,3)
Polygon:
(0,0)(4,0)(4,10)(0,10)
Polygon:
(0,0)(18,0)(18,1)(0,1)
Polygon:
(0,0)(22,0)(22,9)(13,9)(13,17)(0,17)
Polygon:
(0,0)(21,0)(21,17)(15,17)(15,13)(3,13)(3,16)(0,16)
Polygon:
(0,0)(19,0)(19,15)(13,15)(13,19)(0,19)
Polygon:
(0,0)(7,0)(7,12)(0,12)
Polygon:
(0,0)(8,0)(8,5)(0,5)
Polygon:
(0,0)(16,0)(16,17)(0,17)
Polygon:
(0,0)(30,0)(30,7)(13,7)(13,11)(0,11)
Polygon:
(0,0)(3,0)(3,13)(0,13)
Polygon:
(0,0)(6,0)(6,5)(0,5)
Polygon:
(0,0)(16,0)(16,9)(0,9)
Polygon:
(0,0)(16,0)(16,12)(0,12)
Polygon:
(0,0)(12,0)(12,1)(0,1)
Polygon:
(0,0)(10,0)(10,15)(0,15)
Polygon:
(0,0)(6,0)(6,11)(0,11)
Polygon:
(0,0)(7,0)(7,11)(0,11)
Polygon:
(0,0)(12,0)(12,7)(0,7)
Polygon:
(0,0)(22,0)(22,14)(12,14)(12,23)(0,23)
Polygon:
(0,0)(17,0)(17,9)(0,9)
Polygon:
(0,0)(9,0)(9,3)(0,3)
Polygon:
(0,0)(15,0)(15,2)(0,2)
Polygon:
(0,0)(4,0)(4,5)(0,5)
Polygon:
(0,0)(16,0)(16,6)(0,6)
Polygon:
(0,0)(1,0)(1,14)(0,14)
Polygon:
(0,0)(5,0)(5,1)(0,1)
Polygon:
(0,0)(28,0)(28,9)(13,9)(13,24)(0,24)
Polygon:
(0,0)(3,0)(3,11)(0,11)
Polygon:
(0,0)(14,0)(14,6)(5,6)(5,7)(0,7)
Polygon:
(0,0)(17,0)(17,3)(11,3)(11,4)(0,4)
Polygon:
(0,0)(30,0)(30,17)(15,17)(15,2)(11,2)(11,9)(0,9)
Polygon:
(0,0)(23,0)(23,2)(7,2)(7,19)(0,19)
Polygon:
(0,0)(18,0)(18,4)(10,4)(10,9)(0,9)
Polygon:
(0,0)(17,0)(17,13)(4,13)(4,28)(0,28)
Polygon:
(0,0)(14,0)(14,10)(0,10)
Polygon:
(0,0)(38,0)(38,18)(20,18)(20,1)(15,1)(15,4)(0,4)
Polygon:
(0,0)(15,0)(15,10)(0,10)
Polygon:
(0,0)(33,0)(33,11)(18,11)(18,27)(0,27)
Polygon:
(0,0)(11,0)(11,18)(0,18)
Polygon:
(0,0)(7,0)(7,12)(0,12)
Polygon:
(0,0)(15,0)(15,10)(0,10)
Polygon:
(0,0)(23,0)(23,10)(9,10)(9,15)(0,15)
Polygon:
(0,0)(16,0)(16,16)(9,16)(9,34)(0,34)
Polygon:
(0,0)(10,0)(10,18)(0,18)
Polygon:
(0,0)(11,0)(11,17)(0,17)
Polygon:
(0,0)(2,0)(2,12)(0,12)
Polygon:
(0,0)(6,0)(6,8)(0,8)
Polygon:
(0,0)(15,0)(15,4)(0,4)
Polygon:
(0,0)(11,0)(11,8)(0,8)
Polygon:
(0,0)(13,0)(13,17)(0,17)
Polygon:
(0,0)(20,0)(20,11)(10,11)(10,25)(0,25)
Polygon:
(0,0)(14,0)(14,16)(0,16)
Polygon:
(0,0)(16,0)(16,18)(9,18)(9,24)(0,24)
Polygon:
(0,0)(21,0)(21,14)(15,14)(15,27)(0,27)
Polygon:
(0,0)(17,0)(17,17)(1,17)(1,28)(0,28)
Polygon:
(0,0)(38,0)(38,26)(24,26)(24,11)(18,11)(18,15)(0,15)
Polygon:
(0,0)(5,0)(5,5)(0,5)
Polygon:
(0,0)(39,0)(39,21)(22,21)(22,7)(16,7)(16,12)(0,12)
Polygon:
(0,0)(14,0)(14,17)(4,17)(4,18)(0,18)
Polygon:
(0,0)(25,0)(25,14)(9,14)(9,15)(0,15)
Polygon:
(0,0)(29,0)(29,7)(14,7)(14,14)(0,14)
Polygon:
(0,0)(1,0)(1,8)(0,8)
Polygon:
(0,0)(17,0)(17,4)(0,4)
Polygon:
(0,0)(17,0)(17,12)(0,12)
Polygon:
(0,0)(19,0)(19,12)(3,12)(3,25)(0,25)
Polygon:
(0,0)(14,0)(14,12)(0,12)
Polygon:
(0,0)(16,0)(16,3)(2,3)(2,20)(0,20)
Polygon:
(0,0)(22,0)(22,5)(4,5)(4,13)(0,13)
Polygon:
(0,0)(18,0)(18,15)(5,15)(5,28)(0,28)
Polygon:
(0,0)(16,0)(16,17)(0,17)
Polygon:
(0,0)(3,0)(3,16)(0,16)
Polygon:
(0,0)(3,0)(3,17)(0,17)
Polygon:
(0,0)(1,0)(1,10)(0,10)
Polygon:
(0,0)(26,0)(26,14)(12,14)(12,13)(5,13)(5,15)(0,15)
Polygon:
(0,0)(17,0)(17,6)(0,6)
Polygon:
(0,0)(41,0)(41,21)(26,21)(26,7)(16,7)(16,14)(0,14)
Polygon:
(0,0)(23,0)(23,17)(11,17)(11,12)(2,12)(2,15)(0,15)
Polygon:
(0,0)(8,0)(8,16)(0,16)
Polygon:
(0,0)(13,0)(13,10)(0,10)
Polygon:
(0,0)(7,0)(7,13)(0,13)
Polygon:
(0,0)(10,0)(10,12)(0,12)
Polygon:
(0,0)(16,0)(16,16)(10,16)(10,23)(0,23)
Polygon:
(0,0)(10,0)(10,5)(0,5)
Polygon:
(0,0)(15,0)(15,9)(10,9)(10,24)(0,24)
Polygon:
(0,0)(2,0)(2,8)(0,8)
Polygon:
(0,0)(17,0)(17,4)(12,4)(12,13)(0,13)
Polygon:
(0,0)(6,0)(6,12)(3,12)(3,20)(0,20)
Polygon:
(0,0)(22,0)(22,22)(18,22)(18,12)(17,12)(17,18)(0,18)
Polygon:
(0,0)(28,0)(28,31)(21,31)(21,13)(16,13)(16,28)(0,28)
Polygon:
(0,0)(25,0)(25,6)(10,6)(10,14)(0,14)
Polygon:
(0,0)(41,0)(41,8)(23,8)(23,1)(12,1)(12,16)(0,16)
Polygon:
(0,0)(2,0)(2,8)(0,8)
Polygon:
(0,0)(25,0)(25,1)(7,1)(7,5)(0,5)
Polygon:
(0,0)(5,0)(5,9)(0,9)
Polygon:
(0,0)(34,0)(34,3)(17,3)(17,9)(0,9)
Polygon:
(0,0)(18,0)(18,17)(0,17)
Polygon:
(0,0)(2,0)(2,5)(0,5)
Polygon:
(0,0)(4,0)(4,7)(0,7)
Polygon:
(0,0)(9,0)(9,6)(3,6)(3,23)(0,23)
Polygon:
(0,0)(10,0)(10,6)(0,6)
Polygon:
(0,0)(27,0)(27,15)(17,15)(17,25)(0,25)
Polygon:
(0,0)(16,0)(16,16)(8,16)(8,24)(0,24)
Polygon:
(0,0)(11,0)(11,9)(1,9)(1,10)(0,10)
Polygon:
(0,0)(16,0)(16,4)(6,4)(6,15)(0,15)
Polygon:
(0,0)(25,0)(25,5)(17,5)(17,9)(0,9)
Polygon:
(0,0)(33,0)(33,11)(17,11)(17,22)(0,22)
Polygon:
(0,0)(19,0)(19,2)(16,2)(16,9)(0,9)
Polygon:
(0,0)(21,0)(21,8)(8,8)(8,12)(0,12)
Polygon:
(0,0)(17,0)(17,12)(0,12)
Polygon:
(0,0)(14,0)(14,15)(0,15)
Polygon:
(0,0)(10,0)(10,1)(4,1)(4,17)(0,17)
Polygon:
(0,0)(13,0)(13,6)(0,6)
Polygon:
(0,0)(7,0)(7,9)(0,9)
Polygon:
(0,0)(13,0)(13,15)(0,15)
Polygon:
(0,0)(25,0)(25,4)(14,4)(14,3)(12,3)(12,6)(0,6)
Polygon:
(0,0)(18,0)(18,18)(0,18)
Polygon:
(0,0)(10,0)(10,8)(0,8)
Polygon:
(0,0)(18,0)(18,4)(16,4)(16,1)(7,1)(7,18)(0,18)
Polygon:
(0,0)(9,0)(9,1)(5,1)(5,4)(0,4)
Polygon:
(0,0)(2,0)(2,3)(0,3)
Polygon:
(0,0)(19,0)(19,15)(6,15)(6,31)(0,31)
Polygon:
(0,0)(1,0)(1,14)(0,14)
Polygon:
(0,0)(6,0)(6,10)(0,10)
Polygon:
(0,0)(13,0)(13,7)(0,7)
Polygon:
(0,0)(9,0)(9,14)(0,14)
Polygon:
(0,0)(13,0)(13,3)(0,3)
Polygon:
(0,0)(28,0)(28,3)(15,3)(15,17)(0,17)
Polygon:
(0,0)(22,0)(22,18)(17,18)(17,7)(14,7)(14,12)(0,12)
Polygon:
(0,0)(5,0)(5,3)(2,3)(2,5)(0,5)
Polygon:
(0,0)(13,0)(13,16)(4,16)(4,33)(0,33)
Polygon:
(0,0)(17,0)(17,13)(0,13)
Polygon:
(0,0)(4,0)(4,3)(0,3)
Polygon:
(0,0)(11,0)(11,13)(0,13)
Polygon:
(0,0)(18,0)(18,2)(0,2)
Polygon:
(0,0)(14,0)(14,8)(0,8)
Polygon:
(0,0)(16,0)(16,9)(0,9)
Polygon:
(0,0)(13,0)(13,4)(0,4)
Polygon:
(0,0)(6,0)(6,17)(0,17)
Polygon:
(0,0)(12,0)(12,15)(0,15)
Polygon:
(0,0)(16,0)(16,18)(0,18)
Polygon:
(0,0)(1,0)(1,10)(0,10)
Polygon:
(0,0)(10,0)(10,18)(0,18)
Polygon:
(0,0)(18,0)(18,28)(17,28)(17,12)(5,12)(5,23)(0,23)
Polygon:
(0,0)(36,0)(36,9)(23,9)(23,8)(6,8)(6,18)(0,18)
Polygon:
(0,0)(22,0)(22,18)(14,18)(14,30)(0,30)
Polygon:
(0,0)(30,0)(30,5)(15,5)(15,23)(0,23)
Polygon:
(0,0)(7,0)(7,9)(0,9)
Polygon:
(0,0)(31,0)(31,16)(14,16)(14,31)(0,31)
Polygon:
(0,0)(7,0)(7,13)(0,13)
Polygon:
(0,0)(18,0)(18,12)(0,12)
Polygon:
(0,0)(7,0)(7,13)(0,13)
Polygon:
(0,0)(17,0)(17,16)(0,16)
Polygon:
(0,0)(21,0)(21,15)(15,15)(15,25)(0,25)
Polygon:
(0,0)(13,0)(13,14)(0,14)
Polygon:
(0,0)(2,0)(2,17)(0,17)
Polygon:
(0,0)(16,0)(16,10)(0,10)
Polygon:
(0,0)(19,0)(19,15)(16,15)(16,28)(0,28)
Polygon:
(0,0)(6,0)(6,17)(0,17)
Polygon:
(0,0)(15,0)(15,11)(0,11)
Polygon:
(0,0)(31,0)(31,4)(16,4)(16,5)(0,5)
Polygon:
(0,0)(17,0)(17,9)(0,9)
Polygon:
(0,0)(12,0)(12,11)(0,11)
Polygon:
(0,0)(10,0)(10,17)(0,17)
Polygon:
(0,0)(9,0)(9,1)(1,1)(1,7)(0,7)
Polygon:
(0,0)(16,0)(16,5)(0,5)
Polygon:
(0,0)(8,0)(8,4)(0,4)
Polygon:
(0,0)(14,0)(14,1)(0,1)
Polygon:
(0,0)(9,0)(9,13)(0,13)
Polygon:
(0,0)(29,0)(29,2)(15,2)(15,9)(0,9)
Polygon:
(0,0)(18,0)(18,12)(10,12)(10,27)(0,27)
Polygon:
(0,0)(35,0)(35,6)(18,6)(18,1)(15,1)(15,13)(0,13)
Polygon:
(0,0)(7,0)(7,9)(0,9)
Polygon:
(0,0)(14,0)(14,2)(0,2)
Polygon:
(0,0)(32,0)(32,21)(19,21)(19,3)(12,3)(12,14)(0,14)
Polygon:
(0,0)(4,0)(4,14)(0,14)
Polygon:
(0,0)(28,0)(28,6)(12,6)(12,1)(4,1)(4,11)(0,11)
Polygon:
(0,0)(15,0)(15,11)(7,11)(7,21)(0,21)
Polygon:
(0,0)(14,0)(14,17)(0,17)
Polygon:
(0,0)(2,0)(2,10)(0,10)
Polygon:
(0,0)(17,0)(17,13)(0,13)
Polygon:
(0,0)(16,0)(16,14)(0,14)
Polygon:
(0,0)(7,0)(7,16)(0,16)
Polygon:
(0,0)(24,0)(24,9)(18,9)(18,15)(0,15)
Polygon:
(0,0)(15,0)(15,7)(0,7)
Polygon:
(0,0)(24,0)(24,9)(7,9)(7,11)(0,11)
Polygon:
(0,0)(12,0)(12,9)(0,9)
Polygon:
(0,0)(23,0)(23,2)(6,2)(6,5)(0,5)
Polygon:
(0,0)(11,0)(11,3)(0,3)
Polygon:
(0,0)(17,0)(17,17)(0,17)
Polygon:
(0,0)(8,0)(8,6)(0,6)
Polygon:
(0,0)(21,0)(21,12)(18,12)(18,7)(8,7)(8,16)(0,16)
Polygon:
(0,0)(18,0)(18,11)(0,11)
Polygon:
(0,0)(21,0)(21,5)(13,5)(13,23)(0,23)
Polygon:
(0,0)(8,0)(8,18)(0,18)
Polygon:
(0,0)(6,0)(6,3)(0,3)
Polygon:
(0,0)(33,0)(33,4)(16,4)(16,22)(0,22)
Polygon:
(0,0)(30,0)(30,1)(13,1)(13,19)(0,19)
Polygon:
(0,0)(14,0)(14,10)(9,10)(9,14)(0,14)
Polygon:
(0,0)(7,0)(7,1)(3,1)(3,11)(0,11)
Polygon:
(0,0)(21,0)(21,1)(9,1)(9,15)(0,15)
Polygon:
(0,0)(21,0)(21,4)(12,4)(12,22)(0,22)
Polygon:
(0,0)(7,0)(7,5)(0,5)
Polygon:
(0,0)(12,0)(12,14)(0,14)
Polygon:
(0,0)(11,0)(11,14)(0,14)
Polygon:
(0,0)(11,0)(11,14)(0,14)
Polygon:
(0,0)(17,0)(17,14)(0,14)
Polygon:
(0,0)(7,0)(7,2)(0,2)
Polygon:
(0,0)(5,0)(5,2)(0,2)
Polygon:
(0,0)(32,0)(32,8)(30,8)(30,3)(12,3)(12,14)(0,14)
Polygon:
(0,0)(13,0)(13,2)(0,2)
Polygon:
(0,0)(7,0)(7,2)(0,2)
Polygon:
(0,0)(9,0)(9,9)(0,9)
Polygon:
(0,0)(4,0)(4,11)(0,11)
Polygon:
(0,0)(31,0)(31,20)(20,20)(20,15)(4,15)(4,16)(0,16)
Polygon:
(0,0)(16,0)(16,16)(0,16)
Polygon:
(0,0)(16,0)(16,1)(0,1)
Polygon:
(0,0)(17,0)(17,18)(6,18)(6,20)(0,20)
Polygon:
(0,0)(14,0)(14,16)(0,16)
Polygon:
(0,0)(15,0)(15,16)(0,16)
Polygon:
(0,0)(19,0)(19,15)(2,15)(2,17)(0,17)
Polygon:
(0,0)(12,0)(12,12)(0,12)
Polygon:
(0,0)(27,0)(27,18)(11,18)(11,29)(0,29)
Polygon:
(0,0)(7,0)(7,1)(2,1)(2,9)(0,9)
Polygon:
(0,0)(12,0)(12,14)(0,14)
Polygon:
(0,0)(8,0)(8,12)(6,12)(6,15)(0,15)
Polygon:
(0,0)(23,0)(23,17)(16,17)(16,33)(0,33)
Polygon:
(0,0)(1,0)(1,15)(0,15)
Polygon:
(0,0)(27,0)(27,5)(13,5)(13,15)(0,15)
Polygon:
(0,0)(1,0)(1,6)(0,6)
Polygon:
(0,0)(21,0)(21,4)(15,4)(15,16)(0,16)
Polygon:
(0,0)(5,0)(5,8)(0,8)
Polygon:
(0,0)(16,0)(16,4)(0,4)
Polygon:
(0,0)(8,0)(8,6)(0,6)
Polygon:
(0,0)(15,0)(15,7)(0,7)
Polygon:
(0,0)(20,0)(20,20)(15,20)(15,3)(14,3)(14,5)(0,5)
Polygon:
(0,0)(4,0)(4,16)(0,16)
Polygon:
(0,0)(3,0)(3,1)(0,1)
Polygon:
(0,0)(6,0)(6,5)(5,5)(5,10)(0,10)
Polygon:
(0,0)(16,0)(16,8)(0,8)
Polygon:
(0,0)(14,0)(14,9)(0,9)
Polygon:
(0,0)(11,0)(11,6)(0,6)
Polygon:
(0,0)(19,0)(19,6)(14,6)(14,13)(0,13)
Polygon:
(0,0)(5,0)(5,13)(2,13)(2,31)(0,31)
Polygon:
(0,0)(23,0)(23,23)(17,23)(17,15)(9,15)(9,16)(0,16)
Polygon:
(0,0)(13,0)(13,6)(0,6)
Polygon:
(0,0)(31,0)(31,10)(17,10)(17,19)(0,19)
Polygon:
(0,0)(16,0)(16,14)(0,14)
Polygon:
(0,0)(3,0)(3,8)(0,8)
Polygon:
(0,0)(14,0)(14,13)(0,13)
Polygon:
(0,0)(23,0)(23,14)(16,14)(16,23)(0,23)
Polygon:
(0,0)(3,0)(3,10)(0,10)
Polygon:
(0,0)(1,0)(1,3)(0,3)
Polygon:
(0,0)(13,0)(13,5)(0,5)
Polygon:
(0,0)(22,0)(22,7)(8,7)(8,14)(0,14)
Polygon:
(0,0)(7,0)(7,4)(0,4)
Polygon:
(0,0)(1,0)(1,8)(0,8)
Polygon:
(0,0)(2,0)(2,12)(0,12)
Polygon:
(0,0)(37,0)(37,19)(19,19)(19,4)(17,4)(17,9)(0,9)
Polygon:
(0,0)(10,0)(10,17)(0,17)
Polygon:
(0,0)(13,0)(13,3)(0,3)
Polygon:
(0,0)(33,0)(33,11)(17,11)(17,28)(0,28)
Polygon:
(0,0)(13,0)(13,9)(5,9)(5,13)(0,13)
Polygon:
(0,0)(18,0)(18,5)(10,5)(10,13)(0,13)
Polygon:
(0,0)(14,0)(14,12)(0,12)
Polygon:
(0,0)(2,0)(2,7)(0,7)
Polygon:
(0,0)(4,0)(4,4)(0,4)
Polygon:
(0,0)(9,0)(9,6)(0,6)
Polygon:
(0,0)(15,0)(15,9)(0,9)
Polygon:
(0,0)(21,0)(21,1)(3,1)(3,6)(0,6)
Polygon:
(0,0)(13,0)(13,18)(0,18)
Polygon:
(0,0)(13,0)(13,14)(0,14)
Polygon:
(0,0)(13,0)(13,9)(0,9)
Polygon:
(0,0)(27,0)(27,11)(13,11)(13,16)(0,16)
Polygon:
(0,0)(21,0)(21,4)(13,4)(13,1)(6,1)(6,9)(0,9)
Polygon:
(0,0)(24,0)(24,23)(6,23)(6,8)(2,8)(2,9)(0,9)
Polygon:
(0,0)(36,0)(36,10)(20,10)(20,5)(8,5)(8,7)(0,7)
Polygon:
(0,0)(17,0)(17,11)(0,11)
Polygon:
(0,0)(4,0)(4,8)(0,8)
Polygon:
(0,0)(19,0)(19,12)(18,12)(18,20)(0,20)
Polygon:
(0,0)(16,0)(16,12)(0,12)
Polygon:
(0,0)(43,0)(43,8)(28,8)(28,2)(11,2)(11,7)(0,7)
Polygon:
(0,0)(19,0)(19,7)(2,7)(2,10)(0,10)
Polygon:
(0,0)(23,0)(23,7)(10,7)(10,17)(0,17)
Polygon:
(0,0)(5,0)(5,16)(0,16)
Polygon:
(0,0)(32,0)(32,14)(17,14)(17,15)(0,15)
Polygon:
(0,0)(14,0)(14,16)(13,16)(13,9)(10,9)(10,17)(0,17)
Polygon:
(0,0)(18,0)(18,8)(0,8)
Polygon:
(0,0)(22,0)(22,10)(16,10)(16,21)(0,21)
Polygon:
(0,0)(5,0)(5,7)(0,7)
Polygon:
(0,0)(17,0)(17,5)(0,5)
Polygon:
(0,0)(17,0)(17,10)(1,10)(1,28)(0,28)
Polygon:
(0,0)(12,0)(12,10)(0,10)
Polygon:
(0,0)(12,0)(12,8)(0,8)
Polygon:
(0,0)(9,0)(9,7)(0,7)
Polygon:
(0,0)(4,0)(4,11)(0,11)
Polygon:
(0,0)(2,0)(2,10)(0,10)
Polygon:
(0,0)(17,0)(17,3)(0,3)
Polygon:
(0,0)(12,0)(12,5)(0,5)
Polygon:
(0,0)(18,0)(18,10)(0,10)
Polygon:
(0,0)(8,0)(8,5)(5,5)(5,2)(3,2)(3,3)(0,3)
Polygon:
(0,0)(1,0)(1,15)(0,15)
Polygon:
(0,0)(8,0)(8,7)(0,7)
Polygon:
(0,0)(6,0)(6,2)(5,2)(5,5)(0,5)
Polygon:
(0,0)(17,0)(17,6)(3,6)(3,12)(0,12)
Polygon:
(0,0)(11,0)(11,17)(0,17)
Polygon:
(0,0)(12,0)(12,14)(0,14)
Polygon:
(0,0)(19,0)(19,13)(13,13)(13,2)(5,2)(5,6)(0,6)
Polygon:
(0,0)(19,0)(19,1)(14,1)(14,16)(0,16)
Polygon:
(0,0)(25,0)(25,18)(8,18)(8,24)(0,24)
Polygon:
(0,0)(9,0)(9,3)(0,3)
Polygon:
(0,0)(14,0)(14,15)(0,15)
Polygon:
(0,0)(10,0)(10,4)(0,4)
Polygon:
(0,0)(3,0)(3,17)(0,17)
Polygon:
(0,0)(18,0)(18,9)(0,9)
Polygon:
(0,0)(12,0)(12,15)(0,15)
Polygon:
(0,0)(33,0)(33,9)(21,9)(21,2)(5,2)(5,6)(0,6)
Polygon:
(0,0)(5,0)(5,2)(0,2)
Polygon:
(0,0)(19,0)(19,12)(6,12)(6,17)(0,17)
Polygon:
(0,0)(18,0)(18,4)(16,4)(16,12)(0,12)
Polygon:
(0,0)(14,0)(14,7)(0,7)
Polygon:
(0,0)(19,0)(19,16)(17,16)(17,20)(0,20)
Polygon:
(0,0)(28,0)(28,18)(17,18)(17,27)(0,27)
Polygon:
(0,0)(5,0)(5,16)(0,16)
Polygon:
(0,0)(7,0)(7,14)(0,14)
Polygon:
(0,0)(18,0)(18,18)(0,18)
Polygon:
(0,0)(16,0)(16,10)(0,10)
Polygon:
(0,0)(18,0)(18,15)(15,15)(15,19)(0,19)
Polygon:
(0,0)(18,0)(18,4)(15,4)(15,3)(4,3)(4,14)(0,14)
Polygon:
(0,0)(13,0)(13,10)(0,10)
Polygon:
(0,0)(5,0)(5,3)(0,3)
Polygon:
(0,0)(18,0)(18,15)(0,15)
Polygon:
(0,0)(13,0)(13,3)(0,3)
Polygon:
(0,0)(17,0)(17,4)(0,4)
Polygon:
(0,0)(40,0)(40,11)(29,11)(29,2)(16,2)(16,5)(0,5)
Polygon:
(0,0)(14,0)(14,15)(0,15)
Polygon:
(0,0)(37,0)(37,6)(20,6)(20,2)(15,2)(15,4)(0,4)
Polygon:
(0,0)(5,0)(5,5)(0,5)
Polygon:
(0,0)(29,0)(29,9)(15,9)(15,1)(12,1)(12,16)(0,16)
Polygon:
(0,0)(38,0)(38,13)(21,13)(21,1)(18,1)(18,7)(0,7)
Polygon:
(0,0)(26,0)(26,13)(18,13)(18,29)(0,29)
Polygon:
(0,0)(9,0)(9,3)(0,3)
Polygon:
(0,0)(16,0)(16,14)(12,14)(12,24)(0,24)
Polygon:
(0,0)(11,0)(11,10)(0,10)
Polygon:
(0,0)(9,0)(9,8)(0,8)
Polygon:
(0,0)(18,0)(18,3)(17,3)(17,18)(0,18)
Polygon:
(0,0)(20,0)(20,9)(11,9)(11,24)(0,24)
Polygon:
(0,0)(10,0)(10,18)(0,18)
Polygon:
(0,0)(12,0)(12,3)(0,3)
Polygon:
(0,0)(38,0)(38,16)(23,16)(23,11)(14,11)(14,18)(0,18)
Polygon:
(0,0)(5,0)(5,15)(0,15)
Polygon:
(0,0)(3,0)(3,12)(0,12)
Polygon:
(0,0)(26,0)(26,16)(18,16)(18,27)(0,27)
Polygon:
(0,0)(23,0)(23,11)(21,11)(21,5)(12,5)(12,17)(0,17)
Polygon:
(0,0)(25,0)(25,12)(8,12)(8,1)(4,1)(4,10)(0,10)
Polygon:
(0,0)(30,0)(30,17)(17,17)(17,26)(0,26)
Polygon:
(0,0)(8,0)(8,18)(0,18)
Polygon:
(0,0)(8,0)(8,3)(0,3)
Polygon:
(0,0)(4,0)(4,12)(0,12)
Polygon:
(0,0)(36,0)(36,7)(21,7)(21,1)(15,1)(15,6)(0,6)
Polygon:
(0,0)(8,0)(8,13)(0,13)
Polygon:
(0,0)(29,0)(29,3)(26,3)(26,2)(17,2)(17,3)(0,3)
Polygon:
(0,0)(29,0)(29,7)(16,7)(16,18)(0,18)
Polygon:
(0,0)(6,0)(6,14)(0,14)
Polygon:
(0,0)(1,0)(1,11)(0,11)
Polygon:
(0,0)(20,0)(20,7)(4,7)(4,13)(0,13)
Polygon:
(0,0)(8,0)(8,2)(0,2)
Polygon:
(0,0)(7,0)(7,7)(5,7)(5,10)(0,10)
Polygon:
(0,0)(24,0)(24,2)(12,2)(12,6)(0,6)
Polygon:
(0,0)(3,0)(3,13)(0,13)
Polygon:
(0,0)(9,0)(9,14)(0,14)
Polygon:
(0,0)(2,0)(2,17)(0,17)
Polygon:
(0,0)(23,0)(23,16)(13,16)(13,18)(0,18)
Polygon:
(0,0)(30,0)(30,15)(14,15)(14,8)(7,8)(7,12)(0,12)
Polygon:
(0,0)(42,0)(42,7)(25,7)(25,4)(7,4)(7,5)(0,5)
Polygon:
(0,0)(25,0)(25,29)(9,29)(9,14)(1,14)(1,15)(0,15)
Polygon:
(0,0)(19,0)(19,7)(9,7)(9,12)(0,12)
Polygon:
(0,0)(18,0)(18,13)(0,13)
Polygon:
(0,0)(12,0)(12,2)(7,2)(7,20)(0,20)
Polygon:
(0,0)(34,0)(34,11)(19,11)(19,7)(17,7)(17,10)(0,10)
Polygon:
(0,0)(10,0)(10,8)(0,8)
Polygon:
(0,0)(4,0)(4,15)(0,15)
Polygon:
(0,0)(12,0)(12,4)(3,4)(3,8)(0,8)
Polygon:
(0,0)(3,0)(3,3)(0,3)
Polygon:
(0,0)(30,0)(30,3)(12,3)(12,9)(0,9)
Polygon:
(0,0)(30,0)(30,15)(25,15)(25,3)(11,3)(11,7)(0,7)
Polygon:
(0,0)(4,0)(4,9)(0,9)
Polygon:
(0,0)(13,0)(13,13)(12,13)(12,14)(0,14)
Polygon:
(0,0)(16,0)(16,18)(13,18)(13,5)(10,5)(10,11)(0,11)
Polygon:
(0,0)(13,0)(13,9)(0,9)
Polygon:
(0,0)(16,0)(16,6)(0,6)
Polygon:
(0,0)(10,0)(10,7)(7,7)(7,19)(0,19)
Polygon:
(0,0)(15,0)(15,10)(6,10)(6,26)(0,26)
Polygon:
(0,0)(10,0)(10,3)(0,3)
Polygon:
(0,0)(6,0)(6,1)(2,1)(2,3)(0,3)
Polygon:
(0,0)(14,0)(14,21)(6,21)(6,3)(5,3)(5,11)(0,11)
Polygon:
(0,0)(2,0)(2,5)(0,5)
Polygon:
(0,0)(18,0)(18,10)(0,10)
Polygon:
(0,0)(13,0)(13,1)(0,1)
Polygon:
(0,0)(2,0)(2,12)(0,12)
Polygon:
(0,0)(17,0)(17,5)(0,5)
Polygon:
(0,0)(7,0)(7,16)(6,16)(6,28)(0,28)
Polygon:
(0,0)(30,0)(30,5)(17,5)(17,11)(0,11)
Polygon:
(0,0)(11,0)(11,11)(0,11)
Polygon:
(0,0)(11,0)(11,4)(0,4)
Polygon:
(0,0)(11,0)(11,8)(0,8)
Polygon:
(0,0)(22,0)(22,4)(7,4)(7,6)(0,6)
Polygon:
(0,0)(24,0)(24,12)(18,12)(18,13)(0,13)
Polygon:
(0,0)(15,0)(15,10)(0,10)
Polygon:
(0,0)(10,0)(10,17)(8,17)(8,18)(0,18)
Polygon:
(0,0)(6,0)(6,12)(0,12)
Polygon:
(0,0)(15,0)(15,13)(0,13)
Polygon:
(0,0)(9,0)(9,16)(0,16)
Polygon:
(0,0)(16,0)(16,11)(0,11)
Polygon:
(0,0)(25,0)(25,11)(10,11)(10,29)(0,29)
Polygon:
(0,0)(34,0)(34,8)(23,8)(23,7)(17,7)(17,13)(0,13)
Polygon:
(0,0)(10,0)(10,12)(5,12)(5,18)(0,18)
Polygon:
(0,0)(16,0)(16,2)(0,2)
Polygon:
(0,0)(9,0)(9,10)(0,10)
Polygon:
(0,0)(11,0)(11,4)(0,4)
Polygon:
(0,0)(25,0)(25,8)(15,8)(15,9)(0,9)
Polygon:
(0,0)(26,0)(26,2)(9,2)(9,11)(0,11)
Polygon:
(0,0)(18,0)(18,8)(0,8)
Polygon:
(0,0)(3,0)(3,15)(0,15)
Polygon:
(0,0)(32,0)(32,4)(16,4)(16,10)(0,10)
Polygon:
(0,0)(4,0)(4,2)(0,2)
Polygon:
(0,0)(15,0)(15,16)(0,16)
Polygon:
(0,0)(17,0)(17,18)(0,18)
Polygon:
(0,0)(28,0)(28,5)(12,5)(12,14)(0,14)
Polygon:
(0,0)(14,0)(14,9)(0,9)
Polygon:
(0,0)(25,0)(25,8)(22,8)(22,4)(18,4)(18,8)(0,8)
Polygon:
(0,0)(20,0)(20,18)(3,18)(3,26)(0,26)
Polygon:
(0,0)(1,0)(1,14)(0,14)
Polygon:
(0,0)(12,0)(12,11)(0,11)
Polygon:
(0,0)(6,0)(6,1)(0,1)
Polygon:
(0,0)(9,0)(9,14)(6,14)(6,9)(1,9)(1,13)(0,13)
Polygon:
(0,0)(10,0)(10,8)(0,8)
Polygon:
(0,0)(44,0)(44,12)(28,12)(28,6)(13,6)(13,9)(0,9)
Polygon:
(0,0)(13,0)(13,5)(0,5)
Polygon:
(0,0)(18,0)(18,1)(0,1)
Polygon:
(0,0)(9,0)(9,7)(0,7)
Polygon:
(0,0)(4,0)(4,5)(0,5)
Polygon:
(0,0)(13,0)(13,9)(0,9)
Polygon:
(0,0)(41,0)(41,14)(24,14)(24,1)(14,1)(14,14)(0,14)
Polygon:
(0,0)(20,0)(20,7)(5,7)(5,18)(0,18)
Polygon:
(0,0)(28,0)(28,26)(20,26)(20,13)(13,13)(13,15)(0,15)
Polygon:
(0,0)(10,0)(10,11)(0,11)
Polygon:
(0,0)(15,0)(15,11)(0,11)
Polygon:
(0,0)(7,0)(7,13)(0,13)
Polygon:
(0,0)(25,0)(25,17)(9,17)(9,24)(0,24)
Polygon:
(0,0)(3,0)(3,11)(0,11)
Polygon:
(0,0)(39,0)(39,14)(22,14)(22,3)(14,3)(14,17)(0,17)
Polygon:
(0,0)(21,0)(21,11)(10,11)(10,28)(0,28)
Polygon:
(0,0)(11,0)(11,1)(0,1)
Polygon:
(0,0)(25,0)(25,12)(20,12)(20,4)(10,4)(10,16)(0,16)
Polygon:
(0,0)(30,0)(30,8)(13,8)(13,16)(0,16)
Polygon:
(0,0)(16,0)(16,1)(0,1)
Polygon:
(0,0)(14,0)(14,8)(0,8)
Polygon:
(0,0)(12,0)(12,12)(7,12)(7,3)(1,3)(1,11)(0,11)
Polygon:
(0,0)(2,0)(2,1)(0,1)
Polygon:
(0,0)(21,0)(21,2)(7,2)(7,9)(0,9)
Polygon:
(0,0)(19,0)(19,7)(14,7)(14,11)(0,11)
Polygon:
(0,0)(1,0)(1,9)(0,9)
Polygon:
(0,0)(24,0)(24,11)(17,11)(17,26)(0,26)
Polygon:
(0,0)(3,0)(3,9)(0,9)
Polygon:
(0,0)(17,0)(17,10)(12,10)(12,21)(0,21)
Polygon:
(0,0)(3,0)(3,8)(0,8)
Polygon:
(0,0)(9,0)(9,15)(0,15)
Polygon:
(0,0)(19,0)(19,14)(13,14)(13,28)(0,28)
Polygon:
(0,0)(18,0)(18,17)(2,17)(2,22)(0,22)
Polygon:
(0,0)(12,0)(12,18)(0,18)
Polygon:
(0,0)(13,0)(13,8)(5,8)(5,24)(0,24)
Polygon:
(0,0)(35,0)(35,12)(18,12)(18,16)(0,16)
Polygon:
(0,0)(4,0)(4,14)(0,14)
Polygon:
(0,0)(9,0)(9,16)(0,16)
Polygon:
(0,0)(15,0)(15,11)(0,11)
Polygon:
(0,0)(3,0)(3,14)(0,14)
Polygon:
(0,0)(26,0)(26,9)(18,9)(18,19)(0,19)
Polygon:
(0,0)(6,0)(6,16)(0,16)
Polygon:
(0,0)(17,0)(17,4)(0,4)
Polygon:
(0,0)(14,0)(14,22)(9,22)(9,5)(1,5)(1,15)(0,15)
Polygon:
(0,0)(11,0)(11,11)(10,11)(10,28)(0,28)
