Polygon:
(0,0)(26,0)(26,3)(18,3)(18,18)(11,18)(11,5)(0,5)
Polygon:
(0,0)(26,0)(26,23)(14,23)(14,28)(8,28)(8,18)(0,18)
Polygon:
(0,0)(32,0)(32,17)(20,17)(20,27)(4,27)(4,16)(0,16)
Polygon:
(0,0)(37,0)(37,15)(25,15)(25,16)(13,16)(13,5)(0,5)
Polygon:
(0,0)(46,0)(46,13)(34,13)(34,28)(16,28)(16,18)(0,18)
Polygon:
(0,0)(17,0)(17,2)(13,2)(13,3)(9,3)(9,2)(0,2)
Polygon:
(0,0)(24,0)(24,13)(22,13)(22,26)(4,26)(4,9)(0,9)
Polygon:
(0,0)(32,0)(32,14)(16,14)(16,27)(1,27)(1,10)(0,10)
Polygon:
(0,0)(34,0)(34,21)(21,21)(21,26)(3,26)(3,11)(0,11)
Polygon:
(0,0)(25,0)(25,16)(23,16)(23,21)(11,21)(11,11)(0,11)
Polygon:
(0,0)(17,0)(17,10)(13,10)(13,21)(7,21)(7,4)(0,4)
Polygon:
(0,0)(9,0)(9,9)(6,9)(6,26)(1,26)(1,9)(0,9)
Polygon:
(0,0)(21,0)(21,12)(18,12)(18,13)(10,13)(10,1)(0,1)
Polygon:
(0,0)(15,0)(15,6)(13,6)(13,12)(5,12)(5,10)(0,10)
Polygon:
(0,0)(19,0)(19,3)(18,3)(18,10)(15,10)(15,8)(0,8)
Polygon:
(0,0)(24,0)(24,2)(23,2)(23,20)(17,20)(17,18)(0,18)
Polygon:
(0,0)(11,0)(11,19)(9,19)(9,30)(6,30)(6,12)(0,12)
Polygon:
(0,0)(33,0)(33,15)(16,15)(16,25)(9,25)(9,8)(0,8)
Polygon:
(0,0)(41,0)(41,10)(29,10)(29,13)(14,13)(14,3)(0,3)
Polygon:
(0,0)(26,0)(26,2)(20,2)(20,12)(12,12)(12,11)(0,11)
Polygon:
(0,0)(27,0)(27,6)(22,6)(22,9)(13,9)(13,3)(0,3)
Polygon:
(0,0)(14,0)(14,21)(13,21)(13,23)(12,23)(12,8)(0,8)
Polygon:
(0,0)(31,0)(31,12)(23,12)(23,28)(16,28)(16,10)(0,10)
Polygon:
(0,0)(37,0)(37,3)(33,3)(33,14)(17,14)(17,2)(0,2)
Polygon:
(0,0)(25,0)(25,23)(18,23)(18,29)(1,29)(1,14)(0,14)
Polygon:
(0,0)(13,0)(13,10)(11,10)(11,20)(2,20)(2,9)(0,9)
Polygon:
(0,0)(25,0)(25,15)(14,15)(14,29)(10,29)(10,14)(0,14)
Polygon:
(0,0)(37,0)(37,16)(25,16)(25,17)(12,17)(12,7)(0,7)
Polygon:
(0,0)(18,0)(18,4)(13,4)(13,16)(4,16)(4,4)(0,4)
Polygon:
(0,0)(15,0)(15,11)(10,11)(10,12)(4,12)(4,2)(0,2)
Polygon:
(0,0)(28,0)(28,12)(21,12)(21,22)(4,22)(4,18)(0,18)
Polygon:
(0,0)(21,0)(21,9)(19,9)(19,20)(16,20)(16,4)(0,4)
Polygon:
(0,0)(18,0)(18,1)(3,1)(3,7)(1,7)(1,1)(0,1)
Polygon:
(0,0)(35,0)(35,9)(24,9)(24,12)(17,12)(17,1)(0,1)
Polygon:
(0,0)(24,0)(24,11)(23,11)(23,21)(14,21)(14,4)(0,4)
Polygon:
(0,0)(34,0)(34,2)(27,2)(27,8)(13,8)(13,1)(0,1)
Polygon:
(0,0)(25,0)(25,19)(23,19)(23,21)(18,21)(18,7)(0,7)
Polygon:
(0,0)(20,0)(20,13)(10,13)(10,19)(9,19)(9,9)(0,9)
Polygon:
(0,0)(17,0)(17,5)(11,5)(11,12)(10,12)(10,3)(0,3)
Polygon:
(0,0)(15,0)(15,20)(11,20)(11,35)(8,35)(8,18)(0,18)
Polygon:
(0,0)(26,0)(26,16)(16,16)(16,20)(8,20)(8,2)(0,2)
Polygon:
(0,0)(30,0)(30,16)(25,16)(25,18)(15,18)(15,13)(0,13)
Polygon:
(0,0)(20,0)(20,15)(4,15)(4,29)(2,29)(2,17)(0,17)
Polygon:
(0,0)(30,0)(30,7)(20,7)(20,12)(5,12)(5,7)(0,7)
Polygon:
(0,0)(34,0)(34,2)(31,2)(31,16)(18,16)(18,9)(0,9)
Polygon:
(0,0)(33,0)(33,10)(23,10)(23,12)(11,12)(11,6)(0,6)
Polygon:
(0,0)(26,0)(26,19)(11,19)(11,24)(6,24)(6,7)(0,7)
Polygon:
(0,0)(25,0)(25,23)(21,23)(21,28)(4,28)(4,13)(0,13)
Polygon:
(0,0)(26,0)(26,17)(25,17)(25,25)(14,25)(14,8)(0,8)
Polygon:
(0,0)(25,0)(25,7)(24,7)(24,18)(13,18)(13,2)(0,2)
Polygon:
(0,0)(33,0)(33,3)(31,3)(31,17)(17,17)(17,15)(0,15)
Polygon:
(0,0)(44,0)(44,12)(27,12)(27,24)(16,24)(16,6)(0,6)
Polygon:
(0,0)(22,0)(22,14)(9,14)(9,16)(8,16)(8,7)(0,7)
Polygon:
(0,0)(40,0)(40,25)(27,25)(27,26)(10,26)(10,13)(0,13)
Polygon:
(0,0)(8,0)(8,14)(7,14)(7,27)(6,27)(6,9)(0,9)
Polygon:
(0,0)(35,0)(35,12)(18,12)(18,15)(2,15)(2,1)(0,1)
Polygon:
(0,0)(41,0)(41,18)(33,18)(33,25)(18,25)(18,9)(0,9)
Polygon:
(0,0)(34,0)(34,16)(18,16)(18,24)(12,24)(12,10)(0,10)
Polygon:
(0,0)(23,0)(23,24)(21,24)(21,30)(6,30)(6,13)(0,13)
Polygon:
(0,0)(26,0)(26,11)(16,11)(16,25)(14,25)(14,7)(0,7)
Polygon:
(0,0)(22,0)(22,1)(20,1)(20,19)(6,19)(6,12)(0,12)
Polygon:
(0,0)(25,0)(25,21)(17,21)(17,29)(9,29)(9,12)(0,12)
Polygon:
(0,0)(42,0)(42,20)(25,20)(25,30)(8,30)(8,16)(0,16)
Polygon:
(0,0)(27,0)(27,6)(10,6)(10,10)(5,10)(5,3)(0,3)
Polygon:
(0,0)(13,0)(13,22)(11,22)(11,26)(1,26)(1,10)(0,10)
Polygon:
(0,0)(22,0)(22,6)(21,6)(21,22)(12,22)(12,5)(0,5)
Polygon:
(0,0)(24,0)(24,13)(16,13)(16,23)(14,23)(14,15)(0,15)
Polygon:
(0,0)(33,0)(33,8)(27,8)(27,20)(14,20)(14,8)(0,8)
Polygon:
(0,0)(34,0)(34,7)(24,7)(24,15)(15,15)(15,12)(0,12)
Polygon:
(0,0)(21,0)(21,7)(16,7)(16,24)(4,24)(4,6)(0,6)
Polygon:
(0,0)(18,0)(18,17)(16,17)(16,18)(12,18)(12,9)(0,9)
Polygon:
(0,0)(24,0)(24,8)(23,8)(23,12)(5,12)(5,8)(0,8)
Polygon:
(0,0)(37,0)(37,20)(26,20)(26,26)(17,26)(17,18)(0,18)
Polygon:
(0,0)(25,0)(25,6)(15,6)(15,21)(10,21)(10,3)(0,3)
Polygon:
(0,0)(25,0)(25,4)(8,4)(8,12)(3,12)(3,3)(0,3)
Polygon:
(0,0)(32,0)(32,6)(23,6)(23,8)(17,8)(17,7)(0,7)
Polygon:
(0,0)(21,0)(21,2)(14,2)(14,19)(12,19)(12,2)(0,2)
Polygon:
(0,0)(17,0)(17,4)(15,4)(15,20)(5,20)(5,17)(0,17)
Polygon:
(0,0)(30,0)(30,17)(22,17)(22,20)(5,20)(5,7)(0,7)
Polygon:
(0,0)(22,0)(22,5)(20,5)(20,22)(8,22)(8,6)(0,6)
Polygon:
(0,0)(39,0)(39,25)(25,25)(25,30)(12,30)(12,14)(0,14)
Polygon:
(0,0)(38,0)(38,15)(24,15)(24,19)(18,19)(18,9)(0,9)
Polygon:
(0,0)(27,0)(27,12)(19,12)(19,22)(4,22)(4,5)(0,5)
Polygon:
(0,0)(33,0)(33,12)(19,12)(19,24)(12,24)(12,8)(0,8)
Polygon:
(0,0)(40,0)(40,14)(30,14)(30,16)(12,16)(12,3)(0,3)
Polygon:
(0,0)(28,0)(28,21)(11,21)(11,32)(3,32)(3,14)(0,14)
Polygon:
(0,0)(27,0)(27,12)(26,12)(26,26)(13,26)(13,9)(0,9)
Polygon:
(0,0)(32,0)(32,13)(24,13)(24,26)(13,26)(13,16)(0,16)
Polygon:
(0,0)(22,0)(22,8)(13,8)(13,16)(1,16)(1,11)(0,11)
Polygon:
(0,0)(33,0)(33,5)(17,5)(17,18)(4,18)(4,14)(0,14)
Polygon:
(0,0)(27,0)(27,13)(22,13)(22,21)(9,21)(9,16)(0,16)
Polygon:
(0,0)(34,0)(34,9)(21,9)(21,24)(13,24)(13,7)(0,7)
Polygon:
(0,0)(31,0)(31,7)(14,7)(14,17)(3,17)(3,3)(0,3)
Polygon:
(0,0)(36,0)(36,4)(24,4)(24,14)(15,14)(15,13)(0,13)
Polygon:
(0,0)(20,0)(20,20)(17,20)(17,21)(13,21)(13,7)(0,7)
Polygon:
(0,0)(20,0)(20,16)(19,16)(19,19)(16,19)(16,7)(0,7)
Polygon:
(0,0)(25,0)(25,14)(13,14)(13,19)(8,19)(8,10)(0,10)
Polygon:
(0,0)(13,0)(13,13)(12,13)(12,14)(2,14)(2,2)(0,2)
Polygon:
(0,0)(21,0)(21,16)(19,16)(19,31)(13,31)(13,18)(0,18)
Polygon:
(0,0)(35,0)(35,10)(27,10)(27,19)(18,19)(18,3)(0,3)
Polygon:
(0,0)(30,0)(30,4)(15,4)(15,13)(2,13)(2,10)(0,10)
Polygon:
(0,0)(43,0)(43,23)(29,23)(29,27)(12,27)(12,14)(0,14)
Polygon:
(0,0)(22,0)(22,10)(20,10)(20,19)(2,19)(2,7)(0,7)
Polygon:
(0,0)(27,0)(27,7)(22,7)(22,8)(7,8)(7,7)(0,7)
Polygon:
(0,0)(17,0)(17,10)(11,10)(11,20)(4,20)(4,2)(0,2)
Polygon:
(0,0)(32,0)(32,18)(19,18)(19,35)(17,35)(17,18)(0,18)
Polygon:
(0,0)(31,0)(31,3)(14,3)(14,17)(6,17)(6,3)(0,3)
Polygon:
(0,0)(38,0)(38,21)(34,21)(34,23)(16,23)(16,14)(0,14)
Polygon:
(0,0)(31,0)(31,4)(20,4)(20,13)(4,13)(4,9)(0,9)
Polygon:
(0,0)(41,0)(41,7)(36,7)(36,23)(18,23)(18,9)(0,9)
Polygon:
(0,0)(28,0)(28,10)(26,10)(26,13)(10,13)(10,1)(0,1)
Polygon:
(0,0)(16,0)(16,18)(11,18)(11,20)(7,20)(7,13)(0,13)
Polygon:
(0,0)(34,0)(34,15)(21,15)(21,21)(18,21)(18,6)(0,6)
Polygon:
(0,0)(25,0)(25,12)(21,12)(21,29)(6,29)(6,16)(0,16)
Polygon:
(0,0)(36,0)(36,16)(22,16)(22,31)(17,31)(17,16)(0,16)
Polygon:
(0,0)(15,0)(15,15)(7,15)(7,19)(6,19)(6,7)(0,7)
Polygon:
(0,0)(32,0)(32,15)(14,15)(14,24)(10,24)(10,9)(0,9)
Polygon:
(0,0)(30,0)(30,11)(29,11)(29,18)(16,18)(16,1)(0,1)
Polygon:
(0,0)(21,0)(21,13)(15,13)(15,15)(3,15)(3,1)(0,1)
Polygon:
(0,0)(30,0)(30,28)(15,28)(15,31)(7,31)(7,13)(0,13)
Polygon:
(0,0)(48,0)(48,5)(31,5)(31,15)(14,15)(14,5)(0,5)
Polygon:
(0,0)(24,0)(24,9)(16,9)(16,20)(7,20)(7,4)(0,4)
Polygon:
(0,0)(23,0)(23,15)(16,15)(16,31)(4,31)(4,13)(0,13)
Polygon:
(0,0)(25,0)(25,6)(14,6)(14,19)(10,19)(10,17)(0,17)
Polygon:
(0,0)(38,0)(38,15)(30,15)(30,17)(18,17)(18,3)(0,3)
Polygon:
(0,0)(37,0)(37,10)(19,10)(19,11)(18,11)(18,5)(0,5)
Polygon:
(0,0)(37,0)(37,16)(30,16)(30,18)(14,18)(14,1)(0,1)
Polygon:
(0,0)(31,0)(31,8)(17,8)(17,17)(4,17)(4,10)(0,10)
Polygon:
(0,0)(31,0)(31,20)(22,20)(22,22)(10,22)(10,8)(0,8)
Polygon:
(0,0)(16,0)(16,20)(3,20)(3,25)(2,25)(2,8)(0,8)
Polygon:
(0,0)(42,0)(42,11)(30,11)(30,13)(16,13)(16,9)(0,9)
Polygon:
(0,0)(13,0)(13,16)(10,16)(10,21)(2,21)(2,4)(0,4)
Polygon:
(0,0)(29,0)(29,10)(17,10)(17,16)(8,16)(8,15)(0,15)
Polygon:
(0,0)(31,0)(31,2)(18,2)(18,18)(3,18)(3,12)(0,12)
Polygon:
(0,0)(31,0)(31,7)(21,7)(21,15)(15,15)(15,2)(0,2)
Polygon:
(0,0)(22,0)(22,21)(21,21)(21,25)(14,25)(14,10)(0,10)
Polygon:
(0,0)(14,0)(14,8)(12,8)(12,15)(2,15)(2,13)(0,13)
Polygon:
(0,0)(30,0)(30,11)(29,11)(29,23)(13,23)(13,15)(0,15)
Polygon:
(0,0)(37,0)(37,22)(30,22)(30,29)(17,29)(17,18)(0,18)
Polygon:
(0,0)(41,0)(41,11)(25,11)(25,18)(10,18)(10,5)(0,5)
Polygon:
(0,0)(41,0)(41,13)(25,13)(25,16)(12,16)(12,2)(0,2)
Polygon:
(0,0)(43,0)(43,2)(33,2)(33,5)(15,5)(15,1)(0,1)
Polygon:
(0,0)(28,0)(28,2)(20,2)(20,16)(15,16)(15,4)(0,4)
Polygon:
(0,0)(22,0)(22,14)(16,14)(16,20)(7,20)(7,3)(0,3)
Polygon:
(0,0)(18,0)(18,12)(16,12)(16,30)(8,30)(8,14)(0,14)
Polygon:
(0,0)(20,0)(20,10)(8,10)(8,16)(3,16)(3,4)(0,4)
Polygon:
(0,0)(44,0)(44,5)(30,5)(30,18)(13,18)(13,1)(0,1)
Polygon:
(0,0)(12,0)(12,24)(9,24)(9,31)(6,31)(6,16)(0,16)
Polygon:
(0,0)(21,0)(21,22)(9,22)(9,29)(3,29)(3,14)(0,14)
Polygon:
(0,0)(20,0)(20,2)(17,2)(17,16)(9,16)(9,5)(0,5)
Polygon:
(0,0)(21,0)(21,6)(18,6)(18,22)(8,22)(8,9)(0,9)
Polygon:
(0,0)(20,0)(20,25)(19,25)(19,26)(14,26)(14,9)(0,9)
Polygon:
(0,0)(24,0)(24,21)(21,21)(21,26)(8,26)(8,10)(0,10)
Polygon:
(0,0)(40,0)(40,11)(26,11)(26,27)(9,27)(9,9)(0,9)
Polygon:
(0,0)(28,0)(28,3)(20,3)(20,6)(4,6)(4,5)(0,5)
Polygon:
(0,0)(28,0)(28,26)(11,26)(11,31)(5,31)(5,17)(0,17)
Polygon:
(0,0)(33,0)(33,17)(17,17)(17,19)(10,19)(10,4)(0,4)
Polygon:
(0,0)(18,0)(18,6)(8,6)(8,14)(6,14)(6,3)(0,3)
Polygon:
(0,0)(21,0)(21,5)(15,5)(15,15)(5,15)(5,1)(0,1)
Polygon:
(0,0)(45,0)(45,14)(29,14)(29,15)(12,15)(12,9)(0,9)
Polygon:
(0,0)(37,0)(37,6)(28,6)(28,19)(13,19)(13,2)(0,2)
Polygon:
(0,0)(28,0)(28,8)(13,8)(13,10)(5,10)(5,1)(0,1)
Polygon:
(0,0)(22,0)(22,14)(14,14)(14,23)(2,23)(2,14)(0,14)
Polygon:
(0,0)(16,0)(16,18)(13,18)(13,26)(2,26)(2,15)(0,15)
Polygon:
(0,0)(32,0)(32,23)(15,23)(15,27)(4,27)(4,10)(0,10)
Polygon:
(0,0)(26,0)(26,9)(19,9)(19,22)(13,22)(13,6)(0,6)
Polygon:
(0,0)(30,0)(30,2)(15,2)(15,12)(5,12)(5,3)(0,3)
Polygon:
(0,0)(43,0)(43,4)(28,4)(28,10)(17,10)(17,7)(0,7)
Polygon:
(0,0)(26,0)(26,14)(23,14)(23,27)(18,27)(18,16)(0,16)
Polygon:
(0,0)(24,0)(24,10)(22,10)(22,18)(18,18)(18,3)(0,3)
Polygon:
(0,0)(27,0)(27,7)(11,7)(11,24)(4,24)(4,17)(0,17)
Polygon:
(0,0)(42,0)(42,14)(24,14)(24,25)(6,25)(6,10)(0,10)
Polygon:
(0,0)(44,0)(44,14)(29,14)(29,23)(18,23)(18,7)(0,7)
Polygon:
(0,0)(34,0)(34,18)(23,18)(23,22)(9,22)(9,8)(0,8)
Polygon:
(0,0)(29,0)(29,9)(11,9)(11,24)(7,24)(7,17)(0,17)
Polygon:
(0,0)(23,0)(23,8)(15,8)(15,19)(4,19)(4,18)(0,18)
Polygon:
(0,0)(43,0)(43,23)(33,23)(33,28)(17,28)(17,16)(0,16)
Polygon:
(0,0)(29,0)(29,6)(21,6)(21,19)(15,19)(15,17)(0,17)
Polygon:
(0,0)(41,0)(41,13)(25,13)(25,17)(12,17)(12,1)(0,1)
Polygon:
(0,0)(8,0)(8,20)(7,20)(7,24)(6,24)(6,11)(0,11)
Polygon:
(0,0)(17,0)(17,28)(11,28)(11,32)(6,32)(6,18)(0,18)
Polygon:
(0,0)(22,0)(22,15)(14,15)(14,32)(8,32)(8,15)(0,15)
Polygon:
(0,0)(11,0)(11,2)(5,2)(5,17)(2,17)(2,7)(0,7)
Polygon:
(0,0)(9,0)(9,18)(7,18)(7,28)(6,28)(6,18)(0,18)
Polygon:
(0,0)(31,0)(31,12)(17,12)(17,24)(3,24)(3,6)(0,6)
Polygon:
(0,0)(39,0)(39,8)(28,8)(28,18)(18,18)(18,3)(0,3)
Polygon:
(0,0)(35,0)(35,4)(19,4)(19,12)(10,12)(10,2)(0,2)
Polygon:
(0,0)(27,0)(27,8)(14,8)(14,9)(8,9)(8,7)(0,7)
Polygon:
(0,0)(40,0)(40,7)(23,7)(23,8)(9,8)(9,2)(0,2)
Polygon:
(0,0)(37,0)(37,12)(22,12)(22,18)(5,18)(5,6)(0,6)
Polygon:
(0,0)(19,0)(19,22)(10,22)(10,28)(7,28)(7,18)(0,18)
Polygon:
(0,0)(24,0)(24,8)(17,8)(17,17)(16,17)(16,2)(0,2)
Polygon:
(0,0)(22,0)(22,13)(14,13)(14,22)(2,22)(2,9)(0,9)
Polygon:
(0,0)(24,0)(24,6)(20,6)(20,19)(18,19)(18,8)(0,8)
Polygon:
(0,0)(15,0)(15,23)(10,23)(10,24)(3,24)(3,6)(0,6)
Polygon:
(0,0)(28,0)(28,4)(13,4)(13,15)(11,15)(11,7)(0,7)
Polygon:
(0,0)(26,0)(26,13)(19,13)(19,25)(12,25)(12,12)(0,12)
Polygon:
(0,0)(27,0)(27,4)(17,4)(17,18)(3,18)(3,14)(0,14)
Polygon:
(0,0)(35,0)(35,7)(34,7)(34,22)(17,22)(17,8)(0,8)
Polygon:
(0,0)(16,0)(16,5)(15,5)(15,15)(11,15)(11,1)(0,1)
Polygon:
(0,0)(32,0)(32,14)(22,14)(22,16)(10,16)(10,10)(0,10)
Polygon:
(0,0)(41,0)(41,8)(29,8)(29,17)(12,17)(12,2)(0,2)
Polygon:
(0,0)(36,0)(36,15)(27,15)(27,25)(9,25)(9,9)(0,9)
Polygon:
(0,0)(38,0)(38,3)(21,3)(21,21)(6,21)(6,18)(0,18)
Polygon:
(0,0)(39,0)(39,4)(27,4)(27,19)(9,19)(9,1)(0,1)
Polygon:
(0,0)(38,0)(38,13)(21,13)(21,14)(7,14)(7,7)(0,7)
Polygon:
(0,0)(18,0)(18,1)(12,1)(12,3)(7,3)(7,2)(0,2)
Polygon:
(0,0)(29,0)(29,1)(15,1)(15,19)(1,19)(1,8)(0,8)
Polygon:
(0,0)(34,0)(34,25)(18,25)(18,27)(12,27)(12,14)(0,14)
Polygon:
(0,0)(41,0)(41,16)(26,16)(26,22)(10,22)(10,15)(0,15)
Polygon:
(0,0)(25,0)(25,22)(17,22)(17,28)(10,28)(10,15)(0,15)
Polygon:
(0,0)(25,0)(25,14)(20,14)(20,25)(18,25)(18,14)(0,14)
Polygon:
(0,0)(46,0)(46,11)(35,11)(35,14)(17,14)(17,5)(0,5)
Polygon:
(0,0)(19,0)(19,3)(12,3)(12,4)(7,4)(7,1)(0,1)
Polygon:
(0,0)(22,0)(22,8)(15,8)(15,22)(14,22)(14,13)(0,13)
Polygon:
(0,0)(38,0)(38,15)(22,15)(22,28)(17,28)(17,13)(0,13)
Polygon:
(0,0)(17,0)(17,7)(8,7)(8,15)(4,15)(4,9)(0,9)
Polygon:
(0,0)(36,0)(36,3)(24,3)(24,21)(6,21)(6,4)(0,4)
Polygon:
(0,0)(13,0)(13,3)(3,3)(3,14)(1,14)(1,9)(0,9)
Polygon:
(0,0)(29,0)(29,7)(18,7)(18,25)(4,25)(4,9)(0,9)
Polygon:
(0,0)(12,0)(12,12)(9,12)(9,20)(4,20)(4,11)(0,11)
Polygon:
(0,0)(23,0)(23,2)(5,2)(5,19)(1,19)(1,15)(0,15)
Polygon:
(0,0)(13,0)(13,17)(9,17)(9,26)(7,26)(7,15)(0,15)
Polygon:
(0,0)(33,0)(33,18)(21,18)(21,22)(11,22)(11,11)(0,11)
Polygon:
(0,0)(14,0)(14,16)(5,16)(5,20)(1,20)(1,18)(0,18)
Polygon:
(0,0)(29,0)(29,18)(27,18)(27,20)(10,20)(10,4)(0,4)
Polygon:
(0,0)(44,0)(44,4)(26,4)(26,22)(14,22)(14,8)(0,8)
Polygon:
(0,0)(33,0)(33,6)(25,6)(25,9)(9,9)(9,6)(0,6)
Polygon:
(0,0)(43,0)(43,11)(31,11)(31,16)(15,16)(15,5)(0,5)
Polygon:
(0,0)(27,0)(27,25)(16,25)(16,33)(3,33)(3,17)(0,17)
Polygon:
(0,0)(40,0)(40,12)(33,12)(33,20)(18,20)(18,15)(0,15)
Polygon:
(0,0)(33,0)(33,3)(18,3)(18,17)(2,17)(2,13)(0,13)
Polygon:
(0,0)(25,0)(25,14)(22,14)(22,15)(17,15)(17,13)(0,13)
Polygon:
(0,0)(20,0)(20,13)(8,13)(8,24)(4,24)(4,17)(0,17)
Polygon:
(0,0)(12,0)(12,5)(7,5)(7,22)(1,22)(1,18)(0,18)
Polygon:
(0,0)(21,0)(21,18)(14,18)(14,20)(9,20)(9,8)(0,8)
Polygon:
(0,0)(34,0)(34,16)(18,16)(18,28)(12,28)(12,15)(0,15)
Polygon:
(0,0)(23,0)(23,9)(14,9)(14,21)(8,21)(8,3)(0,3)
Polygon:
(0,0)(27,0)(27,13)(19,13)(19,29)(11,29)(11,18)(0,18)
Polygon:
(0,0)(22,0)(22,27)(15,27)(15,32)(7,32)(7,14)(0,14)
Polygon:
(0,0)(22,0)(22,11)(18,11)(18,19)(17,19)(17,5)(0,5)
Polygon:
(0,0)(24,0)(24,9)(17,9)(17,19)(9,19)(9,7)(0,7)
Polygon:
(0,0)(26,0)(26,12)(19,12)(19,22)(16,22)(16,17)(0,17)
Polygon:
(0,0)(19,0)(19,1)(12,1)(12,13)(7,13)(7,5)(0,5)
Polygon:
(0,0)(21,0)(21,10)(10,10)(10,19)(2,19)(2,1)(0,1)
Polygon:
(0,0)(32,0)(32,9)(28,9)(28,21)(16,21)(16,11)(0,11)
Polygon:
(0,0)(34,0)(34,20)(17,20)(17,26)(6,26)(6,12)(0,12)
Polygon:
(0,0)(26,0)(26,13)(24,13)(24,17)(7,17)(7,12)(0,12)
Polygon:
(0,0)(22,0)(22,13)(14,13)(14,16)(13,16)(13,3)(0,3)
Polygon:
(0,0)(28,0)(28,8)(27,8)(27,16)(14,16)(14,4)(0,4)
Polygon:
(0,0)(23,0)(23,18)(10,18)(10,22)(7,22)(7,11)(0,11)
Polygon:
(0,0)(24,0)(24,20)(8,20)(8,24)(2,24)(2,10)(0,10)
Polygon:
(0,0)(32,0)(32,15)(24,15)(24,16)(18,16)(18,7)(0,7)
Polygon:
(0,0)(20,0)(20,8)(19,8)(19,19)(16,19)(16,2)(0,2)
Polygon:
(0,0)(17,0)(17,24)(8,24)(8,28)(7,28)(7,17)(0,17)
Polygon:
(0,0)(18,0)(18,12)(9,12)(9,20)(7,20)(7,12)(0,12)
Polygon:
(0,0)(38,0)(38,5)(26,5)(26,14)(15,14)(15,2)(0,2)
Polygon:
(0,0)(41,0)(41,11)(28,11)(28,22)(16,22)(16,4)(0,4)
Polygon:
(0,0)(20,0)(20,14)(17,14)(17,16)(12,16)(12,8)(0,8)
Polygon:
(0,0)(40,0)(40,15)(29,15)(29,29)(16,29)(16,15)(0,15)
Polygon:
(0,0)(28,0)(28,3)(14,3)(14,20)(11,20)(11,6)(0,6)
Polygon:
(0,0)(34,0)(34,3)(29,3)(29,11)(13,11)(13,3)(0,3)
Polygon:
(0,0)(37,0)(37,6)(33,6)(33,15)(17,15)(17,10)(0,10)
Polygon:
(0,0)(27,0)(27,19)(10,19)(10,23)(8,23)(8,10)(0,10)
Polygon:
(0,0)(19,0)(19,6)(16,6)(16,21)(6,21)(6,3)(0,3)
Polygon:
(0,0)(35,0)(35,20)(18,20)(18,21)(17,21)(17,4)(0,4)
Polygon:
(0,0)(28,0)(28,10)(26,10)(26,13)(8,13)(8,10)(0,10)
Polygon:
(0,0)(26,0)(26,9)(16,9)(16,12)(6,12)(6,11)(0,11)
Polygon:
(0,0)(37,0)(37,26)(35,26)(35,27)(17,27)(17,13)(0,13)
Polygon:
(0,0)(28,0)(28,10)(26,10)(26,20)(17,20)(17,4)(0,4)
Polygon:
(0,0)(22,0)(22,13)(5,13)(5,17)(3,17)(3,12)(0,12)
Polygon:
(0,0)(24,0)(24,18)(14,18)(14,22)(9,22)(9,13)(0,13)
Polygon:
(0,0)(38,0)(38,17)(26,17)(26,25)(17,25)(17,9)(0,9)
Polygon:
(0,0)(38,0)(38,22)(31,22)(31,26)(17,26)(17,8)(0,8)
Polygon:
(0,0)(22,0)(22,16)(8,16)(8,20)(2,20)(2,3)(0,3)
Polygon:
(0,0)(35,0)(35,10)(18,10)(18,19)(10,19)(10,12)(0,12)
Polygon:
(0,0)(24,0)(24,6)(11,6)(11,14)(2,14)(2,13)(0,13)
Polygon:
(0,0)(18,0)(18,12)(16,12)(16,26)(5,26)(5,16)(0,16)
Polygon:
(0,0)(23,0)(23,14)(12,14)(12,15)(9,15)(9,9)(0,9)
Polygon:
(0,0)(44,0)(44,26)(29,26)(29,30)(18,30)(18,14)(0,14)
Polygon:
(0,0)(21,0)(21,18)(15,18)(15,20)(12,20)(12,5)(0,5)
Polygon:
(0,0)(50,0)(50,29)(34,29)(34,31)(17,31)(17,14)(0,14)
Polygon:
(0,0)(21,0)(21,9)(13,9)(13,23)(7,23)(7,7)(0,7)
Polygon:
(0,0)(32,0)(32,13)(21,13)(21,27)(16,27)(16,11)(0,11)
Polygon:
(0,0)(28,0)(28,3)(21,3)(21,9)(7,9)(7,4)(0,4)
Polygon:
(0,0)(28,0)(28,12)(26,12)(26,18)(9,18)(9,9)(0,9)
Polygon:
(0,0)(36,0)(36,17)(25,17)(25,30)(10,30)(10,18)(0,18)
Polygon:
(0,0)(27,0)(27,13)(25,13)(25,20)(15,20)(15,14)(0,14)
Polygon:
(0,0)(41,0)(41,9)(29,9)(29,22)(14,22)(14,13)(0,13)
Polygon:
(0,0)(37,0)(37,11)(23,11)(23,21)(13,21)(13,4)(0,4)
Polygon:
(0,0)(34,0)(34,27)(24,27)(24,28)(17,28)(17,15)(0,15)
Polygon:
(0,0)(32,0)(32,11)(15,11)(15,14)(11,14)(11,4)(0,4)
Polygon:
(0,0)(43,0)(43,14)(30,14)(30,17)(18,17)(18,2)(0,2)
Polygon:
(0,0)(24,0)(24,9)(19,9)(19,20)(11,20)(11,3)(0,3)
Polygon:
(0,0)(32,0)(32,17)(19,17)(19,31)(13,31)(13,14)(0,14)
Polygon:
(0,0)(39,0)(39,13)(21,13)(21,20)(12,20)(12,9)(0,9)
Polygon:
(0,0)(26,0)(26,23)(21,23)(21,27)(18,27)(18,17)(0,17)
Polygon:
(0,0)(39,0)(39,14)(31,14)(31,31)(16,31)(16,15)(0,15)
Polygon:
(0,0)(53,0)(53,1)(36,1)(36,9)(18,9)(18,3)(0,3)
Polygon:
(0,0)(14,0)(14,12)(12,12)(12,17)(9,17)(9,6)(0,6)
Polygon:
(0,0)(32,0)(32,4)(14,4)(14,16)(1,16)(1,5)(0,5)
Polygon:
(0,0)(34,0)(34,23)(30,23)(30,24)(12,24)(12,11)(0,11)
Polygon:
(0,0)(25,0)(25,34)(21,34)(21,36)(5,36)(5,18)(0,18)
Polygon:
(0,0)(35,0)(35,15)(19,15)(19,19)(2,19)(2,15)(0,15)
Polygon:
(0,0)(7,0)(7,8)(5,8)(5,14)(4,14)(4,4)(0,4)
Polygon:
(0,0)(18,0)(18,4)(14,4)(14,21)(11,21)(11,11)(0,11)
Polygon:
(0,0)(25,0)(25,12)(13,12)(13,20)(9,20)(9,11)(0,11)
Polygon:
(0,0)(26,0)(26,17)(22,17)(22,23)(10,23)(10,7)(0,7)
Polygon:
(0,0)(28,0)(28,7)(11,7)(11,14)(5,14)(5,12)(0,12)
Polygon:
(0,0)(44,0)(44,19)(30,19)(30,24)(15,24)(15,15)(0,15)
Polygon:
(0,0)(36,0)(36,30)(23,30)(23,31)(13,31)(13,13)(0,13)
Polygon:
(0,0)(22,0)(22,6)(14,6)(14,22)(5,22)(5,7)(0,7)
Polygon:
(0,0)(22,0)(22,7)(11,7)(11,14)(2,14)(2,2)(0,2)
Polygon:
(0,0)(22,0)(22,4)(5,4)(5,20)(1,20)(1,4)(0,4)
Polygon:
(0,0)(33,0)(33,20)(29,20)(29,22)(15,22)(15,16)(0,16)
Polygon:
(0,0)(34,0)(34,6)(22,6)(22,13)(16,13)(16,5)(0,5)
Polygon:
(0,0)(38,0)(38,22)(29,22)(29,28)(14,28)(14,11)(0,11)
Polygon:
(0,0)(36,0)(36,10)(20,10)(20,20)(7,20)(7,12)(0,12)
Polygon:
(0,0)(32,0)(32,9)(26,9)(26,24)(17,24)(17,8)(0,8)
Polygon:
(0,0)(42,0)(42,12)(26,12)(26,27)(8,27)(8,16)(0,16)
Polygon:
(0,0)(21,0)(21,6)(6,6)(6,10)(2,10)(2,2)(0,2)
Polygon:
(0,0)(31,0)(31,17)(30,17)(30,21)(18,21)(18,3)(0,3)
Polygon:
(0,0)(15,0)(15,21)(10,21)(10,29)(2,29)(2,11)(0,11)
Polygon:
(0,0)(39,0)(39,13)(28,13)(28,16)(14,16)(14,1)(0,1)
Polygon:
(0,0)(20,0)(20,22)(13,22)(13,24)(12,24)(12,10)(0,10)
Polygon:
(0,0)(36,0)(36,8)(22,8)(22,19)(6,19)(6,15)(0,15)
Polygon:
(0,0)(22,0)(22,8)(18,8)(18,20)(5,20)(5,18)(0,18)
Polygon:
(0,0)(36,0)(36,5)(30,5)(30,18)(18,18)(18,9)(0,9)
Polygon:
(0,0)(27,0)(27,8)(19,8)(19,23)(16,23)(16,9)(0,9)
Polygon:
(0,0)(24,0)(24,11)(20,11)(20,16)(7,16)(7,8)(0,8)
Polygon:
(0,0)(42,0)(42,6)(26,6)(26,11)(17,11)(17,5)(0,5)
Polygon:
(0,0)(24,0)(24,3)(21,3)(21,21)(8,21)(8,17)(0,17)
Polygon:
(0,0)(38,0)(38,13)(23,13)(23,31)(6,31)(6,18)(0,18)
Polygon:
(0,0)(33,0)(33,2)(23,2)(23,16)(10,16)(10,4)(0,4)
Polygon:
(0,0)(18,0)(18,23)(15,23)(15,26)(12,26)(12,10)(0,10)
Polygon:
(0,0)(31,0)(31,18)(27,18)(27,20)(15,20)(15,4)(0,4)
Polygon:
(0,0)(20,0)(20,3)(15,3)(15,6)(6,6)(6,1)(0,1)
Polygon:
(0,0)(42,0)(42,5)(26,5)(26,16)(9,16)(9,9)(0,9)
Polygon:
(0,0)(20,0)(20,9)(12,9)(12,23)(3,23)(3,14)(0,14)
Polygon:
(0,0)(28,0)(28,10)(16,10)(16,15)(5,15)(5,12)(0,12)
Polygon:
(0,0)(38,0)(38,4)(27,4)(27,16)(15,16)(15,15)(0,15)
Polygon:
(0,0)(18,0)(18,6)(4,6)(4,10)(2,10)(2,9)(0,9)
Polygon:
(0,0)(42,0)(42,7)(25,7)(25,10)(11,10)(11,1)(0,1)
Polygon:
(0,0)(18,0)(18,9)(15,9)(15,19)(7,19)(7,10)(0,10)
Polygon:
(0,0)(40,0)(40,21)(26,21)(26,23)(18,23)(18,5)(0,5)
Polygon:
(0,0)(21,0)(21,13)(16,13)(16,20)(12,20)(12,3)(0,3)
Polygon:
(0,0)(46,0)(46,21)(28,21)(28,22)(15,22)(15,4)(0,4)
Polygon:
(0,0)(34,0)(34,4)(24,4)(24,8)(10,8)(10,5)(0,5)
Polygon:
(0,0)(25,0)(25,17)(16,17)(16,22)(7,22)(7,18)(0,18)
Polygon:
(0,0)(16,0)(16,12)(15,12)(15,20)(13,20)(13,11)(0,11)
Polygon:
(0,0)(27,0)(27,1)(10,1)(10,10)(1,10)(1,2)(0,2)
Polygon:
(0,0)(32,0)(32,20)(22,20)(22,31)(18,31)(18,13)(0,13)
Polygon:
(0,0)(20,0)(20,18)(16,18)(16,33)(1,33)(1,17)(0,17)
Polygon:
(0,0)(39,0)(39,9)(32,9)(32,13)(18,13)(18,4)(0,4)
Polygon:
(0,0)(27,0)(27,15)(13,15)(13,19)(2,19)(2,8)(0,8)
Polygon:
(0,0)(18,0)(18,2)(13,2)(13,20)(11,20)(11,10)(0,10)
Polygon:
(0,0)(33,0)(33,25)(20,25)(20,26)(12,26)(12,12)(0,12)
Polygon:
(0,0)(46,0)(46,15)(32,15)(32,24)(16,24)(16,9)(0,9)
Polygon:
(0,0)(37,0)(37,4)(20,4)(20,12)(12,12)(12,11)(0,11)
Polygon:
(0,0)(49,0)(49,18)(34,18)(34,28)(16,28)(16,10)(0,10)
Polygon:
(0,0)(24,0)(24,10)(19,10)(19,23)(5,23)(5,18)(0,18)
Polygon:
(0,0)(16,0)(16,2)(15,2)(15,16)(8,16)(8,1)(0,1)
Polygon:
(0,0)(22,0)(22,10)(16,10)(16,13)(10,13)(10,1)(0,1)
Polygon:
(0,0)(33,0)(33,25)(30,25)(30,27)(18,27)(18,13)(0,13)
Polygon:
(0,0)(36,0)(36,24)(21,24)(21,25)(17,25)(17,11)(0,11)
Polygon:
(0,0)(43,0)(43,19)(31,19)(31,23)(13,23)(13,14)(0,14)
Polygon:
(0,0)(37,0)(37,1)(29,1)(29,18)(12,18)(12,17)(0,17)
Polygon:
(0,0)(20,0)(20,12)(19,12)(19,22)(11,22)(11,4)(0,4)
Polygon:
(0,0)(42,0)(42,3)(27,3)(27,13)(9,13)(9,12)(0,12)
Polygon:
(0,0)(31,0)(31,5)(25,5)(25,13)(8,13)(8,7)(0,7)
Polygon:
(0,0)(26,0)(26,18)(19,18)(19,24)(13,24)(13,9)(0,9)
Polygon:
(0,0)(24,0)(24,2)(19,2)(19,19)(11,19)(11,5)(0,5)
Polygon:
(0,0)(39,0)(39,6)(25,6)(25,23)(11,23)(11,5)(0,5)
Polygon:
(0,0)(21,0)(21,20)(18,20)(18,31)(1,31)(1,13)(0,13)
Polygon:
(0,0)(24,0)(24,4)(21,4)(21,19)(14,19)(14,16)(0,16)
Polygon:
(0,0)(18,0)(18,4)(8,4)(8,15)(2,15)(2,11)(0,11)
Polygon:
(0,0)(35,0)(35,5)(25,5)(25,18)(18,18)(18,11)(0,11)
Polygon:
(0,0)(32,0)(32,8)(14,8)(14,21)(12,21)(12,4)(0,4)
Polygon:
(0,0)(16,0)(16,9)(13,9)(13,15)(2,15)(2,5)(0,5)
Polygon:
(0,0)(25,0)(25,15)(22,15)(22,30)(16,30)(16,12)(0,12)
Polygon:
(0,0)(29,0)(29,12)(16,12)(16,19)(8,19)(8,15)(0,15)
Polygon:
(0,0)(38,0)(38,10)(30,10)(30,12)(15,12)(15,6)(0,6)
Polygon:
(0,0)(29,0)(29,8)(11,8)(11,22)(10,22)(10,18)(0,18)
Polygon:
(0,0)(32,0)(32,13)(17,13)(17,15)(7,15)(7,11)(0,11)
Polygon:
(0,0)(21,0)(21,14)(15,14)(15,24)(9,24)(9,17)(0,17)
Polygon:
(0,0)(39,0)(39,17)(34,17)(34,24)(17,24)(17,8)(0,8)
Polygon:
(0,0)(29,0)(29,21)(26,21)(26,22)(12,22)(12,8)(0,8)
Polygon:
(0,0)(40,0)(40,25)(28,25)(28,28)(11,28)(11,16)(0,16)
Polygon:
(0,0)(39,0)(39,15)(27,15)(27,26)(13,26)(13,16)(0,16)
Polygon:
(0,0)(46,0)(46,6)(33,6)(33,13)(15,13)(15,4)(0,4)
Polygon:
(0,0)(29,0)(29,12)(11,12)(11,15)(1,15)(1,9)(0,9)
Polygon:
(0,0)(20,0)(20,22)(19,22)(19,27)(12,27)(12,14)(0,14)
Polygon:
(0,0)(26,0)(26,12)(19,12)(19,13)(2,13)(2,3)(0,3)
Polygon:
(0,0)(38,0)(38,18)(27,18)(27,24)(17,24)(17,10)(0,10)
Polygon:
(0,0)(12,0)(12,9)(11,9)(11,13)(5,13)(5,1)(0,1)
Polygon:
(0,0)(30,0)(30,14)(14,14)(14,30)(2,30)(2,12)(0,12)
Polygon:
(0,0)(32,0)(32,15)(20,15)(20,17)(11,17)(11,3)(0,3)
Polygon:
(0,0)(42,0)(42,16)(28,16)(28,26)(13,26)(13,13)(0,13)
Polygon:
(0,0)(19,0)(19,13)(13,13)(13,17)(2,17)(2,16)(0,16)
Polygon:
(0,0)(22,0)(22,18)(16,18)(16,23)(13,23)(13,9)(0,9)
Polygon:
(0,0)(32,0)(32,15)(17,15)(17,17)(12,17)(12,3)(0,3)
Polygon:
(0,0)(23,0)(23,34)(17,34)(17,35)(8,35)(8,18)(0,18)
Polygon:
(0,0)(17,0)(17,9)(16,9)(16,15)(8,15)(8,2)(0,2)
Polygon:
(0,0)(31,0)(31,18)(18,18)(18,26)(1,26)(1,10)(0,10)
Polygon:
(0,0)(26,0)(26,6)(18,6)(18,24)(16,24)(16,14)(0,14)
Polygon:
(0,0)(16,0)(16,5)(12,5)(12,7)(3,7)(3,2)(0,2)
Polygon:
(0,0)(26,0)(26,24)(18,24)(18,28)(9,28)(9,15)(0,15)
Polygon:
(0,0)(25,0)(25,17)(14,17)(14,20)(8,20)(8,5)(0,5)
Polygon:
(0,0)(36,0)(36,18)(29,18)(29,33)(17,33)(17,15)(0,15)
Polygon:
(0,0)(38,0)(38,9)(30,9)(30,16)(15,16)(15,2)(0,2)
Polygon:
(0,0)(26,0)(26,24)(15,24)(15,31)(12,31)(12,15)(0,15)
Polygon:
(0,0)(13,0)(13,8)(9,8)(9,21)(2,21)(2,5)(0,5)
Polygon:
(0,0)(26,0)(26,15)(12,15)(12,17)(7,17)(7,10)(0,10)
Polygon:
(0,0)(15,0)(15,8)(9,8)(9,20)(4,20)(4,12)(0,12)
Polygon:
(0,0)(38,0)(38,7)(31,7)(31,13)(17,13)(17,9)(0,9)
Polygon:
(0,0)(39,0)(39,15)(25,15)(25,17)(13,17)(13,6)(0,6)
Polygon:
(0,0)(23,0)(23,13)(5,13)(5,18)(3,18)(3,2)(0,2)
Polygon:
(0,0)(20,0)(20,20)(17,20)(17,30)(15,30)(15,18)(0,18)
Polygon:
(0,0)(36,0)(36,16)(25,16)(25,19)(8,19)(8,2)(0,2)
Polygon:
(0,0)(23,0)(23,15)(19,15)(19,21)(10,21)(10,8)(0,8)
Polygon:
(0,0)(36,0)(36,20)(31,20)(31,21)(15,21)(15,3)(0,3)
Polygon:
(0,0)(33,0)(33,15)(22,15)(22,25)(9,25)(9,7)(0,7)
Polygon:
(0,0)(21,0)(21,1)(10,1)(10,14)(7,14)(7,4)(0,4)
Polygon:
(0,0)(28,0)(28,20)(17,20)(17,29)(11,29)(11,11)(0,11)
Polygon:
(0,0)(22,0)(22,2)(9,2)(9,13)(1,13)(1,4)(0,4)
Polygon:
(0,0)(30,0)(30,17)(19,17)(19,23)(13,23)(13,15)(0,15)
Polygon:
(0,0)(26,0)(26,1)(16,1)(16,18)(8,18)(8,17)(0,17)
Polygon:
(0,0)(19,0)(19,18)(7,18)(7,25)(1,25)(1,16)(0,16)
Polygon:
(0,0)(44,0)(44,14)(30,14)(30,15)(16,15)(16,14)(0,14)
Polygon:
(0,0)(31,0)(31,8)(25,8)(25,19)(11,19)(11,4)(0,4)
Polygon:
(0,0)(25,0)(25,3)(24,3)(24,11)(15,11)(15,3)(0,3)
Polygon:
(0,0)(35,0)(35,3)(17,3)(17,11)(4,11)(4,7)(0,7)
Polygon:
(0,0)(44,0)(44,18)(31,18)(31,26)(16,26)(16,16)(0,16)
Polygon:
(0,0)(24,0)(24,13)(19,13)(19,29)(13,29)(13,14)(0,14)
Polygon:
(0,0)(22,0)(22,25)(21,25)(21,28)(3,28)(3,16)(0,16)
Polygon:
(0,0)(19,0)(19,3)(12,3)(12,18)(1,18)(1,16)(0,16)
Polygon:
(0,0)(13,0)(13,10)(3,10)(3,28)(1,28)(1,12)(0,12)
Polygon:
(0,0)(16,0)(16,7)(15,7)(15,21)(6,21)(6,14)(0,14)
Polygon:
(0,0)(34,0)(34,15)(28,15)(28,17)(18,17)(18,5)(0,5)
Polygon:
(0,0)(27,0)(27,11)(14,11)(14,16)(11,16)(11,1)(0,1)
Polygon:
(0,0)(37,0)(37,13)(25,13)(25,26)(11,26)(11,8)(0,8)
Polygon:
(0,0)(39,0)(39,24)(27,24)(27,27)(12,27)(12,17)(0,17)
Polygon:
(0,0)(31,0)(31,16)(15,16)(15,23)(12,23)(12,15)(0,15)
Polygon:
(0,0)(27,0)(27,2)(10,2)(10,6)(6,6)(6,4)(0,4)
Polygon:
(0,0)(29,0)(29,11)(17,11)(17,14)(16,14)(16,3)(0,3)
Polygon:
(0,0)(19,0)(19,20)(9,20)(9,28)(8,28)(8,17)(0,17)
Polygon:
(0,0)(33,0)(33,7)(31,7)(31,13)(15,13)(15,1)(0,1)
Polygon:
(0,0)(10,0)(10,13)(8,13)(8,19)(1,19)(1,8)(0,8)
Polygon:
(0,0)(22,0)(22,3)(15,3)(15,16)(6,16)(6,6)(0,6)
Polygon:
(0,0)(19,0)(19,11)(10,11)(10,19)(2,19)(2,4)(0,4)
Polygon:
(0,0)(24,0)(24,12)(21,12)(21,18)(4,18)(4,5)(0,5)
Polygon:
(0,0)(31,0)(31,9)(22,9)(22,17)(6,17)(6,10)(0,10)
Polygon:
(0,0)(23,0)(23,16)(17,16)(17,24)(13,24)(13,11)(0,11)
Polygon:
(0,0)(36,0)(36,7)(26,7)(26,13)(15,13)(15,7)(0,7)
Polygon:
(0,0)(47,0)(47,2)(33,2)(33,20)(17,20)(17,17)(0,17)
Polygon:
(0,0)(18,0)(18,28)(11,28)(11,29)(5,29)(5,18)(0,18)
Polygon:
(0,0)(30,0)(30,13)(12,13)(12,19)(5,19)(5,6)(0,6)
Polygon:
(0,0)(16,0)(16,21)(13,21)(13,25)(7,25)(7,9)(0,9)
Polygon:
(0,0)(29,0)(29,19)(15,19)(15,20)(11,20)(11,5)(0,5)
Polygon:
(0,0)(27,0)(27,20)(24,20)(24,23)(14,23)(14,6)(0,6)
Polygon:
(0,0)(19,0)(19,9)(13,9)(13,15)(1,15)(1,3)(0,3)
Polygon:
(0,0)(39,0)(39,10)(30,10)(30,23)(13,23)(13,7)(0,7)
Polygon:
(0,0)(20,0)(20,8)(6,8)(6,17)(1,17)(1,11)(0,11)
Polygon:
(0,0)(18,0)(18,11)(10,11)(10,25)(1,25)(1,8)(0,8)
Polygon:
(0,0)(40,0)(40,6)(28,6)(28,23)(14,23)(14,5)(0,5)
Polygon:
(0,0)(25,0)(25,6)(14,6)(14,13)(7,13)(7,10)(0,10)
Polygon:
(0,0)(33,0)(33,15)(19,15)(19,33)(3,33)(3,17)(0,17)
Polygon:
(0,0)(36,0)(36,9)(18,9)(18,25)(14,25)(14,12)(0,12)
Polygon:
(0,0)(37,0)(37,14)(29,14)(29,19)(18,19)(18,1)(0,1)
Polygon:
(0,0)(9,0)(9,2)(5,2)(5,13)(4,13)(4,12)(0,12)
Polygon:
(0,0)(31,0)(31,16)(25,16)(25,20)(12,20)(12,14)(0,14)
Polygon:
(0,0)(25,0)(25,16)(12,16)(12,21)(3,21)(3,17)(0,17)
Polygon:
(0,0)(41,0)(41,7)(29,7)(29,15)(15,15)(15,7)(0,7)
Polygon:
(0,0)(32,0)(32,15)(24,15)(24,17)(12,17)(12,12)(0,12)
Polygon:
(0,0)(41,0)(41,19)(27,19)(27,21)(16,21)(16,6)(0,6)
Polygon:
(0,0)(43,0)(43,12)(25,12)(25,18)(10,18)(10,1)(0,1)
Polygon:
(0,0)(30,0)(30,12)(23,12)(23,20)(12,20)(12,2)(0,2)
Polygon:
(0,0)(26,0)(26,4)(20,4)(20,12)(7,12)(7,3)(0,3)
Polygon:
(0,0)(37,0)(37,7)(30,7)(30,13)(17,13)(17,2)(0,2)
Polygon:
(0,0)(30,0)(30,27)(25,27)(25,30)(7,30)(7,13)(0,13)
Polygon:
(0,0)(30,0)(30,9)(22,9)(22,11)(6,11)(6,4)(0,4)
Polygon:
(0,0)(37,0)(37,12)(26,12)(26,14)(9,14)(9,9)(0,9)
Polygon:
(0,0)(25,0)(25,17)(20,17)(20,23)(5,23)(5,9)(0,9)
Polygon:
(0,0)(35,0)(35,5)(26,5)(26,16)(13,16)(13,14)(0,14)
Polygon:
(0,0)(28,0)(28,2)(20,2)(20,11)(16,11)(16,3)(0,3)
Polygon:
(0,0)(18,0)(18,17)(11,17)(11,22)(3,22)(3,16)(0,16)
Polygon:
(0,0)(14,0)(14,5)(10,5)(10,23)(8,23)(8,11)(0,11)
Polygon:
(0,0)(30,0)(30,1)(25,1)(25,16)(17,16)(17,9)(0,9)
Polygon:
(0,0)(40,0)(40,12)(23,12)(23,13)(11,13)(11,3)(0,3)
Polygon:
(0,0)(27,0)(27,9)(23,9)(23,18)(6,18)(6,3)(0,3)
Polygon:
(0,0)(27,0)(27,21)(25,21)(25,26)(7,26)(7,8)(0,8)
Polygon:
(0,0)(26,0)(26,13)(10,13)(10,20)(7,20)(7,10)(0,10)
Polygon:
(0,0)(47,0)(47,12)(29,12)(29,23)(17,23)(17,5)(0,5)
Polygon:
(0,0)(14,0)(14,8)(11,8)(11,26)(4,26)(4,12)(0,12)
Polygon:
(0,0)(19,0)(19,18)(10,18)(10,36)(9,36)(9,18)(0,18)
Polygon:
(0,0)(35,0)(35,27)(23,27)(23,34)(6,34)(6,16)(0,16)
Polygon:
(0,0)(27,0)(27,10)(11,10)(11,20)(4,20)(4,4)(0,4)
Polygon:
(0,0)(31,0)(31,8)(22,8)(22,22)(18,22)(18,9)(0,9)
Polygon:
(0,0)(32,0)(32,18)(15,18)(15,32)(1,32)(1,14)(0,14)
Polygon:
(0,0)(26,0)(26,18)(19,18)(19,22)(11,22)(11,15)(0,15)
Polygon:
(0,0)(28,0)(28,1)(22,1)(22,17)(9,17)(9,14)(0,14)
Polygon:
(0,0)(16,0)(16,8)(12,8)(12,13)(6,13)(6,7)(0,7)
Polygon:
(0,0)(22,0)(22,27)(16,27)(16,28)(2,28)(2,11)(0,11)
Polygon:
(0,0)(16,0)(16,2)(13,2)(13,16)(10,16)(10,7)(0,7)
Polygon:
(0,0)(32,0)(32,22)(16,22)(16,25)(15,25)(15,18)(0,18)
Polygon:
(0,0)(35,0)(35,9)(20,9)(20,26)(12,26)(12,15)(0,15)
Polygon:
(0,0)(8,0)(8,13)(4,13)(4,17)(3,17)(3,14)(0,14)
Polygon:
(0,0)(40,0)(40,12)(26,12)(26,29)(12,29)(12,13)(0,13)
Polygon:
(0,0)(42,0)(42,13)(27,13)(27,19)(12,19)(12,10)(0,10)
Polygon:
(0,0)(14,0)(14,11)(11,11)(11,23)(4,23)(4,15)(0,15)
Polygon:
(0,0)(38,0)(38,2)(23,2)(23,15)(13,15)(13,2)(0,2)
Polygon:
(0,0)(30,0)(30,5)(26,5)(26,11)(9,11)(9,2)(0,2)
Polygon:
(0,0)(29,0)(29,17)(22,17)(22,18)(9,18)(9,5)(0,5)
Polygon:
(0,0)(44,0)(44,2)(34,2)(34,14)(18,14)(18,12)(0,12)
Polygon:
(0,0)(19,0)(19,14)(17,14)(17,25)(13,25)(13,7)(0,7)
Polygon:
(0,0)(24,0)(24,3)(18,3)(18,10)(13,10)(13,5)(0,5)
Polygon:
(0,0)(24,0)(24,2)(8,2)(8,4)(1,4)(1,2)(0,2)
Polygon:
(0,0)(24,0)(24,21)(22,21)(22,27)(15,27)(15,11)(0,11)
Polygon:
(0,0)(18,0)(18,4)(10,4)(10,9)(4,9)(4,2)(0,2)
Polygon:
(0,0)(28,0)(28,20)(13,20)(13,22)(12,22)(12,16)(0,16)
Polygon:
(0,0)(28,0)(28,14)(23,14)(23,17)(8,17)(8,4)(0,4)
Polygon:
(0,0)(33,0)(33,13)(27,13)(27,17)(13,17)(13,14)(0,14)
Polygon:
(0,0)(25,0)(25,4)(14,4)(14,17)(12,17)(12,5)(0,5)
Polygon:
(0,0)(19,0)(19,5)(9,5)(9,12)(3,12)(3,1)(0,1)
Polygon:
(0,0)(22,0)(22,7)(13,7)(13,21)(6,21)(6,5)(0,5)
Polygon:
(0,0)(43,0)(43,13)(31,13)(31,24)(14,24)(14,8)(0,8)
Polygon:
(0,0)(34,0)(34,14)(23,14)(23,20)(13,20)(13,2)(0,2)
Polygon:
(0,0)(32,0)(32,2)(24,2)(24,16)(6,16)(6,6)(0,6)
Polygon:
(0,0)(13,0)(13,19)(8,19)(8,21)(3,21)(3,10)(0,10)
Polygon:
(0,0)(48,0)(48,24)(32,24)(32,25)(16,25)(16,7)(0,7)
Polygon:
(0,0)(26,0)(26,8)(19,8)(19,25)(2,25)(2,13)(0,13)
Polygon:
(0,0)(21,0)(21,11)(5,11)(5,28)(1,28)(1,16)(0,16)
Polygon:
(0,0)(27,0)(27,9)(11,9)(11,20)(6,20)(6,9)(0,9)
Polygon:
(0,0)(27,0)(27,8)(16,8)(16,22)(9,22)(9,16)(0,16)
Polygon:
(0,0)(12,0)(12,16)(7,16)(7,25)(4,25)(4,8)(0,8)
Polygon:
(0,0)(43,0)(43,27)(27,27)(27,30)(11,30)(11,12)(0,12)
Polygon:
(0,0)(22,0)(22,7)(16,7)(16,11)(4,11)(4,6)(0,6)
Polygon:
(0,0)(29,0)(29,19)(26,19)(26,25)(8,25)(8,13)(0,13)
Polygon:
(0,0)(38,0)(38,10)(21,10)(21,19)(11,19)(11,5)(0,5)
Polygon:
(0,0)(36,0)(36,10)(28,10)(28,23)(18,23)(18,11)(0,11)
Polygon:
(0,0)(32,0)(32,16)(29,16)(29,18)(16,18)(16,15)(0,15)
Polygon:
(0,0)(18,0)(18,3)(8,3)(8,16)(5,16)(5,2)(0,2)
Polygon:
(0,0)(31,0)(31,14)(16,14)(16,18)(8,18)(8,13)(0,13)
Polygon:
(0,0)(29,0)(29,17)(28,17)(28,28)(18,28)(18,14)(0,14)
Polygon:
(0,0)(27,0)(27,13)(14,13)(14,19)(3,19)(3,8)(0,8)
Polygon:
(0,0)(31,0)(31,18)(28,18)(28,19)(16,19)(16,12)(0,12)
Polygon:
(0,0)(17,0)(17,17)(15,17)(15,20)(1,20)(1,17)(0,17)
Polygon:
(0,0)(39,0)(39,31)(22,31)(22,33)(14,33)(14,15)(0,15)
Polygon:
(0,0)(44,0)(44,1)(34,1)(34,10)(17,10)(17,4)(0,4)
Polygon:
(0,0)(19,0)(19,8)(16,8)(16,13)(8,13)(8,11)(0,11)
Polygon:
(0,0)(25,0)(25,10)(22,10)(22,19)(10,19)(10,4)(0,4)
Polygon:
(0,0)(31,0)(31,11)(20,11)(20,21)(7,21)(7,14)(0,14)
Polygon:
(0,0)(26,0)(26,3)(25,3)(25,20)(11,20)(11,18)(0,18)
Polygon:
(0,0)(18,0)(18,14)(15,14)(15,29)(7,29)(7,18)(0,18)
Polygon:
(0,0)(13,0)(13,18)(9,18)(9,22)(1,22)(1,18)(0,18)
Polygon:
(0,0)(22,0)(22,10)(10,10)(10,19)(6,19)(6,2)(0,2)
Polygon:
(0,0)(21,0)(21,13)(16,13)(16,22)(12,22)(12,6)(0,6)
Polygon:
(0,0)(32,0)(32,11)(14,11)(14,18)(1,18)(1,1)(0,1)
Polygon:
(0,0)(16,0)(16,23)(8,23)(8,27)(2,27)(2,10)(0,10)
Polygon:
(0,0)(36,0)(36,3)(20,3)(20,18)(4,18)(4,14)(0,14)
Polygon:
(0,0)(38,0)(38,25)(21,25)(21,30)(12,30)(12,18)(0,18)
Polygon:
(0,0)(36,0)(36,10)(21,10)(21,12)(18,12)(18,1)(0,1)
Polygon:
(0,0)(22,0)(22,6)(13,6)(13,22)(8,22)(8,12)(0,12)
Polygon:
(0,0)(30,0)(30,18)(21,18)(21,27)(9,27)(9,18)(0,18)
Polygon:
(0,0)(25,0)(25,5)(23,5)(23,14)(10,14)(10,11)(0,11)
Polygon:
(0,0)(42,0)(42,16)(29,16)(29,22)(17,22)(17,17)(0,17)
Polygon:
(0,0)(31,0)(31,15)(28,15)(28,29)(18,29)(18,16)(0,16)
Polygon:
(0,0)(22,0)(22,20)(16,20)(16,21)(12,21)(12,8)(0,8)
Polygon:
(0,0)(19,0)(19,10)(17,10)(17,13)(4,13)(4,1)(0,1)
Polygon:
(0,0)(24,0)(24,10)(15,10)(15,17)(4,17)(4,2)(0,2)
Polygon:
(0,0)(28,0)(28,26)(17,26)(17,28)(1,28)(1,11)(0,11)
Polygon:
(0,0)(18,0)(18,9)(17,9)(17,15)(2,15)(2,3)(0,3)
Polygon:
(0,0)(28,0)(28,10)(17,10)(17,19)(11,19)(11,3)(0,3)
Polygon:
(0,0)(29,0)(29,9)(15,9)(15,16)(1,16)(1,1)(0,1)
Polygon:
(0,0)(20,0)(20,6)(13,6)(13,23)(11,23)(11,10)(0,10)
Polygon:
(0,0)(29,0)(29,14)(11,14)(11,18)(2,18)(2,4)(0,4)
Polygon:
(0,0)(28,0)(28,6)(17,6)(17,15)(1,15)(1,4)(0,4)
Polygon:
(0,0)(36,0)(36,19)(24,19)(24,25)(12,25)(12,16)(0,16)
Polygon:
(0,0)(20,0)(20,17)(16,17)(16,21)(5,21)(5,12)(0,12)
Polygon:
(0,0)(23,0)(23,15)(14,15)(14,22)(9,22)(9,10)(0,10)
Polygon:
(0,0)(30,0)(30,10)(29,10)(29,21)(12,21)(12,17)(0,17)
Polygon:
(0,0)(31,0)(31,7)(20,7)(20,19)(5,19)(5,16)(0,16)
Polygon:
(0,0)(20,0)(20,17)(11,17)(11,20)(9,20)(9,2)(0,2)
Polygon:
(0,0)(13,0)(13,23)(9,23)(9,27)(6,27)(6,15)(0,15)
Polygon:
(0,0)(31,0)(31,11)(14,11)(14,13)(3,13)(3,5)(0,5)
Polygon:
(0,0)(32,0)(32,10)(19,10)(19,24)(16,24)(16,6)(0,6)
Polygon:
(0,0)(21,0)(21,15)(13,15)(13,22)(12,22)(12,7)(0,7)
Polygon:
(0,0)(30,0)(30,27)(14,27)(14,31)(7,31)(7,15)(0,15)
Polygon:
(0,0)(47,0)(47,13)(33,13)(33,18)(16,18)(16,6)(0,6)
Polygon:
(0,0)(39,0)(39,26)(22,26)(22,28)(4,28)(4,14)(0,14)
Polygon:
(0,0)(19,0)(19,14)(10,14)(10,15)(1,15)(1,1)(0,1)
Polygon:
(0,0)(31,0)(31,5)(27,5)(27,14)(17,14)(17,4)(0,4)
Polygon:
(0,0)(21,0)(21,22)(20,22)(20,26)(12,26)(12,16)(0,16)
Polygon:
(0,0)(35,0)(35,15)(33,15)(33,17)(17,17)(17,3)(0,3)
Polygon:
(0,0)(26,0)(26,7)(20,7)(20,19)(15,19)(15,1)(0,1)
Polygon:
(0,0)(19,0)(19,2)(8,2)(8,16)(3,16)(3,1)(0,1)
Polygon:
(0,0)(16,0)(16,4)(15,4)(15,20)(8,20)(8,10)(0,10)
Polygon:
(0,0)(19,0)(19,22)(15,22)(15,24)(9,24)(9,7)(0,7)
Polygon:
(0,0)(37,0)(37,8)(22,8)(22,17)(18,17)(18,11)(0,11)
Polygon:
(0,0)(31,0)(31,3)(25,3)(25,15)(10,15)(10,5)(0,5)
Polygon:
(0,0)(8,0)(8,7)(0,7)
Polygon:
(0,0)(19,0)(19,14)(1,14)(1,15)(0,15)
Polygon:
(0,0)(37,0)(37,14)(19,14)(19,8)(9,8)(9,17)(0,17)
Polygon:
(0,0)(11,0)(11,8)(0,8)
Polygon:
(0,0)(17,0)(17,12)(15,12)(15,21)(0,21)
Polygon:
(0,0)(17,0)(17,18)(0,18)
Polygon:
(0,0)(13,0)(13,10)(0,10)
Polygon:
(0,0)(7,0)(7,6)(0,6)
Polygon:
(0,0)(1,0)(1,12)(0,12)
Polygon:
(0,0)(17,0)(17,10)(13,10)(13,15)(0,15)
Polygon:
(0,0)(2,0)(2,8)(0,8)
Polygon:
(0,0)(1,0)(1,5)(0,5)
Polygon:
(0,0)(9,0)(9,6)(0,6)
Polygon:
(0,0)(2,0)(2,6)(0,6)
Polygon:
(0,0)(16,0)(16,16)(0,16)
Polygon:
(0,0)(13,0)(13,16)(0,16)
Polygon:
(0,0)(1,0)(1,2)(0,2)
Polygon:
(0,0)(18,0)(18,4)(14,4)(14,8)(0,8)
Polygon:
(0,0)(25,0)(25,12)(9,12)(9,21)(0,21)
Polygon:
(0,0)(18,0)(18,18)(0,18)
Polygon:
(0,0)(5,0)(5,9)(0,9)
Polygon:
(0,0)(22,0)(22,13)(13,13)(13,5)(5,5)(5,15)(0,15)
Polygon:
(0,0)(8,0)(8,15)(0,15)
Polygon:
(0,0)(29,0)(29,10)(13,10)(13,28)(0,28)
Polygon:
(0,0)(19,0)(19,11)(8,11)(8,18)(0,18)
Polygon:
(0,0)(23,0)(23,9)(15,9)(15,24)(0,24)
Polygon:
(0,0)(11,0)(11,16)(0,16)
Polygon:
(0,0)(19,0)(19,1)(3,1)(3,5)(0,5)
Polygon:
(0,0)(5,0)(5,13)(0,13)
Polygon:
(0,0)(9,0)(9,14)(0,14)
Polygon:
(0,0)(17,0)(17,14)(0,14)
Polygon:
(0,0)(30,0)(30,8)(13,8)(13,11)(0,11)
Polygon:
(0,0)(21,0)(21,1)(17,1)(17,12)(0,12)
Polygon:
(0,0)(4,0)(4,3)(0,3)
Polygon:
(0,0)(15,0)(15,6)(12,6)(12,10)(0,10)
Polygon:
(0,0)(3,0)(3,16)(1,16)(1,20)(0,20)
Polygon:
(0,0)(11,0)(11,5)(0,5)
Polygon:
(0,0)(4,0)(4,4)(0,4)
Polygon:
(0,0)(36,0)(36,31)(24,31)(24,13)(8,13)(8,16)(0,16)
Polygon:
(0,0)(18,0)(18,3)(0,3)
Polygon:
(0,0)(6,0)(6,3)(0,3)
Polygon:
(0,0)(3,0)(3,5)(0,5)
Polygon:
(0,0)(21,0)(21,15)(19,15)(19,12)(5,12)(5,16)(0,16)
Polygon:
(0,0)(17,0)(17,13)(0,13)
Polygon:
(0,0)(31,0)(31,18)(16,18)(16,25)(0,25)
Polygon:
(0,0)(20,0)(20,1)(4,1)(4,18)(0,18)
Polygon:
(0,0)(16,0)(16,5)(0,5)
Polygon:
(0,0)(45,0)(45,18)(29,18)(29,8)(11,8)(11,12)(0,12)
Polygon:
(0,0)(1,0)(1,13)(0,13)
Polygon:
(0,0)(10,0)(10,15)(7,15)(7,20)(0,20)
Polygon:
(0,0)(5,0)(5,10)(0,10)
Polygon:
(0,0)(1,0)(1,17)(0,17)
Polygon:
(0,0)(25,0)(25,23)(22,23)(22,6)(18,6)(18,14)(0,14)
Polygon:
(0,0)(15,0)(15,9)(3,9)(3,13)(0,13)
Polygon:
(0,0)(15,0)(15,17)(12,17)(12,27)(0,27)
Polygon:
(0,0)(14,0)(14,12)(8,12)(8,20)(0,20)
Polygon:
(0,0)(12,0)(12,16)(0,16)
Polygon:
(0,0)(14,0)(14,1)(0,1)
Polygon:
(0,0)(9,0)(9,6)(3,6)(3,14)(0,14)
Polygon:
(0,0)(10,0)(10,3)(0,3)
Polygon:
(0,0)(26,0)(26,7)(10,7)(10,18)(0,18)
Polygon:
(0,0)(23,0)(23,3)(6,3)(6,15)(0,15)
Polygon:
(0,0)(35,0)(35,25)(26,25)(26,7)(10,7)(10,9)(0,9)
Polygon:
(0,0)(2,0)(2,18)(0,18)
Polygon:
(0,0)(18,0)(18,3)(7,3)(7,20)(0,20)
Polygon:
(0,0)(23,0)(23,13)(16,13)(16,18)(0,18)
Polygon:
(0,0)(10,0)(10,7)(0,7)
Polygon:
(0,0)(12,0)(12,16)(0,16)
Polygon:
(0,0)(17,0)(17,14)(0,14)
Polygon:
(0,0)(4,0)(4,1)(0,1)
Polygon:
(0,0)(15,0)(15,4)(0,4)
Polygon:
(0,0)(15,0)(15,9)(0,9)
Polygon:
(0,0)(3,0)(3,2)(0,2)
Polygon:
(0,0)(14,0)(14,15)(0,15)
Polygon:
(0,0)(17,0)(17,22)(13,22)(13,11)(8,11)(8,12)(0,12)
Polygon:
(0,0)(34,0)(34,13)(18,13)(18,23)(0,23)
Polygon:
(0,0)(9,0)(9,11)(0,11)
Polygon:
(0,0)(9,0)(9,3)(6,3)(6,21)(0,21)
Polygon:
(0,0)(7,0)(7,10)(0,10)
Polygon:
(0,0)(32,0)(32,2)(18,2)(18,13)(0,13)
Polygon:
(0,0)(17,0)(17,17)(12,17)(12,24)(0,24)
Polygon:
(0,0)(14,0)(14,3)(0,3)
Polygon:
(0,0)(1,0)(1,16)(0,16)
Polygon:
(0,0)(9,0)(9,2)(0,2)
Polygon:
(0,0)(12,0)(12,7)(0,7)
Polygon:
(0,0)(36,0)(36,14)(34,14)(34,1)(16,1)(16,16)(0,16)
Polygon:
(0,0)(27,0)(27,9)(9,9)(9,23)(0,23)
Polygon:
(0,0)(37,0)(37,10)(21,10)(21,2)(11,2)(11,10)(0,10)
Polygon:
(0,0)(16,0)(16,5)(0,5)
Polygon:
(0,0)(47,0)(47,5)(33,5)(33,3)(17,3)(17,5)(0,5)
Polygon:
(0,0)(25,0)(25,5)(16,5)(16,23)(0,23)
Polygon:
(0,0)(7,0)(7,14)(0,14)
Polygon:
(0,0)(6,0)(6,6)(0,6)
Polygon:
(0,0)(18,0)(18,13)(0,13)
Polygon:
(0,0)(14,0)(14,5)(0,5)
Polygon:
(0,0)(8,0)(8,11)(0,11)
Polygon:
(0,0)(7,0)(7,15)(0,15)
Polygon:
(0,0)(7,0)(7,10)(0,10)
Polygon:
(0,0)(19,0)(19,1)(4,1)(4,17)(0,17)
Polygon:
(0,0)(6,0)(6,9)(0,9)
Polygon:
(0,0)(10,0)(10,16)(0,16)
Polygon:
(0,0)(10,0)(10,16)(5,16)(5,20)(0,20)
Polygon:
(0,0)(38,0)(38,15)(24,15)(24,11)(11,11)(11,18)(0,18)
Polygon:
(0,0)(35,0)(35,22)(20,22)(20,4)(18,4)(18,7)(0,7)
Polygon:
(0,0)(11,0)(11,11)(0,11)
Polygon:
(0,0)(17,0)(17,5)(14,5)(14,8)(0,8)
Polygon:
(0,0)(9,0)(9,7)(0,7)
Polygon:
(0,0)(8,0)(8,1)(0,1)
Polygon:
(0,0)(20,0)(20,4)(2,4)(2,18)(0,18)
Polygon:
(0,0)(16,0)(16,2)(0,2)
Polygon:
(0,0)(18,0)(18,17)(0,17)
Polygon:
(0,0)(28,0)(28,14)(14,14)(14,15)(0,15)
Polygon:
(0,0)(28,0)(28,18)(11,18)(11,31)(0,31)
Polygon:
(0,0)(4,0)(4,11)(0,11)
Polygon:
(0,0)(7,0)(7,14)(0,14)
Polygon:
(0,0)(12,0)(12,17)(5,17)(5,28)(0,28)
Polygon:
(0,0)(19,0)(19,1)(15,1)(15,4)(0,4)
Polygon:
(0,0)(10,0)(10,3)(0,3)
Polygon:
(0,0)(23,0)(23,8)(18,8)(18,21)(0,21)
Polygon:
(0,0)(11,0)(11,5)(8,5)(8,15)(0,15)
Polygon:
(0,0)(10,0)(10,3)(0,3)
Polygon:
(0,0)(24,0)(24,5)(13,5)(13,9)(0,9)
Polygon:
(0,0)(3,0)(3,11)(0,11)
Polygon:
(0,0)(30,0)(30,27)(13,27)(13,15)(8,15)(8,17)(0,17)
Polygon:
(0,0)(18,0)(18,3)(8,3)(8,6)(0,6)
Polygon:
(0,0)(2,0)(2,16)(0,16)
Polygon:
(0,0)(39,0)(39,27)(25,27)(25,9)(15,9)(15,16)(0,16)
Polygon:
(0,0)(18,0)(18,9)(0,9)
Polygon:
(0,0)(15,0)(15,11)(4,11)(4,27)(0,27)
Polygon:
(0,0)(7,0)(7,8)(0,8)
Polygon:
(0,0)(3,0)(3,7)(0,7)
Polygon:
(0,0)(23,0)(23,5)(10,5)(10,10)(0,10)
Polygon:
(0,0)(5,0)(5,17)(4,17)(4,31)(0,31)
Polygon:
(0,0)(7,0)(7,4)(0,4)
Polygon:
(0,0)(15,0)(15,15)(0,15)
Polygon:
(0,0)(34,0)(34,14)(18,14)(18,19)(0,19)
Polygon:
(0,0)(7,0)(7,6)(0,6)
Polygon:
(0,0)(3,0)(3,6)(0,6)
Polygon:
(0,0)(4,0)(4,18)(0,18)
Polygon:
(0,0)(32,0)(32,11)(25,11)(25,4)(14,4)(14,16)(0,16)
Polygon:
(0,0)(31,0)(31,13)(21,13)(21,7)(7,7)(7,13)(0,13)
Polygon:
(0,0)(4,0)(4,1)(2,1)(2,12)(0,12)
Polygon:
(0,0)(16,0)(16,14)(0,14)
Polygon:
(0,0)(7,0)(7,3)(1,3)(1,9)(0,9)
Polygon:
(0,0)(36,0)(36,17)(18,17)(18,18)(0,18)
Polygon:
(0,0)(18,0)(18,12)(13,12)(13,17)(0,17)
Polygon:
(0,0)(12,0)(12,7)(11,7)(11,17)(0,17)
Polygon:
(0,0)(8,0)(8,15)(0,15)
Polygon:
(0,0)(32,0)(32,13)(14,13)(14,30)(0,30)
Polygon:
(0,0)(28,0)(28,2)(18,2)(18,7)(0,7)
Polygon:
(0,0)(7,0)(7,3)(5,3)(5,12)(0,12)
Polygon:
(0,0)(8,0)(8,7)(0,7)
Polygon:
(0,0)(16,0)(16,13)(0,13)
Polygon:
(0,0)(16,0)(16,6)(0,6)
Polygon:
(0,0)(15,0)(15,3)(0,3)
Polygon:
(0,0)(13,0)(13,12)(0,12)
Polygon:
(0,0)(29,0)(29,9)(17,9)(17,12)(0,12)
Polygon:
(0,0)(41,0)(41,23)(32,23)(32,9)(14,9)(14,11)(0,11)
Polygon:
(0,0)(29,0)(29,5)(15,5)(15,6)(0,6)
Polygon:
(0,0)(15,0)(15,13)(0,13)
Polygon:
(0,0)(15,0)(15,8)(0,8)
Polygon:
(0,0)(8,0)(8,7)(7,7)(7,16)(0,16)
Polygon:
(0,0)(25,0)(25,8)(17,8)(17,7)(1,7)(1,16)(0,16)
Polygon:
(0,0)(18,0)(18,18)(0,18)
Polygon:
(0,0)(1,0)(1,18)(0,18)
Polygon:
(0,0)(10,0)(10,10)(0,10)
Polygon:
(0,0)(32,0)(32,4)(17,4)(17,10)(0,10)
Polygon:
(0,0)(23,0)(23,14)(14,14)(14,4)(6,4)(6,16)(0,16)
Polygon:
(0,0)(23,0)(23,20)(19,20)(19,3)(12,3)(12,18)(0,18)
Polygon:
(0,0)(15,0)(15,4)(5,4)(5,9)(0,9)
Polygon:
(0,0)(11,0)(11,3)(0,3)
Polygon:
(0,0)(8,0)(8,13)(0,13)
Polygon:
(0,0)(27,0)(27,17)(15,17)(15,20)(0,20)
Polygon:
(0,0)(6,0)(6,15)(0,15)
Polygon:
(0,0)(28,0)(28,15)(15,15)(15,4)(7,4)(7,15)(0,15)
Polygon:
(0,0)(11,0)(11,14)(0,14)
Polygon:
(0,0)(15,0)(15,10)(0,10)
Polygon:
(0,0)(15,0)(15,18)(0,18)
Polygon:
(0,0)(2,0)(2,7)(0,7)
Polygon:
(0,0)(15,0)(15,11)(0,11)
Polygon:
(0,0)(9,0)(9,16)(0,16)
Polygon:
(0,0)(22,0)(22,19)(14,19)(14,8)(3,8)(3,15)(0,15)
Polygon:
(0,0)(17,0)(17,12)(8,12)(8,18)(0,18)
Polygon:
(0,0)(2,0)(2,1)(0,1)
Polygon:
(0,0)(22,0)(22,14)(6,14)(6,17)(0,17)
Polygon:
(0,0)(16,0)(16,7)(15,7)(15,10)(0,10)
Polygon:
(0,0)(16,0)(16,15)(0,15)
Polygon:
(0,0)(11,0)(11,19)(10,19)(10,13)(5,13)(5,17)(0,17)
Polygon:
(0,0)(27,0)(27,9)(18,9)(18,12)(0,12)
Polygon:
(0,0)(26,0)(26,12)(9,12)(9,25)(0,25)
Polygon:
(0,0)(12,0)(12,1)(5,1)(5,14)(0,14)
Polygon:
(0,0)(14,0)(14,11)(0,11)
Polygon:
(0,0)(11,0)(11,8)(0,8)
Polygon:
(0,0)(14,0)(14,14)(0,14)
Polygon:
(0,0)(13,0)(13,3)(0,3)
Polygon:
(0,0)(17,0)(17,13)(0,13)
Polygon:
(0,0)(10,0)(10,16)(0,16)
Polygon:
(0,0)(5,0)(5,8)(0,8)
Polygon:
(0,0)(8,0)(8,16)(0,16)
Polygon:
(0,0)(29,0)(29,5)(20,5)(20,2)(17,2)(17,9)(0,9)
Polygon:
(0,0)(22,0)(22,8)(16,8)(16,3)(4,3)(4,11)(0,11)
Polygon:
(0,0)(13,0)(13,10)(0,10)
Polygon:
(0,0)(13,0)(13,1)(0,1)
Polygon:
(0,0)(11,0)(11,2)(0,2)
Polygon:
(0,0)(4,0)(4,13)(0,13)
Polygon:
(0,0)(13,0)(13,12)(0,12)
Polygon:
(0,0)(16,0)(16,10)(10,10)(10,11)(0,11)
Polygon:
(0,0)(19,0)(19,4)(17,4)(17,16)(0,16)
Polygon:
(0,0)(17,0)(17,14)(0,14)
Polygon:
(0,0)(14,0)(14,13)(5,13)(5,18)(0,18)
Polygon:
(0,0)(12,0)(12,16)(0,16)
Polygon:
(0,0)(28,0)(28,5)(14,5)(14,12)(0,12)
Polygon:
(0,0)(22,0)(22,6)(14,6)(14,20)(0,20)
Polygon:
(0,0)(2,0)(2,18)(0,18)
Polygon:
(0,0)(4,0)(4,15)(0,15)
Polygon:
(0,0)(32,0)(32,16)(25,16)(25,11)(8,11)(8,13)(0,13)
Polygon:
(0,0)(4,0)(4,1)(0,1)
Polygon:
(0,0)(33,0)(33,17)(16,17)(16,5)(12,5)(12,15)(0,15)
Polygon:
(0,0)(27,0)(27,5)(16,5)(16,10)(0,10)
Polygon:
(0,0)(25,0)(25,12)(15,12)(15,23)(0,23)
Polygon:
(0,0)(3,0)(3,2)(0,2)
Polygon:
(0,0)(17,0)(17,1)(1,1)(1,14)(0,14)
Polygon:
(0,0)(12,0)(12,14)(0,14)
Polygon:
(0,0)(16,0)(16,13)(0,13)
Polygon:
(0,0)(15,0)(15,6)(8,6)(8,13)(0,13)
Polygon:
(0,0)(7,0)(7,1)(0,1)
Polygon:
(0,0)(1,0)(1,12)(0,12)
Polygon:
(0,0)(8,0)(8,10)(2,10)(2,12)(0,12)
Polygon:
(0,0)(9,0)(9,7)(0,7)
Polygon:
(0,0)(18,0)(18,5)(0,5)
Polygon:
(0,0)(33,0)(33,20)(32,20)(32,2)(14,2)(14,15)(0,15)
Polygon:
(0,0)(20,0)(20,15)(9,15)(9,12)(7,12)(7,16)(0,16)
Polygon:
(0,0)(3,0)(3,3)(0,3)
Polygon:
(0,0)(17,0)(17,5)(0,5)
Polygon:
(0,0)(17,0)(17,16)(0,16)
Polygon:
(0,0)(15,0)(15,18)(0,18)
Polygon:
(0,0)(2,0)(2,9)(1,9)(1,10)(0,10)
Polygon:
(0,0)(3,0)(3,18)(0,18)
Polygon:
(0,0)(36,0)(36,12)(19,12)(19,11)(2,11)(2,14)(0,14)
Polygon:
(0,0)(17,0)(17,1)(0,1)
Polygon:
(0,0)(14,0)(14,3)(0,3)
Polygon:
(0,0)(2,0)(2,7)(0,7)
Polygon:
(0,0)(27,0)(27,26)(26,26)(26,11)(16,11)(16,17)(0,17)
Polygon:
(0,0)(13,0)(13,11)(0,11)
Polygon:
(0,0)(22,0)(22,22)(20,22)(20,4)(7,4)(7,13)(0,13)
Polygon:
(0,0)(8,0)(8,2)(0,2)
Polygon:
(0,0)(36,0)(36,17)(20,17)(20,4)(17,4)(17,10)(0,10)
Polygon:
(0,0)(8,0)(8,12)(0,12)
Polygon:
(0,0)(17,0)(17,13)(0,13)
Polygon:
(0,0)(28,0)(28,10)(12,10)(12,20)(0,20)
Polygon:
(0,0)(13,0)(13,2)(0,2)
Polygon:
(0,0)(2,0)(2,16)(0,16)
Polygon:
(0,0)(31,0)(31,13)(30,13)(30,6)(12,6)(12,9)(0,9)
Polygon:
(0,0)(20,0)(20,11)(13,11)(13,26)(0,26)
Polygon:
(0,0)(4,0)(4,11)(0,11)
Polygon:
(0,0)(15,0)(15,18)(0,18)
Polygon:
(0,0)(4,0)(4,6)(0,6)
Polygon:
(0,0)(21,0)(21,4)(9,4)(9,14)(0,14)
Polygon:
(0,0)(28,0)(28,10)(13,10)(13,17)(0,17)
Polygon:
(0,0)(9,0)(9,14)(0,14)
Polygon:
(0,0)(18,0)(18,6)(0,6)
Polygon:
(0,0)(16,0)(16,8)(13,8)(13,6)(11,6)(11,11)(0,11)
Polygon:
(0,0)(10,0)(10,12)(0,12)
Polygon:
(0,0)(17,0)(17,5)(0,5)
Polygon:
(0,0)(12,0)(12,4)(0,4)
Polygon:
(0,0)(22,0)(22,4)(9,4)(9,14)(0,14)
Polygon:
(0,0)(3,0)(3,11)(0,11)
Polygon:
(0,0)(18,0)(18,1)(0,1)
Polygon:
(0,0)(18,0)(18,9)(10,9)(10,19)(0,19)
Polygon:
(0,0)(30,0)(30,12)(17,12)(17,22)(0,22)
Polygon:
(0,0)(10,0)(10,4)(0,4)
Polygon:
(0,0)(2,0)(2,1)(0,1)
Polygon:
(0,0)(15,0)(15,16)(0,16)
Polygon:
(0,0)(10,0)(10,13)(0,13)
Polygon:
(0,0)(25,0)(25,30)(17,30)(17,13)(15,13)(15,16)(0,16)
Polygon:
(0,0)(14,0)(14,9)(4,9)(4,16)(0,16)
Polygon:
(0,0)(2,0)(2,2)(0,2)
Polygon:
(0,0)(31,0)(31,12)(15,12)(15,5)(1,5)(1,11)(0,11)
Polygon:
(0,0)(5,0)(5,11)(0,11)
Polygon:
(0,0)(30,0)(30,14)(18,14)(18,18)(0,18)
Polygon:
(0,0)(19,0)(19,17)(17,17)(17,12)(7,12)(7,17)(0,17)
Polygon:
(0,0)(6,0)(6,2)(0,2)
Polygon:
(0,0)(19,0)(19,2)(10,2)(10,20)(0,20)
Polygon:
(0,0)(23,0)(23,10)(14,10)(14,3)(13,3)(13,5)(0,5)
Polygon:
(0,0)(2,0)(2,13)(0,13)
Polygon:
(0,0)(10,0)(10,18)(0,18)
Polygon:
(0,0)(6,0)(6,3)(0,3)
Polygon:
(0,0)(4,0)(4,2)(0,2)
Polygon:
(0,0)(26,0)(26,22)(10,22)(10,9)(5,9)(5,12)(0,12)
Polygon:
(0,0)(5,0)(5,3)(0,3)
Polygon:
(0,0)(14,0)(14,9)(0,9)
Polygon:
(0,0)(13,0)(13,6)(0,6)
Polygon:
(0,0)(11,0)(11,16)(0,16)
Polygon:
(0,0)(18,0)(18,9)(0,9)
Polygon:
(0,0)(13,0)(13,15)(9,15)(9,30)(0,30)
Polygon:
(0,0)(11,0)(11,5)(5,5)(5,18)(0,18)
Polygon:
(0,0)(19,0)(19,3)(3,3)(3,7)(0,7)
Polygon:
(0,0)(8,0)(8,7)(0,7)
Polygon:
(0,0)(7,0)(7,3)(0,3)
Polygon:
(0,0)(8,0)(8,3)(0,3)
Polygon:
(0,0)(12,0)(12,16)(0,16)
Polygon:
(0,0)(37,0)(37,7)(26,7)(26,3)(14,3)(14,4)(0,4)
Polygon:
(0,0)(17,0)(17,2)(13,2)(13,7)(0,7)
Polygon:
(0,0)(7,0)(7,12)(5,12)(5,30)(0,30)
Polygon:
(0,0)(1,0)(1,16)(0,16)
Polygon:
(0,0)(15,0)(15,17)(0,17)
Polygon:
(0,0)(41,0)(41,20)(26,20)(26,3)(12,3)(12,10)(0,10)
Polygon:
(0,0)(1,0)(1,5)(0,5)
Polygon:
(0,0)(13,0)(13,13)(6,13)(6,31)(0,31)
Polygon:
(0,0)(13,0)(13,4)(0,4)
Polygon:
(0,0)(16,0)(16,18)(0,18)
Polygon:
(0,0)(3,0)(3,17)(0,17)
Polygon:
(0,0)(1,0)(1,8)(0,8)
Polygon:
(0,0)(11,0)(11,11)(0,11)
Polygon:
(0,0)(6,0)(6,5)(0,5)
Polygon:
(0,0)(14,0)(14,18)(0,18)
Polygon:
(0,0)(27,0)(27,22)(16,22)(16,9)(13,9)(13,12)(0,12)
Polygon:
(0,0)(11,0)(11,4)(0,4)
Polygon:
(0,0)(9,0)(9,7)(0,7)
Polygon:
(0,0)(24,0)(24,15)(14,15)(14,24)(0,24)
Polygon:
(0,0)(14,0)(14,11)(0,11)
Polygon:
(0,0)(11,0)(11,13)(0,13)
Polygon:
(0,0)(15,0)(15,14)(0,14)
Polygon:
(0,0)(10,0)(10,15)(0,15)
Polygon:
(0,0)(7,0)(7,1)(0,1)
Polygon:
(0,0)(9,0)(9,14)(5,14)(5,24)(0,24)
Polygon:
(0,0)(26,0)(26,16)(12,16)(12,20)(0,20)
Polygon:
(0,0)(8,0)(8,13)(0,13)
Polygon:
(0,0)(32,0)(32,24)(22,24)(22,13)(18,13)(18,15)(0,15)
Polygon:
(0,0)(1,0)(1,16)(0,16)
Polygon:
(0,0)(3,0)(3,2)(0,2)
Polygon:
(0,0)(34,0)(34,14)(20,14)(20,6)(12,6)(12,16)(0,16)
Polygon:
(0,0)(20,0)(20,17)(8,17)(8,22)(0,22)
Polygon:
(0,0)(16,0)(16,5)(0,5)
Polygon:
(0,0)(23,0)(23,10)(11,10)(11,25)(0,25)
Polygon:
(0,0)(24,0)(24,13)(8,13)(8,8)(6,8)(6,11)(0,11)
Polygon:
(0,0)(15,0)(15,2)(0,2)
Polygon:
(0,0)(14,0)(14,1)(0,1)
Polygon:
(0,0)(15,0)(15,9)(0,9)
Polygon:
(0,0)(7,0)(7,15)(0,15)
Polygon:
(0,0)(19,0)(19,11)(18,11)(18,7)(2,7)(2,16)(0,16)
Polygon:
(0,0)(32,0)(32,12)(18,12)(18,17)(0,17)
Polygon:
(0,0)(5,0)(5,4)(0,4)
Polygon:
(0,0)(6,0)(6,5)(0,5)
Polygon:
(0,0)(10,0)(10,14)(0,14)
Polygon:
(0,0)(50,0)(50,18)(33,18)(33,9)(16,9)(16,18)(0,18)
Polygon:
(0,0)(3,0)(3,14)(0,14)
Polygon:
(0,0)(9,0)(9,2)(0,2)
Polygon:
(0,0)(15,0)(15,10)(8,10)(8,28)(0,28)
Polygon:
(0,0)(5,0)(5,3)(0,3)
Polygon:
(0,0)(33,0)(33,3)(17,3)(17,10)(0,10)
Polygon:
(0,0)(5,0)(5,14)(4,14)(4,18)(0,18)
Polygon:
(0,0)(5,0)(5,5)(4,5)(4,6)(0,6)
Polygon:
(0,0)(26,0)(26,4)(13,4)(13,21)(0,21)
Polygon:
(0,0)(15,0)(15,7)(0,7)
Polygon:
(0,0)(2,0)(2,18)(0,18)
Polygon:
(0,0)(30,0)(30,5)(16,5)(16,19)(0,19)
Polygon:
(0,0)(15,0)(15,9)(6,9)(6,22)(0,22)
Polygon:
(0,0)(14,0)(14,12)(0,12)
Polygon:
(0,0)(1,0)(1,7)(0,7)
Polygon:
(0,0)(28,0)(28,13)(26,13)(26,5)(14,5)(14,7)(0,7)
Polygon:
(0,0)(4,0)(4,11)(0,11)
Polygon:
(0,0)(17,0)(17,4)(0,4)
Polygon:
(0,0)(13,0)(13,16)(0,16)
Polygon:
(0,0)(15,0)(15,5)(0,5)
Polygon:
(0,0)(14,0)(14,11)(0,11)
Polygon:
(0,0)(11,0)(11,22)(4,22)(4,7)(3,7)(3,13)(0,13)
Polygon:
(0,0)(6,0)(6,14)(0,14)
Polygon:
(0,0)(41,0)(41,20)(32,20)(32,4)(17,4)(17,5)(0,5)
Polygon:
(0,0)(7,0)(7,15)(0,15)
Polygon:
(0,0)(1,0)(1,4)(0,4)
Polygon:
(0,0)(28,0)(28,20)(13,20)(13,10)(11,10)(11,13)(0,13)
Polygon:
(0,0)(18,0)(18,14)(0,14)
Polygon:
(0,0)(19,0)(19,10)(15,10)(15,26)(0,26)
Polygon:
(0,0)(10,0)(10,9)(0,9)
Polygon:
(0,0)(9,0)(9,14)(0,14)
Polygon:
(0,0)(14,0)(14,12)(0,12)
Polygon:
(0,0)(14,0)(14,9)(12,9)(12,10)(0,10)
Polygon:
(0,0)(4,0)(4,13)(0,13)
Polygon:
(0,0)(15,0)(15,16)(0,16)
Polygon:
(0,0)(19,0)(19,1)(5,1)(5,9)(0,9)
Polygon:
(0,0)(15,0)(15,11)(5,11)(5,19)(0,19)
Polygon:
(0,0)(2,0)(2,6)(0,6)
Polygon:
(0,0)(3,0)(3,2)(0,2)
Polygon:
(0,0)(19,0)(19,8)(5,8)(5,20)(0,20)
Polygon:
(0,0)(18,0)(18,15)(0,15)
Polygon:
(0,0)(17,0)(17,6)(0,6)
Polygon:
(0,0)(9,0)(9,7)(0,7)
Polygon:
(0,0)(6,0)(6,7)(0,7)
Polygon:
(0,0)(40,0)(40,22)(34,22)(34,5)(16,5)(16,14)(0,14)
Polygon:
(0,0)(22,0)(22,10)(11,10)(11,11)(0,11)
Polygon:
(0,0)(15,0)(15,9)(0,9)
Polygon:
(0,0)(6,0)(6,1)(0,1)
Polygon:
(0,0)(22,0)(22,12)(13,12)(13,9)(11,9)(11,14)(0,14)
Polygon:
(0,0)(6,0)(6,18)(0,18)
Polygon:
(0,0)(17,0)(17,9)(3,9)(3,10)(0,10)
Polygon:
(0,0)(26,0)(26,10)(14,10)(14,13)(0,13)
Polygon:
(0,0)(8,0)(8,8)(0,8)
Polygon:
(0,0)(9,0)(9,12)(0,12)
Polygon:
(0,0)(4,0)(4,11)(1,11)(1,19)(0,19)
