Polygon:
(0,0)(47,0)(47,15)(30,15)(30,17)(14,17)(14,7)(0,7)
Polygon:
(0,0)(13,0)(13,7)(9,7)(9,14)(8,14)(8,1)(0,1)
Polygon:
(0,0)(24,0)(24,10)(20,10)(20,13)(18,13)(18,8)(0,8)
Polygon:
(0,0)(34,0)(34,17)(21,17)(21,22)(11,22)(11,15)(0,15)
Polygon:
(0,0)(39,0)(39,13)(31,13)(31,24)(17,24)(17,7)(0,7)
Polygon:
(0,0)(15,0)(15,4)(14,4)(14,12)(6,12)(6,5)(0,5)
Polygon:
(0,0)(18,0)(18,18)(17,18)(17,27)(14,27)(14,10)(0,10)
Polygon:
(0,0)(13,0)(13,11)(10,11)(10,16)(3,16)(3,4)(0,4)
Polygon:
(0,0)(20,0)(20,15)(12,15)(12,16)(9,16)(9,5)(0,5)
Polygon:
(0,0)(35,0)(35,15)(20,15)(20,18)(15,18)(15,12)(0,12)
Polygon:
(0,0)(23,0)(23,13)(16,13)(16,24)(8,24)(8,17)(0,17)
Polygon:
(0,0)(33,0)(33,23)(17,23)(17,28)(3,28)(3,11)(0,11)
Polygon:
(0,0)(39,0)(39,9)(26,9)(26,25)(11,25)(11,14)(0,14)
Polygon:
(0,0)(47,0)(47,15)(30,15)(30,17)(15,17)(15,1)(0,1)
Polygon:
(0,0)(27,0)(27,12)(17,12)(17,15)(3,15)(3,3)(0,3)
Polygon:
(0,0)(23,0)(23,10)(12,10)(12,14)(5,14)(5,1)(0,1)
Polygon:
(0,0)(32,0)(32,4)(27,4)(27,15)(13,15)(13,13)(0,13)
Polygon:
(0,0)(49,0)(49,2)(33,2)(33,13)(17,13)(17,11)(0,11)
Polygon:
(0,0)(11,0)(11,2)(9,2)(9,17)(7,17)(7,12)(0,12)
Polygon:
(0,0)(35,0)(35,8)(17,8)(17,15)(8,15)(8,2)(0,2)
Polygon:
(0,0)(18,0)(18,14)(17,14)(17,20)(8,20)(8,6)(0,6)
Polygon:
(0,0)(29,0)(29,11)(19,11)(19,29)(1,29)(1,16)(0,16)
Polygon:
(0,0)(20,0)(20,13)(15,13)(15,19)(13,19)(13,18)(0,18)
Polygon:
(0,0)(30,0)(30,17)(13,17)(13,19)(10,19)(10,9)(0,9)
Polygon:
(0,0)(43,0)(43,4)(32,4)(32,9)(15,9)(15,4)(0,4)
Polygon:
(0,0)(39,0)(39,8)(30,8)(30,17)(14,17)(14,4)(0,4)
Polygon:
(0,0)(36,0)(36,8)(30,8)(30,21)(18,21)(18,14)(0,14)
Polygon:
(0,0)(33,0)(33,27)(21,27)(21,32)(7,32)(7,16)(0,16)
Polygon:
(0,0)(13,0)(13,11)(10,11)(10,22)(2,22)(2,10)(0,10)
Polygon:
(0,0)(25,0)(25,13)(17,13)(17,23)(12,23)(12,7)(0,7)
Polygon:
(0,0)(30,0)(30,12)(13,12)(13,19)(6,19)(6,9)(0,9)
Polygon:
(0,0)(34,0)(34,24)(17,24)(17,27)(3,27)(3,16)(0,16)
Polygon:
(0,0)(35,0)(35,21)(20,21)(20,22)(16,22)(16,5)(0,5)
Polygon:
(0,0)(29,0)(29,14)(25,14)(25,15)(15,15)(15,5)(0,5)
Polygon:
(0,0)(20,0)(20,14)(12,14)(12,22)(9,22)(9,6)(0,6)
Polygon:
(0,0)(26,0)(26,17)(19,17)(19,22)(5,22)(5,9)(0,9)
Polygon:
(0,0)(13,0)(13,14)(7,14)(7,22)(3,22)(3,13)(0,13)
Polygon:
(0,0)(23,0)(23,19)(12,19)(12,25)(3,25)(3,17)(0,17)
Polygon:
(0,0)(19,0)(19,15)(7,15)(7,29)(3,29)(3,12)(0,12)
Polygon:
(0,0)(33,0)(33,28)(29,28)(29,31)(17,31)(17,13)(0,13)
Polygon:
(0,0)(27,0)(27,8)(20,8)(20,21)(7,21)(7,14)(0,14)
Polygon:
(0,0)(7,0)(7,11)(4,11)(4,29)(1,29)(1,18)(0,18)
Polygon:
(0,0)(22,0)(22,8)(15,8)(15,17)(6,17)(6,14)(0,14)
Polygon:
(0,0)(23,0)(23,5)(14,5)(14,13)(11,13)(11,8)(0,8)
Polygon:
(0,0)(10,0)(10,6)(7,6)(7,13)(3,13)(3,3)(0,3)
Polygon:
(0,0)(26,0)(26,7)(25,7)(25,12)(16,12)(16,8)(0,8)
Polygon:
(0,0)(15,0)(15,4)(14,4)(14,16)(11,16)(11,1)(0,1)
Polygon:
(0,0)(6,0)(6,17)(3,17)(3,19)(1,19)(1,3)(0,3)
Polygon:
(0,0)(32,0)(32,3)(28,3)(28,20)(10,20)(10,12)(0,12)
Polygon:
(0,0)(35,0)(35,19)(25,19)(25,21)(15,21)(15,8)(0,8)
Polygon:
(0,0)(24,0)(24,21)(12,21)(12,28)(6,28)(6,10)(0,10)
Polygon:
(0,0)(25,0)(25,15)(13,15)(13,17)(12,17)(12,5)(0,5)
Polygon:
(0,0)(25,0)(25,2)(18,2)(18,20)(9,20)(9,6)(0,6)
Polygon:
(0,0)(33,0)(33,31)(24,31)(24,34)(9,34)(9,18)(0,18)
Polygon:
(0,0)(24,0)(24,17)(15,17)(15,26)(13,26)(13,9)(0,9)
Polygon:
(0,0)(43,0)(43,11)(26,11)(26,14)(8,14)(8,10)(0,10)
Polygon:
(0,0)(34,0)(34,9)(33,9)(33,19)(15,19)(15,1)(0,1)
Polygon:
(0,0)(20,0)(20,20)(16,20)(16,29)(10,29)(10,15)(0,15)
Polygon:
(0,0)(28,0)(28,18)(15,18)(15,20)(5,20)(5,15)(0,15)
Polygon:
(0,0)(22,0)(22,14)(16,14)(16,29)(4,29)(4,12)(0,12)
Polygon:
(0,0)(16,0)(16,12)(14,12)(14,22)(11,22)(11,17)(0,17)
Polygon:
(0,0)(24,0)(24,22)(22,22)(22,23)(11,23)(11,8)(0,8)
Polygon:
(0,0)(40,0)(40,12)(28,12)(28,29)(18,29)(18,13)(0,13)
Polygon:
(0,0)(49,0)(49,20)(34,20)(34,24)(17,24)(17,8)(0,8)
Polygon:
(0,0)(21,0)(21,10)(16,10)(16,20)(14,20)(14,3)(0,3)
Polygon:
(0,0)(25,0)(25,12)(24,12)(24,23)(6,23)(6,13)(0,13)
Polygon:
(0,0)(23,0)(23,8)(22,8)(22,18)(8,18)(8,11)(0,11)
Polygon:
(0,0)(27,0)(27,16)(20,16)(20,17)(17,17)(17,15)(0,15)
Polygon:
(0,0)(43,0)(43,15)(27,15)(27,20)(15,20)(15,7)(0,7)
Polygon:
(0,0)(22,0)(22,6)(19,6)(19,10)(18,10)(18,1)(0,1)
Polygon:
(0,0)(32,0)(32,2)(19,2)(19,19)(9,19)(9,12)(0,12)
Polygon:
(0,0)(26,0)(26,19)(19,19)(19,25)(2,25)(2,8)(0,8)
Polygon:
(0,0)(31,0)(31,19)(24,19)(24,31)(12,31)(12,15)(0,15)
Polygon:
(0,0)(44,0)(44,15)(28,15)(28,19)(12,19)(12,4)(0,4)
Polygon:
(0,0)(32,0)(32,7)(15,7)(15,14)(14,14)(14,2)(0,2)
Polygon:
(0,0)(40,0)(40,1)(30,1)(30,9)(15,9)(15,7)(0,7)
Polygon:
(0,0)(44,0)(44,10)(32,10)(32,20)(15,20)(15,2)(0,2)
Polygon:
(0,0)(36,0)(36,17)(20,17)(20,21)(14,21)(14,6)(0,6)
Polygon:
(0,0)(25,0)(25,6)(21,6)(21,15)(15,15)(15,14)(0,14)
Polygon:
(0,0)(26,0)(26,4)(19,4)(19,15)(3,15)(3,3)(0,3)
Polygon:
(0,0)(38,0)(38,10)(29,10)(29,13)(11,13)(11,3)(0,3)
Polygon:
(0,0)(31,0)(31,1)(20,1)(20,18)(16,18)(16,6)(0,6)
Polygon:
(0,0)(29,0)(29,4)(23,4)(23,13)(11,13)(11,8)(0,8)
Polygon:
(0,0)(42,0)(42,4)(24,4)(24,20)(11,20)(11,2)(0,2)
Polygon:
(0,0)(21,0)(21,12)(10,12)(10,22)(3,22)(3,16)(0,16)
Polygon:
(0,0)(34,0)(34,12)(24,12)(24,16)(10,16)(10,3)(0,3)
Polygon:
(0,0)(16,0)(16,20)(15,20)(15,27)(3,27)(3,15)(0,15)
Polygon:
(0,0)(41,0)(41,13)(31,13)(31,22)(18,22)(18,16)(0,16)
Polygon:
(0,0)(27,0)(27,18)(24,18)(24,23)(6,23)(6,18)(0,18)
Polygon:
(0,0)(21,0)(21,22)(20,22)(20,25)(9,25)(9,14)(0,14)
Polygon:
(0,0)(41,0)(41,17)(23,17)(23,30)(16,30)(16,16)(0,16)
Polygon:
(0,0)(28,0)(28,3)(17,3)(17,15)(6,15)(6,14)(0,14)
Polygon:
(0,0)(24,0)(24,6)(8,6)(8,14)(2,14)(2,3)(0,3)
Polygon:
(0,0)(28,0)(28,13)(16,13)(16,17)(7,17)(7,6)(0,6)
Polygon:
(0,0)(31,0)(31,28)(16,28)(16,34)(2,34)(2,17)(0,17)
Polygon:
(0,0)(22,0)(22,2)(17,2)(17,19)(13,19)(13,5)(0,5)
Polygon:
(0,0)(31,0)(31,8)(28,8)(28,24)(16,24)(16,7)(0,7)
Polygon:
(0,0)(32,0)(32,18)(18,18)(18,26)(12,26)(12,8)(0,8)
Polygon:
(0,0)(22,0)(22,22)(18,22)(18,25)(2,25)(2,7)(0,7)
Polygon:
(0,0)(28,0)(28,1)(22,1)(22,17)(17,17)(17,13)(0,13)
Polygon:
(0,0)(24,0)(24,14)(12,14)(12,21)(11,21)(11,6)(0,6)
Polygon:
(0,0)(35,0)(35,22)(27,22)(27,23)(16,23)(16,8)(0,8)
Polygon:
(0,0)(5,0)(5,5)(4,5)(4,14)(3,14)(3,2)(0,2)
Polygon:
(0,0)(19,0)(19,15)(11,15)(11,30)(8,30)(8,15)(0,15)
Polygon:
(0,0)(19,0)(19,10)(12,10)(12,16)(3,16)(3,5)(0,5)
Polygon:
(0,0)(34,0)(34,11)(18,11)(18,12)(13,12)(13,4)(0,4)
Polygon:
(0,0)(17,0)(17,12)(14,12)(14,18)(5,18)(5,5)(0,5)
Polygon:
(0,0)(26,0)(26,14)(20,14)(20,23)(14,23)(14,6)(0,6)
Polygon:
(0,0)(35,0)(35,5)(17,5)(17,8)(7,8)(7,1)(0,1)
Polygon:
(0,0)(27,0)(27,3)(16,3)(16,16)(15,16)(15,1)(0,1)
Polygon:
(0,0)(14,0)(14,21)(9,21)(9,22)(1,22)(1,10)(0,10)
Polygon:
(0,0)(22,0)(22,5)(21,5)(21,15)(16,15)(16,7)(0,7)
Polygon:
(0,0)(26,0)(26,13)(14,13)(14,18)(7,18)(7,17)(0,17)
Polygon:
(0,0)(26,0)(26,18)(18,18)(18,20)(16,20)(16,14)(0,14)
Polygon:
(0,0)(22,0)(22,2)(15,2)(15,16)(13,16)(13,3)(0,3)
Polygon:
(0,0)(46,0)(46,18)(29,18)(29,26)(12,26)(12,9)(0,9)
Polygon:
(0,0)(21,0)(21,21)(13,21)(13,23)(8,23)(8,7)(0,7)
Polygon:
(0,0)(27,0)(27,15)(23,15)(23,21)(14,21)(14,3)(0,3)
Polygon:
(0,0)(45,0)(45,4)(29,4)(29,17)(18,17)(18,6)(0,6)
Polygon:
(0,0)(43,0)(43,15)(27,15)(27,26)(12,26)(12,15)(0,15)
Polygon:
(0,0)(26,0)(26,14)(22,14)(22,25)(17,25)(17,12)(0,12)
Polygon:
(0,0)(13,0)(13,16)(5,16)(5,17)(4,17)(4,15)(0,15)
Polygon:
(0,0)(44,0)(44,13)(35,13)(35,15)(17,15)(17,4)(0,4)
Polygon:
(0,0)(31,0)(31,14)(17,14)(17,16)(6,16)(6,13)(0,13)
Polygon:
(0,0)(33,0)(33,12)(26,12)(26,25)(16,25)(16,16)(0,16)
Polygon:
(0,0)(41,0)(41,4)(26,4)(26,21)(12,21)(12,13)(0,13)
Polygon:
(0,0)(31,0)(31,16)(16,16)(16,26)(7,26)(7,9)(0,9)
Polygon:
(0,0)(35,0)(35,17)(17,17)(17,26)(14,26)(14,10)(0,10)
Polygon:
(0,0)(37,0)(37,11)(20,11)(20,27)(13,27)(13,12)(0,12)
Polygon:
(0,0)(35,0)(35,5)(19,5)(19,13)(4,13)(4,8)(0,8)
Polygon:
(0,0)(43,0)(43,10)(25,10)(25,12)(12,12)(12,4)(0,4)
Polygon:
(0,0)(24,0)(24,18)(19,18)(19,26)(2,26)(2,17)(0,17)
Polygon:
(0,0)(19,0)(19,23)(18,23)(18,31)(2,31)(2,13)(0,13)
Polygon:
(0,0)(22,0)(22,14)(15,14)(15,17)(13,17)(13,3)(0,3)
Polygon:
(0,0)(28,0)(28,9)(16,9)(16,16)(8,16)(8,7)(0,7)
Polygon:
(0,0)(28,0)(28,8)(27,8)(27,23)(17,23)(17,7)(0,7)
Polygon:
(0,0)(22,0)(22,23)(21,23)(21,26)(14,26)(14,17)(0,17)
Polygon:
(0,0)(36,0)(36,2)(26,2)(26,9)(16,9)(16,1)(0,1)
Polygon:
(0,0)(45,0)(45,4)(36,4)(36,13)(18,13)(18,2)(0,2)
Polygon:
(0,0)(36,0)(36,5)(28,5)(28,14)(15,14)(15,6)(0,6)
Polygon:
(0,0)(36,0)(36,8)(20,8)(20,17)(11,17)(11,8)(0,8)
Polygon:
(0,0)(21,0)(21,6)(18,6)(18,11)(17,11)(17,1)(0,1)
Polygon:
(0,0)(36,0)(36,14)(23,14)(23,32)(12,32)(12,14)(0,14)
Polygon:
(0,0)(23,0)(23,13)(9,13)(9,25)(4,25)(4,18)(0,18)
Polygon:
(0,0)(33,0)(33,22)(15,22)(15,23)(3,23)(3,13)(0,13)
Polygon:
(0,0)(19,0)(19,13)(14,13)(14,20)(5,20)(5,13)(0,13)
Polygon:
(0,0)(45,0)(45,21)(27,21)(27,25)(15,25)(15,10)(0,10)
Polygon:
(0,0)(46,0)(46,1)(29,1)(29,9)(14,9)(14,5)(0,5)
Polygon:
(0,0)(21,0)(21,20)(16,20)(16,30)(9,30)(9,17)(0,17)
Polygon:
(0,0)(13,0)(13,17)(11,17)(11,20)(6,20)(6,5)(0,5)
Polygon:
(0,0)(15,0)(15,30)(5,30)(5,31)(3,31)(3,14)(0,14)
Polygon:
(0,0)(14,0)(14,6)(7,6)(7,17)(3,17)(3,7)(0,7)
Polygon:
(0,0)(33,0)(33,11)(15,11)(15,24)(2,24)(2,17)(0,17)
Polygon:
(0,0)(9,0)(9,11)(8,11)(8,25)(6,25)(6,17)(0,17)
Polygon:
(0,0)(15,0)(15,20)(10,20)(10,25)(9,25)(9,11)(0,11)
Polygon:
(0,0)(24,0)(24,10)(15,10)(15,21)(2,21)(2,12)(0,12)
Polygon:
(0,0)(18,0)(18,19)(8,19)(8,27)(1,27)(1,15)(0,15)
Polygon:
(0,0)(25,0)(25,12)(16,12)(16,25)(4,25)(4,11)(0,11)
Polygon:
(0,0)(18,0)(18,11)(16,11)(16,17)(6,17)(6,2)(0,2)
Polygon:
(0,0)(26,0)(26,26)(8,26)(8,27)(3,27)(3,10)(0,10)
Polygon:
(0,0)(44,0)(44,12)(26,12)(26,20)(10,20)(10,6)(0,6)
Polygon:
(0,0)(47,0)(47,12)(29,12)(29,21)(17,21)(17,4)(0,4)
Polygon:
(0,0)(36,0)(36,9)(19,9)(19,15)(6,15)(6,7)(0,7)
Polygon:
(0,0)(29,0)(29,24)(23,24)(23,30)(12,30)(12,18)(0,18)
Polygon:
(0,0)(20,0)(20,8)(17,8)(17,26)(4,26)(4,16)(0,16)
Polygon:
(0,0)(28,0)(28,15)(10,15)(10,28)(6,28)(6,15)(0,15)
Polygon:
(0,0)(36,0)(36,24)(22,24)(22,27)(17,27)(17,16)(0,16)
Polygon:
(0,0)(48,0)(48,13)(30,13)(30,29)(16,29)(16,13)(0,13)
Polygon:
(0,0)(21,0)(21,4)(15,4)(15,19)(5,19)(5,6)(0,6)
Polygon:
(0,0)(33,0)(33,11)(19,11)(19,17)(3,17)(3,9)(0,9)
Polygon:
(0,0)(36,0)(36,16)(30,16)(30,29)(14,29)(14,13)(0,13)
Polygon:
(0,0)(18,0)(18,16)(14,16)(14,18)(2,18)(2,2)(0,2)
Polygon:
(0,0)(23,0)(23,1)(16,1)(16,19)(11,19)(11,18)(0,18)
Polygon:
(0,0)(38,0)(38,4)(34,4)(34,21)(18,21)(18,10)(0,10)
Polygon:
(0,0)(24,0)(24,21)(13,21)(13,32)(1,32)(1,15)(0,15)
Polygon:
(0,0)(32,0)(32,11)(14,11)(14,16)(9,16)(9,15)(0,15)
Polygon:
(0,0)(26,0)(26,16)(19,16)(19,22)(9,22)(9,17)(0,17)
Polygon:
(0,0)(26,0)(26,15)(21,15)(21,24)(3,24)(3,8)(0,8)
Polygon:
(0,0)(12,0)(12,3)(8,3)(8,15)(2,15)(2,5)(0,5)
Polygon:
(0,0)(24,0)(24,15)(17,15)(17,20)(11,20)(11,15)(0,15)
Polygon:
(0,0)(27,0)(27,13)(15,13)(15,18)(6,18)(6,15)(0,15)
Polygon:
(0,0)(19,0)(19,24)(13,24)(13,25)(1,25)(1,15)(0,15)
Polygon:
(0,0)(14,0)(14,2)(8,2)(8,10)(5,10)(5,2)(0,2)
Polygon:
(0,0)(13,0)(13,7)(8,7)(8,8)(6,8)(6,5)(0,5)
Polygon:
(0,0)(26,0)(26,16)(20,16)(20,26)(7,26)(7,13)(0,13)
Polygon:
(0,0)(39,0)(39,16)(31,16)(31,21)(13,21)(13,3)(0,3)
Polygon:
(0,0)(20,0)(20,4)(14,4)(14,20)(7,20)(7,16)(0,16)
Polygon:
(0,0)(10,0)(10,19)(3,19)(3,24)(2,24)(2,9)(0,9)
Polygon:
(0,0)(35,0)(35,7)(17,7)(17,16)(10,16)(10,3)(0,3)
Polygon:
(0,0)(18,0)(18,22)(8,22)(8,29)(5,29)(5,15)(0,15)
Polygon:
(0,0)(31,0)(31,21)(18,21)(18,30)(9,30)(9,13)(0,13)
Polygon:
(0,0)(29,0)(29,13)(18,13)(18,26)(6,26)(6,16)(0,16)
Polygon:
(0,0)(41,0)(41,20)(25,20)(25,25)(11,25)(11,9)(0,9)
Polygon:
(0,0)(22,0)(22,15)(19,15)(19,25)(16,25)(16,8)(0,8)
Polygon:
(0,0)(20,0)(20,31)(9,31)(9,33)(3,33)(3,15)(0,15)
Polygon:
(0,0)(34,0)(34,16)(32,16)(32,19)(15,19)(15,14)(0,14)
Polygon:
(0,0)(48,0)(48,23)(36,23)(36,28)(18,28)(18,17)(0,17)
Polygon:
(0,0)(27,0)(27,7)(17,7)(17,22)(6,22)(6,8)(0,8)
Polygon:
(0,0)(29,0)(29,13)(23,13)(23,15)(11,15)(11,4)(0,4)
Polygon:
(0,0)(29,0)(29,26)(17,26)(17,27)(9,27)(9,12)(0,12)
Polygon:
(0,0)(9,0)(9,14)(0,14)
Polygon:
(0,0)(13,0)(13,20)(9,20)(9,6)(2,6)(2,9)(0,9)
Polygon:
(0,0)(36,0)(36,5)(21,5)(21,2)(17,2)(17,16)(0,16)
Polygon:
(0,0)(16,0)(16,7)(0,7)
Polygon:
(0,0)(13,0)(13,17)(0,17)
Polygon:
(0,0)(24,0)(24,12)(18,12)(18,19)(0,19)
Polygon:
(0,0)(33,0)(33,14)(22,14)(22,11)(8,11)(8,15)(0,15)
Polygon:
(0,0)(28,0)(28,13)(11,13)(11,24)(0,24)
Polygon:
(0,0)(9,0)(9,11)(0,11)
Polygon:
(0,0)(21,0)(21,16)(18,16)(18,31)(0,31)
Polygon:
(0,0)(4,0)(4,11)(0,11)
Polygon:
(0,0)(7,0)(7,6)(0,6)
Polygon:
(0,0)(18,0)(18,8)(0,8)
Polygon:
(0,0)(30,0)(30,16)(13,16)(13,6)(10,6)(10,18)(0,18)
Polygon:
(0,0)(25,0)(25,7)(11,7)(11,3)(1,3)(1,10)(0,10)
Polygon:
(0,0)(6,0)(6,6)(0,6)
Polygon:
(0,0)(33,0)(33,9)(16,9)(16,18)(0,18)
Polygon:
(0,0)(4,0)(4,14)(0,14)
Polygon:
(0,0)(24,0)(24,9)(10,9)(10,18)(0,18)
Polygon:
(0,0)(13,0)(13,15)(11,15)(11,22)(0,22)
Polygon:
(0,0)(13,0)(13,11)(0,11)
Polygon:
(0,0)(23,0)(23,18)(14,18)(14,7)(3,7)(3,14)(0,14)
Polygon:
(0,0)(17,0)(17,15)(0,15)
Polygon:
(0,0)(18,0)(18,7)(0,7)
Polygon:
(0,0)(6,0)(6,5)(3,5)(3,23)(0,23)
Polygon:
(0,0)(28,0)(28,2)(15,2)(15,6)(0,6)
Polygon:
(0,0)(16,0)(16,6)(0,6)
Polygon:
(0,0)(35,0)(35,17)(19,17)(19,5)(15,5)(15,17)(0,17)
Polygon:
(0,0)(29,0)(29,16)(24,16)(24,3)(14,3)(14,18)(0,18)
Polygon:
(0,0)(8,0)(8,2)(0,2)
Polygon:
(0,0)(13,0)(13,4)(0,4)
Polygon:
(0,0)(7,0)(7,15)(0,15)
Polygon:
(0,0)(8,0)(8,6)(0,6)
Polygon:
(0,0)(18,0)(18,9)(0,9)
Polygon:
(0,0)(18,0)(18,2)(0,2)
Polygon:
(0,0)(12,0)(12,6)(0,6)
Polygon:
(0,0)(32,0)(32,21)(14,21)(14,3)(10,3)(10,12)(0,12)
Polygon:
(0,0)(14,0)(14,11)(0,11)
Polygon:
(0,0)(4,0)(4,8)(0,8)
Polygon:
(0,0)(6,0)(6,14)(0,14)
Polygon:
(0,0)(5,0)(5,4)(0,4)
Polygon:
(0,0)(19,0)(19,12)(13,12)(13,11)(6,11)(6,17)(0,17)
Polygon:
(0,0)(12,0)(12,5)(0,5)
Polygon:
(0,0)(26,0)(26,10)(12,10)(12,5)(3,5)(3,17)(0,17)
Polygon:
(0,0)(3,0)(3,8)(0,8)
Polygon:
(0,0)(31,0)(31,16)(25,16)(25,6)(17,6)(17,23)(0,23)
Polygon:
(0,0)(4,0)(4,15)(0,15)
Polygon:
(0,0)(8,0)(8,10)(3,10)(3,12)(0,12)
Polygon:
(0,0)(16,0)(16,10)(0,10)
Polygon:
(0,0)(5,0)(5,9)(0,9)
Polygon:
(0,0)(9,0)(9,25)(2,25)(2,9)(1,9)(1,16)(0,16)
Polygon:
(0,0)(42,0)(42,30)(27,30)(27,14)(15,14)(15,17)(0,17)
Polygon:
(0,0)(18,0)(18,6)(12,6)(12,13)(0,13)
Polygon:
(0,0)(10,0)(10,13)(5,13)(5,23)(0,23)
Polygon:
(0,0)(17,0)(17,13)(0,13)
Polygon:
(0,0)(8,0)(8,7)(0,7)
Polygon:
(0,0)(16,0)(16,13)(0,13)
Polygon:
(0,0)(15,0)(15,9)(3,9)(3,18)(0,18)
Polygon:
(0,0)(10,0)(10,16)(0,16)
Polygon:
(0,0)(13,0)(13,11)(0,11)
Polygon:
(0,0)(8,0)(8,4)(0,4)
Polygon:
(0,0)(28,0)(28,13)(14,13)(14,14)(0,14)
Polygon:
(0,0)(8,0)(8,17)(0,17)
Polygon:
(0,0)(17,0)(17,8)(8,8)(8,9)(0,9)
Polygon:
(0,0)(10,0)(10,6)(8,6)(8,9)(0,9)
Polygon:
(0,0)(5,0)(5,4)(0,4)
Polygon:
(0,0)(34,0)(34,24)(24,24)(24,6)(11,6)(11,13)(0,13)
Polygon:
(0,0)(18,0)(18,12)(0,12)
Polygon:
(0,0)(7,0)(7,6)(0,6)
Polygon:
(0,0)(16,0)(16,11)(0,11)
Polygon:
(0,0)(16,0)(16,4)(13,4)(13,20)(0,20)
Polygon:
(0,0)(28,0)(28,1)(10,1)(10,16)(0,16)
Polygon:
(0,0)(31,0)(31,11)(15,11)(15,22)(0,22)
Polygon:
(0,0)(7,0)(7,3)(0,3)
Polygon:
(0,0)(22,0)(22,9)(18,9)(18,22)(0,22)
Polygon:
(0,0)(11,0)(11,11)(8,11)(8,17)(0,17)
Polygon:
(0,0)(15,0)(15,4)(0,4)
Polygon:
(0,0)(12,0)(12,11)(0,11)
Polygon:
(0,0)(10,0)(10,12)(0,12)
Polygon:
(0,0)(3,0)(3,18)(0,18)
Polygon:
(0,0)(21,0)(21,3)(17,3)(17,13)(0,13)
Polygon:
(0,0)(7,0)(7,4)(0,4)
Polygon:
(0,0)(17,0)(17,1)(0,1)
Polygon:
(0,0)(12,0)(12,3)(0,3)
Polygon:
(0,0)(16,0)(16,5)(0,5)
Polygon:
(0,0)(12,0)(12,14)(0,14)
Polygon:
(0,0)(2,0)(2,10)(0,10)
Polygon:
(0,0)(10,0)(10,18)(5,18)(5,9)(3,9)(3,14)(0,14)
Polygon:
(0,0)(11,0)(11,8)(0,8)
Polygon:
(0,0)(7,0)(7,12)(0,12)
Polygon:
(0,0)(2,0)(2,4)(0,4)
Polygon:
(0,0)(8,0)(8,7)(0,7)
Polygon:
(0,0)(10,0)(10,10)(0,10)
Polygon:
(0,0)(10,0)(10,2)(0,2)
Polygon:
(0,0)(18,0)(18,14)(0,14)
Polygon:
(0,0)(32,0)(32,14)(18,14)(18,4)(3,4)(3,16)(0,16)
Polygon:
(0,0)(14,0)(14,9)(0,9)
Polygon:
(0,0)(12,0)(12,10)(9,10)(9,14)(0,14)
Polygon:
(0,0)(4,0)(4,14)(0,14)
Polygon:
(0,0)(20,0)(20,8)(8,8)(8,21)(0,21)
Polygon:
(0,0)(27,0)(27,4)(25,4)(25,3)(12,3)(12,17)(0,17)
Polygon:
(0,0)(18,0)(18,27)(16,27)(16,13)(1,13)(1,17)(0,17)
Polygon:
(0,0)(7,0)(7,18)(0,18)
Polygon:
(0,0)(2,0)(2,11)(0,11)
Polygon:
(0,0)(2,0)(2,2)(0,2)
Polygon:
(0,0)(23,0)(23,15)(15,15)(15,31)(0,31)
Polygon:
(0,0)(4,0)(4,12)(0,12)
Polygon:
(0,0)(23,0)(23,17)(9,17)(9,26)(0,26)
Polygon:
(0,0)(14,0)(14,16)(11,16)(11,19)(0,19)
Polygon:
(0,0)(2,0)(2,5)(0,5)
Polygon:
(0,0)(7,0)(7,4)(0,4)
Polygon:
(0,0)(3,0)(3,5)(0,5)
Polygon:
(0,0)(1,0)(1,16)(0,16)
Polygon:
(0,0)(11,0)(11,13)(10,13)(10,30)(0,30)
Polygon:
(0,0)(4,0)(4,15)(0,15)
Polygon:
(0,0)(29,0)(29,4)(16,4)(16,12)(0,12)
Polygon:
(0,0)(7,0)(7,5)(0,5)
Polygon:
(0,0)(6,0)(6,14)(0,14)
Polygon:
(0,0)(10,0)(10,13)(0,13)
Polygon:
(0,0)(18,0)(18,9)(8,9)(8,12)(0,12)
Polygon:
(0,0)(13,0)(13,8)(11,8)(11,10)(0,10)
Polygon:
(0,0)(13,0)(13,14)(0,14)
Polygon:
(0,0)(6,0)(6,13)(1,13)(1,20)(0,20)
Polygon:
(0,0)(12,0)(12,17)(0,17)
Polygon:
(0,0)(2,0)(2,17)(0,17)
Polygon:
(0,0)(22,0)(22,15)(13,15)(13,29)(0,29)
Polygon:
(0,0)(25,0)(25,16)(15,16)(15,10)(2,10)(2,13)(0,13)
Polygon:
(0,0)(34,0)(34,17)(18,17)(18,30)(0,30)
Polygon:
(0,0)(6,0)(6,2)(0,2)
Polygon:
(0,0)(35,0)(35,15)(17,15)(17,26)(0,26)
Polygon:
(0,0)(13,0)(13,4)(5,4)(5,12)(0,12)
Polygon:
(0,0)(13,0)(13,14)(0,14)
Polygon:
(0,0)(11,0)(11,4)(0,4)
Polygon:
(0,0)(13,0)(13,13)(0,13)
Polygon:
(0,0)(9,0)(9,6)(0,6)
Polygon:
(0,0)(14,0)(14,6)(10,6)(10,3)(5,3)(5,5)(0,5)
Polygon:
(0,0)(14,0)(14,1)(0,1)
Polygon:
(0,0)(26,0)(26,15)(9,15)(9,31)(0,31)
Polygon:
(0,0)(7,0)(7,15)(0,15)
Polygon:
(0,0)(27,0)(27,5)(12,5)(12,13)(0,13)
Polygon:
(0,0)(8,0)(8,2)(0,2)
Polygon:
(0,0)(35,0)(35,1)(17,1)(17,7)(0,7)
Polygon:
(0,0)(11,0)(11,7)(0,7)
Polygon:
(0,0)(5,0)(5,3)(3,3)(3,10)(0,10)
Polygon:
(0,0)(25,0)(25,7)(17,7)(17,6)(6,6)(6,15)(0,15)
Polygon:
(0,0)(16,0)(16,13)(0,13)
Polygon:
(0,0)(2,0)(2,15)(0,15)
Polygon:
(0,0)(7,0)(7,4)(5,4)(5,22)(0,22)
Polygon:
(0,0)(7,0)(7,18)(0,18)
Polygon:
(0,0)(17,0)(17,3)(0,3)
Polygon:
(0,0)(13,0)(13,18)(0,18)
Polygon:
(0,0)(17,0)(17,16)(0,16)
Polygon:
(0,0)(4,0)(4,2)(0,2)
Polygon:
(0,0)(1,0)(1,7)(0,7)
Polygon:
(0,0)(6,0)(6,1)(0,1)
Polygon:
(0,0)(5,0)(5,15)(0,15)
Polygon:
(0,0)(9,0)(9,2)(0,2)
Polygon:
(0,0)(4,0)(4,11)(3,11)(3,24)(0,24)
Polygon:
(0,0)(6,0)(6,5)(0,5)
Polygon:
(0,0)(2,0)(2,2)(0,2)
Polygon:
(0,0)(1,0)(1,11)(0,11)
Polygon:
(0,0)(14,0)(14,17)(12,17)(12,29)(0,29)
Polygon:
(0,0)(16,0)(16,4)(0,4)
Polygon:
(0,0)(18,0)(18,9)(0,9)
Polygon:
(0,0)(11,0)(11,4)(0,4)
Polygon:
(0,0)(27,0)(27,9)(14,9)(14,20)(0,20)
Polygon:
(0,0)(13,0)(13,14)(12,14)(12,2)(7,2)(7,15)(0,15)
Polygon:
(0,0)(1,0)(1,12)(0,12)
Polygon:
(0,0)(14,0)(14,12)(9,12)(9,20)(0,20)
Polygon:
(0,0)(5,0)(5,5)(0,5)
Polygon:
(0,0)(15,0)(15,10)(0,10)
Polygon:
(0,0)(21,0)(21,2)(18,2)(18,9)(0,9)
Polygon:
(0,0)(16,0)(16,26)(6,26)(6,8)(3,8)(3,14)(0,14)
Polygon:
(0,0)(5,0)(5,2)(2,2)(2,18)(0,18)
Polygon:
(0,0)(13,0)(13,1)(0,1)
Polygon:
(0,0)(13,0)(13,5)(0,5)
Polygon:
(0,0)(36,0)(36,9)(24,9)(24,2)(8,2)(8,10)(0,10)
Polygon:
(0,0)(11,0)(11,7)(0,7)
Polygon:
(0,0)(26,0)(26,10)(15,10)(15,21)(0,21)
Polygon:
(0,0)(10,0)(10,17)(0,17)
Polygon:
(0,0)(27,0)(27,12)(9,12)(9,26)(0,26)
Polygon:
(0,0)(19,0)(19,1)(18,1)(18,12)(0,12)
Polygon:
(0,0)(10,0)(10,1)(4,1)(4,6)(0,6)
Polygon:
(0,0)(5,0)(5,15)(0,15)
Polygon:
(0,0)(9,0)(9,14)(0,14)
Polygon:
(0,0)(5,0)(5,18)(3,18)(3,19)(0,19)
Polygon:
(0,0)(7,0)(7,18)(2,18)(2,25)(0,25)
Polygon:
(0,0)(18,0)(18,5)(0,5)
Polygon:
(0,0)(16,0)(16,10)(0,10)
Polygon:
(0,0)(17,0)(17,2)(4,2)(4,16)(0,16)
Polygon:
(0,0)(2,0)(2,8)(0,8)
Polygon:
(0,0)(27,0)(27,1)(18,1)(18,10)(0,10)
Polygon:
(0,0)(7,0)(7,14)(2,14)(2,25)(0,25)
Polygon:
(0,0)(7,0)(7,6)(0,6)
Polygon:
(0,0)(25,0)(25,21)(18,21)(18,17)(5,17)(5,18)(0,18)
Polygon:
(0,0)(7,0)(7,18)(0,18)
Polygon:
(0,0)(11,0)(11,1)(0,1)
Polygon:
(0,0)(26,0)(26,12)(18,12)(18,10)(6,10)(6,11)(0,11)
Polygon:
(0,0)(10,0)(10,1)(0,1)
Polygon:
(0,0)(17,0)(17,17)(0,17)
Polygon:
(0,0)(30,0)(30,28)(13,28)(13,13)(10,13)(10,18)(0,18)
Polygon:
(0,0)(6,0)(6,5)(2,5)(2,9)(0,9)
Polygon:
(0,0)(32,0)(32,7)(30,7)(30,1)(14,1)(14,2)(0,2)
Polygon:
(0,0)(12,0)(12,6)(1,6)(1,9)(0,9)
Polygon:
(0,0)(3,0)(3,7)(0,7)
Polygon:
(0,0)(22,0)(22,3)(13,3)(13,8)(0,8)
Polygon:
(0,0)(4,0)(4,14)(0,14)
Polygon:
(0,0)(13,0)(13,10)(0,10)
Polygon:
(0,0)(39,0)(39,23)(23,23)(23,13)(17,13)(17,16)(0,16)
Polygon:
(0,0)(2,0)(2,18)(0,18)
Polygon:
(0,0)(33,0)(33,17)(15,17)(15,28)(0,28)
Polygon:
(0,0)(8,0)(8,11)(4,11)(4,12)(0,12)
Polygon:
(0,0)(7,0)(7,17)(0,17)
Polygon:
(0,0)(20,0)(20,3)(4,3)(4,7)(0,7)
Polygon:
(0,0)(11,0)(11,10)(10,10)(10,22)(0,22)
Polygon:
(0,0)(24,0)(24,10)(12,10)(12,26)(0,26)
Polygon:
(0,0)(13,0)(13,12)(0,12)
Polygon:
(0,0)(10,0)(10,4)(0,4)
Polygon:
(0,0)(17,0)(17,1)(0,1)
Polygon:
(0,0)(7,0)(7,15)(0,15)
Polygon:
(0,0)(13,0)(13,16)(0,16)
Polygon:
(0,0)(2,0)(2,5)(0,5)
Polygon:
(0,0)(2,0)(2,17)(0,17)
Polygon:
(0,0)(14,0)(14,16)(7,16)(7,19)(0,19)
Polygon:
(0,0)(1,0)(1,17)(0,17)
Polygon:
(0,0)(7,0)(7,9)(3,9)(3,11)(0,11)
Polygon:
(0,0)(21,0)(21,18)(17,18)(17,33)(0,33)
Polygon:
(0,0)(12,0)(12,23)(10,23)(10,14)(5,14)(5,15)(0,15)
Polygon:
(0,0)(26,0)(26,11)(9,11)(9,8)(7,8)(7,10)(0,10)
Polygon:
(0,0)(37,0)(37,22)(31,22)(31,9)(18,9)(18,18)(0,18)
Polygon:
(0,0)(15,0)(15,3)(0,3)
Polygon:
(0,0)(7,0)(7,9)(2,9)(2,17)(0,17)
Polygon:
(0,0)(20,0)(20,15)(11,15)(11,16)(0,16)
Polygon:
(0,0)(11,0)(11,3)(0,3)
Polygon:
(0,0)(12,0)(12,5)(0,5)
Polygon:
(0,0)(3,0)(3,6)(0,6)
Polygon:
(0,0)(9,0)(9,16)(0,16)
Polygon:
(0,0)(4,0)(4,8)(0,8)
Polygon:
(0,0)(3,0)(3,12)(0,12)
Polygon:
(0,0)(2,0)(2,7)(1,7)(1,25)(0,25)
Polygon:
(0,0)(18,0)(18,4)(0,4)
Polygon:
(0,0)(18,0)(18,18)(5,18)(5,35)(0,35)
Polygon:
(0,0)(18,0)(18,9)(0,9)
Polygon:
(0,0)(10,0)(10,15)(0,15)
Polygon:
(0,0)(17,0)(17,13)(5,13)(5,15)(0,15)
Polygon:
(0,0)(10,0)(10,15)(5,15)(5,16)(0,16)
Polygon:
(0,0)(9,0)(9,15)(0,15)
Polygon:
(0,0)(8,0)(8,8)(0,8)
Polygon:
(0,0)(51,0)(51,25)(34,25)(34,11)(17,11)(17,13)(0,13)
Polygon:
(0,0)(12,0)(12,8)(0,8)
Polygon:
(0,0)(33,0)(33,15)(17,15)(17,3)(14,3)(14,20)(0,20)
Polygon:
(0,0)(20,0)(20,19)(18,19)(18,13)(8,13)(8,16)(0,16)
Polygon:
(0,0)(1,0)(1,18)(0,18)
Polygon:
(0,0)(16,0)(16,5)(0,5)
Polygon:
(0,0)(12,0)(12,5)(0,5)
Polygon:
(0,0)(6,0)(6,11)(0,11)
Polygon:
(0,0)(30,0)(30,16)(16,16)(16,13)(11,13)(11,18)(0,18)
Polygon:
(0,0)(14,0)(14,8)(0,8)
Polygon:
(0,0)(5,0)(5,18)(0,18)
Polygon:
(0,0)(4,0)(4,9)(0,9)
Polygon:
(0,0)(21,0)(21,12)(9,12)(9,14)(0,14)
Polygon:
(0,0)(9,0)(9,6)(0,6)
Polygon:
(0,0)(22,0)(22,18)(14,18)(14,1)(2,1)(2,18)(0,18)
Polygon:
(0,0)(8,0)(8,1)(0,1)
Polygon:
(0,0)(2,0)(2,15)(0,15)
Polygon:
(0,0)(13,0)(13,6)(0,6)
Polygon:
(0,0)(9,0)(9,12)(0,12)
Polygon:
(0,0)(10,0)(10,16)(0,16)
Polygon:
(0,0)(19,0)(19,14)(1,14)(1,17)(0,17)
Polygon:
(0,0)(13,0)(13,4)(0,4)
Polygon:
(0,0)(3,0)(3,4)(0,4)
Polygon:
(0,0)(31,0)(31,22)(23,22)(23,15)(12,15)(12,18)(0,18)
Polygon:
(0,0)(16,0)(16,2)(12,2)(12,1)(2,1)(2,4)(0,4)
Polygon:
(0,0)(14,0)(14,10)(0,10)
Polygon:
(0,0)(3,0)(3,6)(0,6)
Polygon:
(0,0)(18,0)(18,18)(0,18)
Polygon:
(0,0)(21,0)(21,28)(9,28)(9,11)(4,11)(4,14)(0,14)
Polygon:
(0,0)(18,0)(18,5)(16,5)(16,18)(0,18)
Polygon:
(0,0)(14,0)(14,16)(0,16)
Polygon:
(0,0)(15,0)(15,2)(0,2)
Polygon:
(0,0)(18,0)(18,8)(0,8)
Polygon:
(0,0)(1,0)(1,3)(0,3)
Polygon:
(0,0)(5,0)(5,12)(0,12)
Polygon:
(0,0)(16,0)(16,1)(0,1)
Polygon:
(0,0)(9,0)(9,6)(2,6)(2,17)(0,17)
Polygon:
(0,0)(12,0)(12,16)(7,16)(7,26)(0,26)
Polygon:
(0,0)(24,0)(24,5)(6,5)(6,7)(0,7)
Polygon:
(0,0)(16,0)(16,13)(0,13)
Polygon:
(0,0)(12,0)(12,15)(0,15)
Polygon:
(0,0)(18,0)(18,8)(12,8)(12,26)(0,26)
Polygon:
(0,0)(2,0)(2,13)(0,13)
Polygon:
(0,0)(17,0)(17,5)(0,5)
Polygon:
(0,0)(14,0)(14,9)(8,9)(8,22)(0,22)
Polygon:
(0,0)(15,0)(15,15)(0,15)
Polygon:
(0,0)(3,0)(3,12)(0,12)
Polygon:
(0,0)(5,0)(5,13)(0,13)
Polygon:
(0,0)(15,0)(15,4)(13,4)(13,17)(0,17)
Polygon:
(0,0)(15,0)(15,11)(4,11)(4,18)(0,18)
Polygon:
(0,0)(23,0)(23,29)(13,29)(13,12)(2,12)(2,16)(0,16)
Polygon:
(0,0)(12,0)(12,5)(0,5)
Polygon:
(0,0)(17,0)(17,10)(7,10)(7,16)(0,16)
Polygon:
(0,0)(10,0)(10,4)(0,4)
Polygon:
(0,0)(6,0)(6,10)(0,10)
Polygon:
(0,0)(14,0)(14,16)(2,16)(2,31)(0,31)
Polygon:
(0,0)(18,0)(18,18)(0,18)
Polygon:
(0,0)(13,0)(13,2)(0,2)
Polygon:
(0,0)(17,0)(17,8)(0,8)
Polygon:
(0,0)(16,0)(16,8)(0,8)
Polygon:
(0,0)(26,0)(26,4)(17,4)(17,3)(10,3)(10,8)(0,8)
Polygon:
(0,0)(1,0)(1,9)(0,9)
Polygon:
(0,0)(15,0)(15,7)(0,7)
Polygon:
(0,0)(5,0)(5,8)(0,8)
Polygon:
(0,0)(18,0)(18,5)(0,5)
Polygon:
(0,0)(7,0)(7,2)(0,2)
Polygon:
(0,0)(16,0)(16,13)(8,13)(8,20)(0,20)
Polygon:
(0,0)(13,0)(13,5)(12,5)(12,20)(0,20)
Polygon:
(0,0)(4,0)(4,7)(0,7)
Polygon:
(0,0)(20,0)(20,12)(10,12)(10,19)(0,19)
Polygon:
(0,0)(21,0)(21,11)(3,11)(3,12)(0,12)
Polygon:
(0,0)(5,0)(5,4)(0,4)
Polygon:
(0,0)(10,0)(10,13)(0,13)
Polygon:
(0,0)(12,0)(12,13)(0,13)
Polygon:
(0,0)(27,0)(27,12)(13,12)(13,23)(0,23)
Polygon:
(0,0)(6,0)(6,4)(0,4)
Polygon:
(0,0)(13,0)(13,13)(0,13)
Polygon:
(0,0)(22,0)(22,12)(12,12)(12,13)(0,13)
Polygon:
(0,0)(5,0)(5,9)(0,9)
Polygon:
(0,0)(22,0)(22,20)(11,20)(11,6)(4,6)(4,7)(0,7)
Polygon:
(0,0)(10,0)(10,3)(0,3)
Polygon:
(0,0)(11,0)(11,3)(0,3)
Polygon:
(0,0)(3,0)(3,8)(0,8)
Polygon:
(0,0)(25,0)(25,25)(17,25)(17,13)(6,13)(6,16)(0,16)
Polygon:
(0,0)(15,0)(15,4)(0,4)
Polygon:
(0,0)(2,0)(2,8)(0,8)
Polygon:
(0,0)(17,0)(17,5)(0,5)
Polygon:
(0,0)(14,0)(14,4)(0,4)
Polygon:
(0,0)(18,0)(18,15)(0,15)
Polygon:
(0,0)(15,0)(15,22)(8,22)(8,6)(6,6)(6,10)(0,10)
Polygon:
(0,0)(5,0)(5,15)(0,15)
Polygon:
(0,0)(6,0)(6,6)(0,6)
Polygon:
(0,0)(11,0)(11,15)(9,15)(9,9)(5,9)(5,15)(0,15)
Polygon:
(0,0)(35,0)(35,5)(17,5)(17,9)(0,9)
Polygon:
(0,0)(15,0)(15,18)(0,18)
Polygon:
(0,0)(25,0)(25,17)(8,17)(8,28)(0,28)
Polygon:
(0,0)(29,0)(29,21)(26,21)(26,6)(11,6)(11,15)(0,15)
Polygon:
(0,0)(16,0)(16,6)(0,6)
Polygon:
(0,0)(17,0)(17,5)(0,5)
Polygon:
(0,0)(18,0)(18,7)(0,7)
Polygon:
(0,0)(32,0)(32,25)(30,25)(30,7)(16,7)(16,9)(0,9)
Polygon:
(0,0)(14,0)(14,4)(0,4)
Polygon:
(0,0)(20,0)(20,13)(18,13)(18,27)(0,27)
Polygon:
(0,0)(17,0)(17,17)(0,17)
Polygon:
(0,0)(12,0)(12,15)(0,15)
Polygon:
(0,0)(18,0)(18,3)(3,3)(3,15)(0,15)
Polygon:
(0,0)(4,0)(4,17)(0,17)
Polygon:
(0,0)(3,0)(3,8)(0,8)
Polygon:
(0,0)(7,0)(7,5)(0,5)
Polygon:
(0,0)(17,0)(17,15)(16,15)(16,21)(0,21)
Polygon:
(0,0)(8,0)(8,1)(0,1)
Polygon:
(0,0)(4,0)(4,4)(0,4)
Polygon:
(0,0)(16,0)(16,11)(2,11)(2,29)(0,29)
Polygon:
(0,0)(3,0)(3,12)(1,12)(1,25)(0,25)
Polygon:
(0,0)(10,0)(10,17)(0,17)
Polygon:
(0,0)(6,0)(6,11)(0,11)
Polygon:
(0,0)(22,0)(22,3)(7,3)(7,9)(0,9)
Polygon:
(0,0)(13,0)(13,9)(0,9)
Polygon:
(0,0)(11,0)(11,15)(0,15)
Polygon:
(0,0)(21,0)(21,17)(14,17)(14,21)(0,21)
Polygon:
(0,0)(7,0)(7,13)(0,13)
Polygon:
(0,0)(23,0)(23,12)(5,12)(5,28)(0,28)
Polygon:
(0,0)(14,0)(14,1)(9,1)(9,15)(0,15)
Polygon:
(0,0)(17,0)(17,8)(1,8)(1,18)(0,18)
Polygon:
(0,0)(14,0)(14,13)(0,13)
Polygon:
(0,0)(7,0)(7,10)(2,10)(2,16)(0,16)
Polygon:
(0,0)(17,0)(17,6)(1,6)(1,10)(0,10)
Polygon:
(0,0)(14,0)(14,18)(0,18)
Polygon:
(0,0)(7,0)(7,3)(0,3)
Polygon:
(0,0)(24,0)(24,14)(17,14)(17,29)(0,29)
Polygon:
(0,0)(16,0)(16,14)(0,14)
Polygon:
(0,0)(20,0)(20,9)(18,9)(18,26)(0,26)
Polygon:
(0,0)(1,0)(1,12)(0,12)
Polygon:
(0,0)(9,0)(9,15)(3,15)(3,22)(0,22)
Polygon:
(0,0)(13,0)(13,10)(0,10)
Polygon:
(0,0)(18,0)(18,17)(0,17)
Polygon:
(0,0)(3,0)(3,18)(0,18)
Polygon:
(0,0)(4,0)(4,11)(0,11)
Polygon:
(0,0)(10,0)(10,9)(0,9)
Polygon:
(0,0)(15,0)(15,4)(0,4)
Polygon:
(0,0)(14,0)(14,18)(0,18)
Polygon:
(0,0)(15,0)(15,14)(4,14)(4,17)(0,17)
Polygon:
(0,0)(19,0)(19,2)(9,2)(9,9)(0,9)
Polygon:
(0,0)(17,0)(17,14)(3,14)(3,17)(0,17)
Polygon:
(0,0)(24,0)(24,18)(18,18)(18,33)(0,33)
Polygon:
(0,0)(3,0)(3,3)(0,3)
Polygon:
(0,0)(2,0)(2,17)(0,17)
Polygon:
(0,0)(10,0)(10,5)(6,5)(6,9)(0,9)
Polygon:
(0,0)(22,0)(22,15)(16,15)(16,17)(0,17)
Polygon:
(0,0)(4,0)(4,16)(0,16)
Polygon:
(0,0)(18,0)(18,13)(0,13)
Polygon:
(0,0)(11,0)(11,3)(0,3)
Polygon:
(0,0)(3,0)(3,14)(0,14)
Polygon:
(0,0)(21,0)(21,16)(17,16)(17,1)(8,1)(8,8)(0,8)
Polygon:
(0,0)(37,0)(37,18)(25,18)(25,2)(12,2)(12,3)(0,3)
Polygon:
(0,0)(3,0)(3,10)(0,10)
Polygon:
(0,0)(6,0)(6,3)(0,3)
Polygon:
(0,0)(18,0)(18,4)(12,4)(12,1)(6,1)(6,3)(0,3)
Polygon:
(0,0)(11,0)(11,11)(0,11)
Polygon:
(0,0)(4,0)(4,13)(0,13)
Polygon:
(0,0)(17,0)(17,4)(0,4)
Polygon:
(0,0)(2,0)(2,16)(0,16)
Polygon:
(0,0)(2,0)(2,4)(0,4)
Polygon:
(0,0)(18,0)(18,8)(0,8)
Polygon:
(0,0)(18,0)(18,1)(0,1)
Polygon:
(0,0)(20,0)(20,9)(7,9)(7,21)(0,21)
Polygon:
(0,0)(8,0)(8,7)(0,7)
Polygon:
(0,0)(17,0)(17,10)(0,10)
Polygon:
(0,0)(4,0)(4,15)(0,15)
Polygon:
(0,0)(32,0)(32,11)(17,11)(17,8)(13,8)(13,18)(0,18)
Polygon:
(0,0)(12,0)(12,6)(0,6)
Polygon:
(0,0)(8,0)(8,3)(0,3)
Polygon:
(0,0)(13,0)(13,9)(0,9)
Polygon:
(0,0)(30,0)(30,11)(18,11)(18,14)(0,14)
Polygon:
(0,0)(9,0)(9,6)(0,6)
Polygon:
(0,0)(4,0)(4,8)(0,8)
Polygon:
(0,0)(16,0)(16,16)(12,16)(12,15)(1,15)(1,16)(0,16)
Polygon:
(0,0)(11,0)(11,18)(0,18)
Polygon:
(0,0)(25,0)(25,3)(13,3)(13,13)(0,13)
Polygon:
(0,0)(23,0)(23,19)(13,19)(13,4)(8,4)(8,8)(0,8)
Polygon:
(0,0)(8,0)(8,15)(0,15)
Polygon:
(0,0)(23,0)(23,6)(12,6)(12,3)(2,3)(2,18)(0,18)
Polygon:
(0,0)(10,0)(10,7)(0,7)
Polygon:
(0,0)(30,0)(30,6)(15,6)(15,2)(4,2)(4,3)(0,3)
Polygon:
(0,0)(7,0)(7,1)(0,1)
Polygon:
(0,0)(17,0)(17,6)(16,6)(16,22)(0,22)
Polygon:
(0,0)(13,0)(13,2)(3,2)(3,9)(0,9)
Polygon:
(0,0)(29,0)(29,9)(13,9)(13,22)(0,22)
Polygon:
(0,0)(17,0)(17,12)(0,12)
Polygon:
(0,0)(18,0)(18,15)(0,15)
Polygon:
(0,0)(13,0)(13,4)(0,4)
Polygon:
(0,0)(9,0)(9,7)(0,7)
Polygon:
(0,0)(30,0)(30,11)(25,11)(25,2)(16,2)(16,10)(0,10)
Polygon:
(0,0)(15,0)(15,21)(14,21)(14,8)(11,8)(11,13)(0,13)
Polygon:
(0,0)(18,0)(18,18)(12,18)(12,31)(0,31)
Polygon:
(0,0)(10,0)(10,1)(0,1)
Polygon:
(0,0)(16,0)(16,8)(0,8)
Polygon:
(0,0)(17,0)(17,15)(0,15)
Polygon:
(0,0)(30,0)(30,18)(19,18)(19,10)(11,10)(11,16)(0,16)
Polygon:
(0,0)(11,0)(11,9)(0,9)
Polygon:
(0,0)(21,0)(21,11)(6,11)(6,29)(0,29)
Polygon:
(0,0)(3,0)(3,13)(0,13)
Polygon:
(0,0)(15,0)(15,13)(14,13)(14,14)(0,14)
Polygon:
(0,0)(5,0)(5,2)(0,2)
Polygon:
(0,0)(16,0)(16,16)(13,16)(13,22)(0,22)
Polygon:
(0,0)(17,0)(17,15)(0,15)
Polygon:
(0,0)(15,0)(15,1)(0,1)
Polygon:
(0,0)(16,0)(16,8)(0,8)
Polygon:
(0,0)(34,0)(34,12)(18,12)(18,27)(0,27)
Polygon:
(0,0)(31,0)(31,13)(22,13)(22,4)(6,4)(6,8)(0,8)
Polygon:
(0,0)(16,0)(16,9)(0,9)
Polygon:
(0,0)(18,0)(18,2)(0,2)
Polygon:
(0,0)(26,0)(26,7)(18,7)(18,1)(6,1)(6,9)(0,9)
Polygon:
(0,0)(8,0)(8,3)(0,3)
Polygon:
(0,0)(26,0)(26,9)(24,9)(24,7)(11,7)(11,12)(0,12)
Polygon:
(0,0)(2,0)(2,2)(0,2)
Polygon:
(0,0)(2,0)(2,16)(0,16)
Polygon:
(0,0)(19,0)(19,17)(16,17)(16,35)(0,35)
Polygon:
(0,0)(18,0)(18,4)(14,4)(14,18)(0,18)
Polygon:
(0,0)(5,0)(5,13)(0,13)
Polygon:
(0,0)(15,0)(15,12)(0,12)
Polygon:
(0,0)(12,0)(12,17)(3,17)(3,29)(0,29)
Polygon:
(0,0)(12,0)(12,17)(0,17)
Polygon:
(0,0)(6,0)(6,4)(0,4)
Polygon:
(0,0)(21,0)(21,12)(15,12)(15,8)(5,8)(5,9)(0,9)
Polygon:
(0,0)(20,0)(20,13)(7,13)(7,29)(0,29)
Polygon:
(0,0)(9,0)(9,11)(8,11)(8,1)(5,1)(5,2)(0,2)
Polygon:
(0,0)(27,0)(27,6)(17,6)(17,17)(0,17)
Polygon:
(0,0)(11,0)(11,1)(0,1)
Polygon:
(0,0)(9,0)(9,6)(0,6)
Polygon:
(0,0)(3,0)(3,2)(0,2)
Polygon:
(0,0)(11,0)(11,3)(8,3)(8,12)(0,12)
Polygon:
(0,0)(17,0)(17,8)(0,8)
Polygon:
(0,0)(34,0)(34,18)(20,18)(20,9)(7,9)(7,11)(0,11)
Polygon:
(0,0)(24,0)(24,20)(9,20)(9,6)(2,6)(2,10)(0,10)
Polygon:
(0,0)(23,0)(23,3)(16,3)(16,16)(0,16)
Polygon:
(0,0)(17,0)(17,2)(3,2)(3,11)(0,11)
Polygon:
(0,0)(16,0)(16,16)(0,16)
Polygon:
(0,0)(7,0)(7,13)(0,13)
Polygon:
(0,0)(4,0)(4,12)(3,12)(3,26)(0,26)
Polygon:
(0,0)(23,0)(23,12)(7,12)(7,23)(0,23)
Polygon:
(0,0)(16,0)(16,5)(3,5)(3,16)(0,16)
Polygon:
(0,0)(3,0)(3,4)(0,4)
Polygon:
(0,0)(17,0)(17,15)(0,15)
Polygon:
(0,0)(2,0)(2,9)(1,9)(1,16)(0,16)
Polygon:
(0,0)(10,0)(10,10)(0,10)
Polygon:
(0,0)(18,0)(18,15)(0,15)
Polygon:
(0,0)(14,0)(14,3)(0,3)
Polygon:
(0,0)(17,0)(17,4)(16,4)(16,17)(0,17)
Polygon:
(0,0)(14,0)(14,16)(4,16)(4,27)(0,27)
Polygon:
(0,0)(16,0)(16,17)(1,17)(1,29)(0,29)
Polygon:
(0,0)(20,0)(20,18)(18,18)(18,1)(15,1)(15,4)(0,4)
Polygon:
(0,0)(14,0)(14,17)(0,17)
Polygon:
(0,0)(1,0)(1,6)(0,6)
Polygon:
(0,0)(44,0)(44,10)(27,10)(27,2)(10,2)(10,10)(0,10)
Polygon:
(0,0)(9,0)(9,17)(0,17)
Polygon:
(0,0)(7,0)(7,9)(0,9)
Polygon:
(0,0)(38,0)(38,15)(24,15)(24,1)(7,1)(7,11)(0,11)
Polygon:
(0,0)(14,0)(14,4)(0,4)
Polygon:
(0,0)(5,0)(5,6)(0,6)
Polygon:
(0,0)(18,0)(18,3)(0,3)
Polygon:
(0,0)(10,0)(10,17)(0,17)
Polygon:
(0,0)(7,0)(7,6)(1,6)(1,16)(0,16)
Polygon:
(0,0)(3,0)(3,3)(0,3)
Polygon:
(0,0)(1,0)(1,15)(0,15)
Polygon:
(0,0)(15,0)(15,17)(0,17)
Polygon:
(0,0)(32,0)(32,11)(16,11)(16,28)(0,28)
Polygon:
(0,0)(31,0)(31,6)(13,6)(13,19)(0,19)
Polygon:
(0,0)(1,0)(1,4)(0,4)
Polygon:
(0,0)(4,0)(4,11)(0,11)
Polygon:
(0,0)(10,0)(10,4)(0,4)
Polygon:
(0,0)(20,0)(20,5)(3,5)(3,7)(0,7)
Polygon:
(0,0)(8,0)(8,11)(0,11)
Polygon:
(0,0)(7,0)(7,3)(0,3)
Polygon:
(0,0)(13,0)(13,4)(0,4)
Polygon:
(0,0)(10,0)(10,14)(1,14)(1,24)(0,24)
Polygon:
(0,0)(23,0)(23,22)(8,22)(8,12)(4,12)(4,13)(0,13)
Polygon:
(0,0)(15,0)(15,9)(0,9)
Polygon:
(0,0)(8,0)(8,12)(0,12)
Polygon:
(0,0)(16,0)(16,14)(5,14)(5,1)(4,1)(4,4)(0,4)
Polygon:
(0,0)(11,0)(11,4)(0,4)
Polygon:
(0,0)(9,0)(9,16)(0,16)
Polygon:
(0,0)(7,0)(7,7)(0,7)
Polygon:
(0,0)(8,0)(8,5)(0,5)
Polygon:
(0,0)(6,0)(6,17)(0,17)
Polygon:
(0,0)(6,0)(6,8)(0,8)
Polygon:
(0,0)(15,0)(15,1)(2,1)(2,13)(0,13)
Polygon:
(0,0)(1,0)(1,6)(0,6)
Polygon:
(0,0)(36,0)(36,25)(25,25)(25,13)(9,13)(9,15)(0,15)
Polygon:
(0,0)(3,0)(3,17)(0,17)
Polygon:
(0,0)(6,0)(6,4)(0,4)
Polygon:
(0,0)(13,0)(13,8)(8,8)(8,11)(0,11)
Polygon:
(0,0)(1,0)(1,15)(0,15)
Polygon:
(0,0)(18,0)(18,8)(0,8)
Polygon:
(0,0)(11,0)(11,15)(0,15)
Polygon:
(0,0)(9,0)(9,2)(5,2)(5,12)(0,12)
Polygon:
(0,0)(10,0)(10,17)(0,17)
Polygon:
(0,0)(12,0)(12,15)(0,15)
Polygon:
(0,0)(21,0)(21,17)(14,17)(14,24)(0,24)
Polygon:
(0,0)(14,0)(14,12)(0,12)
Polygon:
(0,0)(14,0)(14,15)(0,15)
Polygon:
(0,0)(14,0)(14,16)(0,16)
Polygon:
(0,0)(13,0)(13,2)(0,2)
Polygon:
(0,0)(4,0)(4,15)(0,15)
Polygon:
(0,0)(29,0)(29,12)(13,12)(13,5)(5,5)(5,11)(0,11)
Polygon:
(0,0)(17,0)(17,12)(1,12)(1,17)(0,17)
Polygon:
(0,0)(20,0)(20,19)(11,19)(11,6)(4,6)(4,8)(0,8)
Polygon:
(0,0)(10,0)(10,11)(0,11)
Polygon:
(0,0)(15,0)(15,13)(0,13)
Polygon:
(0,0)(18,0)(18,5)(6,5)(6,17)(0,17)
Polygon:
(0,0)(32,0)(32,18)(15,18)(15,28)(0,28)
Polygon:
(0,0)(21,0)(21,11)(16,11)(16,15)(0,15)
Polygon:
(0,0)(1,0)(1,8)(0,8)
Polygon:
(0,0)(25,0)(25,20)(15,20)(15,4)(9,4)(9,11)(0,11)
Polygon:
(0,0)(12,0)(12,1)(0,1)
Polygon:
(0,0)(25,0)(25,19)(17,19)(17,10)(4,10)(4,17)(0,17)
Polygon:
(0,0)(2,0)(2,11)(0,11)
Polygon:
(0,0)(42,0)(42,9)(29,9)(29,3)(15,3)(15,16)(0,16)
Polygon:
(0,0)(7,0)(7,14)(0,14)
Polygon:
(0,0)(14,0)(14,10)(0,10)
Polygon:
(0,0)(1,0)(1,6)(0,6)
Polygon:
(0,0)(8,0)(8,11)(0,11)
Polygon:
(0,0)(3,0)(3,12)(0,12)
Polygon:
(0,0)(16,0)(16,14)(0,14)
Polygon:
(0,0)(1,0)(1,18)(0,18)
Polygon:
(0,0)(9,0)(9,4)(0,4)
Polygon:
(0,0)(23,0)(23,16)(21,16)(21,13)(7,13)(7,18)(0,18)
Polygon:
(0,0)(12,0)(12,13)(10,13)(10,9)(7,9)(7,10)(0,10)
Polygon:
(0,0)(19,0)(19,6)(14,6)(14,23)(0,23)
Polygon:
(0,0)(19,0)(19,18)(2,18)(2,35)(0,35)
Polygon:
(0,0)(18,0)(18,6)(0,6)
Polygon:
(0,0)(4,0)(4,12)(0,12)
Polygon:
(0,0)(1,0)(1,11)(0,11)
Polygon:
(0,0)(26,0)(26,14)(16,14)(16,2)(5,2)(5,15)(0,15)
Polygon:
(0,0)(27,0)(27,13)(19,13)(19,9)(12,9)(12,10)(0,10)
Polygon:
(0,0)(17,0)(17,5)(0,5)
Polygon:
(0,0)(29,0)(29,1)(12,1)(12,12)(0,12)
Polygon:
(0,0)(7,0)(7,6)(0,6)
Polygon:
(0,0)(10,0)(10,3)(0,3)
Polygon:
(0,0)(12,0)(12,16)(6,16)(6,31)(0,31)
Polygon:
(0,0)(26,0)(26,6)(18,6)(18,20)(0,20)
Polygon:
(0,0)(18,0)(18,2)(13,2)(13,6)(0,6)
Polygon:
(0,0)(7,0)(7,10)(0,10)
Polygon:
(0,0)(21,0)(21,13)(15,13)(15,21)(0,21)
Polygon:
(0,0)(13,0)(13,1)(0,1)
Polygon:
(0,0)(21,0)(21,13)(11,13)(11,6)(4,6)(4,12)(0,12)
Polygon:
(0,0)(15,0)(15,4)(0,4)
Polygon:
(0,0)(11,0)(11,8)(3,8)(3,12)(0,12)
Polygon:
(0,0)(16,0)(16,6)(0,6)
Polygon:
(0,0)(8,0)(8,2)(0,2)
Polygon:
(0,0)(18,0)(18,17)(16,17)(16,31)(0,31)
Polygon:
(0,0)(31,0)(31,25)(15,25)(15,12)(14,12)(14,15)(0,15)
Polygon:
(0,0)(10,0)(10,5)(0,5)
Polygon:
(0,0)(8,0)(8,3)(0,3)
Polygon:
(0,0)(10,0)(10,18)(0,18)
Polygon:
(0,0)(9,0)(9,1)(6,1)(6,18)(0,18)
Polygon:
(0,0)(15,0)(15,11)(12,11)(12,17)(0,17)
Polygon:
(0,0)(6,0)(6,14)(0,14)
Polygon:
(0,0)(5,0)(5,3)(0,3)
Polygon:
(0,0)(8,0)(8,1)(0,1)
Polygon:
(0,0)(18,0)(18,17)(0,17)
Polygon:
(0,0)(13,0)(13,8)(7,8)(7,13)(0,13)
Polygon:
(0,0)(6,0)(6,5)(0,5)
Polygon:
(0,0)(7,0)(7,12)(0,12)
Polygon:
(0,0)(14,0)(14,17)(0,17)
Polygon:
(0,0)(13,0)(13,14)(9,14)(9,26)(0,26)
Polygon:
(0,0)(16,0)(16,6)(1,6)(1,8)(0,8)
Polygon:
(0,0)(7,0)(7,5)(0,5)
Polygon:
(0,0)(8,0)(8,8)(0,8)
Polygon:
(0,0)(46,0)(46,17)(34,17)(34,14)(18,14)(18,18)(0,18)
Polygon:
(0,0)(12,0)(12,9)(0,9)
Polygon:
(0,0)(22,0)(22,15)(7,15)(7,24)(0,24)
Polygon:
(0,0)(31,0)(31,9)(17,9)(17,22)(0,22)
Polygon:
(0,0)(12,0)(12,15)(0,15)
Polygon:
(0,0)(18,0)(18,1)(0,1)
Polygon:
(0,0)(11,0)(11,12)(0,12)
Polygon:
(0,0)(10,0)(10,17)(0,17)
Polygon:
(0,0)(17,0)(17,26)(10,26)(10,10)(2,10)(2,12)(0,12)
Polygon:
(0,0)(4,0)(4,1)(0,1)
Polygon:
(0,0)(12,0)(12,12)(7,12)(7,21)(0,21)
Polygon:
(0,0)(4,0)(4,13)(0,13)
Polygon:
(0,0)(17,0)(17,14)(0,14)
Polygon:
(0,0)(2,0)(2,10)(0,10)
Polygon:
(0,0)(27,0)(27,14)(25,14)(25,8)(12,8)(12,11)(0,11)
Polygon:
(0,0)(18,0)(18,8)(0,8)
Polygon:
(0,0)(13,0)(13,3)(0,3)
Polygon:
(0,0)(13,0)(13,1)(0,1)
Polygon:
(0,0)(9,0)(9,5)(0,5)
Polygon:
(0,0)(16,0)(16,8)(0,8)
Polygon:
(0,0)(15,0)(15,12)(0,12)
Polygon:
(0,0)(31,0)(31,15)(14,15)(14,30)(0,30)
Polygon:
(0,0)(27,0)(27,8)(16,8)(16,24)(0,24)
Polygon:
(0,0)(11,0)(11,5)(0,5)
Polygon:
(0,0)(9,0)(9,9)(0,9)
Polygon:
(0,0)(13,0)(13,1)(0,1)
Polygon:
(0,0)(14,0)(14,2)(0,2)
Polygon:
(0,0)(6,0)(6,8)(0,8)
Polygon:
(0,0)(24,0)(24,6)(6,6)(6,24)(0,24)
Polygon:
(0,0)(7,0)(7,6)(0,6)
Polygon:
(0,0)(14,0)(14,7)(13,7)(13,6)(12,6)(12,10)(0,10)
Polygon:
(0,0)(10,0)(10,7)(0,7)
Polygon:
(0,0)(10,0)(10,10)(0,10)
Polygon:
(0,0)(11,0)(11,14)(8,14)(8,22)(0,22)
Polygon:
(0,0)(9,0)(9,18)(0,18)
Polygon:
(0,0)(16,0)(16,18)(7,18)(7,31)(0,31)
Polygon:
(0,0)(11,0)(11,10)(5,10)(5,12)(0,12)
Polygon:
(0,0)(30,0)(30,16)(21,16)(21,3)(3,3)(3,11)(0,11)
Polygon:
(0,0)(25,0)(25,24)(24,24)(24,10)(9,10)(9,15)(0,15)
Polygon:
(0,0)(25,0)(25,12)(13,12)(13,14)(0,14)
Polygon:
(0,0)(4,0)(4,18)(0,18)
Polygon:
(0,0)(7,0)(7,9)(0,9)
Polygon:
(0,0)(2,0)(2,18)(0,18)
Polygon:
(0,0)(6,0)(6,9)(0,9)
Polygon:
(0,0)(23,0)(23,16)(7,16)(7,18)(0,18)
Polygon:
(0,0)(14,0)(14,9)(2,9)(2,12)(0,12)
Polygon:
(0,0)(35,0)(35,18)(18,18)(18,3)(7,3)(7,10)(0,10)
Polygon:
(0,0)(20,0)(20,13)(13,13)(13,1)(11,1)(11,18)(0,18)
Polygon:
(0,0)(5,0)(5,16)(0,16)
Polygon:
(0,0)(22,0)(22,13)(5,13)(5,20)(0,20)
Polygon:
(0,0)(18,0)(18,12)(0,12)
Polygon:
(0,0)(3,0)(3,14)(0,14)
Polygon:
(0,0)(17,0)(17,5)(4,5)(4,22)(0,22)
Polygon:
(0,0)(5,0)(5,15)(3,15)(3,21)(0,21)
Polygon:
(0,0)(41,0)(41,19)(24,19)(24,4)(10,4)(10,6)(0,6)
Polygon:
(0,0)(6,0)(6,4)(0,4)
Polygon:
(0,0)(8,0)(8,9)(0,9)
Polygon:
(0,0)(6,0)(6,10)(0,10)
Polygon:
(0,0)(32,0)(32,8)(26,8)(26,2)(18,2)(18,9)(0,9)
Polygon:
(0,0)(11,0)(11,5)(0,5)
Polygon:
(0,0)(30,0)(30,8)(14,8)(14,9)(0,9)
Polygon:
(0,0)(15,0)(15,16)(0,16)
Polygon:
(0,0)(3,0)(3,3)(0,3)
Polygon:
(0,0)(3,0)(3,17)(0,17)
Polygon:
(0,0)(15,0)(15,17)(0,17)
Polygon:
(0,0)(19,0)(19,7)(9,7)(9,18)(0,18)
Polygon:
(0,0)(18,0)(18,18)(8,18)(8,32)(0,32)
Polygon:
(0,0)(4,0)(4,9)(0,9)
Polygon:
(0,0)(6,0)(6,2)(0,2)
Polygon:
(0,0)(1,0)(1,6)(0,6)
Polygon:
(0,0)(16,0)(16,6)(7,6)(7,22)(0,22)
Polygon:
(0,0)(6,0)(6,5)(0,5)
Polygon:
(0,0)(26,0)(26,14)(17,14)(17,19)(0,19)
Polygon:
(0,0)(15,0)(15,2)(7,2)(7,6)(0,6)
Polygon:
(0,0)(5,0)(5,5)(0,5)
Polygon:
(0,0)(7,0)(7,16)(0,16)
Polygon:
(0,0)(21,0)(21,7)(9,7)(9,24)(0,24)
Polygon:
(0,0)(17,0)(17,10)(0,10)
Polygon:
(0,0)(22,0)(22,3)(5,3)(5,9)(0,9)
Polygon:
(0,0)(5,0)(5,13)(0,13)
Polygon:
(0,0)(6,0)(6,5)(0,5)
Polygon:
(0,0)(13,0)(13,6)(1,6)(1,7)(0,7)
Polygon:
(0,0)(1,0)(1,1)(0,1)
Polygon:
(0,0)(27,0)(27,6)(9,6)(9,20)(0,20)
Polygon:
(0,0)(13,0)(13,13)(0,13)
Polygon:
(0,0)(1,0)(1,17)(0,17)
Polygon:
(0,0)(9,0)(9,3)(3,3)(3,11)(0,11)
Polygon:
(0,0)(11,0)(11,2)(0,2)
Polygon:
(0,0)(4,0)(4,18)(0,18)
Polygon:
(0,0)(16,0)(16,15)(5,15)(5,21)(0,21)
Polygon:
(0,0)(19,0)(19,2)(5,2)(5,11)(0,11)
Polygon:
(0,0)(22,0)(22,7)(17,7)(17,6)(12,6)(12,17)(0,17)
Polygon:
(0,0)(4,0)(4,8)(0,8)
Polygon:
(0,0)(29,0)(29,7)(17,7)(17,10)(0,10)
Polygon:
(0,0)(25,0)(25,5)(11,5)(11,3)(5,3)(5,15)(0,15)
Polygon:
(0,0)(6,0)(6,18)(0,18)
Polygon:
(0,0)(28,0)(28,18)(14,18)(14,29)(0,29)
Polygon:
(0,0)(27,0)(27,12)(13,12)(13,24)(0,24)
Polygon:
(0,0)(34,0)(34,14)(17,14)(17,25)(0,25)
Polygon:
(0,0)(15,0)(15,10)(0,10)
Polygon:
(0,0)(11,0)(11,17)(0,17)
Polygon:
(0,0)(18,0)(18,17)(0,17)
Polygon:
(0,0)(7,0)(7,8)(0,8)
Polygon:
(0,0)(2,0)(2,5)(0,5)
Polygon:
(0,0)(10,0)(10,12)(0,12)
Polygon:
(0,0)(8,0)(8,10)(3,10)(3,17)(0,17)
Polygon:
(0,0)(13,0)(13,11)(0,11)
Polygon:
(0,0)(12,0)(12,7)(0,7)
Polygon:
(0,0)(2,0)(2,10)(0,10)
Polygon:
(0,0)(5,0)(5,5)(4,5)(4,23)(0,23)
Polygon:
(0,0)(16,0)(16,11)(0,11)
Polygon:
(0,0)(36,0)(36,5)(23,5)(23,2)(15,2)(15,16)(0,16)
Polygon:
(0,0)(31,0)(31,8)(14,8)(14,22)(0,22)
Polygon:
(0,0)(6,0)(6,3)(0,3)
Polygon:
(0,0)(17,0)(17,14)(0,14)
Polygon:
(0,0)(17,0)(17,21)(4,21)(4,10)(3,10)(3,14)(0,14)
Polygon:
(0,0)(6,0)(6,9)(0,9)
Polygon:
(0,0)(13,0)(13,10)(0,10)
Polygon:
(0,0)(10,0)(10,12)(0,12)
Polygon:
(0,0)(30,0)(30,14)(20,14)(20,3)(14,3)(14,9)(0,9)
Polygon:
(0,0)(9,0)(9,14)(0,14)
Polygon:
(0,0)(28,0)(28,16)(15,16)(15,28)(0,28)
Polygon:
(0,0)(2,0)(2,16)(0,16)
Polygon:
(0,0)(4,0)(4,1)(0,1)
Polygon:
(0,0)(4,0)(4,3)(0,3)
Polygon:
(0,0)(5,0)(5,6)(0,6)
Polygon:
(0,0)(15,0)(15,7)(0,7)
Polygon:
(0,0)(9,0)(9,5)(0,5)
Polygon:
(0,0)(29,0)(29,13)(13,13)(13,15)(0,15)
Polygon:
(0,0)(19,0)(19,16)(15,16)(15,28)(0,28)
Polygon:
(0,0)(12,0)(12,9)(0,9)
Polygon:
(0,0)(20,0)(20,17)(6,17)(6,26)(0,26)
Polygon:
(0,0)(29,0)(29,8)(15,8)(15,16)(0,16)
Polygon:
(0,0)(10,0)(10,14)(0,14)
Polygon:
(0,0)(3,0)(3,11)(0,11)
Polygon:
(0,0)(14,0)(14,14)(2,14)(2,22)(0,22)
Polygon:
(0,0)(12,0)(12,5)(0,5)
Polygon:
(0,0)(21,0)(21,14)(9,14)(9,25)(0,25)
Polygon:
(0,0)(6,0)(6,18)(5,18)(5,33)(0,33)
Polygon:
(0,0)(19,0)(19,17)(2,17)(2,20)(0,20)
Polygon:
(0,0)(14,0)(14,14)(0,14)
Polygon:
(0,0)(1,0)(1,5)(0,5)
Polygon:
(0,0)(8,0)(8,12)(0,12)
Polygon:
(0,0)(9,0)(9,2)(0,2)
Polygon:
(0,0)(9,0)(9,4)(0,4)
Polygon:
(0,0)(40,0)(40,21)(26,21)(26,4)(13,4)(13,12)(0,12)
Polygon:
(0,0)(13,0)(13,4)(8,4)(8,14)(0,14)
Polygon:
(0,0)(8,0)(8,1)(0,1)
Polygon:
(0,0)(22,0)(22,17)(13,17)(13,19)(0,19)
Polygon:
(0,0)(22,0)(22,15)(10,15)(10,26)(0,26)
Polygon:
(0,0)(8,0)(8,6)(0,6)
Polygon:
(0,0)(2,0)(2,10)(0,10)
Polygon:
(0,0)(19,0)(19,1)(6,1)(6,9)(0,9)
Polygon:
(0,0)(18,0)(18,14)(0,14)
Polygon:
(0,0)(24,0)(24,9)(9,9)(9,18)(0,18)
Polygon:
(0,0)(16,0)(16,7)(0,7)
Polygon:
(0,0)(15,0)(15,16)(0,16)
Polygon:
(0,0)(14,0)(14,17)(0,17)
Polygon:
(0,0)(4,0)(4,11)(0,11)
Polygon:
(0,0)(16,0)(16,13)(11,13)(11,22)(0,22)
Polygon:
(0,0)(11,0)(11,4)(8,4)(8,12)(0,12)
Polygon:
(0,0)(6,0)(6,13)(5,13)(5,26)(0,26)
Polygon:
(0,0)(21,0)(21,8)(11,8)(11,13)(0,13)
Polygon:
(0,0)(24,0)(24,8)(10,8)(10,3)(3,3)(3,12)(0,12)
Polygon:
(0,0)(7,0)(7,5)(0,5)
Polygon:
(0,0)(19,0)(19,4)(13,4)(13,9)(0,9)
Polygon:
(0,0)(35,0)(35,16)(24,16)(24,12)(8,12)(8,18)(0,18)
Polygon:
(0,0)(22,0)(22,15)(10,15)(10,23)(0,23)
Polygon:
(0,0)(32,0)(32,16)(21,16)(21,13)(4,13)(4,18)(0,18)
Polygon:
(0,0)(10,0)(10,17)(0,17)
Polygon:
(0,0)(15,0)(15,14)(1,14)(1,20)(0,20)
Polygon:
(0,0)(22,0)(22,16)(8,16)(8,20)(0,20)
Polygon:
(0,0)(20,0)(20,2)(3,2)(3,5)(0,5)
Polygon:
(0,0)(18,0)(18,15)(0,15)
Polygon:
(0,0)(8,0)(8,14)(0,14)
Polygon:
(0,0)(29,0)(29,4)(18,4)(18,5)(0,5)
Polygon:
(0,0)(7,0)(7,10)(0,10)
Polygon:
(0,0)(22,0)(22,13)(12,13)(12,28)(0,28)
Polygon:
(0,0)(19,0)(19,6)(3,6)(3,9)(0,9)
Polygon:
(0,0)(15,0)(15,12)(5,12)(5,14)(0,14)
Polygon:
(0,0)(18,0)(18,18)(0,18)
Polygon:
(0,0)(15,0)(15,7)(0,7)
Polygon:
(0,0)(30,0)(30,8)(18,8)(18,6)(6,6)(6,17)(0,17)
