Polygon:
(0,0)(15,0)(15,8)(13,8)(13,18)(9,18)(9,3)(0,3)
Polygon:
(0,0)(36,0)(36,4)(32,4)(32,19)(14,19)(14,1)(0,1)
Polygon:
(0,0)(28,0)(28,5)(14,5)(14,23)(3,23)(3,6)(0,6)
Polygon:
(0,0)(30,0)(30,29)(27,29)(27,31)(14,31)(14,14)(0,14)
Polygon:
(0,0)(42,0)(42,1)(33,1)(33,19)(15,19)(15,17)(0,17)
Polygon:
(0,0)(35,0)(35,16)(27,16)(27,21)(10,21)(10,14)(0,14)
Polygon:
(0,0)(28,0)(28,3)(10,3)(10,17)(4,17)(4,6)(0,6)
Polygon:
(0,0)(16,0)(16,4)(8,4)(8,17)(2,17)(2,16)(0,16)
Polygon:
(0,0)(21,0)(21,19)(7,19)(7,34)(3,34)(3,18)(0,18)
Polygon:
(0,0)(25,0)(25,4)(19,4)(19,17)(1,17)(1,7)(0,7)
Polygon:
(0,0)(28,0)(28,11)(13,11)(13,18)(2,18)(2,5)(0,5)
Polygon:
(0,0)(32,0)(32,14)(17,14)(17,23)(9,23)(9,17)(0,17)
Polygon:
(0,0)(12,0)(12,7)(6,7)(6,24)(1,24)(1,7)(0,7)
Polygon:
(0,0)(39,0)(39,4)(28,4)(28,8)(15,8)(15,7)(0,7)
Polygon:
(0,0)(26,0)(26,16)(13,16)(13,17)(11,17)(11,1)(0,1)
Polygon:
(0,0)(39,0)(39,2)(27,2)(27,12)(10,12)(10,8)(0,8)
Polygon:
(0,0)(35,0)(35,8)(25,8)(25,17)(16,17)(16,3)(0,3)
Polygon:
(0,0)(14,0)(14,5)(12,5)(12,21)(5,21)(5,18)(0,18)
Polygon:
(0,0)(22,0)(22,21)(11,21)(11,23)(3,23)(3,8)(0,8)
Polygon:
(0,0)(38,0)(38,10)(26,10)(26,24)(8,24)(8,16)(0,16)
Polygon:
(0,0)(33,0)(33,24)(26,24)(26,26)(15,26)(15,13)(0,13)
Polygon:
(0,0)(31,0)(31,26)(19,26)(19,30)(14,30)(14,12)(0,12)
Polygon:
(0,0)(19,0)(19,7)(18,7)(18,18)(15,18)(15,3)(0,3)
Polygon:
(0,0)(24,0)(24,5)(21,5)(21,6)(17,6)(17,4)(0,4)
Polygon:
(0,0)(23,0)(23,9)(14,9)(14,26)(10,26)(10,17)(0,17)
Polygon:
(0,0)(29,0)(29,4)(17,4)(17,9)(4,9)(4,1)(0,1)
Polygon:
(0,0)(22,0)(22,25)(21,25)(21,27)(13,27)(13,9)(0,9)
Polygon:
(0,0)(18,0)(18,4)(12,4)(12,16)(4,16)(4,8)(0,8)
Polygon:
(0,0)(30,0)(30,16)(24,16)(24,17)(17,17)(17,3)(0,3)
Polygon:
(0,0)(16,0)(16,16)(13,16)(13,19)(7,19)(7,6)(0,6)
Polygon:
(0,0)(32,0)(32,12)(21,12)(21,24)(11,24)(11,8)(0,8)
Polygon:
(0,0)(27,0)(27,13)(11,13)(11,20)(9,20)(9,14)(0,14)
Polygon:
(0,0)(34,0)(34,2)(21,2)(21,5)(18,5)(18,4)(0,4)
Polygon:
(0,0)(44,0)(44,11)(27,11)(27,16)(16,16)(16,6)(0,6)
Polygon:
(0,0)(23,0)(23,18)(18,18)(18,26)(14,26)(14,8)(0,8)
Polygon:
(0,0)(37,0)(37,2)(21,2)(21,17)(3,17)(3,11)(0,11)
Polygon:
(0,0)(28,0)(28,13)(22,13)(22,16)(7,16)(7,14)(0,14)
Polygon:
(0,0)(39,0)(39,8)(24,8)(24,22)(8,22)(8,6)(0,6)
Polygon:
(0,0)(40,0)(40,31)(23,31)(23,32)(9,32)(9,14)(0,14)
Polygon:
(0,0)(30,0)(30,23)(18,23)(18,30)(6,30)(6,14)(0,14)
Polygon:
(0,0)(17,0)(17,17)(0,17)
Polygon:
(0,0)(16,0)(16,1)(0,1)
Polygon:
(0,0)(6,0)(6,17)(0,17)
Polygon:
(0,0)(12,0)(12,11)(0,11)
Polygon:
(0,0)(1,0)(1,5)(0,5)
Polygon:
(0,0)(30,0)(30,11)(12,11)(12,26)(0,26)
Polygon:
(0,0)(18,0)(18,5)(0,5)
Polygon:
(0,0)(18,0)(18,12)(15,12)(15,26)(0,26)
Polygon:
(0,0)(39,0)(39,14)(25,14)(25,4)(18,4)(18,18)(0,18)
Polygon:
(0,0)(31,0)(31,8)(16,8)(16,16)(0,16)
Polygon:
(0,0)(23,0)(23,19)(18,19)(18,1)(10,1)(10,18)(0,18)
Polygon:
(0,0)(16,0)(16,15)(0,15)
Polygon:
(0,0)(22,0)(22,28)(15,28)(15,15)(9,15)(9,16)(0,16)
Polygon:
(0,0)(28,0)(28,15)(10,15)(10,17)(0,17)
Polygon:
(0,0)(1,0)(1,13)(0,13)
Polygon:
(0,0)(12,0)(12,3)(0,3)
Polygon:
(0,0)(1,0)(1,15)(0,15)
Polygon:
(0,0)(31,0)(31,8)(14,8)(14,11)(0,11)
Polygon:
(0,0)(7,0)(7,2)(0,2)
Polygon:
(0,0)(15,0)(15,14)(0,14)
Polygon:
(0,0)(20,0)(20,17)(3,17)(3,35)(0,35)
Polygon:
(0,0)(20,0)(20,6)(13,6)(13,18)(0,18)
Polygon:
(0,0)(15,0)(15,11)(0,11)
Polygon:
(0,0)(7,0)(7,11)(0,11)
Polygon:
(0,0)(21,0)(21,6)(4,6)(4,14)(0,14)
Polygon:
(0,0)(26,0)(26,12)(13,12)(13,22)(0,22)
Polygon:
(0,0)(17,0)(17,5)(0,5)
Polygon:
(0,0)(21,0)(21,11)(10,11)(10,12)(0,12)
Polygon:
(0,0)(4,0)(4,2)(0,2)
Polygon:
(0,0)(5,0)(5,15)(1,15)(1,23)(0,23)
Polygon:
(0,0)(24,0)(24,14)(16,14)(16,12)(11,12)(11,14)(0,14)
Polygon:
(0,0)(16,0)(16,6)(0,6)
Polygon:
(0,0)(4,0)(4,1)(0,1)
Polygon:
(0,0)(7,0)(7,17)(0,17)
Polygon:
(0,0)(8,0)(8,17)(0,17)
Polygon:
(0,0)(4,0)(4,6)(0,6)
Polygon:
(0,0)(28,0)(28,15)(17,15)(17,33)(0,33)
Polygon:
(0,0)(30,0)(30,18)(12,18)(12,36)(0,36)
Polygon:
(0,0)(6,0)(6,2)(1,2)(1,20)(0,20)
Polygon:
(0,0)(23,0)(23,6)(22,6)(22,5)(16,5)(16,7)(0,7)
Polygon:
(0,0)(3,0)(3,11)(0,11)
Polygon:
(0,0)(10,0)(10,8)(7,8)(7,23)(0,23)
Polygon:
(0,0)(23,0)(23,1)(10,1)(10,9)(0,9)
Polygon:
(0,0)(10,0)(10,7)(7,7)(7,18)(0,18)
Polygon:
(0,0)(4,0)(4,8)(0,8)
Polygon:
(0,0)(22,0)(22,9)(18,9)(18,23)(0,23)
Polygon:
(0,0)(9,0)(9,7)(0,7)
Polygon:
(0,0)(13,0)(13,1)(7,1)(7,8)(0,8)
Polygon:
(0,0)(16,0)(16,15)(10,15)(10,17)(0,17)
Polygon:
(0,0)(5,0)(5,16)(0,16)
Polygon:
(0,0)(14,0)(14,11)(13,11)(13,4)(8,4)(8,17)(0,17)
Polygon:
(0,0)(13,0)(13,15)(1,15)(1,18)(0,18)
Polygon:
(0,0)(22,0)(22,3)(15,3)(15,1)(11,1)(11,16)(0,16)
Polygon:
(0,0)(10,0)(10,3)(5,3)(5,19)(0,19)
Polygon:
(0,0)(13,0)(13,2)(0,2)
Polygon:
(0,0)(1,0)(1,17)(0,17)
Polygon:
(0,0)(7,0)(7,12)(0,12)
Polygon:
(0,0)(13,0)(13,18)(0,18)
Polygon:
(0,0)(17,0)(17,17)(0,17)
Polygon:
(0,0)(9,0)(9,16)(1,16)(1,21)(0,21)
Polygon:
(0,0)(17,0)(17,6)(0,6)
Polygon:
(0,0)(18,0)(18,12)(0,12)
Polygon:
(0,0)(35,0)(35,15)(20,15)(20,5)(15,5)(15,7)(0,7)
Polygon:
(0,0)(36,0)(36,3)(26,3)(26,1)(9,1)(9,17)(0,17)
Polygon:
(0,0)(27,0)(27,12)(18,12)(18,15)(0,15)
Polygon:
(0,0)(3,0)(3,12)(0,12)
Polygon:
(0,0)(14,0)(14,7)(0,7)
Polygon:
(0,0)(19,0)(19,16)(18,16)(18,30)(0,30)
Polygon:
(0,0)(23,0)(23,3)(12,3)(12,13)(0,13)
Polygon:
(0,0)(34,0)(34,12)(24,12)(24,3)(8,3)(8,18)(0,18)
Polygon:
(0,0)(8,0)(8,13)(0,13)
Polygon:
(0,0)(5,0)(5,18)(0,18)
Polygon:
(0,0)(17,0)(17,16)(11,16)(11,29)(0,29)
Polygon:
(0,0)(13,0)(13,4)(0,4)
Polygon:
(0,0)(18,0)(18,14)(0,14)
Polygon:
(0,0)(8,0)(8,6)(0,6)
Polygon:
(0,0)(17,0)(17,8)(15,8)(15,16)(0,16)
Polygon:
(0,0)(26,0)(26,23)(21,23)(21,6)(18,6)(18,9)(0,9)
Polygon:
(0,0)(13,0)(13,10)(0,10)
Polygon:
(0,0)(8,0)(8,14)(0,14)
Polygon:
(0,0)(7,0)(7,3)(0,3)
Polygon:
(0,0)(13,0)(13,8)(0,8)
Polygon:
(0,0)(14,0)(14,15)(0,15)
Polygon:
(0,0)(3,0)(3,14)(0,14)
Polygon:
(0,0)(14,0)(14,16)(6,16)(6,26)(0,26)
Polygon:
(0,0)(6,0)(6,8)(0,8)
Polygon:
(0,0)(6,0)(6,15)(0,15)
Polygon:
(0,0)(15,0)(15,7)(0,7)
Polygon:
(0,0)(7,0)(7,2)(0,2)
Polygon:
(0,0)(8,0)(8,17)(0,17)
Polygon:
(0,0)(12,0)(12,15)(0,15)
Polygon:
(0,0)(13,0)(13,16)(0,16)
Polygon:
(0,0)(17,0)(17,13)(0,13)
Polygon:
(0,0)(16,0)(16,3)(0,3)
Polygon:
(0,0)(18,0)(18,9)(0,9)
Polygon:
(0,0)(16,0)(16,7)(0,7)
Polygon:
(0,0)(19,0)(19,7)(4,7)(4,18)(0,18)
Polygon:
(0,0)(29,0)(29,16)(19,16)(19,8)(9,8)(9,16)(0,16)
Polygon:
(0,0)(18,0)(18,3)(0,3)
Polygon:
(0,0)(1,0)(1,9)(0,9)
Polygon:
(0,0)(8,0)(8,5)(0,5)
Polygon:
(0,0)(17,0)(17,3)(0,3)
Polygon:
(0,0)(6,0)(6,18)(0,18)
Polygon:
(0,0)(2,0)(2,15)(0,15)
Polygon:
(0,0)(15,0)(15,3)(10,3)(10,8)(0,8)
Polygon:
(0,0)(27,0)(27,12)(19,12)(19,7)(15,7)(15,17)(0,17)
Polygon:
(0,0)(32,0)(32,15)(16,15)(16,18)(0,18)
Polygon:
(0,0)(15,0)(15,1)(0,1)
Polygon:
(0,0)(6,0)(6,5)(2,5)(2,13)(0,13)
Polygon:
(0,0)(18,0)(18,10)(2,10)(2,17)(0,17)
Polygon:
(0,0)(1,0)(1,18)(0,18)
Polygon:
(0,0)(4,0)(4,13)(0,13)
Polygon:
(0,0)(8,0)(8,10)(0,10)
Polygon:
(0,0)(7,0)(7,14)(0,14)
Polygon:
(0,0)(6,0)(6,6)(0,6)
Polygon:
(0,0)(15,0)(15,17)(0,17)
Polygon:
(0,0)(26,0)(26,24)(15,24)(15,12)(14,12)(14,18)(0,18)
Polygon:
(0,0)(21,0)(21,9)(5,9)(5,18)(0,18)
Polygon:
(0,0)(18,0)(18,24)(13,24)(13,10)(7,10)(7,12)(0,12)
Polygon:
(0,0)(15,0)(15,17)(0,17)
Polygon:
(0,0)(4,0)(4,13)(0,13)
Polygon:
(0,0)(11,0)(11,12)(0,12)
Polygon:
(0,0)(8,0)(8,10)(0,10)
Polygon:
(0,0)(9,0)(9,5)(0,5)
Polygon:
(0,0)(13,0)(13,10)(0,10)
Polygon:
(0,0)(11,0)(11,1)(0,1)
Polygon:
(0,0)(16,0)(16,5)(0,5)
Polygon:
(0,0)(18,0)(18,13)(0,13)
Polygon:
(0,0)(2,0)(2,17)(0,17)
Polygon:
(0,0)(26,0)(26,9)(14,9)(14,13)(0,13)
Polygon:
(0,0)(5,0)(5,7)(0,7)
Polygon:
(0,0)(18,0)(18,7)(0,7)
Polygon:
(0,0)(5,0)(5,7)(0,7)
Polygon:
(0,0)(12,0)(12,7)(0,7)
Polygon:
(0,0)(23,0)(23,7)(16,7)(16,2)(14,2)(14,18)(0,18)
Polygon:
(0,0)(13,0)(13,2)(0,2)
Polygon:
(0,0)(12,0)(12,10)(0,10)
Polygon:
(0,0)(6,0)(6,9)(0,9)
Polygon:
(0,0)(21,0)(21,5)(6,5)(6,11)(0,11)
Polygon:
(0,0)(13,0)(13,12)(0,12)
Polygon:
(0,0)(7,0)(7,9)(0,9)
Polygon:
(0,0)(9,0)(9,1)(0,1)
Polygon:
(0,0)(16,0)(16,6)(0,6)
Polygon:
(0,0)(18,0)(18,4)(17,4)(17,19)(0,19)
Polygon:
(0,0)(18,0)(18,2)(3,2)(3,7)(0,7)
Polygon:
(0,0)(10,0)(10,3)(0,3)
Polygon:
(0,0)(31,0)(31,16)(21,16)(21,8)(8,8)(8,14)(0,14)
Polygon:
(0,0)(27,0)(27,7)(13,7)(13,12)(0,12)
Polygon:
(0,0)(10,0)(10,3)(0,3)
Polygon:
(0,0)(33,0)(33,12)(18,12)(18,7)(5,7)(5,17)(0,17)
Polygon:
(0,0)(2,0)(2,18)(0,18)
Polygon:
(0,0)(14,0)(14,1)(0,1)
Polygon:
(0,0)(10,0)(10,5)(0,5)
Polygon:
(0,0)(9,0)(9,18)(3,18)(3,21)(0,21)
Polygon:
(0,0)(17,0)(17,6)(0,6)
Polygon:
(0,0)(11,0)(11,34)(10,34)(10,16)(2,16)(2,33)(0,33)
Polygon:
(0,0)(10,0)(10,12)(0,12)
Polygon:
(0,0)(22,0)(22,4)(8,4)(8,11)(0,11)
Polygon:
(0,0)(20,0)(20,1)(12,1)(12,17)(0,17)
Polygon:
(0,0)(12,0)(12,2)(0,2)
