Polygon:
(0,0)(15,0)(15,19)(8,19)(8,22)(5,22)(5,15)(0,15)
Polygon:
(0,0)(14,0)(14,4)(13,4)(13,19)(1,19)(1,18)(0,18)
Polygon:
(0,0)(42,0)(42,9)(25,9)(25,18)(8,18)(8,5)(0,5)
Polygon:
(0,0)(20,0)(20,17)(14,17)(14,18)(2,18)(2,11)(0,11)
Polygon:
(0,0)(49,0)(49,5)(35,5)(35,18)(17,18)(17,3)(0,3)
Polygon:
(0,0)(45,0)(45,8)(27,8)(27,26)(15,26)(15,9)(0,9)
Polygon:
(0,0)(34,0)(34,9)(20,9)(20,24)(18,24)(18,15)(0,15)
Polygon:
(0,0)(28,0)(28,9)(27,9)(27,15)(12,15)(12,9)(0,9)
Polygon:
(0,0)(9,0)(9,9)(6,9)(6,16)(3,16)(3,7)(0,7)
Polygon:
(0,0)(29,0)(29,15)(12,15)(12,19)(11,19)(11,18)(0,18)
Polygon:
(0,0)(48,0)(48,11)(32,11)(32,15)(16,15)(16,7)(0,7)
Polygon:
(0,0)(37,0)(37,18)(25,18)(25,22)(15,22)(15,17)(0,17)
Polygon:
(0,0)(41,0)(41,2)(29,2)(29,17)(17,17)(17,14)(0,14)
Polygon:
(0,0)(30,0)(30,16)(12,16)(12,19)(8,19)(8,9)(0,9)
Polygon:
(0,0)(17,0)(17,15)(5,15)(5,24)(4,24)(4,6)(0,6)
Polygon:
(0,0)(18,0)(18,10)(5,10)(5,14)(2,14)(2,9)(0,9)
Polygon:
(0,0)(38,0)(38,20)(27,20)(27,24)(18,24)(18,6)(0,6)
Polygon:
(0,0)(28,0)(28,17)(13,17)(13,21)(9,21)(9,8)(0,8)
Polygon:
(0,0)(39,0)(39,5)(23,5)(23,10)(7,10)(7,8)(0,8)
Polygon:
(0,0)(30,0)(30,13)(29,13)(29,17)(15,17)(15,4)(0,4)
Polygon:
(0,0)(27,0)(27,21)(17,21)(17,24)(4,24)(4,7)(0,7)
Polygon:
(0,0)(33,0)(33,12)(19,12)(19,13)(13,13)(13,2)(0,2)
Polygon:
(0,0)(39,0)(39,18)(28,18)(28,20)(10,20)(10,12)(0,12)
Polygon:
(0,0)(37,0)(37,17)(31,17)(31,20)(16,20)(16,10)(0,10)
Polygon:
(0,0)(21,0)(21,11)(10,11)(10,25)(5,25)(5,10)(0,10)
Polygon:
(0,0)(10,0)(10,18)(8,18)(8,26)(5,26)(5,15)(0,15)
Polygon:
(0,0)(22,0)(22,25)(19,25)(19,34)(9,34)(9,17)(0,17)
Polygon:
(0,0)(23,0)(23,4)(18,4)(18,10)(13,10)(13,4)(0,4)
Polygon:
(0,0)(32,0)(32,19)(16,19)(16,23)(11,23)(11,13)(0,13)
Polygon:
(0,0)(33,0)(33,18)(18,18)(18,27)(3,27)(3,10)(0,10)
Polygon:
(0,0)(35,0)(35,13)(24,13)(24,20)(14,20)(14,3)(0,3)
Polygon:
(0,0)(22,0)(22,3)(20,3)(20,14)(16,14)(16,1)(0,1)
Polygon:
(0,0)(21,0)(21,10)(18,10)(18,23)(13,23)(13,5)(0,5)
Polygon:
(0,0)(20,0)(20,22)(14,22)(14,28)(10,28)(10,10)(0,10)
Polygon:
(0,0)(27,0)(27,11)(23,11)(23,17)(8,17)(8,13)(0,13)
Polygon:
(0,0)(33,0)(33,11)(24,11)(24,20)(17,20)(17,6)(0,6)
Polygon:
(0,0)(26,0)(26,22)(17,22)(17,25)(7,25)(7,13)(0,13)
Polygon:
(0,0)(20,0)(20,17)(16,17)(16,25)(6,25)(6,8)(0,8)
Polygon:
(0,0)(32,0)(32,7)(31,7)(31,8)(17,8)(17,1)(0,1)
Polygon:
(0,0)(31,0)(31,15)(26,15)(26,20)(9,20)(9,2)(0,2)
Polygon:
(0,0)(18,0)(18,1)(13,1)(13,11)(8,11)(8,10)(0,10)
Polygon:
(0,0)(18,0)(18,17)(7,17)(7,25)(3,25)(3,15)(0,15)
Polygon:
(0,0)(44,0)(44,5)(30,5)(30,16)(16,16)(16,5)(0,5)
Polygon:
(0,0)(37,0)(37,14)(21,14)(21,30)(16,30)(16,13)(0,13)
Polygon:
(0,0)(38,0)(38,25)(25,25)(25,32)(15,32)(15,17)(0,17)
Polygon:
(0,0)(25,0)(25,26)(19,26)(19,27)(18,27)(18,9)(0,9)
Polygon:
(0,0)(15,0)(15,1)(7,1)(7,9)(1,9)(1,6)(0,6)
Polygon:
(0,0)(38,0)(38,7)(22,7)(22,15)(15,15)(15,4)(0,4)
Polygon:
(0,0)(31,0)(31,6)(25,6)(25,14)(15,14)(15,9)(0,9)
Polygon:
(0,0)(40,0)(40,7)(29,7)(29,20)(17,20)(17,2)(0,2)
Polygon:
(0,0)(22,0)(22,2)(17,2)(17,4)(14,4)(14,1)(0,1)
Polygon:
(0,0)(34,0)(34,11)(18,11)(18,26)(2,26)(2,15)(0,15)
Polygon:
(0,0)(29,0)(29,21)(16,21)(16,27)(13,27)(13,15)(0,15)
Polygon:
(0,0)(26,0)(26,15)(17,15)(17,19)(5,19)(5,7)(0,7)
Polygon:
(0,0)(22,0)(22,20)(15,20)(15,23)(14,23)(14,16)(0,16)
Polygon:
(0,0)(25,0)(25,5)(16,5)(16,15)(5,15)(5,1)(0,1)
Polygon:
(0,0)(21,0)(21,16)(9,16)(9,19)(2,19)(2,4)(0,4)
Polygon:
(0,0)(12,0)(12,14)(8,14)(8,21)(1,21)(1,12)(0,12)
Polygon:
(0,0)(33,0)(33,15)(17,15)(17,24)(8,24)(8,17)(0,17)
Polygon:
(0,0)(36,0)(36,22)(20,22)(20,25)(12,25)(12,18)(0,18)
Polygon:
(0,0)(25,0)(25,13)(20,13)(20,18)(14,18)(14,13)(0,13)
Polygon:
(0,0)(25,0)(25,1)(20,1)(20,9)(15,9)(15,7)(0,7)
Polygon:
(0,0)(13,0)(13,9)(7,9)(7,18)(5,18)(5,5)(0,5)
Polygon:
(0,0)(25,0)(25,13)(20,13)(20,14)(11,14)(11,5)(0,5)
Polygon:
(0,0)(38,0)(38,8)(30,8)(30,12)(18,12)(18,10)(0,10)
Polygon:
(0,0)(50,0)(50,6)(35,6)(35,19)(18,19)(18,1)(0,1)
Polygon:
(0,0)(31,0)(31,20)(30,20)(30,21)(16,21)(16,4)(0,4)
Polygon:
(0,0)(48,0)(48,5)(30,5)(30,15)(14,15)(14,9)(0,9)
Polygon:
(0,0)(41,0)(41,18)(25,18)(25,27)(16,27)(16,16)(0,16)
Polygon:
(0,0)(26,0)(26,17)(18,17)(18,18)(15,18)(15,15)(0,15)
Polygon:
(0,0)(25,0)(25,17)(19,17)(19,20)(15,20)(15,7)(0,7)
Polygon:
(0,0)(20,0)(20,6)(18,6)(18,20)(15,20)(15,5)(0,5)
Polygon:
(0,0)(29,0)(29,11)(13,11)(13,17)(12,17)(12,10)(0,10)
Polygon:
(0,0)(44,0)(44,15)(31,15)(31,18)(18,18)(18,7)(0,7)
Polygon:
(0,0)(30,0)(30,20)(23,20)(23,24)(14,24)(14,16)(0,16)
Polygon:
(0,0)(45,0)(45,21)(27,21)(27,26)(11,26)(11,10)(0,10)
Polygon:
(0,0)(43,0)(43,13)(28,13)(28,21)(15,21)(15,4)(0,4)
Polygon:
(0,0)(32,0)(32,25)(26,25)(26,26)(11,26)(11,8)(0,8)
Polygon:
(0,0)(36,0)(36,23)(21,23)(21,24)(7,24)(7,11)(0,11)
Polygon:
(0,0)(26,0)(26,5)(23,5)(23,12)(8,12)(8,7)(0,7)
Polygon:
(0,0)(30,0)(30,16)(27,16)(27,26)(9,26)(9,13)(0,13)
Polygon:
(0,0)(34,0)(34,3)(27,3)(27,16)(16,16)(16,7)(0,7)
Polygon:
(0,0)(19,0)(19,15)(16,15)(16,18)(5,18)(5,11)(0,11)
Polygon:
(0,0)(17,0)(17,5)(9,5)(9,13)(3,13)(3,2)(0,2)
Polygon:
(0,0)(38,0)(38,12)(23,12)(23,29)(7,29)(7,17)(0,17)
Polygon:
(0,0)(26,0)(26,4)(10,4)(10,13)(4,13)(4,1)(0,1)
Polygon:
(0,0)(41,0)(41,4)(26,4)(26,17)(10,17)(10,4)(0,4)
Polygon:
(0,0)(19,0)(19,22)(14,22)(14,23)(1,23)(1,5)(0,5)
Polygon:
(0,0)(25,0)(25,14)(22,14)(22,17)(9,17)(9,3)(0,3)
Polygon:
(0,0)(36,0)(36,8)(21,8)(21,13)(11,13)(11,2)(0,2)
Polygon:
(0,0)(35,0)(35,15)(31,15)(31,27)(15,27)(15,10)(0,10)
Polygon:
(0,0)(38,0)(38,6)(23,6)(23,24)(11,24)(11,13)(0,13)
Polygon:
(0,0)(40,0)(40,6)(26,6)(26,12)(10,12)(10,8)(0,8)
Polygon:
(0,0)(27,0)(27,27)(15,27)(15,32)(9,32)(9,15)(0,15)
Polygon:
(0,0)(24,0)(24,15)(12,15)(12,19)(1,19)(1,8)(0,8)
Polygon:
(0,0)(32,0)(32,14)(29,14)(29,22)(18,22)(18,5)(0,5)
Polygon:
(0,0)(22,0)(22,25)(17,25)(17,29)(1,29)(1,12)(0,12)
Polygon:
(0,0)(25,0)(25,20)(20,20)(20,36)(17,36)(17,18)(0,18)
Polygon:
(0,0)(46,0)(46,1)(31,1)(31,19)(14,19)(14,1)(0,1)
Polygon:
(0,0)(34,0)(34,25)(17,25)(17,27)(13,27)(13,15)(0,15)
Polygon:
(0,0)(37,0)(37,16)(29,16)(29,26)(16,26)(16,12)(0,12)
Polygon:
(0,0)(27,0)(27,10)(11,10)(11,26)(7,26)(7,12)(0,12)
Polygon:
(0,0)(27,0)(27,8)(25,8)(25,20)(7,20)(7,4)(0,4)
Polygon:
(0,0)(16,0)(16,21)(13,21)(13,25)(2,25)(2,14)(0,14)
Polygon:
(0,0)(30,0)(30,16)(20,16)(20,32)(16,32)(16,16)(0,16)
Polygon:
(0,0)(25,0)(25,11)(18,11)(18,29)(6,29)(6,18)(0,18)
Polygon:
(0,0)(25,0)(25,13)(15,13)(15,20)(1,20)(1,3)(0,3)
Polygon:
(0,0)(36,0)(36,4)(24,4)(24,16)(18,16)(18,12)(0,12)
Polygon:
(0,0)(41,0)(41,23)(30,23)(30,28)(14,28)(14,17)(0,17)
Polygon:
(0,0)(28,0)(28,5)(26,5)(26,19)(8,19)(8,2)(0,2)
Polygon:
(0,0)(12,0)(12,5)(7,5)(7,15)(5,15)(5,7)(0,7)
Polygon:
(0,0)(14,0)(14,4)(11,4)(11,16)(5,16)(5,11)(0,11)
Polygon:
(0,0)(43,0)(43,23)(25,23)(25,25)(10,25)(10,8)(0,8)
Polygon:
(0,0)(26,0)(26,6)(24,6)(24,22)(15,22)(15,16)(0,16)
Polygon:
(0,0)(30,0)(30,15)(15,15)(15,16)(2,16)(2,3)(0,3)
Polygon:
(0,0)(49,0)(49,15)(33,15)(33,19)(16,19)(16,1)(0,1)
Polygon:
(0,0)(33,0)(33,21)(26,21)(26,25)(10,25)(10,7)(0,7)
Polygon:
(0,0)(47,0)(47,6)(30,6)(30,10)(12,10)(12,1)(0,1)
Polygon:
(0,0)(22,0)(22,13)(21,13)(21,22)(15,22)(15,5)(0,5)
Polygon:
(0,0)(30,0)(30,3)(13,3)(13,20)(5,20)(5,16)(0,16)
Polygon:
(0,0)(29,0)(29,7)(28,7)(28,16)(15,16)(15,2)(0,2)
Polygon:
(0,0)(28,0)(28,9)(25,9)(25,15)(17,15)(17,1)(0,1)
Polygon:
(0,0)(22,0)(22,10)(4,10)(4,17)(3,17)(3,15)(0,15)
Polygon:
(0,0)(38,0)(38,11)(22,11)(22,18)(13,18)(13,3)(0,3)
Polygon:
(0,0)(15,0)(15,9)(10,9)(10,17)(2,17)(2,11)(0,11)
Polygon:
(0,0)(18,0)(18,3)(13,3)(13,21)(6,21)(6,11)(0,11)
Polygon:
(0,0)(39,0)(39,8)(22,8)(22,20)(5,20)(5,3)(0,3)
Polygon:
(0,0)(14,0)(14,13)(11,13)(11,27)(4,27)(4,17)(0,17)
Polygon:
(0,0)(18,0)(18,14)(10,14)(10,16)(8,16)(8,15)(0,15)
Polygon:
(0,0)(30,0)(30,8)(21,8)(21,18)(15,18)(15,4)(0,4)
Polygon:
(0,0)(31,0)(31,20)(23,20)(23,23)(11,23)(11,14)(0,14)
Polygon:
(0,0)(27,0)(27,8)(18,8)(18,20)(14,20)(14,3)(0,3)
Polygon:
(0,0)(25,0)(25,21)(8,21)(8,22)(3,22)(3,14)(0,14)
Polygon:
(0,0)(30,0)(30,10)(14,10)(14,21)(1,21)(1,15)(0,15)
Polygon:
(0,0)(23,0)(23,11)(8,11)(8,23)(5,23)(5,6)(0,6)
Polygon:
(0,0)(34,0)(34,6)(24,6)(24,20)(11,20)(11,8)(0,8)
Polygon:
(0,0)(36,0)(36,25)(20,25)(20,26)(3,26)(3,17)(0,17)
Polygon:
(0,0)(38,0)(38,24)(26,24)(26,27)(17,27)(17,9)(0,9)
Polygon:
(0,0)(27,0)(27,20)(14,20)(14,25)(5,25)(5,8)(0,8)
Polygon:
(0,0)(27,0)(27,14)(17,14)(17,27)(5,27)(5,16)(0,16)
Polygon:
(0,0)(35,0)(35,12)(17,12)(17,14)(4,14)(4,13)(0,13)
Polygon:
(0,0)(19,0)(19,20)(13,20)(13,24)(6,24)(6,9)(0,9)
Polygon:
(0,0)(37,0)(37,5)(21,5)(21,11)(17,11)(17,4)(0,4)
Polygon:
(0,0)(34,0)(34,18)(22,18)(22,21)(16,21)(16,4)(0,4)
Polygon:
(0,0)(32,0)(32,12)(17,12)(17,19)(13,19)(13,15)(0,15)
Polygon:
(0,0)(20,0)(20,22)(9,22)(9,23)(4,23)(4,9)(0,9)
Polygon:
(0,0)(26,0)(26,23)(12,23)(12,26)(3,26)(3,10)(0,10)
Polygon:
(0,0)(31,0)(31,13)(13,13)(13,18)(9,18)(9,6)(0,6)
Polygon:
(0,0)(30,0)(30,12)(16,12)(16,23)(2,23)(2,13)(0,13)
Polygon:
(0,0)(37,0)(37,20)(24,20)(24,24)(15,24)(15,10)(0,10)
Polygon:
(0,0)(39,0)(39,6)(35,6)(35,15)(18,15)(18,10)(0,10)
Polygon:
(0,0)(37,0)(37,26)(30,26)(30,31)(16,31)(16,17)(0,17)
Polygon:
(0,0)(35,0)(35,9)(23,9)(23,22)(17,22)(17,17)(0,17)
Polygon:
(0,0)(44,0)(44,7)(30,7)(30,19)(15,19)(15,1)(0,1)
Polygon:
(0,0)(35,0)(35,17)(19,17)(19,21)(15,21)(15,15)(0,15)
Polygon:
(0,0)(28,0)(28,25)(17,25)(17,28)(7,28)(7,10)(0,10)
Polygon:
(0,0)(34,0)(34,20)(21,20)(21,21)(11,21)(11,13)(0,13)
Polygon:
(0,0)(32,0)(32,4)(26,4)(26,13)(17,13)(17,8)(0,8)
Polygon:
(0,0)(24,0)(24,2)(19,2)(19,17)(18,17)(18,13)(0,13)
Polygon:
(0,0)(38,0)(38,3)(24,3)(24,10)(6,10)(6,4)(0,4)
Polygon:
(0,0)(1,0)(1,1)(0,1)
Polygon:
(0,0)(16,0)(16,5)(7,5)(7,22)(0,22)
Polygon:
(0,0)(14,0)(14,6)(0,6)
Polygon:
(0,0)(16,0)(16,21)(12,21)(12,6)(8,6)(8,11)(0,11)
Polygon:
(0,0)(18,0)(18,4)(0,4)
Polygon:
(0,0)(16,0)(16,3)(0,3)
Polygon:
(0,0)(18,0)(18,1)(0,1)
Polygon:
(0,0)(29,0)(29,24)(25,24)(25,9)(18,9)(18,16)(0,16)
Polygon:
(0,0)(10,0)(10,3)(1,3)(1,18)(0,18)
Polygon:
(0,0)(29,0)(29,10)(12,10)(12,22)(0,22)
Polygon:
(0,0)(18,0)(18,2)(0,2)
Polygon:
(0,0)(21,0)(21,17)(15,17)(15,18)(0,18)
Polygon:
(0,0)(16,0)(16,9)(11,9)(11,18)(0,18)
Polygon:
(0,0)(9,0)(9,9)(0,9)
Polygon:
(0,0)(24,0)(24,17)(7,17)(7,32)(0,32)
Polygon:
(0,0)(31,0)(31,7)(18,7)(18,15)(0,15)
Polygon:
(0,0)(26,0)(26,11)(16,11)(16,14)(0,14)
Polygon:
(0,0)(16,0)(16,18)(0,18)
Polygon:
(0,0)(14,0)(14,8)(1,8)(1,20)(0,20)
Polygon:
(0,0)(17,0)(17,7)(0,7)
Polygon:
(0,0)(20,0)(20,6)(18,6)(18,20)(0,20)
Polygon:
(0,0)(30,0)(30,8)(16,8)(16,21)(0,21)
Polygon:
(0,0)(11,0)(11,11)(0,11)
Polygon:
(0,0)(25,0)(25,20)(20,20)(20,4)(13,4)(13,12)(0,12)
Polygon:
(0,0)(1,0)(1,14)(0,14)
Polygon:
(0,0)(25,0)(25,2)(7,2)(7,5)(0,5)
Polygon:
(0,0)(4,0)(4,11)(0,11)
Polygon:
(0,0)(48,0)(48,15)(31,15)(31,12)(18,12)(18,18)(0,18)
Polygon:
(0,0)(12,0)(12,18)(0,18)
Polygon:
(0,0)(15,0)(15,5)(4,5)(4,22)(0,22)
Polygon:
(0,0)(17,0)(17,6)(0,6)
Polygon:
(0,0)(11,0)(11,7)(0,7)
Polygon:
(0,0)(16,0)(16,4)(0,4)
Polygon:
(0,0)(2,0)(2,11)(0,11)
Polygon:
(0,0)(33,0)(33,10)(15,10)(15,16)(0,16)
Polygon:
(0,0)(11,0)(11,8)(7,8)(7,19)(0,19)
Polygon:
(0,0)(11,0)(11,16)(0,16)
Polygon:
(0,0)(36,0)(36,11)(18,11)(18,1)(6,1)(6,7)(0,7)
Polygon:
(0,0)(14,0)(14,2)(0,2)
Polygon:
(0,0)(1,0)(1,4)(0,4)
