Polygon:
(0,0)(12,0)(12,8)(5,8)(5,10)(0,10)
Polygon:
(0,0)(18,0)(18,10)(0,10)
Polygon:
(0,0)(5,0)(5,17)(0,17)
Polygon:
(0,0)(7,0)(7,11)(0,11)
Polygon:
(0,0)(8,0)(8,3)(0,3)
Polygon:
(0,0)(10,0)(10,8)(3,8)(3,19)(0,19)
Polygon:
(0,0)(14,0)(14,15)(0,15)
Polygon:
(0,0)(9,0)(9,3)(0,3)
Polygon:
(0,0)(16,0)(16,7)(15,7)(15,10)(0,10)
Polygon:
(0,0)(3,0)(3,16)(0,16)
Polygon:
(0,0)(1,0)(1,10)(0,10)
Polygon:
(0,0)(13,0)(13,13)(0,13)
Polygon:
(0,0)(24,0)(24,15)(15,15)(15,21)(0,21)
Polygon:
(0,0)(11,0)(11,4)(0,4)
Polygon:
(0,0)(31,0)(31,24)(22,24)(22,10)(17,10)(17,14)(0,14)
Polygon:
(0,0)(13,0)(13,10)(0,10)
Polygon:
(0,0)(6,0)(6,14)(0,14)
Polygon:
(0,0)(9,0)(9,3)(0,3)
Polygon:
(0,0)(38,0)(38,29)(20,29)(20,12)(6,12)(6,13)(0,13)
Polygon:
(0,0)(2,0)(2,11)(0,11)
Polygon:
(0,0)(10,0)(10,11)(0,11)
Polygon:
(0,0)(26,0)(26,16)(10,16)(10,27)(0,27)
Polygon:
(0,0)(14,0)(14,10)(3,10)(3,14)(0,14)
Polygon:
(0,0)(32,0)(32,12)(17,12)(17,26)(0,26)
Polygon:
(0,0)(11,0)(11,4)(5,4)(5,9)(0,9)
Polygon:
(0,0)(2,0)(2,10)(0,10)
Polygon:
(0,0)(27,0)(27,18)(13,18)(13,29)(0,29)
Polygon:
(0,0)(20,0)(20,28)(17,28)(17,11)(15,11)(15,13)(0,13)
Polygon:
(0,0)(14,0)(14,14)(13,14)(13,24)(0,24)
Polygon:
(0,0)(7,0)(7,2)(0,2)
Polygon:
(0,0)(24,0)(24,9)(14,9)(14,24)(0,24)
Polygon:
(0,0)(25,0)(25,7)(16,7)(16,3)(4,3)(4,18)(0,18)
Polygon:
(0,0)(17,0)(17,2)(0,2)
Polygon:
(0,0)(31,0)(31,18)(16,18)(16,26)(0,26)
Polygon:
(0,0)(7,0)(7,10)(0,10)
Polygon:
(0,0)(21,0)(21,3)(9,3)(9,1)(4,1)(4,14)(0,14)
Polygon:
(0,0)(17,0)(17,16)(11,16)(11,1)(8,1)(8,12)(0,12)
Polygon:
(0,0)(13,0)(13,2)(0,2)
Polygon:
(0,0)(22,0)(22,6)(12,6)(12,7)(0,7)
Polygon:
(0,0)(15,0)(15,15)(0,15)
Polygon:
(0,0)(38,0)(38,21)(26,21)(26,6)(12,6)(12,7)(0,7)
Polygon:
(0,0)(11,0)(11,12)(0,12)
Polygon:
(0,0)(17,0)(17,10)(7,10)(7,14)(0,14)
Polygon:
(0,0)(18,0)(18,16)(4,16)(4,26)(0,26)
Polygon:
(0,0)(14,0)(14,6)(0,6)
Polygon:
(0,0)(33,0)(33,17)(23,17)(23,5)(16,5)(16,16)(0,16)
Polygon:
(0,0)(13,0)(13,9)(0,9)
Polygon:
(0,0)(15,0)(15,2)(0,2)
Polygon:
(0,0)(19,0)(19,11)(5,11)(5,22)(0,22)
Polygon:
(0,0)(14,0)(14,4)(0,4)
Polygon:
(0,0)(4,0)(4,14)(0,14)
Polygon:
(0,0)(15,0)(15,13)(13,13)(13,26)(0,26)
Polygon:
(0,0)(16,0)(16,4)(0,4)
Polygon:
(0,0)(1,0)(1,5)(0,5)
Polygon:
(0,0)(15,0)(15,1)(0,1)
Polygon:
(0,0)(17,0)(17,15)(0,15)
Polygon:
(0,0)(18,0)(18,9)(17,9)(17,6)(6,6)(6,9)(0,9)
Polygon:
(0,0)(5,0)(5,14)(0,14)
Polygon:
(0,0)(11,0)(11,4)(0,4)
Polygon:
(0,0)(29,0)(29,17)(23,17)(23,11)(9,11)(9,12)(0,12)
Polygon:
(0,0)(14,0)(14,16)(2,16)(2,20)(0,20)
Polygon:
(0,0)(26,0)(26,10)(18,10)(18,3)(1,3)(1,6)(0,6)
Polygon:
(0,0)(9,0)(9,18)(0,18)
Polygon:
(0,0)(16,0)(16,9)(0,9)
Polygon:
(0,0)(6,0)(6,16)(0,16)
Polygon:
(0,0)(12,0)(12,16)(0,16)
Polygon:
(0,0)(26,0)(26,13)(10,13)(10,15)(0,15)
Polygon:
(0,0)(2,0)(2,10)(0,10)
Polygon:
(0,0)(23,0)(23,18)(15,18)(15,19)(0,19)
Polygon:
(0,0)(21,0)(21,4)(17,4)(17,13)(0,13)
Polygon:
(0,0)(15,0)(15,15)(0,15)
Polygon:
(0,0)(2,0)(2,1)(0,1)
Polygon:
(0,0)(12,0)(12,15)(0,15)
Polygon:
(0,0)(4,0)(4,16)(0,16)
Polygon:
(0,0)(23,0)(23,6)(6,6)(6,11)(0,11)
Polygon:
(0,0)(10,0)(10,11)(0,11)
Polygon:
(0,0)(15,0)(15,13)(0,13)
Polygon:
(0,0)(17,0)(17,18)(0,18)
Polygon:
(0,0)(23,0)(23,13)(18,13)(18,2)(10,2)(10,7)(0,7)
Polygon:
(0,0)(12,0)(12,3)(6,3)(6,2)(5,2)(5,14)(0,14)
Polygon:
(0,0)(7,0)(7,2)(0,2)
Polygon:
(0,0)(33,0)(33,1)(15,1)(15,19)(0,19)
Polygon:
(0,0)(15,0)(15,16)(14,16)(14,3)(12,3)(12,8)(0,8)
Polygon:
(0,0)(17,0)(17,10)(9,10)(9,19)(0,19)
Polygon:
(0,0)(12,0)(12,14)(0,14)
Polygon:
(0,0)(31,0)(31,18)(16,18)(16,21)(0,21)
Polygon:
(0,0)(3,0)(3,14)(0,14)
Polygon:
(0,0)(19,0)(19,14)(9,14)(9,21)(0,21)
Polygon:
(0,0)(31,0)(31,12)(16,12)(16,18)(0,18)
Polygon:
(0,0)(1,0)(1,14)(0,14)
Polygon:
(0,0)(16,0)(16,1)(0,1)
Polygon:
(0,0)(12,0)(12,12)(7,12)(7,16)(0,16)
Polygon:
(0,0)(30,0)(30,18)(22,18)(22,2)(11,2)(11,4)(0,4)
Polygon:
(0,0)(10,0)(10,10)(0,10)
Polygon:
(0,0)(50,0)(50,13)(33,13)(33,1)(15,1)(15,5)(0,5)
Polygon:
(0,0)(10,0)(10,4)(0,4)
Polygon:
(0,0)(17,0)(17,6)(6,6)(6,13)(0,13)
Polygon:
(0,0)(13,0)(13,7)(6,7)(6,14)(0,14)
Polygon:
(0,0)(4,0)(4,4)(0,4)
Polygon:
(0,0)(13,0)(13,1)(11,1)(11,12)(0,12)
Polygon:
(0,0)(9,0)(9,18)(0,18)
Polygon:
(0,0)(11,0)(11,17)(0,17)
Polygon:
(0,0)(27,0)(27,10)(16,10)(16,14)(0,14)
Polygon:
(0,0)(2,0)(2,5)(0,5)
Polygon:
(0,0)(15,0)(15,8)(0,8)
Polygon:
(0,0)(3,0)(3,2)(0,2)
Polygon:
(0,0)(7,0)(7,12)(0,12)
Polygon:
(0,0)(1,0)(1,14)(0,14)
Polygon:
(0,0)(34,0)(34,11)(23,11)(23,6)(7,6)(7,14)(0,14)
Polygon:
(0,0)(15,0)(15,10)(2,10)(2,15)(0,15)
Polygon:
(0,0)(10,0)(10,10)(0,10)
Polygon:
(0,0)(32,0)(32,16)(19,16)(19,7)(1,7)(1,8)(0,8)
Polygon:
(0,0)(1,0)(1,13)(0,13)
Polygon:
(0,0)(6,0)(6,8)(0,8)
Polygon:
(0,0)(10,0)(10,7)(0,7)
Polygon:
(0,0)(11,0)(11,1)(8,1)(8,7)(0,7)
Polygon:
(0,0)(5,0)(5,11)(0,11)
Polygon:
(0,0)(16,0)(16,3)(8,3)(8,8)(0,8)
Polygon:
(0,0)(23,0)(23,1)(17,1)(17,3)(0,3)
Polygon:
(0,0)(6,0)(6,15)(0,15)
Polygon:
(0,0)(12,0)(12,5)(5,5)(5,13)(0,13)
Polygon:
(0,0)(10,0)(10,11)(7,11)(7,24)(0,24)
Polygon:
(0,0)(4,0)(4,5)(1,5)(1,20)(0,20)
Polygon:
(0,0)(15,0)(15,17)(0,17)
Polygon:
(0,0)(11,0)(11,16)(0,16)
Polygon:
(0,0)(21,0)(21,18)(16,18)(16,25)(0,25)
Polygon:
(0,0)(6,0)(6,8)(0,8)
Polygon:
(0,0)(41,0)(41,10)(27,10)(27,2)(13,2)(13,10)(0,10)
Polygon:
(0,0)(17,0)(17,32)(16,32)(16,17)(9,17)(9,18)(0,18)
Polygon:
(0,0)(6,0)(6,14)(0,14)
Polygon:
(0,0)(21,0)(21,2)(10,2)(10,13)(0,13)
Polygon:
(0,0)(18,0)(18,4)(15,4)(15,5)(0,5)
Polygon:
(0,0)(16,0)(16,13)(0,13)
Polygon:
(0,0)(16,0)(16,16)(12,16)(12,4)(9,4)(9,12)(0,12)
Polygon:
(0,0)(11,0)(11,4)(0,4)
Polygon:
(0,0)(9,0)(9,18)(0,18)
Polygon:
(0,0)(8,0)(8,2)(0,2)
Polygon:
(0,0)(9,0)(9,12)(7,12)(7,26)(0,26)
Polygon:
(0,0)(4,0)(4,8)(0,8)
Polygon:
(0,0)(6,0)(6,14)(0,14)
Polygon:
(0,0)(7,0)(7,16)(0,16)
Polygon:
(0,0)(13,0)(13,15)(0,15)
Polygon:
(0,0)(15,0)(15,16)(9,16)(9,28)(0,28)
Polygon:
(0,0)(1,0)(1,8)(0,8)
Polygon:
(0,0)(11,0)(11,9)(5,9)(5,1)(4,1)(4,3)(0,3)
Polygon:
(0,0)(13,0)(13,13)(0,13)
Polygon:
(0,0)(31,0)(31,21)(14,21)(14,3)(5,3)(5,8)(0,8)
Polygon:
(0,0)(18,0)(18,15)(14,15)(14,32)(0,32)
Polygon:
(0,0)(28,0)(28,13)(16,13)(16,20)(0,20)
Polygon:
(0,0)(7,0)(7,18)(0,18)
Polygon:
(0,0)(30,0)(30,2)(13,2)(13,17)(0,17)
Polygon:
(0,0)(6,0)(6,7)(0,7)
Polygon:
(0,0)(22,0)(22,8)(12,8)(12,15)(0,15)
Polygon:
(0,0)(5,0)(5,10)(0,10)
Polygon:
(0,0)(24,0)(24,15)(10,15)(10,32)(0,32)
Polygon:
(0,0)(14,0)(14,9)(0,9)
Polygon:
(0,0)(34,0)(34,26)(23,26)(23,10)(14,10)(14,18)(0,18)
Polygon:
(0,0)(10,0)(10,7)(0,7)
Polygon:
(0,0)(13,0)(13,7)(0,7)
Polygon:
(0,0)(7,0)(7,18)(0,18)
Polygon:
(0,0)(15,0)(15,13)(0,13)
Polygon:
(0,0)(6,0)(6,6)(3,6)(3,13)(0,13)
Polygon:
(0,0)(12,0)(12,11)(10,11)(10,23)(0,23)
Polygon:
(0,0)(8,0)(8,13)(0,13)
Polygon:
(0,0)(1,0)(1,4)(0,4)
Polygon:
(0,0)(13,0)(13,14)(0,14)
Polygon:
(0,0)(4,0)(4,10)(3,10)(3,27)(0,27)
Polygon:
(0,0)(9,0)(9,12)(0,12)
Polygon:
(0,0)(28,0)(28,8)(22,8)(22,5)(7,5)(7,6)(0,6)
Polygon:
(0,0)(5,0)(5,6)(0,6)
Polygon:
(0,0)(9,0)(9,4)(3,4)(3,7)(0,7)
Polygon:
(0,0)(18,0)(18,11)(0,11)
Polygon:
(0,0)(30,0)(30,11)(13,11)(13,12)(0,12)
Polygon:
(0,0)(10,0)(10,10)(0,10)
Polygon:
(0,0)(4,0)(4,18)(0,18)
Polygon:
(0,0)(5,0)(5,7)(0,7)
Polygon:
(0,0)(24,0)(24,15)(16,15)(16,24)(0,24)
Polygon:
(0,0)(27,0)(27,10)(13,10)(13,12)(0,12)
Polygon:
(0,0)(4,0)(4,7)(0,7)
Polygon:
(0,0)(10,0)(10,1)(0,1)
Polygon:
(0,0)(8,0)(8,8)(0,8)
Polygon:
(0,0)(18,0)(18,6)(0,6)
Polygon:
(0,0)(1,0)(1,15)(0,15)
Polygon:
(0,0)(14,0)(14,5)(11,5)(11,20)(0,20)
Polygon:
(0,0)(41,0)(41,18)(30,18)(30,11)(18,11)(18,13)(0,13)
Polygon:
(0,0)(37,0)(37,24)(20,24)(20,6)(5,6)(5,12)(0,12)
Polygon:
(0,0)(15,0)(15,11)(0,11)
Polygon:
(0,0)(3,0)(3,9)(2,9)(2,19)(0,19)
Polygon:
(0,0)(4,0)(4,15)(0,15)
Polygon:
(0,0)(26,0)(26,12)(24,12)(24,11)(15,11)(15,17)(0,17)
Polygon:
(0,0)(40,0)(40,23)(33,23)(33,10)(17,10)(17,16)(0,16)
Polygon:
(0,0)(6,0)(6,18)(0,18)
Polygon:
(0,0)(9,0)(9,2)(0,2)
Polygon:
(0,0)(18,0)(18,1)(3,1)(3,8)(0,8)
Polygon:
(0,0)(19,0)(19,14)(3,14)(3,1)(2,1)(2,8)(0,8)
Polygon:
(0,0)(37,0)(37,6)(26,6)(26,1)(18,1)(18,18)(0,18)
Polygon:
(0,0)(6,0)(6,10)(0,10)
Polygon:
(0,0)(13,0)(13,4)(0,4)
Polygon:
(0,0)(4,0)(4,3)(0,3)
Polygon:
(0,0)(17,0)(17,16)(16,16)(16,21)(0,21)
