Polygon:
(0,0)(28,0)(28,13)(13,13)(13,20)(1,20)(1,18)(0,18)
Polygon:
(0,0)(11,0)(11,20)(10,20)(10,28)(6,28)(6,12)(0,12)
Polygon:
(0,0)(33,0)(33,9)(26,9)(26,26)(11,26)(11,14)(0,14)
Polygon:
(0,0)(31,0)(31,11)(22,11)(22,23)(6,23)(6,8)(0,8)
Polygon:
(0,0)(27,0)(27,8)(10,8)(10,12)(8,12)(8,3)(0,3)
Polygon:
(0,0)(33,0)(33,14)(21,14)(21,23)(4,23)(4,12)(0,12)
Polygon:
(0,0)(28,0)(28,8)(16,8)(16,17)(11,17)(11,4)(0,4)
Polygon:
(0,0)(27,0)(27,15)(19,15)(19,20)(7,20)(7,2)(0,2)
Polygon:
(0,0)(27,0)(27,19)(22,19)(22,20)(4,20)(4,3)(0,3)
Polygon:
(0,0)(50,0)(50,20)(35,20)(35,22)(17,22)(17,4)(0,4)
Polygon:
(0,0)(28,0)(28,9)(11,9)(11,12)(1,12)(1,1)(0,1)
Polygon:
(0,0)(38,0)(38,24)(26,24)(26,34)(8,34)(8,16)(0,16)
Polygon:
(0,0)(33,0)(33,2)(15,2)(15,14)(2,14)(2,2)(0,2)
Polygon:
(0,0)(25,0)(25,10)(19,10)(19,20)(12,20)(12,2)(0,2)
Polygon:
(0,0)(43,0)(43,28)(29,28)(29,29)(12,29)(12,13)(0,13)
Polygon:
(0,0)(21,0)(21,21)(16,21)(16,28)(13,28)(13,10)(0,10)
Polygon:
(0,0)(31,0)(31,6)(24,6)(24,13)(17,13)(17,12)(0,12)
Polygon:
(0,0)(42,0)(42,6)(27,6)(27,18)(15,18)(15,3)(0,3)
Polygon:
(0,0)(26,0)(26,21)(8,21)(8,22)(3,22)(3,4)(0,4)
Polygon:
(0,0)(25,0)(25,2)(19,2)(19,19)(14,19)(14,3)(0,3)
Polygon:
(0,0)(24,0)(24,12)(6,12)(6,21)(2,21)(2,10)(0,10)
Polygon:
(0,0)(23,0)(23,30)(8,30)(8,33)(7,33)(7,15)(0,15)
Polygon:
(0,0)(26,0)(26,9)(9,9)(9,24)(3,24)(3,8)(0,8)
Polygon:
(0,0)(26,0)(26,8)(9,8)(9,19)(4,19)(4,15)(0,15)
Polygon:
(0,0)(34,0)(34,8)(19,8)(19,19)(11,19)(11,18)(0,18)
Polygon:
(0,0)(22,0)(22,3)(12,3)(12,17)(10,17)(10,5)(0,5)
Polygon:
(0,0)(28,0)(28,15)(26,15)(26,19)(10,19)(10,6)(0,6)
Polygon:
(0,0)(27,0)(27,17)(22,17)(22,31)(6,31)(6,14)(0,14)
Polygon:
(0,0)(32,0)(32,15)(30,15)(30,18)(16,18)(16,1)(0,1)
Polygon:
(0,0)(24,0)(24,12)(13,12)(13,18)(3,18)(3,2)(0,2)
Polygon:
(0,0)(28,0)(28,6)(13,6)(13,11)(2,11)(2,1)(0,1)
Polygon:
(0,0)(44,0)(44,7)(26,7)(26,16)(12,16)(12,8)(0,8)
Polygon:
(0,0)(19,0)(19,15)(7,15)(7,21)(5,21)(5,11)(0,11)
Polygon:
(0,0)(35,0)(35,15)(18,15)(18,19)(5,19)(5,15)(0,15)
Polygon:
(0,0)(29,0)(29,17)(16,17)(16,35)(11,35)(11,17)(0,17)
Polygon:
(0,0)(29,0)(29,21)(19,21)(19,23)(11,23)(11,10)(0,10)
Polygon:
(0,0)(24,0)(24,12)(15,12)(15,14)(2,14)(2,4)(0,4)
Polygon:
(0,0)(22,0)(22,11)(20,11)(20,23)(6,23)(6,16)(0,16)
Polygon:
(0,0)(36,0)(36,11)(33,11)(33,18)(16,18)(16,12)(0,12)
Polygon:
(0,0)(25,0)(25,12)(18,12)(18,14)(5,14)(5,1)(0,1)
Polygon:
(0,0)(17,0)(17,13)(16,13)(16,20)(4,20)(4,11)(0,11)
Polygon:
(0,0)(19,0)(19,7)(15,7)(15,23)(14,23)(14,13)(0,13)
Polygon:
(0,0)(21,0)(21,1)(16,1)(16,14)(13,14)(13,1)(0,1)
Polygon:
(0,0)(42,0)(42,23)(29,23)(29,26)(13,26)(13,11)(0,11)
Polygon:
(0,0)(32,0)(32,6)(16,6)(16,14)(15,14)(15,8)(0,8)
Polygon:
(0,0)(18,0)(18,20)(13,20)(13,29)(11,29)(11,18)(0,18)
Polygon:
(0,0)(24,0)(24,11)(15,11)(15,12)(7,12)(7,3)(0,3)
Polygon:
(0,0)(42,0)(42,18)(24,18)(24,23)(13,23)(13,8)(0,8)
Polygon:
(0,0)(12,0)(12,10)(6,10)(6,17)(5,17)(5,5)(0,5)
Polygon:
(0,0)(19,0)(19,5)(15,5)(15,22)(14,22)(14,11)(0,11)
Polygon:
(0,0)(33,0)(33,14)(24,14)(24,24)(11,24)(11,7)(0,7)
Polygon:
(0,0)(32,0)(32,5)(22,5)(22,11)(10,11)(10,6)(0,6)
Polygon:
(0,0)(37,0)(37,7)(23,7)(23,23)(18,23)(18,15)(0,15)
Polygon:
(0,0)(25,0)(25,9)(9,9)(9,11)(7,11)(7,8)(0,8)
Polygon:
(0,0)(25,0)(25,4)(12,4)(12,20)(1,20)(1,16)(0,16)
Polygon:
(0,0)(22,0)(22,23)(16,23)(16,26)(1,26)(1,11)(0,11)
Polygon:
(0,0)(34,0)(34,5)(19,5)(19,20)(17,20)(17,4)(0,4)
Polygon:
(0,0)(31,0)(31,9)(21,9)(21,12)(4,12)(4,2)(0,2)
Polygon:
(0,0)(31,0)(31,18)(20,18)(20,23)(2,23)(2,11)(0,11)
Polygon:
(0,0)(51,0)(51,3)(33,3)(33,5)(16,5)(16,3)(0,3)
Polygon:
(0,0)(16,0)(16,4)(13,4)(13,7)(12,7)(12,5)(0,5)
Polygon:
(0,0)(25,0)(25,7)(22,7)(22,14)(11,14)(11,7)(0,7)
Polygon:
(0,0)(24,0)(24,2)(23,2)(23,11)(17,11)(17,9)(0,9)
Polygon:
(0,0)(12,0)(12,22)(5,22)(5,31)(2,31)(2,15)(0,15)
Polygon:
(0,0)(19,0)(19,2)(10,2)(10,14)(8,14)(8,1)(0,1)
Polygon:
(0,0)(35,0)(35,16)(21,16)(21,25)(6,25)(6,9)(0,9)
Polygon:
(0,0)(21,0)(21,13)(13,13)(13,24)(2,24)(2,10)(0,10)
Polygon:
(0,0)(16,0)(16,17)(7,17)(7,25)(4,25)(4,13)(0,13)
Polygon:
(0,0)(37,0)(37,14)(23,14)(23,26)(18,26)(18,9)(0,9)
Polygon:
(0,0)(19,0)(19,11)(18,11)(18,19)(2,19)(2,5)(0,5)
Polygon:
(0,0)(11,0)(11,4)(10,4)(10,18)(7,18)(7,13)(0,13)
Polygon:
(0,0)(26,0)(26,31)(18,31)(18,33)(6,33)(6,18)(0,18)
Polygon:
(0,0)(18,0)(18,3)(12,3)(12,6)(7,6)(7,4)(0,4)
Polygon:
(0,0)(15,0)(15,16)(10,16)(10,25)(4,25)(4,9)(0,9)
Polygon:
(0,0)(27,0)(27,17)(14,17)(14,30)(10,30)(10,17)(0,17)
Polygon:
(0,0)(46,0)(46,24)(31,24)(31,25)(13,25)(13,7)(0,7)
Polygon:
(0,0)(13,0)(13,9)(12,9)(12,27)(4,27)(4,18)(0,18)
Polygon:
(0,0)(33,0)(33,18)(16,18)(16,23)(10,23)(10,18)(0,18)
Polygon:
(0,0)(16,0)(16,23)(9,23)(9,25)(5,25)(5,9)(0,9)
Polygon:
(0,0)(16,0)(16,13)(8,13)(8,27)(4,27)(4,13)(0,13)
Polygon:
(0,0)(12,0)(12,7)(0,7)
Polygon:
(0,0)(14,0)(14,3)(0,3)
Polygon:
(0,0)(18,0)(18,13)(6,13)(6,16)(0,16)
Polygon:
(0,0)(21,0)(21,15)(16,15)(16,29)(0,29)
Polygon:
(0,0)(1,0)(1,7)(0,7)
Polygon:
(0,0)(13,0)(13,13)(0,13)
Polygon:
(0,0)(7,0)(7,9)(0,9)
Polygon:
(0,0)(1,0)(1,8)(0,8)
Polygon:
(0,0)(21,0)(21,7)(11,7)(11,20)(0,20)
Polygon:
(0,0)(6,0)(6,8)(0,8)
Polygon:
(0,0)(15,0)(15,5)(0,5)
Polygon:
(0,0)(16,0)(16,3)(12,3)(12,9)(0,9)
Polygon:
(0,0)(22,0)(22,15)(11,15)(11,5)(5,5)(5,15)(0,15)
Polygon:
(0,0)(17,0)(17,11)(0,11)
Polygon:
(0,0)(5,0)(5,5)(0,5)
Polygon:
(0,0)(13,0)(13,1)(0,1)
Polygon:
(0,0)(14,0)(14,14)(11,14)(11,5)(2,5)(2,13)(0,13)
Polygon:
(0,0)(11,0)(11,14)(10,14)(10,26)(0,26)
Polygon:
(0,0)(7,0)(7,15)(0,15)
Polygon:
(0,0)(23,0)(23,16)(10,16)(10,22)(0,22)
Polygon:
(0,0)(36,0)(36,25)(26,25)(26,8)(15,8)(15,15)(0,15)
Polygon:
(0,0)(7,0)(7,7)(0,7)
Polygon:
(0,0)(18,0)(18,14)(0,14)
Polygon:
(0,0)(13,0)(13,9)(0,9)
Polygon:
(0,0)(18,0)(18,1)(0,1)
Polygon:
(0,0)(13,0)(13,15)(0,15)
Polygon:
(0,0)(40,0)(40,10)(25,10)(25,9)(17,9)(17,14)(0,14)
Polygon:
(0,0)(29,0)(29,17)(17,17)(17,10)(7,10)(7,15)(0,15)
Polygon:
(0,0)(1,0)(1,7)(0,7)
Polygon:
(0,0)(9,0)(9,2)(0,2)
Polygon:
(0,0)(21,0)(21,11)(4,11)(4,15)(0,15)
Polygon:
(0,0)(18,0)(18,7)(0,7)
Polygon:
(0,0)(21,0)(21,11)(7,11)(7,22)(0,22)
Polygon:
(0,0)(33,0)(33,15)(24,15)(24,6)(8,6)(8,9)(0,9)
Polygon:
(0,0)(26,0)(26,5)(16,5)(16,10)(0,10)
Polygon:
(0,0)(1,0)(1,8)(0,8)
Polygon:
(0,0)(51,0)(51,16)(36,16)(36,2)(18,2)(18,11)(0,11)
Polygon:
(0,0)(7,0)(7,3)(0,3)
Polygon:
(0,0)(3,0)(3,10)(0,10)
Polygon:
(0,0)(7,0)(7,9)(0,9)
Polygon:
(0,0)(16,0)(16,8)(0,8)
Polygon:
(0,0)(16,0)(16,15)(15,15)(15,30)(0,30)
Polygon:
(0,0)(7,0)(7,13)(0,13)
Polygon:
(0,0)(15,0)(15,5)(0,5)
Polygon:
(0,0)(27,0)(27,11)(22,11)(22,6)(6,6)(6,10)(0,10)
Polygon:
(0,0)(5,0)(5,11)(0,11)
Polygon:
(0,0)(17,0)(17,2)(0,2)
Polygon:
(0,0)(19,0)(19,10)(17,10)(17,17)(0,17)
Polygon:
(0,0)(4,0)(4,17)(0,17)
Polygon:
(0,0)(15,0)(15,4)(0,4)
Polygon:
(0,0)(11,0)(11,9)(0,9)
Polygon:
(0,0)(17,0)(17,15)(0,15)
Polygon:
(0,0)(21,0)(21,13)(15,13)(15,20)(0,20)
Polygon:
(0,0)(18,0)(18,11)(9,11)(9,10)(7,10)(7,12)(0,12)
Polygon:
(0,0)(18,0)(18,16)(0,16)
Polygon:
(0,0)(5,0)(5,16)(0,16)
Polygon:
(0,0)(18,0)(18,5)(10,5)(10,16)(0,16)
Polygon:
(0,0)(10,0)(10,2)(0,2)
Polygon:
(0,0)(23,0)(23,5)(12,5)(12,16)(0,16)
Polygon:
(0,0)(16,0)(16,18)(0,18)
Polygon:
(0,0)(29,0)(29,14)(12,14)(12,23)(0,23)
Polygon:
(0,0)(9,0)(9,1)(0,1)
Polygon:
(0,0)(2,0)(2,1)(0,1)
Polygon:
(0,0)(18,0)(18,12)(0,12)
Polygon:
(0,0)(23,0)(23,1)(9,1)(9,15)(0,15)
Polygon:
(0,0)(21,0)(21,6)(3,6)(3,13)(0,13)
Polygon:
(0,0)(27,0)(27,10)(14,10)(14,15)(0,15)
Polygon:
(0,0)(1,0)(1,1)(0,1)
Polygon:
(0,0)(7,0)(7,6)(0,6)
Polygon:
(0,0)(18,0)(18,8)(0,8)
Polygon:
(0,0)(28,0)(28,20)(12,20)(12,5)(10,5)(10,10)(0,10)
Polygon:
(0,0)(18,0)(18,16)(1,16)(1,30)(0,30)
Polygon:
(0,0)(2,0)(2,10)(0,10)
Polygon:
(0,0)(11,0)(11,2)(0,2)
Polygon:
(0,0)(11,0)(11,4)(0,4)
Polygon:
(0,0)(6,0)(6,15)(0,15)
Polygon:
(0,0)(25,0)(25,11)(20,11)(20,2)(3,2)(3,6)(0,6)
Polygon:
(0,0)(15,0)(15,18)(0,18)
Polygon:
(0,0)(21,0)(21,4)(10,4)(10,10)(0,10)
Polygon:
(0,0)(14,0)(14,8)(0,8)
Polygon:
(0,0)(15,0)(15,10)(0,10)
Polygon:
(0,0)(20,0)(20,5)(12,5)(12,10)(0,10)
Polygon:
(0,0)(19,0)(19,15)(18,15)(18,25)(0,25)
Polygon:
(0,0)(6,0)(6,5)(0,5)
Polygon:
(0,0)(33,0)(33,29)(27,29)(27,14)(18,14)(18,17)(0,17)
Polygon:
(0,0)(17,0)(17,10)(0,10)
Polygon:
(0,0)(15,0)(15,2)(0,2)
Polygon:
(0,0)(16,0)(16,12)(14,12)(14,17)(0,17)
Polygon:
(0,0)(18,0)(18,13)(0,13)
Polygon:
(0,0)(13,0)(13,10)(0,10)
Polygon:
(0,0)(6,0)(6,16)(0,16)
Polygon:
(0,0)(17,0)(17,8)(0,8)
Polygon:
(0,0)(29,0)(29,15)(15,15)(15,20)(0,20)
Polygon:
(0,0)(33,0)(33,6)(15,6)(15,22)(0,22)
Polygon:
(0,0)(2,0)(2,9)(0,9)
Polygon:
(0,0)(3,0)(3,9)(0,9)
Polygon:
(0,0)(14,0)(14,2)(0,2)
Polygon:
(0,0)(1,0)(1,18)(0,18)
Polygon:
(0,0)(11,0)(11,8)(0,8)
Polygon:
(0,0)(3,0)(3,9)(0,9)
Polygon:
(0,0)(8,0)(8,10)(0,10)
Polygon:
(0,0)(7,0)(7,16)(0,16)
Polygon:
(0,0)(18,0)(18,3)(0,3)
Polygon:
(0,0)(9,0)(9,1)(0,1)
Polygon:
(0,0)(2,0)(2,3)(0,3)
Polygon:
(0,0)(7,0)(7,9)(0,9)
Polygon:
(0,0)(15,0)(15,5)(13,5)(13,9)(0,9)
Polygon:
(0,0)(41,0)(41,21)(26,21)(26,9)(15,9)(15,13)(0,13)
Polygon:
(0,0)(6,0)(6,11)(0,11)
Polygon:
(0,0)(14,0)(14,10)(0,10)
Polygon:
(0,0)(3,0)(3,18)(0,18)
Polygon:
(0,0)(7,0)(7,15)(1,15)(1,29)(0,29)
Polygon:
(0,0)(3,0)(3,8)(0,8)
Polygon:
(0,0)(5,0)(5,15)(2,15)(2,26)(0,26)
Polygon:
(0,0)(23,0)(23,27)(22,27)(22,11)(11,11)(11,16)(0,16)
Polygon:
(0,0)(42,0)(42,6)(34,6)(34,1)(17,1)(17,10)(0,10)
Polygon:
(0,0)(10,0)(10,17)(0,17)
Polygon:
(0,0)(2,0)(2,10)(0,10)
Polygon:
(0,0)(1,0)(1,16)(0,16)
Polygon:
(0,0)(2,0)(2,3)(0,3)
