Polygon:
(0,0)(19,0)(19,5)(12,5)(12,15)(6,15)(6,11)(0,11)
Polygon:
(0,0)(20,0)(20,28)(15,28)(15,34)(14,34)(14,16)(0,16)
Polygon:
(0,0)(26,0)(26,8)(13,8)(13,17)(6,17)(6,15)(0,15)
Polygon:
(0,0)(26,0)(26,29)(14,29)(14,35)(3,35)(3,17)(0,17)
Polygon:
(0,0)(26,0)(26,8)(24,8)(24,15)(12,15)(12,3)(0,3)
Polygon:
(0,0)(15,0)(15,9)(13,9)(13,18)(4,18)(4,13)(0,13)
Polygon:
(0,0)(38,0)(38,6)(23,6)(23,21)(16,21)(16,8)(0,8)
Polygon:
(0,0)(16,0)(16,1)(12,1)(12,10)(7,10)(7,3)(0,3)
Polygon:
(0,0)(38,0)(38,11)(22,11)(22,21)(12,21)(12,3)(0,3)
Polygon:
(0,0)(38,0)(38,17)(20,17)(20,26)(9,26)(9,8)(0,8)
Polygon:
(0,0)(24,0)(24,23)(15,23)(15,27)(5,27)(5,15)(0,15)
Polygon:
(0,0)(16,0)(16,2)(9,2)(9,20)(6,20)(6,12)(0,12)
Polygon:
(0,0)(45,0)(45,2)(30,2)(30,8)(16,8)(16,1)(0,1)
Polygon:
(0,0)(27,0)(27,26)(21,26)(21,28)(18,28)(18,13)(0,13)
Polygon:
(0,0)(31,0)(31,2)(30,2)(30,18)(18,18)(18,13)(0,13)
Polygon:
(0,0)(18,0)(18,22)(6,22)(6,32)(2,32)(2,16)(0,16)
Polygon:
(0,0)(11,0)(11,5)(5,5)(5,19)(2,19)(2,3)(0,3)
Polygon:
(0,0)(17,0)(17,3)(9,3)(9,15)(4,15)(4,5)(0,5)
Polygon:
(0,0)(13,0)(13,2)(11,2)(11,4)(6,4)(6,1)(0,1)
Polygon:
(0,0)(21,0)(21,26)(18,26)(18,31)(16,31)(16,17)(0,17)
Polygon:
(0,0)(44,0)(44,24)(29,24)(29,34)(16,34)(16,18)(0,18)
Polygon:
(0,0)(21,0)(21,12)(18,12)(18,15)(5,15)(5,6)(0,6)
Polygon:
(0,0)(27,0)(27,5)(10,5)(10,17)(9,17)(9,5)(0,5)
Polygon:
(0,0)(37,0)(37,13)(27,13)(27,29)(17,29)(17,17)(0,17)
Polygon:
(0,0)(40,0)(40,11)(22,11)(22,19)(15,19)(15,2)(0,2)
Polygon:
(0,0)(43,0)(43,17)(29,17)(29,23)(13,23)(13,8)(0,8)
Polygon:
(0,0)(27,0)(27,33)(14,33)(14,34)(1,34)(1,18)(0,18)
Polygon:
(0,0)(24,0)(24,5)(23,5)(23,15)(10,15)(10,2)(0,2)
Polygon:
(0,0)(29,0)(29,6)(21,6)(21,20)(5,20)(5,3)(0,3)
Polygon:
(0,0)(39,0)(39,5)(28,5)(28,15)(11,15)(11,7)(0,7)
Polygon:
(0,0)(40,0)(40,11)(28,11)(28,19)(10,19)(10,13)(0,13)
Polygon:
(0,0)(25,0)(25,4)(8,4)(8,16)(7,16)(7,13)(0,13)
Polygon:
(0,0)(35,0)(35,12)(21,12)(21,18)(7,18)(7,1)(0,1)
Polygon:
(0,0)(25,0)(25,1)(13,1)(13,14)(8,14)(8,9)(0,9)
Polygon:
(0,0)(43,0)(43,24)(35,24)(35,27)(17,27)(17,18)(0,18)
Polygon:
(0,0)(34,0)(34,8)(33,8)(33,22)(18,22)(18,7)(0,7)
Polygon:
(0,0)(38,0)(38,22)(26,22)(26,29)(14,29)(14,12)(0,12)
Polygon:
(0,0)(29,0)(29,18)(15,18)(15,20)(7,20)(7,9)(0,9)
Polygon:
(0,0)(14,0)(14,6)(13,6)(13,20)(6,20)(6,6)(0,6)
Polygon:
(0,0)(25,0)(25,25)(23,25)(23,29)(12,29)(12,16)(0,16)
Polygon:
(0,0)(30,0)(30,11)(24,11)(24,17)(7,17)(7,5)(0,5)
Polygon:
(0,0)(26,0)(26,12)(23,12)(23,16)(7,16)(7,10)(0,10)
Polygon:
(0,0)(15,0)(15,12)(8,12)(8,16)(3,16)(3,2)(0,2)
Polygon:
(0,0)(32,0)(32,2)(30,2)(30,16)(16,16)(16,13)(0,13)
Polygon:
(0,0)(29,0)(29,5)(19,5)(19,19)(8,19)(8,8)(0,8)
Polygon:
(0,0)(25,0)(25,19)(7,19)(7,27)(3,27)(3,18)(0,18)
Polygon:
(0,0)(30,0)(30,8)(17,8)(17,10)(10,10)(10,1)(0,1)
Polygon:
(0,0)(33,0)(33,23)(24,23)(24,24)(10,24)(10,11)(0,11)
Polygon:
(0,0)(18,0)(18,7)(17,7)(17,14)(12,14)(12,2)(0,2)
Polygon:
(0,0)(30,0)(30,7)(16,7)(16,19)(8,19)(8,14)(0,14)
Polygon:
(0,0)(29,0)(29,23)(23,23)(23,25)(9,25)(9,10)(0,10)
Polygon:
(0,0)(36,0)(36,20)(26,20)(26,25)(13,25)(13,9)(0,9)
Polygon:
(0,0)(32,0)(32,10)(25,10)(25,20)(9,20)(9,15)(0,15)
Polygon:
(0,0)(34,0)(34,10)(22,10)(22,15)(12,15)(12,5)(0,5)
Polygon:
(0,0)(29,0)(29,12)(16,12)(16,16)(4,16)(4,8)(0,8)
Polygon:
(0,0)(41,0)(41,9)(24,9)(24,22)(13,22)(13,13)(0,13)
Polygon:
(0,0)(14,0)(14,17)(12,17)(12,19)(7,19)(7,7)(0,7)
Polygon:
(0,0)(7,0)(7,26)(6,26)(6,27)(1,27)(1,9)(0,9)
Polygon:
(0,0)(42,0)(42,12)(25,12)(25,25)(9,25)(9,11)(0,11)
Polygon:
(0,0)(22,0)(22,13)(20,13)(20,19)(15,19)(15,1)(0,1)
Polygon:
(0,0)(41,0)(41,5)(24,5)(24,15)(12,15)(12,9)(0,9)
Polygon:
(0,0)(26,0)(26,6)(9,6)(9,13)(6,13)(6,6)(0,6)
Polygon:
(0,0)(19,0)(19,8)(18,8)(18,24)(10,24)(10,14)(0,14)
Polygon:
(0,0)(13,0)(13,11)(7,11)(7,21)(4,21)(4,10)(0,10)
Polygon:
(0,0)(47,0)(47,11)(30,11)(30,28)(15,28)(15,12)(0,12)
Polygon:
(0,0)(17,0)(17,15)(9,15)(9,17)(1,17)(1,5)(0,5)
Polygon:
(0,0)(39,0)(39,10)(23,10)(23,21)(8,21)(8,4)(0,4)
Polygon:
(0,0)(28,0)(28,20)(19,20)(19,22)(5,22)(5,8)(0,8)
Polygon:
(0,0)(29,0)(29,4)(19,4)(19,12)(18,12)(18,7)(0,7)
Polygon:
(0,0)(19,0)(19,19)(9,19)(9,30)(7,30)(7,17)(0,17)
Polygon:
(0,0)(41,0)(41,6)(34,6)(34,18)(18,18)(18,10)(0,10)
Polygon:
(0,0)(12,0)(12,29)(9,29)(9,32)(4,32)(4,14)(0,14)
Polygon:
(0,0)(22,0)(22,4)(14,4)(14,10)(7,10)(7,8)(0,8)
Polygon:
(0,0)(25,0)(25,18)(17,18)(17,25)(16,25)(16,7)(0,7)
Polygon:
(0,0)(18,0)(18,9)(15,9)(15,16)(2,16)(2,13)(0,13)
Polygon:
(0,0)(17,0)(17,16)(16,16)(16,31)(7,31)(7,17)(0,17)
Polygon:
(0,0)(42,0)(42,4)(31,4)(31,13)(18,13)(18,4)(0,4)
Polygon:
(0,0)(33,0)(33,1)(25,1)(25,19)(13,19)(13,13)(0,13)
Polygon:
(0,0)(27,0)(27,1)(17,1)(17,16)(9,16)(9,6)(0,6)
Polygon:
(0,0)(39,0)(39,14)(25,14)(25,27)(9,27)(9,15)(0,15)
Polygon:
(0,0)(41,0)(41,19)(31,19)(31,26)(15,26)(15,17)(0,17)
Polygon:
(0,0)(29,0)(29,4)(17,4)(17,13)(8,13)(8,11)(0,11)
Polygon:
(0,0)(35,0)(35,17)(23,17)(23,23)(12,23)(12,10)(0,10)
Polygon:
(0,0)(30,0)(30,12)(15,12)(15,14)(12,14)(12,10)(0,10)
Polygon:
(0,0)(21,0)(21,2)(17,2)(17,13)(16,13)(16,2)(0,2)
Polygon:
(0,0)(40,0)(40,8)(24,8)(24,9)(13,9)(13,1)(0,1)
Polygon:
(0,0)(34,0)(34,22)(18,22)(18,29)(16,29)(16,18)(0,18)
Polygon:
(0,0)(40,0)(40,6)(29,6)(29,16)(18,16)(18,11)(0,11)
Polygon:
(0,0)(24,0)(24,11)(17,11)(17,16)(4,16)(4,4)(0,4)
Polygon:
(0,0)(25,0)(25,29)(21,29)(21,30)(7,30)(7,14)(0,14)
Polygon:
(0,0)(34,0)(34,17)(19,17)(19,23)(11,23)(11,13)(0,13)
Polygon:
(0,0)(40,0)(40,19)(32,19)(32,29)(18,29)(18,16)(0,16)
Polygon:
(0,0)(28,0)(28,16)(17,16)(17,29)(14,29)(14,16)(0,16)
Polygon:
(0,0)(29,0)(29,19)(15,19)(15,23)(8,23)(8,5)(0,5)
Polygon:
(0,0)(39,0)(39,11)(21,11)(21,14)(3,14)(3,7)(0,7)
Polygon:
(0,0)(27,0)(27,7)(14,7)(14,13)(11,13)(11,1)(0,1)
Polygon:
(0,0)(37,0)(37,15)(20,15)(20,24)(4,24)(4,8)(0,8)
Polygon:
(0,0)(34,0)(34,17)(32,17)(32,25)(17,25)(17,8)(0,8)
Polygon:
(0,0)(39,0)(39,15)(23,15)(23,29)(10,29)(10,16)(0,16)
Polygon:
(0,0)(13,0)(13,6)(7,6)(7,17)(2,17)(2,1)(0,1)
Polygon:
(0,0)(18,0)(18,3)(16,3)(16,14)(7,14)(7,12)(0,12)
Polygon:
(0,0)(33,0)(33,22)(28,22)(28,31)(15,31)(15,17)(0,17)
Polygon:
(0,0)(34,0)(34,10)(22,10)(22,21)(6,21)(6,16)(0,16)
Polygon:
(0,0)(39,0)(39,16)(21,16)(21,22)(16,22)(16,8)(0,8)
Polygon:
(0,0)(22,0)(22,15)(13,15)(13,18)(5,18)(5,9)(0,9)
Polygon:
(0,0)(21,0)(21,4)(20,4)(20,5)(2,5)(2,1)(0,1)
Polygon:
(0,0)(42,0)(42,20)(24,20)(24,36)(7,36)(7,18)(0,18)
Polygon:
(0,0)(42,0)(42,15)(27,15)(27,19)(11,19)(11,6)(0,6)
Polygon:
(0,0)(31,0)(31,7)(27,7)(27,19)(17,19)(17,1)(0,1)
Polygon:
(0,0)(31,0)(31,2)(30,2)(30,13)(17,13)(17,12)(0,12)
Polygon:
(0,0)(35,0)(35,13)(17,13)(17,15)(8,15)(8,7)(0,7)
Polygon:
(0,0)(50,0)(50,4)(34,4)(34,21)(16,21)(16,14)(0,14)
Polygon:
(0,0)(23,0)(23,12)(18,12)(18,29)(17,29)(17,16)(0,16)
Polygon:
(0,0)(18,0)(18,12)(15,12)(15,26)(14,26)(14,18)(0,18)
Polygon:
(0,0)(20,0)(20,13)(19,13)(19,20)(9,20)(9,3)(0,3)
Polygon:
(0,0)(15,0)(15,24)(11,24)(11,27)(1,27)(1,13)(0,13)
Polygon:
(0,0)(28,0)(28,7)(24,7)(24,17)(9,17)(9,16)(0,16)
Polygon:
(0,0)(18,0)(18,24)(2,24)(2,32)(1,32)(1,18)(0,18)
Polygon:
(0,0)(40,0)(40,3)(28,3)(28,9)(18,9)(18,1)(0,1)
Polygon:
(0,0)(13,0)(13,17)(9,17)(9,32)(3,32)(3,18)(0,18)
Polygon:
(0,0)(25,0)(25,11)(11,11)(11,8)(9,8)(9,15)(0,15)
Polygon:
(0,0)(12,0)(12,14)(0,14)
Polygon:
(0,0)(10,0)(10,3)(0,3)
Polygon:
(0,0)(27,0)(27,31)(18,31)(18,15)(8,15)(8,31)(0,31)
Polygon:
(0,0)(19,0)(19,12)(16,12)(16,14)(0,14)
Polygon:
(0,0)(39,0)(39,11)(26,11)(26,6)(10,6)(10,13)(0,13)
Polygon:
(0,0)(26,0)(26,8)(18,8)(18,9)(0,9)
Polygon:
(0,0)(22,0)(22,21)(11,21)(11,8)(7,8)(7,16)(0,16)
Polygon:
(0,0)(22,0)(22,17)(13,17)(13,21)(0,21)
Polygon:
(0,0)(13,0)(13,3)(0,3)
Polygon:
(0,0)(33,0)(33,5)(18,5)(18,10)(0,10)
Polygon:
(0,0)(22,0)(22,17)(11,17)(11,29)(0,29)
Polygon:
(0,0)(4,0)(4,14)(0,14)
Polygon:
(0,0)(14,0)(14,13)(4,13)(4,27)(0,27)
Polygon:
(0,0)(9,0)(9,1)(2,1)(2,8)(0,8)
Polygon:
(0,0)(12,0)(12,2)(6,2)(6,13)(0,13)
Polygon:
(0,0)(4,0)(4,2)(0,2)
Polygon:
(0,0)(10,0)(10,2)(0,2)
Polygon:
(0,0)(7,0)(7,1)(6,1)(6,6)(0,6)
Polygon:
(0,0)(18,0)(18,1)(0,1)
Polygon:
(0,0)(13,0)(13,7)(0,7)
Polygon:
(0,0)(15,0)(15,7)(0,7)
Polygon:
(0,0)(5,0)(5,10)(0,10)
Polygon:
(0,0)(22,0)(22,15)(8,15)(8,7)(4,7)(4,12)(0,12)
Polygon:
(0,0)(31,0)(31,14)(23,14)(23,5)(17,5)(17,7)(0,7)
Polygon:
(0,0)(19,0)(19,17)(15,17)(15,34)(0,34)
Polygon:
(0,0)(4,0)(4,7)(0,7)
Polygon:
(0,0)(9,0)(9,12)(0,12)
Polygon:
(0,0)(12,0)(12,13)(0,13)
Polygon:
(0,0)(4,0)(4,10)(3,10)(3,17)(0,17)
Polygon:
(0,0)(3,0)(3,6)(0,6)
Polygon:
(0,0)(9,0)(9,15)(0,15)
Polygon:
(0,0)(13,0)(13,16)(12,16)(12,34)(0,34)
Polygon:
(0,0)(19,0)(19,10)(1,10)(1,20)(0,20)
Polygon:
(0,0)(20,0)(20,11)(16,11)(16,13)(0,13)
Polygon:
(0,0)(15,0)(15,5)(0,5)
Polygon:
(0,0)(13,0)(13,16)(0,16)
Polygon:
(0,0)(11,0)(11,10)(0,10)
Polygon:
(0,0)(10,0)(10,18)(0,18)
Polygon:
(0,0)(3,0)(3,17)(0,17)
Polygon:
(0,0)(16,0)(16,11)(0,11)
Polygon:
(0,0)(15,0)(15,10)(0,10)
Polygon:
(0,0)(16,0)(16,4)(0,4)
Polygon:
(0,0)(26,0)(26,9)(14,9)(14,14)(0,14)
Polygon:
(0,0)(39,0)(39,20)(32,20)(32,11)(16,11)(16,12)(0,12)
Polygon:
(0,0)(18,0)(18,13)(0,13)
Polygon:
(0,0)(20,0)(20,10)(10,10)(10,19)(0,19)
Polygon:
(0,0)(18,0)(18,7)(0,7)
Polygon:
(0,0)(7,0)(7,8)(0,8)
Polygon:
(0,0)(2,0)(2,6)(0,6)
Polygon:
(0,0)(16,0)(16,7)(0,7)
Polygon:
(0,0)(6,0)(6,15)(1,15)(1,27)(0,27)
Polygon:
(0,0)(28,0)(28,10)(21,10)(21,5)(15,5)(15,11)(0,11)
Polygon:
(0,0)(2,0)(2,10)(0,10)
Polygon:
(0,0)(28,0)(28,21)(25,21)(25,5)(8,5)(8,10)(0,10)
Polygon:
(0,0)(4,0)(4,5)(0,5)
Polygon:
(0,0)(38,0)(38,5)(22,5)(22,2)(18,2)(18,17)(0,17)
Polygon:
(0,0)(4,0)(4,12)(0,12)
Polygon:
(0,0)(5,0)(5,5)(0,5)
Polygon:
(0,0)(15,0)(15,18)(8,18)(8,32)(0,32)
Polygon:
(0,0)(13,0)(13,5)(4,5)(4,12)(0,12)
Polygon:
(0,0)(3,0)(3,13)(0,13)
Polygon:
(0,0)(18,0)(18,3)(8,3)(8,4)(0,4)
Polygon:
(0,0)(16,0)(16,14)(0,14)
Polygon:
(0,0)(30,0)(30,21)(17,21)(17,8)(8,8)(8,9)(0,9)
Polygon:
(0,0)(5,0)(5,6)(0,6)
Polygon:
(0,0)(12,0)(12,8)(0,8)
Polygon:
(0,0)(11,0)(11,15)(6,15)(6,23)(0,23)
Polygon:
(0,0)(8,0)(8,3)(0,3)
Polygon:
(0,0)(12,0)(12,17)(5,17)(5,19)(0,19)
Polygon:
(0,0)(20,0)(20,13)(2,13)(2,24)(0,24)
Polygon:
(0,0)(1,0)(1,12)(0,12)
Polygon:
(0,0)(18,0)(18,13)(0,13)
Polygon:
(0,0)(28,0)(28,10)(16,10)(16,24)(0,24)
Polygon:
(0,0)(1,0)(1,7)(0,7)
Polygon:
(0,0)(12,0)(12,14)(0,14)
Polygon:
(0,0)(9,0)(9,3)(0,3)
Polygon:
(0,0)(15,0)(15,1)(4,1)(4,2)(0,2)
Polygon:
(0,0)(10,0)(10,15)(0,15)
Polygon:
(0,0)(26,0)(26,14)(18,14)(18,27)(0,27)
