Polygon:
(0,0)(42,0)(42,21)(32,21)(32,25)(16,25)(16,7)(0,7)
Polygon:
(0,0)(46,0)(46,13)(33,13)(33,21)(18,21)(18,3)(0,3)
Polygon:
(0,0)(12,0)(12,12)(5,12)(5,21)(1,21)(1,8)(0,8)
Polygon:
(0,0)(50,0)(50,1)(33,1)(33,13)(17,13)(17,9)(0,9)
Polygon:
(0,0)(24,0)(24,8)(16,8)(16,9)(5,9)(5,1)(0,1)
Polygon:
(0,0)(35,0)(35,14)(21,14)(21,17)(15,17)(15,6)(0,6)
Polygon:
(0,0)(34,0)(34,16)(22,16)(22,29)(18,29)(18,13)(0,13)
Polygon:
(0,0)(44,0)(44,9)(33,9)(33,17)(17,17)(17,1)(0,1)
Polygon:
(0,0)(33,0)(33,17)(20,17)(20,22)(11,22)(11,8)(0,8)
Polygon:
(0,0)(19,0)(19,17)(13,17)(13,22)(12,22)(12,8)(0,8)
Polygon:
(0,0)(18,0)(18,10)(15,10)(15,24)(12,24)(12,14)(0,14)
Polygon:
(0,0)(10,0)(10,1)(8,1)(8,18)(5,18)(5,10)(0,10)
Polygon:
(0,0)(32,0)(32,5)(17,5)(17,13)(14,13)(14,6)(0,6)
Polygon:
(0,0)(20,0)(20,15)(8,15)(8,20)(5,20)(5,13)(0,13)
Polygon:
(0,0)(21,0)(21,1)(13,1)(13,8)(9,8)(9,4)(0,4)
Polygon:
(0,0)(34,0)(34,8)(31,8)(31,10)(16,10)(16,6)(0,6)
Polygon:
(0,0)(23,0)(23,7)(12,7)(12,18)(4,18)(4,10)(0,10)
Polygon:
(0,0)(33,0)(33,15)(26,15)(26,26)(12,26)(12,18)(0,18)
Polygon:
(0,0)(24,0)(24,1)(23,1)(23,18)(12,18)(12,3)(0,3)
Polygon:
(0,0)(23,0)(23,11)(10,11)(10,16)(7,16)(7,9)(0,9)
Polygon:
(0,0)(18,0)(18,19)(13,19)(13,23)(1,23)(1,11)(0,11)
Polygon:
(0,0)(29,0)(29,7)(21,7)(21,23)(3,23)(3,5)(0,5)
Polygon:
(0,0)(32,0)(32,10)(28,10)(28,19)(13,19)(13,8)(0,8)
Polygon:
(0,0)(31,0)(31,22)(13,22)(13,32)(12,32)(12,14)(0,14)
Polygon:
(0,0)(28,0)(28,10)(17,10)(17,26)(15,26)(15,10)(0,10)
Polygon:
(0,0)(32,0)(32,10)(27,10)(27,14)(16,14)(16,7)(0,7)
Polygon:
(0,0)(30,0)(30,17)(26,17)(26,20)(11,20)(11,18)(0,18)
Polygon:
(0,0)(40,0)(40,13)(24,13)(24,30)(10,30)(10,14)(0,14)
Polygon:
(0,0)(44,0)(44,13)(28,13)(28,17)(11,17)(11,5)(0,5)
Polygon:
(0,0)(39,0)(39,9)(24,9)(24,10)(9,10)(9,8)(0,8)
Polygon:
(0,0)(27,0)(27,19)(18,19)(18,27)(14,27)(14,13)(0,13)
Polygon:
(0,0)(35,0)(35,13)(29,13)(29,16)(12,16)(12,14)(0,14)
Polygon:
(0,0)(26,0)(26,20)(23,20)(23,22)(10,22)(10,12)(0,12)
Polygon:
(0,0)(26,0)(26,13)(8,13)(8,28)(2,28)(2,18)(0,18)
Polygon:
(0,0)(15,0)(15,24)(4,24)(4,27)(1,27)(1,12)(0,12)
Polygon:
(0,0)(25,0)(25,13)(9,13)(9,30)(7,30)(7,18)(0,18)
Polygon:
(0,0)(27,0)(27,17)(10,17)(10,30)(9,30)(9,14)(0,14)
Polygon:
(0,0)(35,0)(35,15)(26,15)(26,24)(12,24)(12,14)(0,14)
Polygon:
(0,0)(20,0)(20,7)(16,7)(16,25)(3,25)(3,11)(0,11)
Polygon:
(0,0)(34,0)(34,18)(33,18)(33,23)(16,23)(16,10)(0,10)
Polygon:
(0,0)(31,0)(31,5)(26,5)(26,15)(15,15)(15,11)(0,11)
Polygon:
(0,0)(28,0)(28,14)(24,14)(24,19)(6,19)(6,6)(0,6)
Polygon:
(0,0)(22,0)(22,10)(7,10)(7,20)(3,20)(3,15)(0,15)
Polygon:
(0,0)(29,0)(29,23)(20,23)(20,25)(13,25)(13,7)(0,7)
Polygon:
(0,0)(40,0)(40,3)(26,3)(26,12)(18,12)(18,9)(0,9)
Polygon:
(0,0)(36,0)(36,13)(31,13)(31,22)(17,22)(17,17)(0,17)
Polygon:
(0,0)(28,0)(28,19)(16,19)(16,27)(9,27)(9,9)(0,9)
Polygon:
(0,0)(23,0)(23,4)(15,4)(15,21)(6,21)(6,10)(0,10)
Polygon:
(0,0)(15,0)(15,6)(8,6)(8,19)(6,19)(6,10)(0,10)
Polygon:
(0,0)(17,0)(17,24)(9,24)(9,28)(7,28)(7,11)(0,11)
Polygon:
(0,0)(31,0)(31,2)(20,2)(20,6)(2,6)(2,1)(0,1)
Polygon:
(0,0)(44,0)(44,3)(34,3)(34,12)(17,12)(17,3)(0,3)
Polygon:
(0,0)(17,0)(17,9)(13,9)(13,16)(12,16)(12,1)(0,1)
Polygon:
(0,0)(31,0)(31,18)(17,18)(17,33)(8,33)(8,17)(0,17)
Polygon:
(0,0)(41,0)(41,6)(29,6)(29,9)(11,9)(11,2)(0,2)
Polygon:
(0,0)(31,0)(31,21)(27,21)(27,26)(11,26)(11,14)(0,14)
Polygon:
(0,0)(35,0)(35,8)(19,8)(19,20)(16,20)(16,18)(0,18)
Polygon:
(0,0)(34,0)(34,14)(19,14)(19,24)(10,24)(10,17)(0,17)
Polygon:
(0,0)(32,0)(32,8)(14,8)(14,13)(7,13)(7,6)(0,6)
Polygon:
(0,0)(36,0)(36,8)(19,8)(19,19)(12,19)(12,4)(0,4)
Polygon:
(0,0)(14,0)(14,18)(6,18)(6,28)(1,28)(1,18)(0,18)
Polygon:
(0,0)(50,0)(50,13)(35,13)(35,15)(17,15)(17,12)(0,12)
Polygon:
(0,0)(22,0)(22,16)(21,16)(21,23)(7,23)(7,5)(0,5)
Polygon:
(0,0)(25,0)(25,20)(23,20)(23,27)(9,27)(9,9)(0,9)
Polygon:
(0,0)(36,0)(36,1)(20,1)(20,11)(13,11)(13,9)(0,9)
Polygon:
(0,0)(22,0)(22,17)(8,17)(8,21)(1,21)(1,6)(0,6)
Polygon:
(0,0)(42,0)(42,21)(24,21)(24,22)(9,22)(9,4)(0,4)
Polygon:
(0,0)(37,0)(37,9)(20,9)(20,15)(5,15)(5,10)(0,10)
Polygon:
(0,0)(29,0)(29,23)(26,23)(26,27)(17,27)(17,14)(0,14)
Polygon:
(0,0)(31,0)(31,11)(21,11)(21,22)(12,22)(12,4)(0,4)
Polygon:
(0,0)(20,0)(20,23)(12,23)(12,29)(6,29)(6,17)(0,17)
Polygon:
(0,0)(19,0)(19,11)(14,11)(14,14)(13,14)(13,6)(0,6)
Polygon:
(0,0)(29,0)(29,9)(14,9)(14,25)(9,25)(9,12)(0,12)
Polygon:
(0,0)(24,0)(24,14)(21,14)(21,19)(7,19)(7,18)(0,18)
Polygon:
(0,0)(32,0)(32,18)(14,18)(14,24)(6,24)(6,12)(0,12)
Polygon:
(0,0)(23,0)(23,15)(8,15)(8,20)(2,20)(2,10)(0,10)
Polygon:
(0,0)(32,0)(32,6)(21,6)(21,19)(12,19)(12,3)(0,3)
Polygon:
(0,0)(46,0)(46,11)(33,11)(33,18)(16,18)(16,1)(0,1)
Polygon:
(0,0)(40,0)(40,26)(30,26)(30,29)(14,29)(14,12)(0,12)
Polygon:
(0,0)(27,0)(27,3)(14,3)(14,12)(9,12)(9,8)(0,8)
Polygon:
(0,0)(18,0)(18,16)(0,16)
Polygon:
(0,0)(22,0)(22,15)(14,15)(14,5)(2,5)(2,17)(0,17)
Polygon:
(0,0)(3,0)(3,2)(0,2)
Polygon:
(0,0)(13,0)(13,6)(0,6)
Polygon:
(0,0)(6,0)(6,13)(0,13)
Polygon:
(0,0)(13,0)(13,8)(0,8)
Polygon:
(0,0)(27,0)(27,15)(10,15)(10,21)(0,21)
Polygon:
(0,0)(11,0)(11,18)(0,18)
Polygon:
(0,0)(28,0)(28,12)(18,12)(18,25)(0,25)
Polygon:
(0,0)(12,0)(12,1)(9,1)(9,13)(0,13)
Polygon:
(0,0)(12,0)(12,14)(0,14)
Polygon:
(0,0)(30,0)(30,12)(21,12)(21,3)(15,3)(15,10)(0,10)
Polygon:
(0,0)(8,0)(8,15)(7,15)(7,18)(0,18)
Polygon:
(0,0)(17,0)(17,19)(14,19)(14,11)(2,11)(2,12)(0,12)
Polygon:
(0,0)(4,0)(4,11)(0,11)
Polygon:
(0,0)(2,0)(2,3)(0,3)
Polygon:
(0,0)(11,0)(11,12)(0,12)
Polygon:
(0,0)(5,0)(5,16)(0,16)
Polygon:
(0,0)(8,0)(8,18)(0,18)
Polygon:
(0,0)(2,0)(2,9)(0,9)
Polygon:
(0,0)(32,0)(32,3)(17,3)(17,2)(7,2)(7,18)(0,18)
Polygon:
(0,0)(37,0)(37,31)(27,31)(27,13)(17,13)(17,14)(0,14)
Polygon:
(0,0)(18,0)(18,3)(0,3)
Polygon:
(0,0)(11,0)(11,17)(0,17)
Polygon:
(0,0)(13,0)(13,2)(9,2)(9,17)(0,17)
Polygon:
(0,0)(30,0)(30,12)(23,12)(23,1)(6,1)(6,8)(0,8)
Polygon:
(0,0)(9,0)(9,4)(0,4)
Polygon:
(0,0)(11,0)(11,15)(0,15)
Polygon:
(0,0)(3,0)(3,16)(0,16)
Polygon:
(0,0)(30,0)(30,22)(20,22)(20,6)(18,6)(18,15)(0,15)
Polygon:
(0,0)(12,0)(12,12)(0,12)
Polygon:
(0,0)(12,0)(12,14)(0,14)
Polygon:
(0,0)(15,0)(15,8)(0,8)
Polygon:
(0,0)(16,0)(16,5)(0,5)
Polygon:
(0,0)(7,0)(7,13)(0,13)
Polygon:
(0,0)(17,0)(17,4)(0,4)
Polygon:
(0,0)(7,0)(7,16)(0,16)
Polygon:
(0,0)(40,0)(40,15)(27,15)(27,13)(9,13)(9,18)(0,18)
Polygon:
(0,0)(14,0)(14,4)(0,4)
Polygon:
(0,0)(21,0)(21,5)(7,5)(7,9)(0,9)
Polygon:
(0,0)(7,0)(7,7)(0,7)
Polygon:
(0,0)(32,0)(32,17)(27,17)(27,4)(15,4)(15,18)(0,18)
Polygon:
(0,0)(2,0)(2,13)(0,13)
Polygon:
(0,0)(27,0)(27,5)(11,5)(11,21)(0,21)
Polygon:
(0,0)(1,0)(1,7)(0,7)
Polygon:
(0,0)(37,0)(37,10)(26,10)(26,2)(16,2)(16,9)(0,9)
Polygon:
(0,0)(7,0)(7,11)(2,11)(2,21)(0,21)
Polygon:
(0,0)(16,0)(16,7)(0,7)
Polygon:
(0,0)(15,0)(15,15)(9,15)(9,22)(0,22)
Polygon:
(0,0)(20,0)(20,3)(11,3)(11,7)(0,7)
Polygon:
(0,0)(35,0)(35,10)(18,10)(18,20)(0,20)
Polygon:
(0,0)(15,0)(15,9)(11,9)(11,26)(0,26)
Polygon:
(0,0)(11,0)(11,11)(0,11)
Polygon:
(0,0)(23,0)(23,13)(17,13)(17,26)(0,26)
Polygon:
(0,0)(17,0)(17,18)(3,18)(3,20)(0,20)
Polygon:
(0,0)(3,0)(3,5)(0,5)
Polygon:
(0,0)(15,0)(15,2)(0,2)
Polygon:
(0,0)(3,0)(3,13)(0,13)
Polygon:
(0,0)(34,0)(34,5)(18,5)(18,2)(11,2)(11,17)(0,17)
Polygon:
(0,0)(20,0)(20,1)(8,1)(8,13)(0,13)
Polygon:
(0,0)(17,0)(17,12)(3,12)(3,30)(0,30)
Polygon:
(0,0)(27,0)(27,18)(14,18)(14,19)(0,19)
Polygon:
(0,0)(15,0)(15,1)(0,1)
Polygon:
(0,0)(29,0)(29,9)(16,9)(16,22)(0,22)
Polygon:
(0,0)(24,0)(24,10)(17,10)(17,3)(12,3)(12,12)(0,12)
Polygon:
(0,0)(14,0)(14,6)(0,6)
Polygon:
(0,0)(6,0)(6,5)(4,5)(4,21)(0,21)
Polygon:
(0,0)(34,0)(34,17)(17,17)(17,11)(3,11)(3,18)(0,18)
Polygon:
(0,0)(17,0)(17,4)(0,4)
Polygon:
(0,0)(17,0)(17,17)(0,17)
Polygon:
(0,0)(11,0)(11,9)(0,9)
Polygon:
(0,0)(14,0)(14,18)(0,18)
Polygon:
(0,0)(29,0)(29,19)(26,19)(26,1)(14,1)(14,12)(0,12)
Polygon:
(0,0)(40,0)(40,13)(26,13)(26,9)(16,9)(16,14)(0,14)
Polygon:
(0,0)(19,0)(19,8)(4,8)(4,19)(0,19)
Polygon:
(0,0)(18,0)(18,11)(0,11)
Polygon:
(0,0)(13,0)(13,3)(0,3)
Polygon:
(0,0)(11,0)(11,10)(0,10)
Polygon:
(0,0)(23,0)(23,5)(15,5)(15,23)(0,23)
Polygon:
(0,0)(23,0)(23,22)(18,22)(18,9)(11,9)(11,10)(0,10)
Polygon:
(0,0)(6,0)(6,17)(0,17)
Polygon:
(0,0)(15,0)(15,18)(0,18)
Polygon:
(0,0)(12,0)(12,14)(8,14)(8,16)(0,16)
Polygon:
(0,0)(18,0)(18,3)(0,3)
Polygon:
(0,0)(17,0)(17,27)(3,27)(3,10)(2,10)(2,17)(0,17)
Polygon:
(0,0)(6,0)(6,7)(0,7)
Polygon:
(0,0)(15,0)(15,2)(0,2)
Polygon:
(0,0)(3,0)(3,1)(0,1)
Polygon:
(0,0)(18,0)(18,6)(7,6)(7,11)(0,11)
Polygon:
(0,0)(27,0)(27,10)(15,10)(15,19)(0,19)
Polygon:
(0,0)(3,0)(3,18)(0,18)
Polygon:
(0,0)(20,0)(20,25)(18,25)(18,10)(17,10)(17,17)(0,17)
Polygon:
(0,0)(11,0)(11,4)(0,4)
Polygon:
(0,0)(12,0)(12,10)(0,10)
Polygon:
(0,0)(13,0)(13,1)(4,1)(4,19)(0,19)
Polygon:
(0,0)(36,0)(36,4)(19,4)(19,2)(4,2)(4,9)(0,9)
Polygon:
(0,0)(16,0)(16,5)(0,5)
Polygon:
(0,0)(24,0)(24,18)(18,18)(18,27)(0,27)
Polygon:
(0,0)(26,0)(26,11)(15,11)(15,14)(0,14)
Polygon:
(0,0)(20,0)(20,10)(5,10)(5,22)(0,22)
Polygon:
(0,0)(26,0)(26,16)(9,16)(9,33)(0,33)
Polygon:
(0,0)(7,0)(7,11)(0,11)
Polygon:
(0,0)(11,0)(11,4)(0,4)
Polygon:
(0,0)(19,0)(19,8)(5,8)(5,23)(0,23)
Polygon:
(0,0)(21,0)(21,11)(7,11)(7,20)(0,20)
Polygon:
(0,0)(4,0)(4,16)(0,16)
Polygon:
(0,0)(21,0)(21,10)(4,10)(4,11)(0,11)
Polygon:
(0,0)(15,0)(15,16)(10,16)(10,12)(4,12)(4,13)(0,13)
Polygon:
(0,0)(16,0)(16,17)(11,17)(11,28)(0,28)
Polygon:
(0,0)(18,0)(18,8)(14,8)(14,16)(0,16)
Polygon:
(0,0)(4,0)(4,3)(0,3)
Polygon:
(0,0)(18,0)(18,15)(13,15)(13,29)(0,29)
Polygon:
(0,0)(2,0)(2,15)(0,15)
Polygon:
(0,0)(25,0)(25,25)(12,25)(12,17)(11,17)(11,18)(0,18)
Polygon:
(0,0)(21,0)(21,1)(8,1)(8,11)(0,11)
Polygon:
(0,0)(18,0)(18,18)(0,18)
Polygon:
(0,0)(6,0)(6,2)(0,2)
Polygon:
(0,0)(3,0)(3,4)(0,4)
Polygon:
(0,0)(8,0)(8,16)(0,16)
Polygon:
(0,0)(24,0)(24,3)(7,3)(7,12)(0,12)
Polygon:
(0,0)(5,0)(5,9)(0,9)
Polygon:
(0,0)(14,0)(14,4)(0,4)
Polygon:
(0,0)(18,0)(18,17)(0,17)
Polygon:
(0,0)(23,0)(23,18)(14,18)(14,19)(0,19)
Polygon:
(0,0)(26,0)(26,17)(16,17)(16,30)(0,30)
Polygon:
(0,0)(15,0)(15,8)(0,8)
Polygon:
(0,0)(16,0)(16,11)(5,11)(5,5)(4,5)(4,18)(0,18)
Polygon:
(0,0)(4,0)(4,12)(0,12)
Polygon:
(0,0)(12,0)(12,18)(0,18)
Polygon:
(0,0)(5,0)(5,13)(0,13)
Polygon:
(0,0)(14,0)(14,8)(2,8)(2,19)(0,19)
Polygon:
(0,0)(8,0)(8,14)(0,14)
Polygon:
(0,0)(11,0)(11,1)(0,1)
Polygon:
(0,0)(20,0)(20,3)(12,3)(12,21)(0,21)
Polygon:
(0,0)(16,0)(16,11)(3,11)(3,24)(0,24)
Polygon:
(0,0)(1,0)(1,4)(0,4)
Polygon:
(0,0)(29,0)(29,12)(14,12)(14,17)(0,17)
Polygon:
(0,0)(5,0)(5,12)(0,12)
Polygon:
(0,0)(18,0)(18,7)(6,7)(6,9)(0,9)
Polygon:
(0,0)(16,0)(16,14)(10,14)(10,31)(0,31)
Polygon:
(0,0)(11,0)(11,3)(0,3)
Polygon:
(0,0)(27,0)(27,3)(12,3)(12,13)(0,13)
Polygon:
(0,0)(18,0)(18,2)(0,2)
Polygon:
(0,0)(15,0)(15,3)(0,3)
Polygon:
(0,0)(9,0)(9,12)(0,12)
Polygon:
(0,0)(27,0)(27,2)(10,2)(10,12)(0,12)
Polygon:
(0,0)(15,0)(15,5)(0,5)
Polygon:
(0,0)(16,0)(16,16)(0,16)
Polygon:
(0,0)(13,0)(13,1)(0,1)
Polygon:
(0,0)(14,0)(14,1)(0,1)
Polygon:
(0,0)(38,0)(38,6)(27,6)(27,2)(11,2)(11,7)(0,7)
Polygon:
(0,0)(12,0)(12,15)(0,15)
Polygon:
(0,0)(20,0)(20,10)(16,10)(16,1)(6,1)(6,15)(0,15)
Polygon:
(0,0)(21,0)(21,16)(17,16)(17,5)(2,5)(2,9)(0,9)
Polygon:
(0,0)(2,0)(2,3)(0,3)
Polygon:
(0,0)(4,0)(4,8)(0,8)
Polygon:
(0,0)(12,0)(12,6)(0,6)
Polygon:
(0,0)(1,0)(1,5)(0,5)
Polygon:
(0,0)(11,0)(11,1)(9,1)(9,9)(0,9)
Polygon:
(0,0)(30,0)(30,15)(13,15)(13,22)(0,22)
Polygon:
(0,0)(6,0)(6,11)(0,11)
Polygon:
(0,0)(13,0)(13,17)(0,17)
Polygon:
(0,0)(15,0)(15,2)(11,2)(11,15)(0,15)
Polygon:
(0,0)(12,0)(12,2)(0,2)
Polygon:
(0,0)(14,0)(14,17)(0,17)
Polygon:
(0,0)(6,0)(6,13)(0,13)
Polygon:
(0,0)(17,0)(17,12)(7,12)(7,14)(0,14)
Polygon:
(0,0)(9,0)(9,18)(0,18)
Polygon:
(0,0)(12,0)(12,11)(0,11)
Polygon:
(0,0)(5,0)(5,9)(0,9)
Polygon:
(0,0)(17,0)(17,11)(0,11)
Polygon:
(0,0)(14,0)(14,9)(11,9)(11,22)(0,22)
Polygon:
(0,0)(10,0)(10,14)(0,14)
Polygon:
(0,0)(17,0)(17,11)(0,11)
Polygon:
(0,0)(5,0)(5,1)(0,1)
Polygon:
(0,0)(18,0)(18,9)(0,9)
Polygon:
(0,0)(18,0)(18,12)(0,12)
Polygon:
(0,0)(2,0)(2,2)(0,2)
Polygon:
(0,0)(13,0)(13,17)(0,17)
Polygon:
(0,0)(24,0)(24,4)(14,4)(14,18)(0,18)
Polygon:
(0,0)(3,0)(3,3)(2,3)(2,6)(0,6)
Polygon:
(0,0)(29,0)(29,17)(17,17)(17,1)(8,1)(8,6)(0,6)
Polygon:
(0,0)(7,0)(7,12)(0,12)
Polygon:
(0,0)(9,0)(9,17)(0,17)
Polygon:
(0,0)(5,0)(5,3)(0,3)
Polygon:
(0,0)(13,0)(13,18)(0,18)
Polygon:
(0,0)(5,0)(5,13)(0,13)
Polygon:
(0,0)(5,0)(5,12)(0,12)
Polygon:
(0,0)(12,0)(12,6)(0,6)
Polygon:
(0,0)(14,0)(14,7)(7,7)(7,18)(0,18)
Polygon:
(0,0)(3,0)(3,1)(0,1)
Polygon:
(0,0)(6,0)(6,15)(0,15)
Polygon:
(0,0)(25,0)(25,6)(10,6)(10,21)(0,21)
Polygon:
(0,0)(16,0)(16,2)(0,2)
Polygon:
(0,0)(21,0)(21,21)(15,21)(15,12)(1,12)(1,18)(0,18)
Polygon:
(0,0)(5,0)(5,11)(0,11)
Polygon:
(0,0)(38,0)(38,25)(21,25)(21,7)(6,7)(6,12)(0,12)
Polygon:
(0,0)(8,0)(8,14)(1,14)(1,32)(0,32)
Polygon:
(0,0)(32,0)(32,25)(17,25)(17,8)(2,8)(2,15)(0,15)
Polygon:
(0,0)(6,0)(6,6)(0,6)
Polygon:
(0,0)(17,0)(17,6)(0,6)
Polygon:
(0,0)(14,0)(14,5)(0,5)
Polygon:
(0,0)(17,0)(17,13)(0,13)
Polygon:
(0,0)(31,0)(31,17)(13,17)(13,8)(1,8)(1,15)(0,15)
Polygon:
(0,0)(11,0)(11,17)(0,17)
Polygon:
(0,0)(9,0)(9,17)(0,17)
Polygon:
(0,0)(24,0)(24,15)(17,15)(17,18)(0,18)
Polygon:
(0,0)(6,0)(6,3)(3,3)(3,7)(0,7)
Polygon:
(0,0)(21,0)(21,5)(5,5)(5,14)(0,14)
Polygon:
(0,0)(8,0)(8,18)(0,18)
Polygon:
(0,0)(6,0)(6,2)(0,2)
Polygon:
(0,0)(5,0)(5,5)(0,5)
Polygon:
(0,0)(10,0)(10,8)(1,8)(1,15)(0,15)
Polygon:
(0,0)(1,0)(1,10)(0,10)
Polygon:
(0,0)(10,0)(10,12)(0,12)
Polygon:
(0,0)(26,0)(26,16)(12,16)(12,3)(1,3)(1,5)(0,5)
Polygon:
(0,0)(17,0)(17,12)(4,12)(4,24)(0,24)
Polygon:
(0,0)(15,0)(15,3)(7,3)(7,16)(0,16)
Polygon:
(0,0)(2,0)(2,10)(0,10)
Polygon:
(0,0)(43,0)(43,23)(30,23)(30,10)(13,10)(13,17)(0,17)
Polygon:
(0,0)(37,0)(37,10)(19,10)(19,9)(16,9)(16,16)(0,16)
Polygon:
(0,0)(2,0)(2,18)(0,18)
Polygon:
(0,0)(20,0)(20,14)(5,14)(5,19)(0,19)
Polygon:
(0,0)(16,0)(16,10)(0,10)
Polygon:
(0,0)(9,0)(9,3)(0,3)
Polygon:
(0,0)(22,0)(22,13)(11,13)(11,14)(0,14)
Polygon:
(0,0)(11,0)(11,9)(0,9)
Polygon:
(0,0)(20,0)(20,16)(7,16)(7,25)(0,25)
Polygon:
(0,0)(39,0)(39,18)(24,18)(24,6)(10,6)(10,11)(0,11)
Polygon:
(0,0)(5,0)(5,1)(0,1)
Polygon:
(0,0)(18,0)(18,18)(0,18)
Polygon:
(0,0)(13,0)(13,18)(0,18)
Polygon:
(0,0)(1,0)(1,11)(0,11)
Polygon:
(0,0)(40,0)(40,17)(31,17)(31,4)(15,4)(15,9)(0,9)
Polygon:
(0,0)(17,0)(17,10)(0,10)
Polygon:
(0,0)(8,0)(8,18)(7,18)(7,34)(0,34)
Polygon:
(0,0)(8,0)(8,10)(0,10)
Polygon:
(0,0)(11,0)(11,6)(4,6)(4,7)(0,7)
Polygon:
(0,0)(2,0)(2,13)(0,13)
Polygon:
(0,0)(15,0)(15,6)(0,6)
Polygon:
(0,0)(4,0)(4,11)(0,11)
Polygon:
(0,0)(11,0)(11,10)(0,10)
Polygon:
(0,0)(25,0)(25,7)(9,7)(9,14)(0,14)
Polygon:
(0,0)(13,0)(13,11)(9,11)(9,22)(0,22)
Polygon:
(0,0)(9,0)(9,3)(0,3)
Polygon:
(0,0)(15,0)(15,16)(0,16)
Polygon:
(0,0)(14,0)(14,2)(1,2)(1,15)(0,15)
Polygon:
(0,0)(2,0)(2,1)(0,1)
Polygon:
(0,0)(13,0)(13,1)(0,1)
Polygon:
(0,0)(19,0)(19,7)(4,7)(4,11)(0,11)
Polygon:
(0,0)(13,0)(13,2)(0,2)
Polygon:
(0,0)(6,0)(6,13)(0,13)
Polygon:
(0,0)(1,0)(1,12)(0,12)
Polygon:
(0,0)(1,0)(1,12)(0,12)
Polygon:
(0,0)(29,0)(29,25)(20,25)(20,13)(9,13)(9,14)(0,14)
Polygon:
(0,0)(24,0)(24,10)(15,10)(15,19)(0,19)
Polygon:
(0,0)(5,0)(5,4)(0,4)
Polygon:
(0,0)(6,0)(6,1)(0,1)
Polygon:
(0,0)(13,0)(13,1)(0,1)
Polygon:
(0,0)(19,0)(19,15)(18,15)(18,33)(0,33)
Polygon:
(0,0)(32,0)(32,20)(19,20)(19,5)(17,5)(17,15)(0,15)
Polygon:
(0,0)(17,0)(17,1)(0,1)
Polygon:
(0,0)(20,0)(20,16)(17,16)(17,33)(0,33)
Polygon:
(0,0)(22,0)(22,17)(16,17)(16,21)(0,21)
Polygon:
(0,0)(17,0)(17,5)(0,5)
Polygon:
(0,0)(24,0)(24,8)(15,8)(15,1)(3,1)(3,18)(0,18)
Polygon:
(0,0)(2,0)(2,17)(1,17)(1,29)(0,29)
Polygon:
(0,0)(23,0)(23,13)(5,13)(5,15)(0,15)
Polygon:
(0,0)(10,0)(10,17)(0,17)
Polygon:
(0,0)(18,0)(18,3)(0,3)
Polygon:
(0,0)(14,0)(14,14)(0,14)
Polygon:
(0,0)(14,0)(14,18)(0,18)
Polygon:
(0,0)(5,0)(5,9)(0,9)
Polygon:
(0,0)(1,0)(1,9)(0,9)
Polygon:
(0,0)(12,0)(12,3)(7,3)(7,19)(0,19)
Polygon:
(0,0)(11,0)(11,10)(0,10)
Polygon:
(0,0)(28,0)(28,25)(23,25)(23,8)(9,8)(9,12)(0,12)
Polygon:
(0,0)(8,0)(8,13)(0,13)
Polygon:
(0,0)(8,0)(8,17)(3,17)(3,28)(0,28)
Polygon:
(0,0)(8,0)(8,1)(0,1)
Polygon:
(0,0)(6,0)(6,17)(0,17)
Polygon:
(0,0)(10,0)(10,16)(9,16)(9,4)(7,4)(7,9)(0,9)
Polygon:
(0,0)(37,0)(37,15)(35,15)(35,3)(18,3)(18,10)(0,10)
Polygon:
(0,0)(16,0)(16,16)(0,16)
Polygon:
(0,0)(14,0)(14,9)(0,9)
Polygon:
(0,0)(27,0)(27,18)(15,18)(15,20)(0,20)
Polygon:
(0,0)(17,0)(17,9)(0,9)
Polygon:
(0,0)(18,0)(18,15)(0,15)
Polygon:
(0,0)(5,0)(5,15)(0,15)
Polygon:
(0,0)(6,0)(6,3)(0,3)
Polygon:
(0,0)(8,0)(8,1)(0,1)
Polygon:
(0,0)(11,0)(11,7)(6,7)(6,9)(0,9)
Polygon:
(0,0)(28,0)(28,1)(12,1)(12,2)(0,2)
Polygon:
(0,0)(2,0)(2,9)(0,9)
Polygon:
(0,0)(4,0)(4,15)(0,15)
Polygon:
(0,0)(13,0)(13,7)(0,7)
Polygon:
(0,0)(3,0)(3,12)(0,12)
Polygon:
(0,0)(6,0)(6,12)(0,12)
Polygon:
(0,0)(5,0)(5,13)(0,13)
Polygon:
(0,0)(18,0)(18,15)(0,15)
Polygon:
(0,0)(8,0)(8,1)(0,1)
Polygon:
(0,0)(29,0)(29,17)(17,17)(17,25)(0,25)
Polygon:
(0,0)(14,0)(14,18)(0,18)
Polygon:
(0,0)(9,0)(9,4)(4,4)(4,9)(0,9)
Polygon:
(0,0)(16,0)(16,14)(2,14)(2,20)(0,20)
Polygon:
(0,0)(16,0)(16,11)(0,11)
Polygon:
(0,0)(3,0)(3,12)(0,12)
Polygon:
(0,0)(7,0)(7,9)(0,9)
Polygon:
(0,0)(12,0)(12,18)(8,18)(8,34)(0,34)
Polygon:
(0,0)(9,0)(9,12)(0,12)
Polygon:
(0,0)(3,0)(3,3)(0,3)
Polygon:
(0,0)(10,0)(10,10)(0,10)
Polygon:
(0,0)(13,0)(13,16)(0,16)
Polygon:
(0,0)(5,0)(5,9)(0,9)
Polygon:
(0,0)(42,0)(42,11)(26,11)(26,7)(14,7)(14,9)(0,9)
Polygon:
(0,0)(8,0)(8,18)(2,18)(2,19)(0,19)
Polygon:
(0,0)(10,0)(10,18)(0,18)
Polygon:
(0,0)(15,0)(15,9)(0,9)
Polygon:
(0,0)(17,0)(17,11)(0,11)
Polygon:
(0,0)(10,0)(10,5)(0,5)
