Polygon:
(0,0)(27,0)(27,25)(13,25)(13,29)(8,29)(8,11)(0,11)
Polygon:
(0,0)(39,0)(39,12)(24,12)(24,15)(7,15)(7,12)(0,12)
Polygon:
(0,0)(42,0)(42,4)(25,4)(25,11)(12,11)(12,6)(0,6)
Polygon:
(0,0)(32,0)(32,17)(17,17)(17,26)(7,26)(7,17)(0,17)
Polygon:
(0,0)(18,0)(18,8)(12,8)(12,19)(2,19)(2,17)(0,17)
Polygon:
(0,0)(33,0)(33,6)(16,6)(16,19)(6,19)(6,10)(0,10)
Polygon:
(0,0)(29,0)(29,1)(23,1)(23,14)(16,14)(16,6)(0,6)
Polygon:
(0,0)(17,0)(17,20)(4,20)(4,24)(2,24)(2,9)(0,9)
Polygon:
(0,0)(29,0)(29,19)(21,19)(21,21)(9,21)(9,6)(0,6)
Polygon:
(0,0)(18,0)(18,10)(13,10)(13,25)(1,25)(1,15)(0,15)
Polygon:
(0,0)(35,0)(35,25)(21,25)(21,36)(5,36)(5,18)(0,18)
Polygon:
(0,0)(31,0)(31,20)(25,20)(25,21)(18,21)(18,8)(0,8)
Polygon:
(0,0)(32,0)(32,6)(15,6)(15,13)(6,13)(6,6)(0,6)
Polygon:
(0,0)(39,0)(39,15)(22,15)(22,17)(4,17)(4,5)(0,5)
Polygon:
(0,0)(17,0)(17,19)(2,19)(2,30)(1,30)(1,17)(0,17)
Polygon:
(0,0)(32,0)(32,14)(27,14)(27,18)(10,18)(10,8)(0,8)
Polygon:
(0,0)(20,0)(20,3)(14,3)(14,16)(12,16)(12,8)(0,8)
Polygon:
(0,0)(20,0)(20,15)(17,15)(17,16)(15,16)(15,14)(0,14)
Polygon:
(0,0)(37,0)(37,3)(30,3)(30,10)(18,10)(18,6)(0,6)
Polygon:
(0,0)(27,0)(27,6)(18,6)(18,12)(5,12)(5,1)(0,1)
Polygon:
(0,0)(21,0)(21,9)(11,9)(11,22)(4,22)(4,17)(0,17)
Polygon:
(0,0)(25,0)(25,7)(12,7)(12,18)(6,18)(6,5)(0,5)
Polygon:
(0,0)(20,0)(20,7)(18,7)(18,14)(13,14)(13,8)(0,8)
Polygon:
(0,0)(35,0)(35,8)(30,8)(30,21)(14,21)(14,11)(0,11)
Polygon:
(0,0)(20,0)(20,9)(11,9)(11,13)(3,13)(3,3)(0,3)
Polygon:
(0,0)(47,0)(47,5)(35,5)(35,20)(17,20)(17,14)(0,14)
Polygon:
(0,0)(27,0)(27,18)(22,18)(22,20)(10,20)(10,18)(0,18)
Polygon:
(0,0)(28,0)(28,3)(13,3)(13,5)(8,5)(8,1)(0,1)
Polygon:
(0,0)(40,0)(40,8)(31,8)(31,18)(17,18)(17,8)(0,8)
Polygon:
(0,0)(37,0)(37,17)(20,17)(20,19)(7,19)(7,18)(0,18)
Polygon:
(0,0)(22,0)(22,5)(12,5)(12,14)(2,14)(2,2)(0,2)
Polygon:
(0,0)(24,0)(24,7)(23,7)(23,9)(18,9)(18,6)(0,6)
Polygon:
(0,0)(24,0)(24,14)(17,14)(17,25)(5,25)(5,8)(0,8)
Polygon:
(0,0)(24,0)(24,17)(20,17)(20,27)(18,27)(18,17)(0,17)
Polygon:
(0,0)(23,0)(23,12)(13,12)(13,21)(4,21)(4,14)(0,14)
Polygon:
(0,0)(23,0)(23,2)(22,2)(22,12)(17,12)(17,5)(0,5)
Polygon:
(0,0)(50,0)(50,19)(34,19)(34,21)(16,21)(16,12)(0,12)
Polygon:
(0,0)(30,0)(30,7)(19,7)(19,15)(1,15)(1,14)(0,14)
Polygon:
(0,0)(21,0)(21,4)(10,4)(10,14)(3,14)(3,1)(0,1)
Polygon:
(0,0)(34,0)(34,5)(29,5)(29,13)(15,13)(15,1)(0,1)
Polygon:
(0,0)(35,0)(35,24)(29,24)(29,28)(17,28)(17,18)(0,18)
Polygon:
(0,0)(15,0)(15,14)(14,14)(14,23)(8,23)(8,17)(0,17)
Polygon:
(0,0)(25,0)(25,11)(16,11)(16,14)(3,14)(3,2)(0,2)
Polygon:
(0,0)(31,0)(31,23)(15,23)(15,30)(5,30)(5,14)(0,14)
Polygon:
(0,0)(33,0)(33,14)(27,14)(27,22)(17,22)(17,18)(0,18)
Polygon:
(0,0)(30,0)(30,12)(24,12)(24,27)(15,27)(15,13)(0,13)
Polygon:
(0,0)(20,0)(20,15)(10,15)(10,17)(8,17)(8,10)(0,10)
Polygon:
(0,0)(26,0)(26,12)(12,12)(12,19)(6,19)(6,13)(0,13)
Polygon:
(0,0)(31,0)(31,15)(17,15)(17,28)(11,28)(11,18)(0,18)
Polygon:
(0,0)(20,0)(20,20)(10,20)(10,25)(7,25)(7,8)(0,8)
Polygon:
(0,0)(10,0)(10,11)(8,11)(8,13)(3,13)(3,3)(0,3)
Polygon:
(0,0)(33,0)(33,19)(16,19)(16,22)(2,22)(2,5)(0,5)
Polygon:
(0,0)(43,0)(43,14)(30,14)(30,17)(16,17)(16,3)(0,3)
Polygon:
(0,0)(30,0)(30,17)(26,17)(26,26)(8,26)(8,11)(0,11)
Polygon:
(0,0)(22,0)(22,16)(9,16)(9,19)(3,19)(3,1)(0,1)
Polygon:
(0,0)(37,0)(37,29)(27,29)(27,32)(17,32)(17,17)(0,17)
Polygon:
(0,0)(23,0)(23,21)(18,21)(18,30)(10,30)(10,17)(0,17)
Polygon:
(0,0)(38,0)(38,7)(31,7)(31,21)(16,21)(16,5)(0,5)
Polygon:
(0,0)(34,0)(34,15)(19,15)(19,17)(10,17)(10,15)(0,15)
Polygon:
(0,0)(15,0)(15,5)(14,5)(14,17)(2,17)(2,10)(0,10)
Polygon:
(0,0)(30,0)(30,7)(17,7)(17,20)(1,20)(1,6)(0,6)
Polygon:
(0,0)(32,0)(32,15)(24,15)(24,32)(8,32)(8,18)(0,18)
Polygon:
(0,0)(21,0)(21,3)(15,3)(15,15)(3,15)(3,3)(0,3)
Polygon:
(0,0)(30,0)(30,20)(29,20)(29,26)(11,26)(11,12)(0,12)
Polygon:
(0,0)(45,0)(45,26)(27,26)(27,32)(17,32)(17,15)(0,15)
Polygon:
(0,0)(21,0)(21,20)(10,20)(10,25)(7,25)(7,15)(0,15)
Polygon:
(0,0)(34,0)(34,2)(18,2)(18,14)(9,14)(9,1)(0,1)
Polygon:
(0,0)(25,0)(25,19)(11,19)(11,28)(5,28)(5,13)(0,13)
Polygon:
(0,0)(36,0)(36,11)(24,11)(24,21)(6,21)(6,10)(0,10)
Polygon:
(0,0)(17,0)(17,17)(9,17)(9,23)(7,23)(7,12)(0,12)
Polygon:
(0,0)(11,0)(11,9)(4,9)(4,16)(3,16)(3,12)(0,12)
Polygon:
(0,0)(29,0)(29,8)(27,8)(27,9)(15,9)(15,7)(0,7)
Polygon:
(0,0)(31,0)(31,10)(27,10)(27,15)(10,15)(10,2)(0,2)
Polygon:
(0,0)(45,0)(45,27)(28,27)(28,31)(18,31)(18,13)(0,13)
Polygon:
(0,0)(28,0)(28,17)(16,17)(16,21)(10,21)(10,7)(0,7)
Polygon:
(0,0)(12,0)(12,13)(11,13)(11,29)(2,29)(2,13)(0,13)
Polygon:
(0,0)(26,0)(26,6)(11,6)(11,17)(5,17)(5,6)(0,6)
Polygon:
(0,0)(31,0)(31,2)(29,2)(29,17)(18,17)(18,9)(0,9)
Polygon:
(0,0)(38,0)(38,26)(31,26)(31,29)(15,29)(15,15)(0,15)
Polygon:
(0,0)(11,0)(11,2)(4,2)(4,20)(2,20)(2,4)(0,4)
Polygon:
(0,0)(20,0)(20,6)(19,6)(19,19)(12,19)(12,3)(0,3)
Polygon:
(0,0)(17,0)(17,16)(9,16)(9,31)(5,31)(5,18)(0,18)
Polygon:
(0,0)(32,0)(32,18)(18,18)(18,22)(11,22)(11,7)(0,7)
Polygon:
(0,0)(26,0)(26,18)(14,18)(14,22)(2,22)(2,8)(0,8)
Polygon:
(0,0)(35,0)(35,12)(34,12)(34,26)(18,26)(18,13)(0,13)
Polygon:
(0,0)(21,0)(21,16)(18,16)(18,32)(3,32)(3,16)(0,16)
Polygon:
(0,0)(48,0)(48,11)(30,11)(30,19)(15,19)(15,17)(0,17)
Polygon:
(0,0)(27,0)(27,8)(22,8)(22,18)(7,18)(7,1)(0,1)
Polygon:
(0,0)(29,0)(29,4)(17,4)(17,22)(2,22)(2,18)(0,18)
Polygon:
(0,0)(28,0)(28,18)(27,18)(27,20)(10,20)(10,3)(0,3)
Polygon:
(0,0)(24,0)(24,8)(8,8)(8,15)(3,15)(3,4)(0,4)
Polygon:
(0,0)(35,0)(35,7)(24,7)(24,17)(6,17)(6,16)(0,16)
Polygon:
(0,0)(28,0)(28,2)(15,2)(15,18)(3,18)(3,16)(0,16)
Polygon:
(0,0)(26,0)(26,8)(16,8)(16,17)(13,17)(13,16)(0,16)
Polygon:
(0,0)(32,0)(32,17)(16,17)(16,19)(5,19)(5,15)(0,15)
Polygon:
(0,0)(17,0)(17,12)(12,12)(12,23)(9,23)(9,5)(0,5)
Polygon:
(0,0)(18,0)(18,9)(15,9)(15,19)(9,19)(9,17)(0,17)
Polygon:
(0,0)(25,0)(25,28)(11,28)(11,33)(8,33)(8,15)(0,15)
Polygon:
(0,0)(30,0)(30,19)(12,19)(12,25)(7,25)(7,11)(0,11)
Polygon:
(0,0)(13,0)(13,7)(9,7)(9,22)(3,22)(3,16)(0,16)
Polygon:
(0,0)(26,0)(26,11)(10,11)(10,14)(3,14)(3,3)(0,3)
Polygon:
(0,0)(23,0)(23,18)(9,18)(9,32)(8,32)(8,16)(0,16)
Polygon:
(0,0)(24,0)(24,6)(19,6)(19,15)(7,15)(7,4)(0,4)
Polygon:
(0,0)(32,0)(32,15)(29,15)(29,29)(14,29)(14,18)(0,18)
Polygon:
(0,0)(19,0)(19,19)(16,19)(16,21)(3,21)(3,17)(0,17)
Polygon:
(0,0)(28,0)(28,8)(20,8)(20,9)(2,9)(2,7)(0,7)
Polygon:
(0,0)(25,0)(25,7)(15,7)(15,17)(12,17)(12,1)(0,1)
Polygon:
(0,0)(20,0)(20,10)(19,10)(19,24)(12,24)(12,16)(0,16)
Polygon:
(0,0)(42,0)(42,17)(26,17)(26,23)(14,23)(14,5)(0,5)
Polygon:
(0,0)(31,0)(31,16)(15,16)(15,22)(10,22)(10,16)(0,16)
Polygon:
(0,0)(39,0)(39,17)(24,17)(24,34)(8,34)(8,18)(0,18)
Polygon:
(0,0)(14,0)(14,28)(5,28)(5,29)(3,29)(3,18)(0,18)
Polygon:
(0,0)(11,0)(11,6)(10,6)(10,14)(8,14)(8,1)(0,1)
Polygon:
(0,0)(40,0)(40,18)(27,18)(27,27)(17,27)(17,10)(0,10)
Polygon:
(0,0)(36,0)(36,6)(20,6)(20,19)(16,19)(16,13)(0,13)
Polygon:
(0,0)(30,0)(30,12)(17,12)(17,27)(6,27)(6,14)(0,14)
Polygon:
(0,0)(24,0)(24,6)(13,6)(13,22)(10,22)(10,4)(0,4)
Polygon:
(0,0)(20,0)(20,6)(16,6)(16,18)(11,18)(11,15)(0,15)
Polygon:
(0,0)(13,0)(13,20)(3,20)(3,24)(1,24)(1,14)(0,14)
Polygon:
(0,0)(42,0)(42,19)(24,19)(24,29)(7,29)(7,15)(0,15)
Polygon:
(0,0)(23,0)(23,6)(14,6)(14,8)(8,8)(8,1)(0,1)
Polygon:
(0,0)(49,0)(49,5)(32,5)(32,16)(15,16)(15,4)(0,4)
Polygon:
(0,0)(42,0)(42,11)(26,11)(26,29)(16,29)(16,12)(0,12)
Polygon:
(0,0)(26,0)(26,7)(17,7)(17,17)(13,17)(13,7)(0,7)
Polygon:
(0,0)(22,0)(22,13)(12,13)(12,24)(11,24)(11,17)(0,17)
Polygon:
(0,0)(32,0)(32,21)(27,21)(27,23)(15,23)(15,9)(0,9)
Polygon:
(0,0)(34,0)(34,11)(17,11)(17,12)(9,12)(9,1)(0,1)
Polygon:
(0,0)(26,0)(26,10)(21,10)(21,19)(18,19)(18,2)(0,2)
Polygon:
(0,0)(45,0)(45,17)(30,17)(30,22)(17,22)(17,5)(0,5)
Polygon:
(0,0)(24,0)(24,9)(8,9)(8,23)(5,23)(5,16)(0,16)
Polygon:
(0,0)(23,0)(23,4)(13,4)(13,16)(5,16)(5,1)(0,1)
Polygon:
(0,0)(11,0)(11,6)(10,6)(10,21)(6,21)(6,5)(0,5)
Polygon:
(0,0)(24,0)(24,14)(20,14)(20,20)(14,20)(14,3)(0,3)
Polygon:
(0,0)(23,0)(23,12)(11,12)(11,29)(3,29)(3,17)(0,17)
Polygon:
(0,0)(22,0)(22,13)(5,13)(5,16)(4,16)(4,7)(0,7)
Polygon:
(0,0)(32,0)(32,2)(26,2)(26,12)(10,12)(10,7)(0,7)
Polygon:
(0,0)(23,0)(23,2)(9,2)(9,8)(5,8)(5,6)(0,6)
Polygon:
(0,0)(17,0)(17,14)(16,14)(16,17)(10,17)(10,5)(0,5)
Polygon:
(0,0)(42,0)(42,20)(34,20)(34,32)(18,32)(18,15)(0,15)
Polygon:
(0,0)(31,0)(31,1)(17,1)(17,16)(16,16)(16,10)(0,10)
Polygon:
(0,0)(37,0)(37,7)(24,7)(24,24)(6,24)(6,15)(0,15)
Polygon:
(0,0)(25,0)(25,15)(16,15)(16,16)(1,16)(1,9)(0,9)
Polygon:
(0,0)(26,0)(26,7)(19,7)(19,12)(8,12)(8,7)(0,7)
Polygon:
(0,0)(12,0)(12,16)(6,16)(6,27)(2,27)(2,9)(0,9)
Polygon:
(0,0)(15,0)(15,17)(14,17)(14,23)(10,23)(10,7)(0,7)
Polygon:
(0,0)(11,0)(11,3)(10,3)(10,13)(2,13)(2,11)(0,11)
Polygon:
(0,0)(28,0)(28,6)(25,6)(25,17)(10,17)(10,1)(0,1)
Polygon:
(0,0)(36,0)(36,1)(27,1)(27,16)(14,16)(14,15)(0,15)
Polygon:
(0,0)(13,0)(13,10)(9,10)(9,12)(3,12)(3,10)(0,10)
Polygon:
(0,0)(21,0)(21,25)(7,25)(7,31)(4,31)(4,13)(0,13)
Polygon:
(0,0)(38,0)(38,11)(21,11)(21,17)(17,17)(17,2)(0,2)
Polygon:
(0,0)(17,0)(17,1)(9,1)(9,16)(6,16)(6,7)(0,7)
Polygon:
(0,0)(39,0)(39,15)(21,15)(21,18)(16,18)(16,7)(0,7)
Polygon:
(0,0)(18,0)(18,13)(11,13)(11,22)(4,22)(4,10)(0,10)
Polygon:
(0,0)(36,0)(36,6)(27,6)(27,20)(11,20)(11,17)(0,17)
Polygon:
(0,0)(37,0)(37,9)(23,9)(23,16)(11,16)(11,12)(0,12)
Polygon:
(0,0)(16,0)(16,14)(8,14)(8,26)(1,26)(1,11)(0,11)
Polygon:
(0,0)(21,0)(21,6)(18,6)(18,19)(10,19)(10,12)(0,12)
Polygon:
(0,0)(8,0)(8,4)(6,4)(6,20)(1,20)(1,12)(0,12)
Polygon:
(0,0)(28,0)(28,10)(21,10)(21,21)(13,21)(13,5)(0,5)
Polygon:
(0,0)(9,0)(9,27)(2,27)(2,12)(1,12)(1,13)(0,13)
Polygon:
(0,0)(17,0)(17,22)(15,22)(15,16)(12,16)(12,18)(0,18)
Polygon:
(0,0)(29,0)(29,16)(18,16)(18,27)(0,27)
Polygon:
(0,0)(15,0)(15,11)(0,11)
Polygon:
(0,0)(27,0)(27,7)(12,7)(12,16)(0,16)
Polygon:
(0,0)(2,0)(2,10)(0,10)
Polygon:
(0,0)(9,0)(9,14)(0,14)
Polygon:
(0,0)(26,0)(26,6)(11,6)(11,11)(0,11)
Polygon:
(0,0)(24,0)(24,16)(15,16)(15,17)(0,17)
Polygon:
(0,0)(14,0)(14,11)(0,11)
Polygon:
(0,0)(11,0)(11,16)(8,16)(8,19)(0,19)
Polygon:
(0,0)(6,0)(6,2)(0,2)
Polygon:
(0,0)(16,0)(16,7)(0,7)
Polygon:
(0,0)(10,0)(10,9)(0,9)
Polygon:
(0,0)(17,0)(17,15)(0,15)
Polygon:
(0,0)(17,0)(17,3)(0,3)
Polygon:
(0,0)(5,0)(5,3)(0,3)
Polygon:
(0,0)(23,0)(23,6)(5,6)(5,12)(0,12)
Polygon:
(0,0)(8,0)(8,13)(0,13)
Polygon:
(0,0)(38,0)(38,13)(34,13)(34,8)(18,8)(18,17)(0,17)
Polygon:
(0,0)(20,0)(20,4)(11,4)(11,9)(0,9)
Polygon:
(0,0)(3,0)(3,3)(0,3)
Polygon:
(0,0)(7,0)(7,14)(6,14)(6,30)(0,30)
Polygon:
(0,0)(5,0)(5,17)(0,17)
Polygon:
(0,0)(2,0)(2,8)(0,8)
Polygon:
(0,0)(13,0)(13,15)(0,15)
Polygon:
(0,0)(12,0)(12,11)(0,11)
Polygon:
(0,0)(24,0)(24,14)(6,14)(6,23)(0,23)
Polygon:
(0,0)(13,0)(13,4)(0,4)
Polygon:
(0,0)(15,0)(15,13)(0,13)
Polygon:
(0,0)(51,0)(51,12)(34,12)(34,11)(16,11)(16,17)(0,17)
Polygon:
(0,0)(23,0)(23,18)(6,18)(6,24)(0,24)
Polygon:
(0,0)(15,0)(15,18)(0,18)
Polygon:
(0,0)(34,0)(34,12)(17,12)(17,30)(0,30)
Polygon:
(0,0)(2,0)(2,15)(0,15)
Polygon:
(0,0)(15,0)(15,1)(3,1)(3,11)(0,11)
Polygon:
(0,0)(18,0)(18,6)(0,6)
Polygon:
(0,0)(30,0)(30,14)(15,14)(15,1)(13,1)(13,5)(0,5)
Polygon:
(0,0)(27,0)(27,8)(15,8)(15,23)(0,23)
Polygon:
(0,0)(12,0)(12,13)(0,13)
Polygon:
(0,0)(28,0)(28,19)(19,19)(19,4)(9,4)(9,17)(0,17)
Polygon:
(0,0)(7,0)(7,9)(0,9)
Polygon:
(0,0)(2,0)(2,17)(0,17)
Polygon:
(0,0)(4,0)(4,14)(0,14)
Polygon:
(0,0)(21,0)(21,8)(9,8)(9,4)(1,4)(1,15)(0,15)
Polygon:
(0,0)(2,0)(2,9)(0,9)
Polygon:
(0,0)(14,0)(14,8)(0,8)
Polygon:
(0,0)(9,0)(9,13)(0,13)
Polygon:
(0,0)(4,0)(4,11)(0,11)
Polygon:
(0,0)(8,0)(8,14)(0,14)
Polygon:
(0,0)(10,0)(10,14)(0,14)
Polygon:
(0,0)(7,0)(7,7)(6,7)(6,19)(0,19)
Polygon:
(0,0)(17,0)(17,16)(0,16)
Polygon:
(0,0)(18,0)(18,16)(0,16)
Polygon:
(0,0)(17,0)(17,11)(16,11)(16,8)(14,8)(14,17)(0,17)
Polygon:
(0,0)(9,0)(9,15)(0,15)
Polygon:
(0,0)(10,0)(10,18)(0,18)
Polygon:
(0,0)(8,0)(8,2)(0,2)
Polygon:
(0,0)(9,0)(9,17)(0,17)
Polygon:
(0,0)(8,0)(8,13)(0,13)
Polygon:
(0,0)(43,0)(43,12)(25,12)(25,1)(11,1)(11,14)(0,14)
Polygon:
(0,0)(2,0)(2,8)(0,8)
Polygon:
(0,0)(6,0)(6,4)(0,4)
Polygon:
(0,0)(21,0)(21,15)(7,15)(7,19)(0,19)
Polygon:
(0,0)(8,0)(8,4)(0,4)
Polygon:
(0,0)(9,0)(9,6)(0,6)
Polygon:
(0,0)(14,0)(14,7)(0,7)
Polygon:
(0,0)(17,0)(17,8)(0,8)
Polygon:
(0,0)(23,0)(23,10)(13,10)(13,2)(5,2)(5,3)(0,3)
Polygon:
(0,0)(16,0)(16,18)(13,18)(13,34)(0,34)
Polygon:
(0,0)(32,0)(32,26)(17,26)(17,10)(11,10)(11,14)(0,14)
Polygon:
(0,0)(1,0)(1,5)(0,5)
Polygon:
(0,0)(6,0)(6,17)(0,17)
Polygon:
(0,0)(23,0)(23,11)(5,11)(5,13)(0,13)
Polygon:
(0,0)(24,0)(24,14)(13,14)(13,19)(0,19)
Polygon:
(0,0)(5,0)(5,9)(0,9)
Polygon:
(0,0)(11,0)(11,11)(0,11)
Polygon:
(0,0)(8,0)(8,1)(4,1)(4,7)(0,7)
Polygon:
(0,0)(18,0)(18,11)(0,11)
Polygon:
(0,0)(35,0)(35,14)(18,14)(18,2)(12,2)(12,6)(0,6)
Polygon:
(0,0)(11,0)(11,14)(3,14)(3,29)(0,29)
Polygon:
(0,0)(24,0)(24,18)(11,18)(11,8)(2,8)(2,18)(0,18)
Polygon:
(0,0)(21,0)(21,18)(9,18)(9,30)(0,30)
Polygon:
(0,0)(15,0)(15,15)(2,15)(2,20)(0,20)
Polygon:
(0,0)(8,0)(8,11)(0,11)
Polygon:
(0,0)(6,0)(6,3)(0,3)
Polygon:
(0,0)(10,0)(10,17)(0,17)
Polygon:
(0,0)(8,0)(8,12)(0,12)
Polygon:
(0,0)(18,0)(18,2)(15,2)(15,10)(0,10)
Polygon:
(0,0)(15,0)(15,10)(0,10)
Polygon:
(0,0)(26,0)(26,10)(13,10)(13,17)(0,17)
Polygon:
(0,0)(11,0)(11,9)(8,9)(8,12)(0,12)
Polygon:
(0,0)(14,0)(14,5)(0,5)
Polygon:
(0,0)(14,0)(14,12)(13,12)(13,24)(0,24)
Polygon:
(0,0)(23,0)(23,5)(14,5)(14,16)(0,16)
Polygon:
(0,0)(18,0)(18,5)(12,5)(12,13)(0,13)
Polygon:
(0,0)(25,0)(25,17)(16,17)(16,33)(0,33)
Polygon:
(0,0)(14,0)(14,3)(0,3)
Polygon:
(0,0)(15,0)(15,4)(0,4)
Polygon:
(0,0)(16,0)(16,17)(7,17)(7,29)(0,29)
Polygon:
(0,0)(18,0)(18,8)(0,8)
Polygon:
(0,0)(30,0)(30,11)(13,11)(13,12)(0,12)
Polygon:
(0,0)(7,0)(7,12)(5,12)(5,1)(2,1)(2,9)(0,9)
Polygon:
(0,0)(15,0)(15,32)(11,32)(11,16)(1,16)(1,17)(0,17)
Polygon:
(0,0)(16,0)(16,4)(0,4)
Polygon:
(0,0)(15,0)(15,12)(0,12)
Polygon:
(0,0)(15,0)(15,18)(0,18)
Polygon:
(0,0)(2,0)(2,18)(0,18)
Polygon:
(0,0)(1,0)(1,11)(0,11)
Polygon:
(0,0)(2,0)(2,13)(0,13)
Polygon:
(0,0)(2,0)(2,9)(0,9)
Polygon:
(0,0)(18,0)(18,6)(0,6)
Polygon:
(0,0)(15,0)(15,7)(0,7)
Polygon:
(0,0)(7,0)(7,17)(0,17)
Polygon:
(0,0)(24,0)(24,1)(12,1)(12,3)(0,3)
Polygon:
(0,0)(32,0)(32,19)(25,19)(25,1)(10,1)(10,12)(0,12)
Polygon:
(0,0)(2,0)(2,12)(0,12)
Polygon:
(0,0)(14,0)(14,1)(3,1)(3,17)(0,17)
Polygon:
(0,0)(27,0)(27,1)(11,1)(11,16)(0,16)
Polygon:
(0,0)(7,0)(7,6)(0,6)
Polygon:
(0,0)(17,0)(17,10)(0,10)
Polygon:
(0,0)(2,0)(2,5)(0,5)
Polygon:
(0,0)(21,0)(21,11)(17,11)(17,20)(0,20)
Polygon:
(0,0)(8,0)(8,11)(0,11)
Polygon:
(0,0)(1,0)(1,2)(0,2)
Polygon:
(0,0)(4,0)(4,12)(0,12)
Polygon:
(0,0)(11,0)(11,8)(0,8)
Polygon:
(0,0)(14,0)(14,3)(8,3)(8,21)(0,21)
Polygon:
(0,0)(11,0)(11,3)(2,3)(2,15)(0,15)
Polygon:
(0,0)(10,0)(10,9)(0,9)
Polygon:
(0,0)(2,0)(2,9)(0,9)
Polygon:
(0,0)(17,0)(17,18)(0,18)
Polygon:
(0,0)(23,0)(23,3)(5,3)(5,7)(0,7)
Polygon:
(0,0)(19,0)(19,5)(10,5)(10,7)(0,7)
Polygon:
(0,0)(17,0)(17,13)(16,13)(16,21)(0,21)
Polygon:
(0,0)(17,0)(17,8)(3,8)(3,23)(0,23)
Polygon:
(0,0)(24,0)(24,21)(18,21)(18,10)(8,10)(8,16)(0,16)
Polygon:
(0,0)(15,0)(15,1)(0,1)
Polygon:
(0,0)(18,0)(18,15)(0,15)
Polygon:
(0,0)(19,0)(19,26)(12,26)(12,15)(7,15)(7,17)(0,17)
Polygon:
(0,0)(25,0)(25,12)(11,12)(11,13)(0,13)
Polygon:
(0,0)(21,0)(21,18)(16,18)(16,27)(0,27)
Polygon:
(0,0)(13,0)(13,13)(1,13)(1,18)(0,18)
Polygon:
(0,0)(11,0)(11,3)(7,3)(7,18)(0,18)
Polygon:
(0,0)(10,0)(10,5)(0,5)
Polygon:
(0,0)(14,0)(14,13)(0,13)
Polygon:
(0,0)(22,0)(22,8)(9,8)(9,25)(0,25)
Polygon:
(0,0)(10,0)(10,8)(0,8)
Polygon:
(0,0)(15,0)(15,2)(0,2)
Polygon:
(0,0)(30,0)(30,12)(19,12)(19,2)(3,2)(3,3)(0,3)
Polygon:
(0,0)(28,0)(28,16)(10,16)(10,5)(9,5)(9,13)(0,13)
Polygon:
(0,0)(25,0)(25,18)(11,18)(11,21)(0,21)
Polygon:
(0,0)(10,0)(10,2)(0,2)
Polygon:
(0,0)(7,0)(7,9)(5,9)(5,24)(0,24)
Polygon:
(0,0)(12,0)(12,16)(0,16)
Polygon:
(0,0)(4,0)(4,14)(0,14)
Polygon:
(0,0)(24,0)(24,7)(16,7)(16,8)(0,8)
Polygon:
(0,0)(13,0)(13,15)(0,15)
Polygon:
(0,0)(12,0)(12,16)(0,16)
Polygon:
(0,0)(18,0)(18,14)(0,14)
Polygon:
(0,0)(6,0)(6,13)(0,13)
Polygon:
(0,0)(10,0)(10,1)(0,1)
Polygon:
(0,0)(22,0)(22,8)(4,8)(4,17)(0,17)
Polygon:
(0,0)(20,0)(20,16)(7,16)(7,31)(0,31)
Polygon:
(0,0)(8,0)(8,4)(0,4)
Polygon:
(0,0)(45,0)(45,11)(33,11)(33,1)(15,1)(15,3)(0,3)
Polygon:
(0,0)(13,0)(13,6)(0,6)
Polygon:
(0,0)(31,0)(31,11)(13,11)(13,1)(3,1)(3,16)(0,16)
Polygon:
(0,0)(2,0)(2,15)(0,15)
Polygon:
(0,0)(13,0)(13,5)(0,5)
Polygon:
(0,0)(10,0)(10,3)(0,3)
Polygon:
(0,0)(7,0)(7,2)(5,2)(5,13)(0,13)
Polygon:
(0,0)(16,0)(16,12)(0,12)
Polygon:
(0,0)(15,0)(15,14)(0,14)
Polygon:
(0,0)(13,0)(13,1)(0,1)
Polygon:
(0,0)(15,0)(15,16)(0,16)
Polygon:
(0,0)(25,0)(25,21)(20,21)(20,3)(5,3)(5,13)(0,13)
Polygon:
(0,0)(3,0)(3,7)(0,7)
Polygon:
(0,0)(38,0)(38,17)(20,17)(20,9)(6,9)(6,14)(0,14)
Polygon:
(0,0)(17,0)(17,12)(0,12)
Polygon:
(0,0)(10,0)(10,7)(0,7)
Polygon:
(0,0)(19,0)(19,19)(18,19)(18,8)(1,8)(1,11)(0,11)
Polygon:
(0,0)(4,0)(4,3)(0,3)
Polygon:
(0,0)(21,0)(21,18)(15,18)(15,29)(0,29)
Polygon:
(0,0)(11,0)(11,2)(0,2)
Polygon:
(0,0)(4,0)(4,17)(0,17)
Polygon:
(0,0)(31,0)(31,16)(17,16)(17,3)(16,3)(16,18)(0,18)
Polygon:
(0,0)(18,0)(18,27)(13,27)(13,14)(1,14)(1,16)(0,16)
Polygon:
(0,0)(10,0)(10,11)(0,11)
Polygon:
(0,0)(4,0)(4,6)(0,6)
Polygon:
(0,0)(2,0)(2,2)(0,2)
Polygon:
(0,0)(19,0)(19,15)(15,15)(15,17)(0,17)
Polygon:
(0,0)(42,0)(42,20)(32,20)(32,5)(17,5)(17,7)(0,7)
Polygon:
(0,0)(5,0)(5,9)(0,9)
Polygon:
(0,0)(27,0)(27,5)(9,5)(9,14)(0,14)
Polygon:
(0,0)(11,0)(11,4)(0,4)
Polygon:
(0,0)(26,0)(26,13)(17,13)(17,24)(0,24)
Polygon:
(0,0)(11,0)(11,18)(0,18)
Polygon:
(0,0)(11,0)(11,15)(0,15)
Polygon:
(0,0)(12,0)(12,10)(0,10)
Polygon:
(0,0)(15,0)(15,8)(2,8)(2,19)(0,19)
Polygon:
(0,0)(9,0)(9,9)(0,9)
Polygon:
(0,0)(1,0)(1,12)(0,12)
Polygon:
(0,0)(28,0)(28,11)(17,11)(17,26)(0,26)
Polygon:
(0,0)(4,0)(4,17)(0,17)
Polygon:
(0,0)(8,0)(8,8)(0,8)
Polygon:
(0,0)(17,0)(17,13)(0,13)
Polygon:
(0,0)(27,0)(27,14)(15,14)(15,5)(6,5)(6,12)(0,12)
Polygon:
(0,0)(7,0)(7,3)(0,3)
Polygon:
(0,0)(37,0)(37,22)(32,22)(32,5)(15,5)(15,7)(0,7)
Polygon:
(0,0)(12,0)(12,17)(0,17)
Polygon:
(0,0)(30,0)(30,2)(13,2)(13,6)(0,6)
Polygon:
(0,0)(1,0)(1,17)(0,17)
Polygon:
(0,0)(21,0)(21,2)(5,2)(5,17)(0,17)
Polygon:
(0,0)(17,0)(17,16)(6,16)(6,23)(0,23)
Polygon:
(0,0)(18,0)(18,10)(0,10)
Polygon:
(0,0)(17,0)(17,9)(0,9)
Polygon:
(0,0)(5,0)(5,13)(0,13)
Polygon:
(0,0)(17,0)(17,16)(11,16)(11,23)(0,23)
Polygon:
(0,0)(12,0)(12,12)(11,12)(11,22)(0,22)
Polygon:
(0,0)(26,0)(26,20)(25,20)(25,7)(13,7)(13,11)(0,11)
Polygon:
(0,0)(12,0)(12,6)(0,6)
Polygon:
(0,0)(15,0)(15,18)(8,18)(8,26)(0,26)
Polygon:
(0,0)(18,0)(18,4)(0,4)
Polygon:
(0,0)(17,0)(17,11)(0,11)
Polygon:
(0,0)(3,0)(3,15)(0,15)
Polygon:
(0,0)(5,0)(5,18)(0,18)
Polygon:
(0,0)(12,0)(12,18)(5,18)(5,29)(0,29)
Polygon:
(0,0)(12,0)(12,10)(0,10)
Polygon:
(0,0)(10,0)(10,7)(0,7)
Polygon:
(0,0)(1,0)(1,18)(0,18)
Polygon:
(0,0)(5,0)(5,6)(0,6)
Polygon:
(0,0)(27,0)(27,9)(17,9)(17,17)(0,17)
Polygon:
(0,0)(16,0)(16,14)(0,14)
Polygon:
(0,0)(19,0)(19,7)(15,7)(15,9)(0,9)
Polygon:
(0,0)(18,0)(18,13)(0,13)
Polygon:
(0,0)(13,0)(13,4)(0,4)
Polygon:
(0,0)(9,0)(9,2)(0,2)
Polygon:
(0,0)(30,0)(30,1)(16,1)(16,3)(0,3)
Polygon:
(0,0)(6,0)(6,5)(0,5)
