Polygon:
(0,0)(20,0)(20,4)(5,4)(5,5)(0,5)
Polygon:
(0,0)(2,0)(2,16)(0,16)
Polygon:
(0,0)(5,0)(5,7)(0,7)
Polygon:
(0,0)(15,0)(15,18)(7,18)(7,21)(0,21)
Polygon:
(0,0)(15,0)(15,11)(13,11)(13,21)(0,21)
Polygon:
(0,0)(15,0)(15,14)(12,14)(12,16)(0,16)
Polygon:
(0,0)(1,0)(1,6)(0,6)
Polygon:
(0,0)(18,0)(18,15)(0,15)
Polygon:
(0,0)(1,0)(1,8)(0,8)
Polygon:
(0,0)(17,0)(17,14)(0,14)
Polygon:
(0,0)(7,0)(7,17)(0,17)
Polygon:
(0,0)(30,0)(30,19)(25,19)(25,3)(15,3)(15,5)(0,5)
Polygon:
(0,0)(25,0)(25,14)(11,14)(11,2)(2,2)(2,12)(0,12)
Polygon:
(0,0)(16,0)(16,18)(10,18)(10,24)(0,24)
Polygon:
(0,0)(29,0)(29,12)(16,12)(16,21)(0,21)
Polygon:
(0,0)(14,0)(14,12)(10,12)(10,30)(0,30)
Polygon:
(0,0)(11,0)(11,8)(0,8)
Polygon:
(0,0)(22,0)(22,16)(14,16)(14,12)(1,12)(1,17)(0,17)
Polygon:
(0,0)(14,0)(14,2)(0,2)
Polygon:
(0,0)(8,0)(8,5)(0,5)
Polygon:
(0,0)(15,0)(15,9)(0,9)
Polygon:
(0,0)(37,0)(37,21)(28,21)(28,4)(18,4)(18,7)(0,7)
Polygon:
(0,0)(7,0)(7,2)(0,2)
Polygon:
(0,0)(11,0)(11,11)(0,11)
Polygon:
(0,0)(12,0)(12,1)(0,1)
Polygon:
(0,0)(8,0)(8,6)(0,6)
Polygon:
(0,0)(7,0)(7,7)(1,7)(1,23)(0,23)
Polygon:
(0,0)(19,0)(19,31)(9,31)(9,14)(2,14)(2,16)(0,16)
Polygon:
(0,0)(20,0)(20,1)(11,1)(11,18)(0,18)
Polygon:
(0,0)(18,0)(18,16)(0,16)
Polygon:
(0,0)(2,0)(2,15)(0,15)
Polygon:
(0,0)(6,0)(6,6)(0,6)
Polygon:
(0,0)(18,0)(18,2)(17,2)(17,9)(0,9)
Polygon:
(0,0)(22,0)(22,10)(12,10)(12,14)(0,14)
Polygon:
(0,0)(15,0)(15,18)(1,18)(1,34)(0,34)
Polygon:
(0,0)(30,0)(30,6)(17,6)(17,9)(0,9)
Polygon:
(0,0)(10,0)(10,6)(6,6)(6,13)(0,13)
Polygon:
(0,0)(12,0)(12,17)(0,17)
Polygon:
(0,0)(13,0)(13,10)(0,10)
Polygon:
(0,0)(30,0)(30,21)(13,21)(13,3)(5,3)(5,9)(0,9)
Polygon:
(0,0)(14,0)(14,12)(0,12)
Polygon:
(0,0)(2,0)(2,9)(0,9)
Polygon:
(0,0)(14,0)(14,17)(0,17)
Polygon:
(0,0)(21,0)(21,13)(8,13)(8,26)(0,26)
Polygon:
(0,0)(9,0)(9,5)(0,5)
Polygon:
(0,0)(2,0)(2,1)(0,1)
Polygon:
(0,0)(5,0)(5,2)(0,2)
Polygon:
(0,0)(11,0)(11,3)(0,3)
Polygon:
(0,0)(10,0)(10,11)(8,11)(8,17)(0,17)
Polygon:
(0,0)(9,0)(9,7)(0,7)
Polygon:
(0,0)(39,0)(39,7)(28,7)(28,5)(12,5)(12,7)(0,7)
Polygon:
(0,0)(29,0)(29,1)(12,1)(12,17)(0,17)
Polygon:
(0,0)(34,0)(34,6)(16,6)(16,14)(0,14)
Polygon:
(0,0)(9,0)(9,15)(5,15)(5,26)(0,26)
Polygon:
(0,0)(12,0)(12,9)(7,9)(7,22)(0,22)
Polygon:
(0,0)(19,0)(19,10)(4,10)(4,20)(0,20)
Polygon:
(0,0)(6,0)(6,8)(0,8)
Polygon:
(0,0)(21,0)(21,16)(8,16)(8,5)(3,5)(3,15)(0,15)
Polygon:
(0,0)(19,0)(19,15)(1,15)(1,33)(0,33)
Polygon:
(0,0)(8,0)(8,2)(0,2)
Polygon:
(0,0)(15,0)(15,9)(0,9)
Polygon:
(0,0)(4,0)(4,7)(0,7)
Polygon:
(0,0)(10,0)(10,5)(0,5)
Polygon:
(0,0)(12,0)(12,17)(5,17)(5,27)(0,27)
Polygon:
(0,0)(19,0)(19,15)(10,15)(10,9)(2,9)(2,11)(0,11)
Polygon:
(0,0)(7,0)(7,16)(0,16)
Polygon:
(0,0)(11,0)(11,9)(0,9)
Polygon:
(0,0)(7,0)(7,7)(1,7)(1,20)(0,20)
Polygon:
(0,0)(11,0)(11,4)(9,4)(9,10)(0,10)
Polygon:
(0,0)(20,0)(20,1)(10,1)(10,14)(0,14)
Polygon:
(0,0)(11,0)(11,5)(0,5)
Polygon:
(0,0)(12,0)(12,18)(0,18)
Polygon:
(0,0)(14,0)(14,2)(12,2)(12,9)(0,9)
Polygon:
(0,0)(6,0)(6,3)(3,3)(3,10)(0,10)
Polygon:
(0,0)(13,0)(13,1)(0,1)
Polygon:
(0,0)(44,0)(44,14)(26,14)(26,3)(16,3)(16,14)(0,14)
Polygon:
(0,0)(6,0)(6,2)(0,2)
Polygon:
(0,0)(10,0)(10,8)(0,8)
Polygon:
(0,0)(14,0)(14,5)(0,5)
Polygon:
(0,0)(29,0)(29,25)(19,25)(19,7)(11,7)(11,13)(0,13)
Polygon:
(0,0)(12,0)(12,5)(0,5)
Polygon:
(0,0)(18,0)(18,7)(0,7)
Polygon:
(0,0)(10,0)(10,15)(0,15)
Polygon:
(0,0)(13,0)(13,11)(0,11)
Polygon:
(0,0)(7,0)(7,12)(0,12)
Polygon:
(0,0)(16,0)(16,16)(0,16)
Polygon:
(0,0)(33,0)(33,11)(22,11)(22,1)(15,1)(15,6)(0,6)
Polygon:
(0,0)(32,0)(32,3)(30,3)(30,1)(14,1)(14,7)(0,7)
Polygon:
(0,0)(16,0)(16,25)(14,25)(14,9)(5,9)(5,13)(0,13)
Polygon:
(0,0)(4,0)(4,12)(0,12)
Polygon:
(0,0)(17,0)(17,2)(0,2)
Polygon:
(0,0)(4,0)(4,18)(0,18)
Polygon:
(0,0)(13,0)(13,13)(0,13)
Polygon:
(0,0)(1,0)(1,2)(0,2)
Polygon:
(0,0)(13,0)(13,7)(0,7)
Polygon:
(0,0)(11,0)(11,4)(0,4)
Polygon:
(0,0)(15,0)(15,1)(0,1)
Polygon:
(0,0)(3,0)(3,5)(0,5)
Polygon:
(0,0)(6,0)(6,4)(0,4)
Polygon:
(0,0)(14,0)(14,18)(1,18)(1,20)(0,20)
Polygon:
(0,0)(2,0)(2,18)(1,18)(1,36)(0,36)
Polygon:
(0,0)(13,0)(13,1)(0,1)
Polygon:
(0,0)(41,0)(41,13)(23,13)(23,4)(6,4)(6,14)(0,14)
Polygon:
(0,0)(12,0)(12,20)(11,20)(11,3)(8,3)(8,13)(0,13)
Polygon:
(0,0)(13,0)(13,3)(9,3)(9,13)(0,13)
Polygon:
(0,0)(16,0)(16,14)(0,14)
Polygon:
(0,0)(11,0)(11,3)(0,3)
Polygon:
(0,0)(23,0)(23,15)(17,15)(17,7)(1,7)(1,17)(0,17)
Polygon:
(0,0)(4,0)(4,2)(0,2)
Polygon:
(0,0)(26,0)(26,2)(11,2)(11,9)(0,9)
Polygon:
(0,0)(32,0)(32,11)(16,11)(16,18)(0,18)
Polygon:
(0,0)(13,0)(13,16)(5,16)(5,25)(0,25)
Polygon:
(0,0)(37,0)(37,11)(19,11)(19,7)(4,7)(4,14)(0,14)
Polygon:
(0,0)(15,0)(15,9)(7,9)(7,11)(0,11)
Polygon:
(0,0)(12,0)(12,7)(0,7)
Polygon:
(0,0)(17,0)(17,15)(0,15)
Polygon:
(0,0)(24,0)(24,15)(6,15)(6,30)(0,30)
Polygon:
(0,0)(10,0)(10,2)(8,2)(8,10)(0,10)
Polygon:
(0,0)(18,0)(18,13)(0,13)
Polygon:
(0,0)(29,0)(29,18)(15,18)(15,26)(0,26)
Polygon:
(0,0)(1,0)(1,3)(0,3)
Polygon:
(0,0)(25,0)(25,12)(12,12)(12,24)(0,24)
Polygon:
(0,0)(13,0)(13,14)(0,14)
Polygon:
(0,0)(11,0)(11,12)(0,12)
Polygon:
(0,0)(31,0)(31,26)(23,26)(23,9)(12,9)(12,18)(0,18)
Polygon:
(0,0)(32,0)(32,3)(17,3)(17,6)(0,6)
Polygon:
(0,0)(10,0)(10,3)(0,3)
Polygon:
(0,0)(2,0)(2,9)(0,9)
Polygon:
(0,0)(3,0)(3,4)(2,4)(2,8)(0,8)
Polygon:
(0,0)(3,0)(3,6)(0,6)
Polygon:
(0,0)(22,0)(22,1)(14,1)(14,5)(0,5)
Polygon:
(0,0)(4,0)(4,16)(0,16)
Polygon:
(0,0)(14,0)(14,8)(0,8)
Polygon:
(0,0)(6,0)(6,9)(0,9)
Polygon:
(0,0)(13,0)(13,12)(11,12)(11,4)(7,4)(7,14)(0,14)
Polygon:
(0,0)(12,0)(12,1)(0,1)
Polygon:
(0,0)(41,0)(41,15)(31,15)(31,1)(15,1)(15,5)(0,5)
Polygon:
(0,0)(2,0)(2,14)(0,14)
Polygon:
(0,0)(28,0)(28,3)(17,3)(17,19)(0,19)
Polygon:
(0,0)(19,0)(19,12)(16,12)(16,22)(0,22)
Polygon:
(0,0)(4,0)(4,12)(0,12)
Polygon:
(0,0)(1,0)(1,11)(0,11)
Polygon:
(0,0)(14,0)(14,9)(0,9)
Polygon:
(0,0)(15,0)(15,1)(0,1)
Polygon:
(0,0)(17,0)(17,4)(0,4)
Polygon:
(0,0)(12,0)(12,9)(4,9)(4,11)(0,11)
Polygon:
(0,0)(18,0)(18,16)(0,16)
Polygon:
(0,0)(17,0)(17,16)(0,16)
Polygon:
(0,0)(7,0)(7,17)(0,17)
Polygon:
(0,0)(8,0)(8,18)(0,18)
Polygon:
(0,0)(12,0)(12,14)(0,14)
Polygon:
(0,0)(4,0)(4,11)(3,11)(3,12)(0,12)
Polygon:
(0,0)(28,0)(28,11)(11,11)(11,20)(0,20)
Polygon:
(0,0)(24,0)(24,3)(11,3)(11,15)(0,15)
Polygon:
(0,0)(9,0)(9,11)(5,11)(5,22)(0,22)
Polygon:
(0,0)(15,0)(15,5)(5,5)(5,16)(0,16)
Polygon:
(0,0)(2,0)(2,10)(0,10)
Polygon:
(0,0)(20,0)(20,8)(6,8)(6,24)(0,24)
Polygon:
(0,0)(18,0)(18,18)(0,18)
Polygon:
(0,0)(3,0)(3,10)(0,10)
Polygon:
(0,0)(5,0)(5,17)(0,17)
Polygon:
(0,0)(15,0)(15,13)(0,13)
Polygon:
(0,0)(39,0)(39,27)(30,27)(30,12)(16,12)(16,14)(0,14)
Polygon:
(0,0)(31,0)(31,13)(18,13)(18,19)(0,19)
Polygon:
(0,0)(6,0)(6,7)(0,7)
Polygon:
(0,0)(8,0)(8,4)(0,4)
Polygon:
(0,0)(22,0)(22,5)(12,5)(12,22)(0,22)
Polygon:
(0,0)(4,0)(4,13)(0,13)
Polygon:
(0,0)(15,0)(15,7)(0,7)
Polygon:
(0,0)(13,0)(13,1)(5,1)(5,13)(0,13)
Polygon:
(0,0)(15,0)(15,7)(0,7)
Polygon:
(0,0)(43,0)(43,12)(32,12)(32,1)(14,1)(14,11)(0,11)
Polygon:
(0,0)(18,0)(18,16)(0,16)
Polygon:
(0,0)(38,0)(38,14)(24,14)(24,9)(9,9)(9,15)(0,15)
Polygon:
(0,0)(20,0)(20,4)(16,4)(16,19)(0,19)
Polygon:
(0,0)(4,0)(4,14)(0,14)
Polygon:
(0,0)(11,0)(11,14)(0,14)
Polygon:
(0,0)(8,0)(8,9)(0,9)
Polygon:
(0,0)(3,0)(3,18)(0,18)
Polygon:
(0,0)(2,0)(2,1)(0,1)
Polygon:
(0,0)(3,0)(3,15)(0,15)
Polygon:
(0,0)(11,0)(11,18)(0,18)
Polygon:
(0,0)(22,0)(22,2)(6,2)(6,12)(0,12)
Polygon:
(0,0)(18,0)(18,16)(0,16)
Polygon:
(0,0)(15,0)(15,3)(11,3)(11,13)(0,13)
Polygon:
(0,0)(14,0)(14,8)(0,8)
Polygon:
(0,0)(11,0)(11,16)(0,16)
Polygon:
(0,0)(15,0)(15,2)(0,2)
Polygon:
(0,0)(9,0)(9,17)(0,17)
Polygon:
(0,0)(10,0)(10,11)(0,11)
Polygon:
(0,0)(4,0)(4,3)(0,3)
Polygon:
(0,0)(23,0)(23,13)(5,13)(5,3)(1,3)(1,13)(0,13)
Polygon:
(0,0)(11,0)(11,8)(0,8)
Polygon:
(0,0)(30,0)(30,10)(22,10)(22,1)(14,1)(14,9)(0,9)
Polygon:
(0,0)(16,0)(16,4)(0,4)
Polygon:
(0,0)(18,0)(18,15)(0,15)
Polygon:
(0,0)(14,0)(14,13)(0,13)
Polygon:
(0,0)(23,0)(23,17)(6,17)(6,30)(0,30)
Polygon:
(0,0)(12,0)(12,5)(0,5)
Polygon:
(0,0)(9,0)(9,13)(0,13)
Polygon:
(0,0)(41,0)(41,21)(29,21)(29,9)(14,9)(14,18)(0,18)
Polygon:
(0,0)(30,0)(30,2)(12,2)(12,20)(0,20)
Polygon:
(0,0)(17,0)(17,3)(7,3)(7,11)(0,11)
Polygon:
(0,0)(14,0)(14,12)(0,12)
Polygon:
(0,0)(19,0)(19,8)(17,8)(17,25)(0,25)
Polygon:
(0,0)(30,0)(30,17)(27,17)(27,7)(10,7)(10,14)(0,14)
Polygon:
(0,0)(32,0)(32,5)(16,5)(16,8)(0,8)
Polygon:
(0,0)(14,0)(14,10)(13,10)(13,21)(0,21)
Polygon:
(0,0)(14,0)(14,13)(0,13)
Polygon:
(0,0)(2,0)(2,17)(0,17)
Polygon:
(0,0)(36,0)(36,25)(25,25)(25,9)(17,9)(17,11)(0,11)
Polygon:
(0,0)(7,0)(7,17)(0,17)
Polygon:
(0,0)(18,0)(18,12)(0,12)
Polygon:
(0,0)(15,0)(15,15)(0,15)
Polygon:
(0,0)(5,0)(5,17)(4,17)(4,22)(0,22)
Polygon:
(0,0)(17,0)(17,16)(0,16)
Polygon:
(0,0)(32,0)(32,6)(17,6)(17,20)(0,20)
Polygon:
(0,0)(25,0)(25,8)(10,8)(10,13)(0,13)
Polygon:
(0,0)(15,0)(15,18)(0,18)
Polygon:
(0,0)(13,0)(13,10)(0,10)
Polygon:
(0,0)(18,0)(18,10)(11,10)(11,28)(0,28)
Polygon:
(0,0)(15,0)(15,21)(11,21)(11,6)(2,6)(2,9)(0,9)
Polygon:
(0,0)(17,0)(17,2)(4,2)(4,16)(0,16)
Polygon:
(0,0)(13,0)(13,13)(4,13)(4,28)(0,28)
Polygon:
(0,0)(1,0)(1,12)(0,12)
Polygon:
(0,0)(30,0)(30,5)(13,5)(13,20)(0,20)
Polygon:
(0,0)(14,0)(14,7)(0,7)
Polygon:
(0,0)(4,0)(4,16)(0,16)
Polygon:
(0,0)(11,0)(11,16)(0,16)
Polygon:
(0,0)(9,0)(9,16)(0,16)
Polygon:
(0,0)(20,0)(20,5)(9,5)(9,23)(0,23)
Polygon:
(0,0)(21,0)(21,11)(4,11)(4,29)(0,29)
Polygon:
(0,0)(5,0)(5,8)(0,8)
Polygon:
(0,0)(21,0)(21,11)(7,11)(7,22)(0,22)
Polygon:
(0,0)(44,0)(44,13)(30,13)(30,3)(14,3)(14,13)(0,13)
Polygon:
(0,0)(1,0)(1,12)(0,12)
Polygon:
(0,0)(10,0)(10,2)(0,2)
Polygon:
(0,0)(16,0)(16,15)(0,15)
Polygon:
(0,0)(20,0)(20,7)(17,7)(17,13)(0,13)
Polygon:
(0,0)(3,0)(3,17)(0,17)
Polygon:
(0,0)(22,0)(22,12)(18,12)(18,29)(0,29)
Polygon:
(0,0)(18,0)(18,8)(0,8)
Polygon:
(0,0)(11,0)(11,13)(0,13)
Polygon:
(0,0)(4,0)(4,8)(0,8)
Polygon:
(0,0)(1,0)(1,13)(0,13)
Polygon:
(0,0)(11,0)(11,9)(1,9)(1,11)(0,11)
Polygon:
(0,0)(2,0)(2,17)(0,17)
Polygon:
(0,0)(8,0)(8,7)(0,7)
Polygon:
(0,0)(16,0)(16,7)(0,7)
Polygon:
(0,0)(5,0)(5,17)(0,17)
Polygon:
(0,0)(12,0)(12,16)(0,16)
Polygon:
(0,0)(9,0)(9,14)(3,14)(3,26)(0,26)
Polygon:
(0,0)(15,0)(15,8)(0,8)
Polygon:
(0,0)(21,0)(21,12)(11,12)(11,4)(2,4)(2,11)(0,11)
Polygon:
(0,0)(14,0)(14,1)(7,1)(7,11)(0,11)
Polygon:
(0,0)(8,0)(8,8)(0,8)
Polygon:
(0,0)(12,0)(12,7)(0,7)
Polygon:
(0,0)(16,0)(16,3)(0,3)
Polygon:
(0,0)(15,0)(15,2)(0,2)
Polygon:
(0,0)(7,0)(7,7)(0,7)
Polygon:
(0,0)(14,0)(14,2)(13,2)(13,10)(0,10)
Polygon:
(0,0)(1,0)(1,9)(0,9)
Polygon:
(0,0)(12,0)(12,4)(0,4)
Polygon:
(0,0)(3,0)(3,5)(0,5)
Polygon:
(0,0)(23,0)(23,22)(21,22)(21,5)(16,5)(16,16)(0,16)
Polygon:
(0,0)(10,0)(10,9)(0,9)
Polygon:
(0,0)(5,0)(5,17)(0,17)
Polygon:
(0,0)(14,0)(14,16)(0,16)
Polygon:
(0,0)(24,0)(24,26)(18,26)(18,10)(15,10)(15,11)(0,11)
Polygon:
(0,0)(12,0)(12,14)(0,14)
Polygon:
(0,0)(8,0)(8,2)(7,2)(7,20)(0,20)
Polygon:
(0,0)(15,0)(15,16)(0,16)
Polygon:
(0,0)(1,0)(1,13)(0,13)
Polygon:
(0,0)(5,0)(5,13)(0,13)
Polygon:
(0,0)(24,0)(24,34)(21,34)(21,16)(3,16)(3,17)(0,17)
Polygon:
(0,0)(4,0)(4,13)(0,13)
Polygon:
(0,0)(5,0)(5,11)(0,11)
Polygon:
(0,0)(13,0)(13,3)(0,3)
Polygon:
(0,0)(3,0)(3,12)(0,12)
Polygon:
(0,0)(16,0)(16,8)(0,8)
Polygon:
(0,0)(2,0)(2,3)(0,3)
Polygon:
(0,0)(17,0)(17,10)(0,10)
Polygon:
(0,0)(10,0)(10,13)(7,13)(7,22)(0,22)
Polygon:
(0,0)(18,0)(18,20)(6,20)(6,9)(4,9)(4,13)(0,13)
Polygon:
(0,0)(5,0)(5,10)(0,10)
Polygon:
(0,0)(1,0)(1,12)(0,12)
Polygon:
(0,0)(10,0)(10,9)(0,9)
Polygon:
(0,0)(30,0)(30,13)(18,13)(18,3)(14,3)(14,7)(0,7)
Polygon:
(0,0)(27,0)(27,14)(16,14)(16,22)(0,22)
Polygon:
(0,0)(16,0)(16,16)(0,16)
Polygon:
(0,0)(18,0)(18,5)(0,5)
Polygon:
(0,0)(13,0)(13,10)(0,10)
Polygon:
(0,0)(28,0)(28,18)(26,18)(26,4)(11,4)(11,18)(0,18)
Polygon:
(0,0)(21,0)(21,17)(16,17)(16,19)(0,19)
Polygon:
(0,0)(4,0)(4,13)(0,13)
Polygon:
(0,0)(7,0)(7,14)(0,14)
Polygon:
(0,0)(7,0)(7,4)(0,4)
Polygon:
(0,0)(28,0)(28,12)(10,12)(10,1)(3,1)(3,10)(0,10)
Polygon:
(0,0)(7,0)(7,2)(0,2)
Polygon:
(0,0)(8,0)(8,18)(0,18)
Polygon:
(0,0)(4,0)(4,4)(0,4)
Polygon:
(0,0)(16,0)(16,7)(0,7)
Polygon:
(0,0)(11,0)(11,14)(1,14)(1,30)(0,30)
Polygon:
(0,0)(13,0)(13,9)(0,9)
Polygon:
(0,0)(35,0)(35,12)(26,12)(26,1)(16,1)(16,7)(0,7)
Polygon:
(0,0)(6,0)(6,17)(0,17)
Polygon:
(0,0)(28,0)(28,8)(15,8)(15,20)(0,20)
Polygon:
(0,0)(1,0)(1,11)(0,11)
Polygon:
(0,0)(17,0)(17,2)(0,2)
Polygon:
(0,0)(31,0)(31,4)(14,4)(14,5)(0,5)
Polygon:
(0,0)(15,0)(15,3)(5,3)(5,8)(0,8)
Polygon:
(0,0)(7,0)(7,16)(0,16)
Polygon:
(0,0)(10,0)(10,3)(5,3)(5,9)(0,9)
Polygon:
(0,0)(13,0)(13,10)(0,10)
Polygon:
(0,0)(39,0)(39,11)(27,11)(27,5)(9,5)(9,8)(0,8)
Polygon:
(0,0)(2,0)(2,14)(0,14)
Polygon:
(0,0)(26,0)(26,2)(9,2)(9,6)(0,6)
Polygon:
(0,0)(1,0)(1,18)(0,18)
Polygon:
(0,0)(4,0)(4,5)(0,5)
Polygon:
(0,0)(15,0)(15,8)(0,8)
Polygon:
(0,0)(34,0)(34,15)(18,15)(18,7)(8,7)(8,9)(0,9)
Polygon:
(0,0)(5,0)(5,15)(0,15)
Polygon:
(0,0)(15,0)(15,17)(0,17)
Polygon:
(0,0)(20,0)(20,7)(10,7)(10,12)(0,12)
Polygon:
(0,0)(2,0)(2,12)(0,12)
Polygon:
(0,0)(12,0)(12,14)(10,14)(10,29)(0,29)
Polygon:
(0,0)(14,0)(14,2)(0,2)
Polygon:
(0,0)(5,0)(5,1)(0,1)
Polygon:
(0,0)(26,0)(26,5)(13,5)(13,14)(0,14)
Polygon:
(0,0)(18,0)(18,18)(0,18)
Polygon:
(0,0)(21,0)(21,15)(6,15)(6,27)(0,27)
Polygon:
(0,0)(13,0)(13,2)(0,2)
Polygon:
(0,0)(6,0)(6,1)(0,1)
Polygon:
(0,0)(18,0)(18,16)(6,16)(6,23)(0,23)
Polygon:
(0,0)(1,0)(1,11)(0,11)
Polygon:
(0,0)(20,0)(20,16)(7,16)(7,32)(0,32)
Polygon:
(0,0)(34,0)(34,10)(27,10)(27,1)(17,1)(17,13)(0,13)
Polygon:
(0,0)(9,0)(9,5)(0,5)
Polygon:
(0,0)(11,0)(11,6)(0,6)
Polygon:
(0,0)(6,0)(6,14)(0,14)
Polygon:
(0,0)(15,0)(15,7)(0,7)
Polygon:
(0,0)(11,0)(11,15)(0,15)
Polygon:
(0,0)(6,0)(6,17)(0,17)
Polygon:
(0,0)(6,0)(6,18)(0,18)
Polygon:
(0,0)(21,0)(21,17)(8,17)(8,18)(0,18)
Polygon:
(0,0)(23,0)(23,3)(17,3)(17,14)(0,14)
Polygon:
(0,0)(9,0)(9,10)(6,10)(6,12)(0,12)
Polygon:
(0,0)(25,0)(25,15)(15,15)(15,17)(0,17)
Polygon:
(0,0)(2,0)(2,16)(0,16)
Polygon:
(0,0)(39,0)(39,12)(27,12)(27,3)(12,3)(12,18)(0,18)
Polygon:
(0,0)(21,0)(21,3)(16,3)(16,12)(0,12)
Polygon:
(0,0)(14,0)(14,3)(0,3)
Polygon:
(0,0)(1,0)(1,4)(0,4)
Polygon:
(0,0)(3,0)(3,18)(0,18)
Polygon:
(0,0)(16,0)(16,15)(0,15)
Polygon:
(0,0)(6,0)(6,1)(0,1)
Polygon:
(0,0)(31,0)(31,18)(18,18)(18,25)(0,25)
Polygon:
(0,0)(40,0)(40,9)(35,9)(35,6)(18,6)(18,10)(0,10)
Polygon:
(0,0)(16,0)(16,1)(0,1)
Polygon:
(0,0)(16,0)(16,1)(6,1)(6,17)(0,17)
Polygon:
(0,0)(13,0)(13,1)(0,1)
Polygon:
(0,0)(11,0)(11,11)(0,11)
Polygon:
(0,0)(18,0)(18,12)(16,12)(16,13)(0,13)
Polygon:
(0,0)(21,0)(21,13)(17,13)(17,28)(0,28)
Polygon:
(0,0)(11,0)(11,13)(0,13)
Polygon:
(0,0)(18,0)(18,13)(10,13)(10,11)(8,11)(8,15)(0,15)
Polygon:
(0,0)(16,0)(16,3)(3,3)(3,20)(0,20)
Polygon:
(0,0)(6,0)(6,5)(0,5)
Polygon:
(0,0)(18,0)(18,6)(0,6)
Polygon:
(0,0)(18,0)(18,7)(4,7)(4,12)(0,12)
Polygon:
(0,0)(16,0)(16,11)(0,11)
Polygon:
(0,0)(23,0)(23,17)(13,17)(13,7)(7,7)(7,17)(0,17)
Polygon:
(0,0)(24,0)(24,4)(14,4)(14,14)(0,14)
Polygon:
(0,0)(27,0)(27,18)(16,18)(16,26)(0,26)
Polygon:
(0,0)(30,0)(30,11)(12,11)(12,15)(0,15)
Polygon:
(0,0)(43,0)(43,13)(30,13)(30,6)(12,6)(12,15)(0,15)
Polygon:
(0,0)(17,0)(17,13)(0,13)
Polygon:
(0,0)(16,0)(16,7)(0,7)
Polygon:
(0,0)(5,0)(5,11)(0,11)
Polygon:
(0,0)(33,0)(33,11)(15,11)(15,19)(0,19)
Polygon:
(0,0)(10,0)(10,10)(0,10)
Polygon:
(0,0)(15,0)(15,1)(0,1)
Polygon:
(0,0)(14,0)(14,5)(0,5)
Polygon:
(0,0)(30,0)(30,9)(21,9)(21,2)(16,2)(16,17)(0,17)
Polygon:
(0,0)(27,0)(27,14)(21,14)(21,6)(3,6)(3,18)(0,18)
Polygon:
(0,0)(26,0)(26,18)(12,18)(12,33)(0,33)
Polygon:
(0,0)(15,0)(15,4)(0,4)
Polygon:
(0,0)(18,0)(18,10)(0,10)
Polygon:
(0,0)(13,0)(13,10)(0,10)
Polygon:
(0,0)(15,0)(15,10)(0,10)
Polygon:
(0,0)(35,0)(35,14)(27,14)(27,1)(9,1)(9,16)(0,16)
Polygon:
(0,0)(7,0)(7,11)(2,11)(2,6)(1,6)(1,8)(0,8)
Polygon:
(0,0)(18,0)(18,3)(5,3)(5,14)(0,14)
Polygon:
(0,0)(7,0)(7,14)(0,14)
Polygon:
(0,0)(17,0)(17,10)(3,10)(3,23)(0,23)
Polygon:
(0,0)(2,0)(2,11)(0,11)
Polygon:
(0,0)(5,0)(5,5)(0,5)
Polygon:
(0,0)(8,0)(8,14)(0,14)
Polygon:
(0,0)(17,0)(17,6)(0,6)
Polygon:
(0,0)(15,0)(15,6)(0,6)
