Polygon:
(0,0)(27,0)(27,28)(22,28)(22,29)(9,29)(9,18)(0,18)
Polygon:
(0,0)(16,0)(16,29)(6,29)(6,33)(2,33)(2,15)(0,15)
Polygon:
(0,0)(26,0)(26,8)(13,8)(13,17)(10,17)(10,13)(0,13)
Polygon:
(0,0)(13,0)(13,13)(10,13)(10,17)(6,17)(6,15)(0,15)
Polygon:
(0,0)(27,0)(27,9)(19,9)(19,20)(13,20)(13,8)(0,8)
Polygon:
(0,0)(27,0)(27,18)(18,18)(18,20)(7,20)(7,8)(0,8)
Polygon:
(0,0)(26,0)(26,9)(25,9)(25,24)(10,24)(10,18)(0,18)
Polygon:
(0,0)(23,0)(23,16)(16,16)(16,21)(7,21)(7,6)(0,6)
Polygon:
(0,0)(39,0)(39,19)(29,19)(29,21)(11,21)(11,9)(0,9)
Polygon:
(0,0)(27,0)(27,3)(18,3)(18,11)(6,11)(6,7)(0,7)
Polygon:
(0,0)(28,0)(28,12)(24,12)(24,20)(9,20)(9,6)(0,6)
Polygon:
(0,0)(37,0)(37,1)(21,1)(21,10)(16,10)(16,9)(0,9)
Polygon:
(0,0)(27,0)(27,5)(16,5)(16,11)(7,11)(7,1)(0,1)
Polygon:
(0,0)(18,0)(18,13)(15,13)(15,16)(10,16)(10,2)(0,2)
Polygon:
(0,0)(42,0)(42,32)(29,32)(29,34)(18,34)(18,16)(0,16)
Polygon:
(0,0)(22,0)(22,9)(20,9)(20,13)(18,13)(18,11)(0,11)
Polygon:
(0,0)(29,0)(29,15)(20,15)(20,16)(10,16)(10,3)(0,3)
Polygon:
(0,0)(26,0)(26,14)(13,14)(13,23)(2,23)(2,16)(0,16)
Polygon:
(0,0)(25,0)(25,12)(23,12)(23,15)(16,15)(16,4)(0,4)
Polygon:
(0,0)(31,0)(31,18)(15,18)(15,25)(5,25)(5,11)(0,11)
Polygon:
(0,0)(12,0)(12,8)(7,8)(7,16)(2,16)(2,1)(0,1)
Polygon:
(0,0)(34,0)(34,3)(31,3)(31,15)(13,15)(13,11)(0,11)
Polygon:
(0,0)(40,0)(40,7)(30,7)(30,17)(17,17)(17,7)(0,7)
Polygon:
(0,0)(37,0)(37,3)(25,3)(25,14)(17,14)(17,10)(0,10)
Polygon:
(0,0)(32,0)(32,9)(18,9)(18,22)(13,22)(13,6)(0,6)
Polygon:
(0,0)(40,0)(40,8)(25,8)(25,10)(11,10)(11,7)(0,7)
Polygon:
(0,0)(38,0)(38,5)(34,5)(34,8)(18,8)(18,5)(0,5)
Polygon:
(0,0)(25,0)(25,7)(21,7)(21,20)(13,20)(13,3)(0,3)
Polygon:
(0,0)(37,0)(37,7)(27,7)(27,22)(15,22)(15,6)(0,6)
Polygon:
(0,0)(24,0)(24,2)(17,2)(17,17)(5,17)(5,10)(0,10)
Polygon:
(0,0)(19,0)(19,7)(15,7)(15,10)(14,10)(14,2)(0,2)
Polygon:
(0,0)(37,0)(37,18)(24,18)(24,20)(6,20)(6,8)(0,8)
Polygon:
(0,0)(32,0)(32,8)(21,8)(21,17)(8,17)(8,11)(0,11)
Polygon:
(0,0)(36,0)(36,17)(19,17)(19,20)(1,20)(1,11)(0,11)
Polygon:
(0,0)(26,0)(26,5)(12,5)(12,11)(5,11)(5,3)(0,3)
Polygon:
(0,0)(11,0)(11,7)(7,7)(7,14)(6,14)(6,5)(0,5)
Polygon:
(0,0)(18,0)(18,15)(15,15)(15,16)(5,16)(5,4)(0,4)
Polygon:
(0,0)(24,0)(24,17)(15,17)(15,26)(13,26)(13,10)(0,10)
Polygon:
(0,0)(37,0)(37,14)(24,14)(24,16)(17,16)(17,14)(0,14)
Polygon:
(0,0)(27,0)(27,16)(21,16)(21,23)(5,23)(5,17)(0,17)
Polygon:
(0,0)(21,0)(21,18)(20,18)(20,22)(9,22)(9,17)(0,17)
Polygon:
(0,0)(16,0)(16,14)(13,14)(13,17)(4,17)(4,16)(0,16)
Polygon:
(0,0)(18,0)(18,3)(15,3)(15,17)(12,17)(12,16)(0,16)
Polygon:
(0,0)(20,0)(20,27)(10,27)(10,29)(9,29)(9,11)(0,11)
Polygon:
(0,0)(26,0)(26,2)(13,2)(13,16)(4,16)(4,9)(0,9)
Polygon:
(0,0)(22,0)(22,15)(16,15)(16,21)(15,21)(15,7)(0,7)
Polygon:
(0,0)(32,0)(32,25)(19,25)(19,28)(9,28)(9,11)(0,11)
Polygon:
(0,0)(29,0)(29,16)(14,16)(14,22)(1,22)(1,7)(0,7)
Polygon:
(0,0)(18,0)(18,21)(13,21)(13,29)(3,29)(3,16)(0,16)
Polygon:
(0,0)(15,0)(15,12)(11,12)(11,20)(9,20)(9,12)(0,12)
Polygon:
(0,0)(20,0)(20,11)(18,11)(18,12)(1,12)(1,5)(0,5)
Polygon:
(0,0)(41,0)(41,11)(24,11)(24,18)(13,18)(13,2)(0,2)
Polygon:
(0,0)(34,0)(34,21)(19,21)(19,22)(2,22)(2,4)(0,4)
Polygon:
(0,0)(43,0)(43,6)(26,6)(26,12)(13,12)(13,2)(0,2)
Polygon:
(0,0)(41,0)(41,18)(24,18)(24,23)(9,23)(9,15)(0,15)
Polygon:
(0,0)(25,0)(25,4)(20,4)(20,11)(11,11)(11,3)(0,3)
Polygon:
(0,0)(45,0)(45,8)(29,8)(29,11)(16,11)(16,3)(0,3)
Polygon:
(0,0)(34,0)(34,13)(17,13)(17,15)(11,15)(11,13)(0,13)
Polygon:
(0,0)(19,0)(19,21)(17,21)(17,22)(7,22)(7,18)(0,18)
Polygon:
(0,0)(34,0)(34,25)(17,25)(17,28)(15,28)(15,15)(0,15)
Polygon:
(0,0)(31,0)(31,20)(20,20)(20,21)(12,21)(12,4)(0,4)
Polygon:
(0,0)(32,0)(32,19)(31,19)(31,25)(14,25)(14,7)(0,7)
Polygon:
(0,0)(38,0)(38,6)(21,6)(21,22)(13,22)(13,5)(0,5)
Polygon:
(0,0)(20,0)(20,5)(16,5)(16,21)(11,21)(11,9)(0,9)
Polygon:
(0,0)(28,0)(28,7)(11,7)(11,24)(6,24)(6,17)(0,17)
Polygon:
(0,0)(11,0)(11,10)(9,10)(9,20)(1,20)(1,9)(0,9)
Polygon:
(0,0)(37,0)(37,10)(22,10)(22,13)(5,13)(5,12)(0,12)
Polygon:
(0,0)(31,0)(31,14)(16,14)(16,23)(6,23)(6,5)(0,5)
Polygon:
(0,0)(41,0)(41,5)(27,5)(27,22)(10,22)(10,12)(0,12)
Polygon:
(0,0)(32,0)(32,17)(16,17)(16,23)(4,23)(4,8)(0,8)
Polygon:
(0,0)(28,0)(28,7)(11,7)(11,21)(5,21)(5,17)(0,17)
Polygon:
(0,0)(15,0)(15,13)(4,13)(4,31)(1,31)(1,18)(0,18)
Polygon:
(0,0)(34,0)(34,15)(23,15)(23,21)(13,21)(13,16)(0,16)
Polygon:
(0,0)(16,0)(16,22)(5,22)(5,23)(1,23)(1,16)(0,16)
Polygon:
(0,0)(27,0)(27,17)(11,17)(11,24)(9,24)(9,9)(0,9)
Polygon:
(0,0)(24,0)(24,6)(23,6)(23,15)(17,15)(17,7)(0,7)
Polygon:
(0,0)(48,0)(48,3)(30,3)(30,14)(14,14)(14,2)(0,2)
Polygon:
(0,0)(35,0)(35,23)(22,23)(22,26)(8,26)(8,16)(0,16)
Polygon:
(0,0)(32,0)(32,7)(23,7)(23,17)(9,17)(9,3)(0,3)
Polygon:
(0,0)(27,0)(27,6)(11,6)(11,17)(9,17)(9,2)(0,2)
Polygon:
(0,0)(32,0)(32,11)(23,11)(23,24)(18,24)(18,11)(0,11)
Polygon:
(0,0)(30,0)(30,7)(12,7)(12,19)(2,19)(2,17)(0,17)
Polygon:
(0,0)(40,0)(40,9)(28,9)(28,22)(17,22)(17,8)(0,8)
Polygon:
(0,0)(33,0)(33,10)(22,10)(22,24)(9,24)(9,14)(0,14)
Polygon:
(0,0)(29,0)(29,10)(21,10)(21,26)(8,26)(8,15)(0,15)
Polygon:
(0,0)(11,0)(11,10)(7,10)(7,21)(2,21)(2,18)(0,18)
Polygon:
(0,0)(39,0)(39,8)(27,8)(27,21)(12,21)(12,7)(0,7)
Polygon:
(0,0)(33,0)(33,13)(17,13)(17,14)(6,14)(6,2)(0,2)
Polygon:
(0,0)(32,0)(32,15)(23,15)(23,23)(16,23)(16,17)(0,17)
Polygon:
(0,0)(37,0)(37,10)(19,10)(19,14)(13,14)(13,8)(0,8)
Polygon:
(0,0)(24,0)(24,3)(12,3)(12,15)(6,15)(6,3)(0,3)
Polygon:
(0,0)(44,0)(44,2)(27,2)(27,17)(12,17)(12,8)(0,8)
Polygon:
(0,0)(36,0)(36,11)(22,11)(22,17)(18,17)(18,7)(0,7)
Polygon:
(0,0)(28,0)(28,25)(21,25)(21,31)(15,31)(15,18)(0,18)
Polygon:
(0,0)(21,0)(21,4)(18,4)(18,21)(12,21)(12,18)(0,18)
Polygon:
(0,0)(12,0)(12,13)(9,13)(9,21)(4,21)(4,12)(0,12)
Polygon:
(0,0)(24,0)(24,30)(12,30)(12,34)(8,34)(8,17)(0,17)
Polygon:
(0,0)(27,0)(27,9)(15,9)(15,11)(7,11)(7,9)(0,9)
Polygon:
(0,0)(22,0)(22,28)(11,28)(11,32)(7,32)(7,14)(0,14)
Polygon:
(0,0)(22,0)(22,7)(10,7)(10,17)(4,17)(4,7)(0,7)
Polygon:
(0,0)(12,0)(12,10)(9,10)(9,17)(7,17)(7,7)(0,7)
Polygon:
(0,0)(33,0)(33,9)(25,9)(25,22)(14,22)(14,18)(0,18)
Polygon:
(0,0)(24,0)(24,1)(21,1)(21,14)(15,14)(15,12)(0,12)
Polygon:
(0,0)(18,0)(18,11)(16,11)(16,19)(5,19)(5,18)(0,18)
Polygon:
(0,0)(21,0)(21,17)(8,17)(8,22)(2,22)(2,7)(0,7)
Polygon:
(0,0)(10,0)(10,14)(8,14)(8,23)(3,23)(3,11)(0,11)
Polygon:
(0,0)(34,0)(34,14)(27,14)(27,19)(16,19)(16,6)(0,6)
Polygon:
(0,0)(41,0)(41,14)(27,14)(27,19)(13,19)(13,1)(0,1)
Polygon:
(0,0)(29,0)(29,1)(12,1)(12,14)(6,14)(6,8)(0,8)
Polygon:
(0,0)(28,0)(28,14)(17,14)(17,22)(11,22)(11,8)(0,8)
Polygon:
(0,0)(30,0)(30,21)(26,21)(26,27)(14,27)(14,14)(0,14)
Polygon:
(0,0)(29,0)(29,14)(21,14)(21,27)(17,27)(17,13)(0,13)
Polygon:
(0,0)(22,0)(22,1)(16,1)(16,10)(14,10)(14,6)(0,6)
Polygon:
(0,0)(30,0)(30,7)(13,7)(13,9)(9,9)(9,8)(0,8)
Polygon:
(0,0)(13,0)(13,10)(3,10)(3,19)(1,19)(1,10)(0,10)
Polygon:
(0,0)(35,0)(35,8)(19,8)(19,25)(10,25)(10,18)(0,18)
Polygon:
(0,0)(29,0)(29,11)(21,11)(21,20)(17,20)(17,9)(0,9)
Polygon:
(0,0)(36,0)(36,4)(28,4)(28,22)(12,22)(12,12)(0,12)
Polygon:
(0,0)(26,0)(26,30)(18,30)(18,34)(15,34)(15,16)(0,16)
Polygon:
(0,0)(32,0)(32,22)(22,22)(22,28)(6,28)(6,12)(0,12)
Polygon:
(0,0)(25,0)(25,21)(13,21)(13,30)(7,30)(7,14)(0,14)
Polygon:
(0,0)(37,0)(37,7)(22,7)(22,12)(8,12)(8,1)(0,1)
Polygon:
(0,0)(32,0)(32,19)(26,19)(26,24)(17,24)(17,9)(0,9)
Polygon:
(0,0)(23,0)(23,11)(16,11)(16,17)(8,17)(8,16)(0,16)
Polygon:
(0,0)(20,0)(20,11)(17,11)(17,25)(8,25)(8,7)(0,7)
Polygon:
(0,0)(33,0)(33,20)(20,20)(20,21)(12,21)(12,7)(0,7)
Polygon:
(0,0)(19,0)(19,22)(17,22)(17,23)(2,23)(2,8)(0,8)
Polygon:
(0,0)(15,0)(15,22)(7,22)(7,34)(2,34)(2,18)(0,18)
Polygon:
(0,0)(30,0)(30,9)(15,9)(15,16)(8,16)(8,13)(0,13)
Polygon:
(0,0)(30,0)(30,17)(18,17)(18,18)(5,18)(5,7)(0,7)
Polygon:
(0,0)(27,0)(27,7)(13,7)(13,13)(7,13)(7,5)(0,5)
Polygon:
(0,0)(27,0)(27,2)(18,2)(18,17)(14,17)(14,5)(0,5)
Polygon:
(0,0)(33,0)(33,3)(16,3)(16,21)(4,21)(4,15)(0,15)
Polygon:
(0,0)(28,0)(28,15)(27,15)(27,30)(13,30)(13,17)(0,17)
Polygon:
(0,0)(27,0)(27,1)(15,1)(15,11)(12,11)(12,3)(0,3)
Polygon:
(0,0)(26,0)(26,15)(17,15)(17,27)(10,27)(10,9)(0,9)
Polygon:
(0,0)(42,0)(42,30)(29,30)(29,31)(18,31)(18,13)(0,13)
Polygon:
(0,0)(35,0)(35,16)(27,16)(27,20)(14,20)(14,8)(0,8)
Polygon:
(0,0)(30,0)(30,18)(26,18)(26,21)(18,21)(18,9)(0,9)
Polygon:
(0,0)(34,0)(34,18)(21,18)(21,19)(6,19)(6,5)(0,5)
Polygon:
(0,0)(25,0)(25,6)(21,6)(21,20)(18,20)(18,12)(0,12)
Polygon:
(0,0)(27,0)(27,5)(9,5)(9,12)(8,12)(8,2)(0,2)
Polygon:
(0,0)(33,0)(33,15)(20,15)(20,21)(17,21)(17,8)(0,8)
Polygon:
(0,0)(29,0)(29,5)(22,5)(22,11)(6,11)(6,5)(0,5)
Polygon:
(0,0)(35,0)(35,17)(23,17)(23,19)(15,19)(15,5)(0,5)
Polygon:
(0,0)(36,0)(36,3)(18,3)(18,20)(1,20)(1,4)(0,4)
Polygon:
(0,0)(27,0)(27,10)(19,10)(19,14)(16,14)(16,6)(0,6)
Polygon:
(0,0)(31,0)(31,20)(23,20)(23,21)(10,21)(10,4)(0,4)
Polygon:
(0,0)(28,0)(28,16)(20,16)(20,32)(16,32)(16,16)(0,16)
Polygon:
(0,0)(23,0)(23,3)(10,3)(10,21)(5,21)(5,12)(0,12)
Polygon:
(0,0)(19,0)(19,5)(3,5)(3,22)(1,22)(1,15)(0,15)
Polygon:
(0,0)(28,0)(28,18)(18,18)(18,26)(13,26)(13,10)(0,10)
Polygon:
(0,0)(36,0)(36,5)(26,5)(26,10)(18,10)(18,8)(0,8)
Polygon:
(0,0)(33,0)(33,3)(29,3)(29,6)(15,6)(15,4)(0,4)
Polygon:
(0,0)(33,0)(33,8)(20,8)(20,16)(9,16)(9,12)(0,12)
Polygon:
(0,0)(18,0)(18,20)(12,20)(12,24)(6,24)(6,9)(0,9)
Polygon:
(0,0)(31,0)(31,13)(19,13)(19,20)(6,20)(6,5)(0,5)
Polygon:
(0,0)(34,0)(34,7)(21,7)(21,19)(8,19)(8,18)(0,18)
Polygon:
(0,0)(28,0)(28,22)(25,22)(25,34)(11,34)(11,16)(0,16)
Polygon:
(0,0)(38,0)(38,27)(24,27)(24,28)(10,28)(10,10)(0,10)
Polygon:
(0,0)(12,0)(12,20)(9,20)(9,24)(7,24)(7,6)(0,6)
Polygon:
(0,0)(24,0)(24,2)(22,2)(22,12)(12,12)(12,6)(0,6)
Polygon:
(0,0)(42,0)(42,9)(29,9)(29,20)(15,20)(15,12)(0,12)
Polygon:
(0,0)(40,0)(40,7)(26,7)(26,25)(13,25)(13,11)(0,11)
Polygon:
(0,0)(23,0)(23,22)(21,22)(21,23)(15,23)(15,8)(0,8)
Polygon:
(0,0)(25,0)(25,21)(13,21)(13,23)(5,23)(5,16)(0,16)
Polygon:
(0,0)(39,0)(39,32)(22,32)(22,35)(13,35)(13,18)(0,18)
Polygon:
(0,0)(42,0)(42,7)(24,7)(24,24)(9,24)(9,15)(0,15)
Polygon:
(0,0)(19,0)(19,15)(16,15)(16,19)(11,19)(11,10)(0,10)
Polygon:
(0,0)(13,0)(13,10)(11,10)(11,12)(10,12)(10,5)(0,5)
Polygon:
(0,0)(20,0)(20,13)(15,13)(15,22)(9,22)(9,4)(0,4)
Polygon:
(0,0)(11,0)(11,4)(7,4)(7,15)(4,15)(4,14)(0,14)
Polygon:
(0,0)(33,0)(33,15)(28,15)(28,25)(18,25)(18,8)(0,8)
Polygon:
(0,0)(27,0)(27,18)(24,18)(24,34)(10,34)(10,17)(0,17)
Polygon:
(0,0)(44,0)(44,9)(26,9)(26,13)(13,13)(13,1)(0,1)
Polygon:
(0,0)(40,0)(40,14)(28,14)(28,22)(12,22)(12,5)(0,5)
Polygon:
(0,0)(34,0)(34,19)(28,19)(28,21)(16,21)(16,3)(0,3)
Polygon:
(0,0)(29,0)(29,6)(15,6)(15,7)(9,7)(9,3)(0,3)
Polygon:
(0,0)(28,0)(28,15)(24,15)(24,19)(7,19)(7,8)(0,8)
Polygon:
(0,0)(44,0)(44,2)(29,2)(29,11)(16,11)(16,2)(0,2)
Polygon:
(0,0)(22,0)(22,10)(15,10)(15,22)(12,22)(12,14)(0,14)
Polygon:
(0,0)(25,0)(25,21)(14,21)(14,22)(13,22)(13,8)(0,8)
Polygon:
(0,0)(32,0)(32,5)(29,5)(29,13)(16,13)(16,1)(0,1)
Polygon:
(0,0)(26,0)(26,23)(19,23)(19,26)(1,26)(1,9)(0,9)
Polygon:
(0,0)(24,0)(24,17)(23,17)(23,20)(10,20)(10,5)(0,5)
Polygon:
(0,0)(28,0)(28,21)(19,21)(19,31)(10,31)(10,16)(0,16)
Polygon:
(0,0)(39,0)(39,5)(27,5)(27,15)(17,15)(17,1)(0,1)
Polygon:
(0,0)(39,0)(39,3)(22,3)(22,16)(4,16)(4,7)(0,7)
Polygon:
(0,0)(32,0)(32,6)(19,6)(19,18)(12,18)(12,1)(0,1)
Polygon:
(0,0)(37,0)(37,4)(20,4)(20,14)(4,14)(4,7)(0,7)
Polygon:
(0,0)(29,0)(29,23)(15,23)(15,24)(1,24)(1,11)(0,11)
Polygon:
(0,0)(12,0)(12,10)(8,10)(8,23)(3,23)(3,12)(0,12)
Polygon:
(0,0)(18,0)(18,2)(9,2)(9,15)(2,15)(2,2)(0,2)
Polygon:
(0,0)(17,0)(17,12)(13,12)(13,15)(11,15)(11,2)(0,2)
Polygon:
(0,0)(43,0)(43,11)(28,11)(28,13)(13,13)(13,7)(0,7)
Polygon:
(0,0)(36,0)(36,23)(27,23)(27,26)(11,26)(11,11)(0,11)
Polygon:
(0,0)(28,0)(28,9)(16,9)(16,23)(4,23)(4,12)(0,12)
Polygon:
(0,0)(27,0)(27,6)(19,6)(19,20)(14,20)(14,14)(0,14)
Polygon:
(0,0)(35,0)(35,17)(26,17)(26,20)(17,20)(17,3)(0,3)
Polygon:
(0,0)(40,0)(40,17)(26,17)(26,20)(14,20)(14,2)(0,2)
Polygon:
(0,0)(27,0)(27,15)(10,15)(10,17)(1,17)(1,10)(0,10)
Polygon:
(0,0)(35,0)(35,11)(30,11)(30,13)(13,13)(13,5)(0,5)
Polygon:
(0,0)(26,0)(26,14)(19,14)(19,24)(17,24)(17,6)(0,6)
Polygon:
(0,0)(42,0)(42,19)(25,19)(25,24)(15,24)(15,9)(0,9)
Polygon:
(0,0)(27,0)(27,8)(23,8)(23,23)(9,23)(9,16)(0,16)
Polygon:
(0,0)(22,0)(22,3)(4,3)(4,19)(3,19)(3,14)(0,14)
Polygon:
(0,0)(21,0)(21,10)(5,10)(5,21)(3,21)(3,3)(0,3)
Polygon:
(0,0)(19,0)(19,16)(7,16)(7,32)(6,32)(6,16)(0,16)
Polygon:
(0,0)(31,0)(31,16)(22,16)(22,28)(15,28)(15,13)(0,13)
Polygon:
(0,0)(43,0)(43,13)(33,13)(33,16)(18,16)(18,9)(0,9)
Polygon:
(0,0)(37,0)(37,9)(30,9)(30,24)(16,24)(16,10)(0,10)
Polygon:
(0,0)(28,0)(28,11)(18,11)(18,18)(16,18)(16,16)(0,16)
Polygon:
(0,0)(26,0)(26,7)(17,7)(17,23)(13,23)(13,16)(0,16)
Polygon:
(0,0)(35,0)(35,24)(24,24)(24,25)(16,25)(16,11)(0,11)
Polygon:
(0,0)(37,0)(37,1)(23,1)(23,18)(17,18)(17,17)(0,17)
Polygon:
(0,0)(27,0)(27,17)(20,17)(20,21)(3,21)(3,6)(0,6)
Polygon:
(0,0)(41,0)(41,34)(31,34)(31,35)(17,35)(17,18)(0,18)
Polygon:
(0,0)(35,0)(35,8)(27,8)(27,13)(10,13)(10,8)(0,8)
Polygon:
(0,0)(34,0)(34,16)(31,16)(31,27)(18,27)(18,18)(0,18)
Polygon:
(0,0)(23,0)(23,1)(22,1)(22,14)(11,14)(11,12)(0,12)
Polygon:
(0,0)(19,0)(19,22)(15,22)(15,29)(8,29)(8,11)(0,11)
Polygon:
(0,0)(25,0)(25,5)(21,5)(21,17)(16,17)(16,11)(0,11)
Polygon:
(0,0)(27,0)(27,13)(10,13)(10,20)(6,20)(6,16)(0,16)
Polygon:
(0,0)(25,0)(25,19)(18,19)(18,26)(1,26)(1,9)(0,9)
Polygon:
(0,0)(17,0)(17,12)(14,12)(14,14)(1,14)(1,2)(0,2)
Polygon:
(0,0)(12,0)(12,16)(8,16)(8,21)(5,21)(5,5)(0,5)
Polygon:
(0,0)(22,0)(22,17)(20,17)(20,21)(7,21)(7,10)(0,10)
Polygon:
(0,0)(35,0)(35,2)(27,2)(27,11)(13,11)(13,7)(0,7)
Polygon:
(0,0)(31,0)(31,3)(25,3)(25,15)(16,15)(16,6)(0,6)
Polygon:
(0,0)(37,0)(37,9)(28,9)(28,11)(13,11)(13,3)(0,3)
Polygon:
(0,0)(41,0)(41,14)(29,14)(29,20)(17,20)(17,4)(0,4)
Polygon:
(0,0)(17,0)(17,11)(14,11)(14,19)(13,19)(13,4)(0,4)
Polygon:
(0,0)(24,0)(24,12)(18,12)(18,19)(17,19)(17,7)(0,7)
Polygon:
(0,0)(42,0)(42,18)(32,18)(32,27)(17,27)(17,17)(0,17)
Polygon:
(0,0)(36,0)(36,16)(27,16)(27,18)(13,18)(13,10)(0,10)
Polygon:
(0,0)(40,0)(40,2)(36,2)(36,11)(18,11)(18,3)(0,3)
Polygon:
(0,0)(22,0)(22,6)(20,6)(20,17)(9,17)(9,14)(0,14)
Polygon:
(0,0)(31,0)(31,11)(18,11)(18,20)(10,20)(10,4)(0,4)
Polygon:
(0,0)(22,0)(22,7)(16,7)(16,21)(3,21)(3,15)(0,15)
Polygon:
(0,0)(49,0)(49,14)(31,14)(31,24)(15,24)(15,6)(0,6)
Polygon:
(0,0)(21,0)(21,10)(17,10)(17,23)(2,23)(2,10)(0,10)
Polygon:
(0,0)(38,0)(38,13)(29,13)(29,17)(12,17)(12,4)(0,4)
Polygon:
(0,0)(25,0)(25,17)(18,17)(18,29)(10,29)(10,12)(0,12)
Polygon:
(0,0)(39,0)(39,4)(21,4)(21,16)(16,16)(16,10)(0,10)
Polygon:
(0,0)(36,0)(36,10)(28,10)(28,26)(11,26)(11,14)(0,14)
Polygon:
(0,0)(28,0)(28,3)(23,3)(23,17)(6,17)(6,6)(0,6)
Polygon:
(0,0)(11,0)(11,22)(6,22)(6,28)(1,28)(1,10)(0,10)
Polygon:
(0,0)(42,0)(42,18)(26,18)(26,22)(12,22)(12,12)(0,12)
Polygon:
(0,0)(15,0)(15,17)(7,17)(7,22)(3,22)(3,12)(0,12)
Polygon:
(0,0)(31,0)(31,29)(14,29)(14,32)(4,32)(4,14)(0,14)
Polygon:
(0,0)(25,0)(25,1)(18,1)(18,19)(7,19)(7,2)(0,2)
Polygon:
(0,0)(48,0)(48,22)(34,22)(34,26)(16,26)(16,9)(0,9)
Polygon:
(0,0)(24,0)(24,18)(11,18)(11,32)(5,32)(5,15)(0,15)
Polygon:
(0,0)(30,0)(30,8)(29,8)(29,19)(14,19)(14,4)(0,4)
Polygon:
(0,0)(22,0)(22,7)(19,7)(19,23)(4,23)(4,7)(0,7)
Polygon:
(0,0)(33,0)(33,23)(24,23)(24,26)(12,26)(12,11)(0,11)
Polygon:
(0,0)(26,0)(26,3)(17,3)(17,11)(15,11)(15,1)(0,1)
Polygon:
(0,0)(33,0)(33,19)(18,19)(18,20)(1,20)(1,12)(0,12)
Polygon:
(0,0)(45,0)(45,8)(31,8)(31,21)(16,21)(16,13)(0,13)
Polygon:
(0,0)(25,0)(25,10)(12,10)(12,12)(8,12)(8,3)(0,3)
Polygon:
(0,0)(25,0)(25,6)(15,6)(15,18)(5,18)(5,1)(0,1)
Polygon:
(0,0)(43,0)(43,23)(26,23)(26,28)(14,28)(14,16)(0,16)
Polygon:
(0,0)(32,0)(32,17)(26,17)(26,23)(16,23)(16,5)(0,5)
Polygon:
(0,0)(27,0)(27,7)(11,7)(11,14)(7,14)(7,9)(0,9)
Polygon:
(0,0)(22,0)(22,1)(13,1)(13,17)(9,17)(9,7)(0,7)
Polygon:
(0,0)(10,0)(10,8)(6,8)(6,21)(5,21)(5,8)(0,8)
Polygon:
(0,0)(22,0)(22,7)(15,7)(15,22)(11,22)(11,14)(0,14)
Polygon:
(0,0)(18,0)(18,17)(5,17)(5,19)(2,19)(2,2)(0,2)
Polygon:
(0,0)(30,0)(30,25)(13,25)(13,30)(6,30)(6,13)(0,13)
Polygon:
(0,0)(24,0)(24,16)(10,16)(10,24)(6,24)(6,11)(0,11)
Polygon:
(0,0)(31,0)(31,2)(29,2)(29,10)(13,10)(13,1)(0,1)
Polygon:
(0,0)(18,0)(18,21)(11,21)(11,27)(3,27)(3,14)(0,14)
Polygon:
(0,0)(35,0)(35,9)(17,9)(17,15)(12,15)(12,1)(0,1)
Polygon:
(0,0)(37,0)(37,6)(27,6)(27,11)(9,11)(9,2)(0,2)
Polygon:
(0,0)(27,0)(27,16)(18,16)(18,21)(15,21)(15,4)(0,4)
Polygon:
(0,0)(41,0)(41,10)(29,10)(29,17)(11,17)(11,2)(0,2)
Polygon:
(0,0)(37,0)(37,9)(21,9)(21,26)(13,26)(13,15)(0,15)
Polygon:
(0,0)(36,0)(36,12)(30,12)(30,19)(17,19)(17,2)(0,2)
Polygon:
(0,0)(33,0)(33,28)(26,28)(26,32)(16,32)(16,14)(0,14)
Polygon:
(0,0)(30,0)(30,2)(17,2)(17,10)(7,10)(7,1)(0,1)
Polygon:
(0,0)(27,0)(27,8)(9,8)(9,18)(3,18)(3,4)(0,4)
Polygon:
(0,0)(25,0)(25,17)(7,17)(7,23)(5,23)(5,6)(0,6)
Polygon:
(0,0)(23,0)(23,18)(19,18)(19,19)(1,19)(1,3)(0,3)
Polygon:
(0,0)(39,0)(39,7)(27,7)(27,9)(17,9)(17,2)(0,2)
Polygon:
(0,0)(8,0)(8,10)(4,10)(4,22)(1,22)(1,17)(0,17)
Polygon:
(0,0)(30,0)(30,17)(15,17)(15,27)(14,27)(14,17)(0,17)
Polygon:
(0,0)(15,0)(15,14)(14,14)(14,23)(2,23)(2,5)(0,5)
Polygon:
(0,0)(38,0)(38,9)(31,9)(31,15)(17,15)(17,6)(0,6)
Polygon:
(0,0)(39,0)(39,16)(22,16)(22,22)(12,22)(12,4)(0,4)
Polygon:
(0,0)(45,0)(45,20)(31,20)(31,28)(16,28)(16,17)(0,17)
Polygon:
(0,0)(41,0)(41,18)(32,18)(32,22)(17,22)(17,16)(0,16)
Polygon:
(0,0)(14,0)(14,21)(13,21)(13,24)(10,24)(10,10)(0,10)
Polygon:
(0,0)(32,0)(32,11)(17,11)(17,20)(10,20)(10,3)(0,3)
Polygon:
(0,0)(36,0)(36,4)(21,4)(21,16)(9,16)(9,2)(0,2)
Polygon:
(0,0)(21,0)(21,16)(15,16)(15,22)(10,22)(10,9)(0,9)
Polygon:
(0,0)(13,0)(13,7)(5,7)(5,19)(1,19)(1,3)(0,3)
Polygon:
(0,0)(36,0)(36,19)(24,19)(24,20)(12,20)(12,8)(0,8)
Polygon:
(0,0)(49,0)(49,12)(36,12)(36,24)(18,24)(18,13)(0,13)
Polygon:
(0,0)(16,0)(16,23)(15,23)(15,25)(1,25)(1,18)(0,18)
Polygon:
(0,0)(13,0)(13,12)(12,12)(12,19)(2,19)(2,13)(0,13)
Polygon:
(0,0)(28,0)(28,6)(19,6)(19,23)(10,23)(10,9)(0,9)
Polygon:
(0,0)(13,0)(13,19)(12,19)(12,23)(8,23)(8,12)(0,12)
Polygon:
(0,0)(36,0)(36,21)(22,21)(22,30)(9,30)(9,13)(0,13)
Polygon:
(0,0)(13,0)(13,4)(12,4)(12,10)(5,10)(5,8)(0,8)
Polygon:
(0,0)(22,0)(22,10)(15,10)(15,15)(10,15)(10,8)(0,8)
Polygon:
(0,0)(16,0)(16,21)(10,21)(10,26)(2,26)(2,10)(0,10)
Polygon:
(0,0)(17,0)(17,7)(16,7)(16,23)(8,23)(8,11)(0,11)
Polygon:
(0,0)(8,0)(8,13)(5,13)(5,28)(1,28)(1,14)(0,14)
Polygon:
(0,0)(32,0)(32,3)(14,3)(14,18)(4,18)(4,4)(0,4)
Polygon:
(0,0)(44,0)(44,20)(31,20)(31,30)(13,30)(13,18)(0,18)
Polygon:
(0,0)(41,0)(41,14)(26,14)(26,18)(16,18)(16,3)(0,3)
Polygon:
(0,0)(35,0)(35,18)(20,18)(20,19)(7,19)(7,2)(0,2)
Polygon:
(0,0)(14,0)(14,14)(9,14)(9,22)(3,22)(3,14)(0,14)
Polygon:
(0,0)(23,0)(23,14)(7,14)(7,21)(4,21)(4,8)(0,8)
Polygon:
(0,0)(14,0)(14,4)(12,4)(12,14)(10,14)(10,8)(0,8)
Polygon:
(0,0)(25,0)(25,14)(10,14)(10,15)(2,15)(2,5)(0,5)
Polygon:
(0,0)(31,0)(31,6)(27,6)(27,20)(17,20)(17,4)(0,4)
Polygon:
(0,0)(29,0)(29,9)(20,9)(20,25)(18,25)(18,18)(0,18)
Polygon:
(0,0)(24,0)(24,7)(18,7)(18,22)(4,22)(4,15)(0,15)
Polygon:
(0,0)(30,0)(30,12)(20,12)(20,18)(2,18)(2,3)(0,3)
Polygon:
(0,0)(16,0)(16,4)(0,4)
Polygon:
(0,0)(27,0)(27,20)(18,20)(18,6)(7,6)(7,7)(0,7)
Polygon:
(0,0)(15,0)(15,2)(0,2)
Polygon:
(0,0)(17,0)(17,17)(8,17)(8,23)(0,23)
Polygon:
(0,0)(27,0)(27,11)(23,11)(23,3)(13,3)(13,11)(0,11)
Polygon:
(0,0)(6,0)(6,2)(0,2)
Polygon:
(0,0)(8,0)(8,6)(0,6)
Polygon:
(0,0)(19,0)(19,16)(9,16)(9,20)(0,20)
Polygon:
(0,0)(7,0)(7,5)(0,5)
Polygon:
(0,0)(9,0)(9,4)(0,4)
Polygon:
(0,0)(8,0)(8,10)(1,10)(1,21)(0,21)
Polygon:
(0,0)(8,0)(8,2)(0,2)
Polygon:
(0,0)(34,0)(34,28)(19,28)(19,14)(15,14)(15,18)(0,18)
Polygon:
(0,0)(23,0)(23,10)(18,10)(18,7)(8,7)(8,11)(0,11)
Polygon:
(0,0)(17,0)(17,9)(0,9)
Polygon:
(0,0)(16,0)(16,14)(0,14)
Polygon:
(0,0)(5,0)(5,14)(0,14)
Polygon:
(0,0)(23,0)(23,18)(8,18)(8,20)(0,20)
Polygon:
(0,0)(17,0)(17,16)(0,16)
Polygon:
(0,0)(21,0)(21,4)(13,4)(13,14)(0,14)
Polygon:
(0,0)(30,0)(30,14)(18,14)(18,18)(0,18)
Polygon:
(0,0)(1,0)(1,4)(0,4)
Polygon:
(0,0)(38,0)(38,12)(20,12)(20,7)(14,7)(14,10)(0,10)
Polygon:
(0,0)(31,0)(31,11)(13,11)(13,21)(0,21)
Polygon:
(0,0)(26,0)(26,15)(9,15)(9,1)(3,1)(3,4)(0,4)
Polygon:
(0,0)(30,0)(30,5)(13,5)(13,10)(0,10)
Polygon:
(0,0)(10,0)(10,15)(1,15)(1,18)(0,18)
Polygon:
(0,0)(11,0)(11,15)(0,15)
Polygon:
(0,0)(32,0)(32,6)(18,6)(18,17)(0,17)
Polygon:
(0,0)(6,0)(6,9)(0,9)
Polygon:
(0,0)(4,0)(4,3)(0,3)
Polygon:
(0,0)(23,0)(23,2)(7,2)(7,10)(0,10)
Polygon:
(0,0)(18,0)(18,3)(0,3)
Polygon:
(0,0)(12,0)(12,16)(0,16)
Polygon:
(0,0)(10,0)(10,2)(0,2)
Polygon:
(0,0)(11,0)(11,1)(8,1)(8,19)(0,19)
Polygon:
(0,0)(31,0)(31,7)(18,7)(18,4)(3,4)(3,14)(0,14)
Polygon:
(0,0)(3,0)(3,11)(0,11)
Polygon:
(0,0)(3,0)(3,1)(0,1)
Polygon:
(0,0)(9,0)(9,15)(0,15)
Polygon:
(0,0)(13,0)(13,16)(0,16)
Polygon:
(0,0)(16,0)(16,12)(3,12)(3,20)(0,20)
Polygon:
(0,0)(6,0)(6,8)(0,8)
Polygon:
(0,0)(21,0)(21,13)(5,13)(5,27)(0,27)
Polygon:
(0,0)(24,0)(24,2)(11,2)(11,10)(0,10)
Polygon:
(0,0)(22,0)(22,16)(15,16)(15,33)(0,33)
Polygon:
(0,0)(18,0)(18,10)(0,10)
Polygon:
(0,0)(39,0)(39,5)(30,5)(30,1)(17,1)(17,12)(0,12)
Polygon:
(0,0)(3,0)(3,7)(0,7)
Polygon:
(0,0)(34,0)(34,20)(16,20)(16,9)(3,9)(3,13)(0,13)
Polygon:
(0,0)(6,0)(6,3)(0,3)
Polygon:
(0,0)(3,0)(3,17)(0,17)
Polygon:
(0,0)(23,0)(23,19)(15,19)(15,3)(2,3)(2,12)(0,12)
Polygon:
(0,0)(16,0)(16,10)(13,10)(13,1)(1,1)(1,5)(0,5)
Polygon:
(0,0)(18,0)(18,2)(0,2)
Polygon:
(0,0)(22,0)(22,6)(11,6)(11,24)(0,24)
Polygon:
(0,0)(1,0)(1,7)(0,7)
Polygon:
(0,0)(13,0)(13,4)(0,4)
Polygon:
(0,0)(17,0)(17,12)(0,12)
Polygon:
(0,0)(8,0)(8,12)(7,12)(7,28)(0,28)
Polygon:
(0,0)(3,0)(3,6)(0,6)
Polygon:
(0,0)(18,0)(18,18)(0,18)
Polygon:
(0,0)(17,0)(17,8)(0,8)
Polygon:
(0,0)(13,0)(13,11)(4,11)(4,14)(0,14)
Polygon:
(0,0)(11,0)(11,3)(0,3)
Polygon:
(0,0)(22,0)(22,15)(7,15)(7,29)(0,29)
Polygon:
(0,0)(3,0)(3,12)(2,12)(2,28)(0,28)
Polygon:
(0,0)(6,0)(6,8)(1,8)(1,14)(0,14)
Polygon:
(0,0)(1,0)(1,3)(0,3)
Polygon:
(0,0)(30,0)(30,12)(15,12)(15,26)(0,26)
Polygon:
(0,0)(11,0)(11,10)(0,10)
Polygon:
(0,0)(11,0)(11,12)(0,12)
Polygon:
(0,0)(26,0)(26,11)(8,11)(8,9)(3,9)(3,14)(0,14)
Polygon:
(0,0)(13,0)(13,8)(0,8)
Polygon:
(0,0)(13,0)(13,16)(0,16)
Polygon:
(0,0)(15,0)(15,10)(7,10)(7,9)(1,9)(1,18)(0,18)
Polygon:
(0,0)(1,0)(1,5)(0,5)
Polygon:
(0,0)(28,0)(28,5)(11,5)(11,23)(0,23)
Polygon:
(0,0)(4,0)(4,2)(0,2)
Polygon:
(0,0)(37,0)(37,28)(24,28)(24,14)(6,14)(6,18)(0,18)
