Polygon:
(0,0)(40,0)(40,16)(27,16)(27,25)(16,25)(16,8)(0,8)
Polygon:
(0,0)(30,0)(30,17)(29,17)(29,21)(12,21)(12,10)(0,10)
Polygon:
(0,0)(25,0)(25,9)(16,9)(16,16)(8,16)(8,15)(0,15)
Polygon:
(0,0)(39,0)(39,19)(35,19)(35,22)(18,22)(18,10)(0,10)
Polygon:
(0,0)(19,0)(19,7)(16,7)(16,14)(9,14)(9,11)(0,11)
Polygon:
(0,0)(42,0)(42,6)(36,6)(36,20)(18,20)(18,16)(0,16)
Polygon:
(0,0)(32,0)(32,13)(19,13)(19,18)(10,18)(10,15)(0,15)
Polygon:
(0,0)(34,0)(34,24)(30,24)(30,25)(14,25)(14,12)(0,12)
Polygon:
(0,0)(45,0)(45,3)(29,3)(29,8)(15,8)(15,2)(0,2)
Polygon:
(0,0)(45,0)(45,9)(30,9)(30,21)(17,21)(17,17)(0,17)
Polygon:
(0,0)(22,0)(22,7)(9,7)(9,10)(6,10)(6,3)(0,3)
Polygon:
(0,0)(35,0)(35,17)(32,17)(32,22)(17,22)(17,10)(0,10)
Polygon:
(0,0)(23,0)(23,15)(21,15)(21,32)(6,32)(6,15)(0,15)
Polygon:
(0,0)(48,0)(48,5)(34,5)(34,18)(18,18)(18,13)(0,13)
Polygon:
(0,0)(48,0)(48,23)(32,23)(32,31)(14,31)(14,18)(0,18)
Polygon:
(0,0)(39,0)(39,12)(23,12)(23,28)(17,28)(17,11)(0,11)
Polygon:
(0,0)(31,0)(31,16)(13,16)(13,20)(12,20)(12,9)(0,9)
Polygon:
(0,0)(31,0)(31,12)(24,12)(24,25)(12,25)(12,12)(0,12)
Polygon:
(0,0)(35,0)(35,1)(22,1)(22,19)(12,19)(12,5)(0,5)
Polygon:
(0,0)(37,0)(37,19)(28,19)(28,22)(15,22)(15,15)(0,15)
Polygon:
(0,0)(22,0)(22,17)(19,17)(19,19)(16,19)(16,7)(0,7)
Polygon:
(0,0)(20,0)(20,2)(14,2)(14,13)(6,13)(6,5)(0,5)
Polygon:
(0,0)(15,0)(15,1)(5,1)(5,19)(4,19)(4,15)(0,15)
Polygon:
(0,0)(31,0)(31,17)(15,17)(15,28)(10,28)(10,12)(0,12)
Polygon:
(0,0)(36,0)(36,14)(18,14)(18,17)(11,17)(11,14)(0,14)
Polygon:
(0,0)(33,0)(33,5)(27,5)(27,17)(16,17)(16,11)(0,11)
Polygon:
(0,0)(33,0)(33,5)(31,5)(31,23)(16,23)(16,18)(0,18)
Polygon:
(0,0)(26,0)(26,1)(11,1)(11,14)(6,14)(6,12)(0,12)
Polygon:
(0,0)(32,0)(32,20)(24,20)(24,23)(9,23)(9,11)(0,11)
Polygon:
(0,0)(39,0)(39,2)(25,2)(25,13)(11,13)(11,7)(0,7)
Polygon:
(0,0)(16,0)(16,11)(8,11)(8,16)(5,16)(5,1)(0,1)
Polygon:
(0,0)(23,0)(23,18)(8,18)(8,21)(1,21)(1,13)(0,13)
Polygon:
(0,0)(19,0)(19,8)(4,8)(4,14)(3,14)(3,12)(0,12)
Polygon:
(0,0)(25,0)(25,5)(18,5)(18,21)(15,21)(15,14)(0,14)
Polygon:
(0,0)(21,0)(21,10)(12,10)(12,18)(1,18)(1,9)(0,9)
Polygon:
(0,0)(48,0)(48,23)(31,23)(31,30)(14,30)(14,16)(0,16)
Polygon:
(0,0)(37,0)(37,4)(22,4)(22,18)(15,18)(15,12)(0,12)
Polygon:
(0,0)(31,0)(31,14)(17,14)(17,29)(16,29)(16,11)(0,11)
Polygon:
(0,0)(11,0)(11,1)(3,1)(3,17)(1,17)(1,8)(0,8)
Polygon:
(0,0)(24,0)(24,22)(22,22)(22,26)(13,26)(13,8)(0,8)
Polygon:
(0,0)(36,0)(36,4)(19,4)(19,7)(2,7)(2,5)(0,5)
Polygon:
(0,0)(42,0)(42,13)(36,13)(36,19)(18,19)(18,1)(0,1)
Polygon:
(0,0)(21,0)(21,6)(14,6)(14,16)(6,16)(6,15)(0,15)
Polygon:
(0,0)(44,0)(44,11)(34,11)(34,27)(16,27)(16,14)(0,14)
Polygon:
(0,0)(25,0)(25,8)(12,8)(12,20)(4,20)(4,3)(0,3)
Polygon:
(0,0)(46,0)(46,6)(31,6)(31,16)(18,16)(18,6)(0,6)
Polygon:
(0,0)(27,0)(27,5)(9,5)(9,16)(2,16)(2,2)(0,2)
Polygon:
(0,0)(40,0)(40,21)(28,21)(28,26)(11,26)(11,16)(0,16)
Polygon:
(0,0)(10,0)(10,29)(5,29)(5,32)(2,32)(2,14)(0,14)
Polygon:
(0,0)(22,0)(22,20)(19,20)(19,23)(14,23)(14,10)(0,10)
Polygon:
(0,0)(23,0)(23,11)(17,11)(17,15)(13,15)(13,3)(0,3)
Polygon:
(0,0)(15,0)(15,11)(5,11)(5,26)(2,26)(2,13)(0,13)
Polygon:
(0,0)(17,0)(17,26)(9,26)(9,31)(7,31)(7,15)(0,15)
Polygon:
(0,0)(14,0)(14,13)(13,13)(13,21)(9,21)(9,5)(0,5)
Polygon:
(0,0)(24,0)(24,13)(22,13)(22,24)(14,24)(14,16)(0,16)
Polygon:
(0,0)(24,0)(24,8)(15,8)(15,16)(2,16)(2,10)(0,10)
Polygon:
(0,0)(27,0)(27,16)(22,16)(22,24)(14,24)(14,11)(0,11)
Polygon:
(0,0)(37,0)(37,4)(31,4)(31,12)(15,12)(15,9)(0,9)
Polygon:
(0,0)(26,0)(26,9)(23,9)(23,27)(10,27)(10,16)(0,16)
Polygon:
(0,0)(41,0)(41,2)(26,2)(26,14)(8,14)(8,9)(0,9)
Polygon:
(0,0)(25,0)(25,5)(20,5)(20,16)(10,16)(10,9)(0,9)
Polygon:
(0,0)(36,0)(36,18)(28,18)(28,36)(13,36)(13,18)(0,18)
Polygon:
(0,0)(27,0)(27,18)(15,18)(15,19)(14,19)(14,18)(0,18)
Polygon:
(0,0)(33,0)(33,29)(16,29)(16,31)(2,31)(2,16)(0,16)
Polygon:
(0,0)(34,0)(34,13)(21,13)(21,14)(8,14)(8,4)(0,4)
Polygon:
(0,0)(13,0)(13,24)(5,24)(5,31)(2,31)(2,17)(0,17)
Polygon:
(0,0)(36,0)(36,11)(25,11)(25,16)(13,16)(13,1)(0,1)
Polygon:
(0,0)(38,0)(38,15)(25,15)(25,18)(8,18)(8,14)(0,14)
Polygon:
(0,0)(26,0)(26,8)(20,8)(20,10)(15,10)(15,3)(0,3)
Polygon:
(0,0)(29,0)(29,4)(16,4)(16,17)(2,17)(2,5)(0,5)
Polygon:
(0,0)(28,0)(28,22)(18,22)(18,27)(15,27)(15,10)(0,10)
Polygon:
(0,0)(21,0)(21,4)(11,4)(11,11)(8,11)(8,6)(0,6)
Polygon:
(0,0)(31,0)(31,18)(23,18)(23,19)(13,19)(13,8)(0,8)
Polygon:
(0,0)(50,0)(50,10)(34,10)(34,24)(17,24)(17,11)(0,11)
Polygon:
(0,0)(16,0)(16,3)(7,3)(7,15)(1,15)(1,11)(0,11)
Polygon:
(0,0)(33,0)(33,11)(15,11)(15,29)(5,29)(5,12)(0,12)
Polygon:
(0,0)(18,0)(18,12)(6,12)(6,24)(5,24)(5,6)(0,6)
Polygon:
(0,0)(38,0)(38,2)(26,2)(26,17)(14,17)(14,2)(0,2)
Polygon:
(0,0)(13,0)(13,6)(7,6)(7,15)(3,15)(3,10)(0,10)
Polygon:
(0,0)(24,0)(24,19)(23,19)(23,22)(15,22)(15,16)(0,16)
Polygon:
(0,0)(39,0)(39,5)(33,5)(33,12)(18,12)(18,1)(0,1)
Polygon:
(0,0)(32,0)(32,12)(23,12)(23,20)(7,20)(7,15)(0,15)
Polygon:
(0,0)(24,0)(24,24)(10,24)(10,25)(3,25)(3,9)(0,9)
Polygon:
(0,0)(23,0)(23,17)(18,17)(18,28)(10,28)(10,16)(0,16)
Polygon:
(0,0)(32,0)(32,8)(18,8)(18,23)(6,23)(6,9)(0,9)
Polygon:
(0,0)(30,0)(30,18)(25,18)(25,19)(10,19)(10,2)(0,2)
Polygon:
(0,0)(42,0)(42,6)(26,6)(26,7)(16,7)(16,3)(0,3)
Polygon:
(0,0)(51,0)(51,19)(35,19)(35,20)(17,20)(17,8)(0,8)
Polygon:
(0,0)(23,0)(23,22)(20,22)(20,26)(3,26)(3,18)(0,18)
Polygon:
(0,0)(25,0)(25,6)(21,6)(21,11)(10,11)(10,7)(0,7)
Polygon:
(0,0)(34,0)(34,22)(27,22)(27,25)(11,25)(11,13)(0,13)
Polygon:
(0,0)(42,0)(42,9)(28,9)(28,22)(14,22)(14,6)(0,6)
Polygon:
(0,0)(11,0)(11,20)(7,20)(7,32)(2,32)(2,15)(0,15)
Polygon:
(0,0)(46,0)(46,13)(32,13)(32,19)(17,19)(17,9)(0,9)
Polygon:
(0,0)(22,0)(22,19)(16,19)(16,30)(7,30)(7,18)(0,18)
Polygon:
(0,0)(23,0)(23,19)(17,19)(17,23)(11,23)(11,5)(0,5)
Polygon:
(0,0)(29,0)(29,6)(20,6)(20,22)(7,22)(7,6)(0,6)
Polygon:
(0,0)(48,0)(48,10)(31,10)(31,21)(18,21)(18,13)(0,13)
Polygon:
(0,0)(22,0)(22,12)(18,12)(18,24)(3,24)(3,6)(0,6)
Polygon:
(0,0)(49,0)(49,6)(31,6)(31,8)(14,8)(14,7)(0,7)
Polygon:
(0,0)(17,0)(17,16)(11,16)(11,18)(4,18)(4,2)(0,2)
Polygon:
(0,0)(45,0)(45,17)(32,17)(32,19)(15,19)(15,10)(0,10)
Polygon:
(0,0)(12,0)(12,7)(9,7)(9,16)(3,16)(3,2)(0,2)
Polygon:
(0,0)(27,0)(27,10)(20,10)(20,17)(7,17)(7,2)(0,2)
Polygon:
(0,0)(33,0)(33,9)(30,9)(30,19)(15,19)(15,11)(0,11)
Polygon:
(0,0)(29,0)(29,5)(18,5)(18,9)(4,9)(4,1)(0,1)
Polygon:
(0,0)(25,0)(25,34)(18,34)(18,35)(2,35)(2,18)(0,18)
Polygon:
(0,0)(26,0)(26,10)(18,10)(18,26)(15,26)(15,13)(0,13)
Polygon:
(0,0)(24,0)(24,13)(11,13)(11,14)(3,14)(3,9)(0,9)
Polygon:
(0,0)(23,0)(23,12)(17,12)(17,21)(1,21)(1,17)(0,17)
Polygon:
(0,0)(44,0)(44,14)(33,14)(33,21)(17,21)(17,8)(0,8)
Polygon:
(0,0)(22,0)(22,10)(8,10)(8,25)(7,25)(7,11)(0,11)
Polygon:
(0,0)(28,0)(28,14)(22,14)(22,17)(16,17)(16,4)(0,4)
Polygon:
(0,0)(43,0)(43,15)(27,15)(27,17)(17,17)(17,2)(0,2)
Polygon:
(0,0)(22,0)(22,4)(4,4)(4,12)(3,12)(3,2)(0,2)
Polygon:
(0,0)(24,0)(24,13)(14,13)(14,25)(8,25)(8,12)(0,12)
Polygon:
(0,0)(33,0)(33,16)(17,16)(17,18)(3,18)(3,9)(0,9)
Polygon:
(0,0)(27,0)(27,9)(12,9)(12,16)(3,16)(3,1)(0,1)
Polygon:
(0,0)(32,0)(32,8)(23,8)(23,20)(6,20)(6,16)(0,16)
Polygon:
(0,0)(24,0)(24,11)(17,11)(17,16)(14,16)(14,4)(0,4)
Polygon:
(0,0)(38,0)(38,8)(29,8)(29,16)(14,16)(14,3)(0,3)
Polygon:
(0,0)(34,0)(34,2)(28,2)(28,18)(18,18)(18,16)(0,16)
Polygon:
(0,0)(30,0)(30,18)(24,18)(24,20)(8,20)(8,14)(0,14)
Polygon:
(0,0)(24,0)(24,28)(21,28)(21,29)(3,29)(3,12)(0,12)
Polygon:
(0,0)(23,0)(23,14)(15,14)(15,27)(14,27)(14,14)(0,14)
Polygon:
(0,0)(38,0)(38,27)(20,27)(20,28)(4,28)(4,10)(0,10)
Polygon:
(0,0)(20,0)(20,21)(16,21)(16,34)(1,34)(1,17)(0,17)
Polygon:
(0,0)(33,0)(33,20)(24,20)(24,27)(7,27)(7,17)(0,17)
Polygon:
(0,0)(46,0)(46,4)(30,4)(30,16)(16,16)(16,6)(0,6)
Polygon:
(0,0)(37,0)(37,3)(26,3)(26,21)(14,21)(14,15)(0,15)
Polygon:
(0,0)(34,0)(34,11)(21,11)(21,20)(9,20)(9,10)(0,10)
Polygon:
(0,0)(27,0)(27,4)(25,4)(25,19)(15,19)(15,3)(0,3)
Polygon:
(0,0)(43,0)(43,13)(29,13)(29,24)(11,24)(11,11)(0,11)
Polygon:
(0,0)(36,0)(36,23)(35,23)(35,29)(18,29)(18,11)(0,11)
Polygon:
(0,0)(23,0)(23,1)(16,1)(16,17)(4,17)(4,5)(0,5)
Polygon:
(0,0)(32,0)(32,5)(14,5)(14,22)(5,22)(5,7)(0,7)
Polygon:
(0,0)(30,0)(30,7)(18,7)(18,14)(1,14)(1,3)(0,3)
Polygon:
(0,0)(38,0)(38,12)(21,12)(21,19)(7,19)(7,2)(0,2)
Polygon:
(0,0)(20,0)(20,14)(14,14)(14,20)(13,20)(13,2)(0,2)
Polygon:
(0,0)(31,0)(31,13)(24,13)(24,17)(16,17)(16,10)(0,10)
Polygon:
(0,0)(36,0)(36,4)(19,4)(19,17)(7,17)(7,13)(0,13)
Polygon:
(0,0)(40,0)(40,17)(25,17)(25,18)(9,18)(9,3)(0,3)
Polygon:
(0,0)(35,0)(35,9)(33,9)(33,11)(16,11)(16,5)(0,5)
Polygon:
(0,0)(47,0)(47,18)(34,18)(34,25)(16,25)(16,11)(0,11)
Polygon:
(0,0)(34,0)(34,18)(21,18)(21,27)(3,27)(3,15)(0,15)
Polygon:
(0,0)(23,0)(23,8)(22,8)(22,13)(4,13)(4,2)(0,2)
Polygon:
(0,0)(20,0)(20,17)(11,17)(11,25)(3,25)(3,16)(0,16)
Polygon:
(0,0)(52,0)(52,4)(34,4)(34,19)(16,19)(16,6)(0,6)
Polygon:
(0,0)(19,0)(19,3)(8,3)(8,18)(7,18)(7,1)(0,1)
Polygon:
(0,0)(24,0)(24,20)(14,20)(14,21)(11,21)(11,4)(0,4)
Polygon:
(0,0)(19,0)(19,7)(11,7)(11,13)(6,13)(6,8)(0,8)
Polygon:
(0,0)(16,0)(16,19)(7,19)(7,20)(6,20)(6,2)(0,2)
Polygon:
(0,0)(45,0)(45,11)(30,11)(30,21)(12,21)(12,13)(0,13)
Polygon:
(0,0)(33,0)(33,9)(25,9)(25,20)(8,20)(8,8)(0,8)
Polygon:
(0,0)(24,0)(24,11)(20,11)(20,27)(3,27)(3,15)(0,15)
Polygon:
(0,0)(45,0)(45,22)(27,22)(27,26)(16,26)(16,11)(0,11)
Polygon:
(0,0)(28,0)(28,5)(23,5)(23,23)(8,23)(8,14)(0,14)
Polygon:
(0,0)(44,0)(44,29)(30,29)(30,33)(18,33)(18,18)(0,18)
Polygon:
(0,0)(26,0)(26,3)(12,3)(12,18)(9,18)(9,8)(0,8)
Polygon:
(0,0)(18,0)(18,18)(15,18)(15,35)(2,35)(2,18)(0,18)
Polygon:
(0,0)(16,0)(16,10)(9,10)(9,18)(3,18)(3,13)(0,13)
Polygon:
(0,0)(48,0)(48,1)(36,1)(36,15)(18,15)(18,14)(0,14)
Polygon:
(0,0)(27,0)(27,18)(11,18)(11,23)(5,23)(5,5)(0,5)
Polygon:
(0,0)(34,0)(34,5)(28,5)(28,20)(11,20)(11,11)(0,11)
Polygon:
(0,0)(28,0)(28,14)(15,14)(15,25)(3,25)(3,16)(0,16)
Polygon:
(0,0)(31,0)(31,4)(23,4)(23,22)(11,22)(11,6)(0,6)
Polygon:
(0,0)(43,0)(43,14)(29,14)(29,17)(17,17)(17,2)(0,2)
Polygon:
(0,0)(28,0)(28,2)(21,2)(21,19)(7,19)(7,4)(0,4)
Polygon:
(0,0)(22,0)(22,8)(15,8)(15,15)(10,15)(10,8)(0,8)
Polygon:
(0,0)(22,0)(22,11)(19,11)(19,18)(4,18)(4,9)(0,9)
Polygon:
(0,0)(16,0)(16,25)(6,25)(6,31)(1,31)(1,17)(0,17)
Polygon:
(0,0)(23,0)(23,19)(22,19)(22,21)(7,21)(7,18)(0,18)
Polygon:
(0,0)(37,0)(37,12)(20,12)(20,23)(18,23)(18,8)(0,8)
Polygon:
(0,0)(38,0)(38,15)(30,15)(30,20)(14,20)(14,5)(0,5)
Polygon:
(0,0)(34,0)(34,13)(23,13)(23,29)(10,29)(10,16)(0,16)
Polygon:
(0,0)(39,0)(39,10)(25,10)(25,18)(7,18)(7,1)(0,1)
Polygon:
(0,0)(39,0)(39,1)(21,1)(21,14)(17,14)(17,12)(0,12)
Polygon:
(0,0)(41,0)(41,12)(25,12)(25,24)(7,24)(7,15)(0,15)
Polygon:
(0,0)(26,0)(26,3)(25,3)(25,19)(9,19)(9,6)(0,6)
Polygon:
(0,0)(30,0)(30,1)(22,1)(22,4)(5,4)(5,1)(0,1)
Polygon:
(0,0)(32,0)(32,17)(14,17)(14,20)(9,20)(9,6)(0,6)
Polygon:
(0,0)(18,0)(18,13)(9,13)(9,16)(5,16)(5,12)(0,12)
Polygon:
(0,0)(33,0)(33,12)(31,12)(31,13)(16,13)(16,6)(0,6)
Polygon:
(0,0)(24,0)(24,16)(23,16)(23,18)(10,18)(10,11)(0,11)
Polygon:
(0,0)(45,0)(45,27)(28,27)(28,31)(16,31)(16,14)(0,14)
Polygon:
(0,0)(23,0)(23,4)(19,4)(19,14)(18,14)(18,12)(0,12)
Polygon:
(0,0)(25,0)(25,27)(21,27)(21,34)(4,34)(4,18)(0,18)
Polygon:
(0,0)(17,0)(17,9)(10,9)(10,20)(8,20)(8,13)(0,13)
Polygon:
(0,0)(33,0)(33,5)(21,5)(21,20)(11,20)(11,9)(0,9)
Polygon:
(0,0)(38,0)(38,21)(34,21)(34,27)(18,27)(18,17)(0,17)
Polygon:
(0,0)(26,0)(26,11)(11,11)(11,12)(2,12)(2,3)(0,3)
Polygon:
(0,0)(30,0)(30,19)(20,19)(20,21)(15,21)(15,15)(0,15)
Polygon:
(0,0)(16,0)(16,26)(6,26)(6,27)(3,27)(3,16)(0,16)
Polygon:
(0,0)(19,0)(19,18)(18,18)(18,20)(15,20)(15,8)(0,8)
Polygon:
(0,0)(27,0)(27,29)(16,29)(16,31)(9,31)(9,16)(0,16)
Polygon:
(0,0)(13,0)(13,6)(5,6)(5,13)(4,13)(4,6)(0,6)
Polygon:
(0,0)(25,0)(25,24)(12,24)(12,25)(2,25)(2,8)(0,8)
Polygon:
(0,0)(19,0)(19,18)(13,18)(13,24)(3,24)(3,7)(0,7)
Polygon:
(0,0)(35,0)(35,20)(20,20)(20,26)(11,26)(11,15)(0,15)
Polygon:
(0,0)(36,0)(36,2)(18,2)(18,16)(4,16)(4,5)(0,5)
Polygon:
(0,0)(40,0)(40,5)(23,5)(23,23)(18,23)(18,13)(0,13)
Polygon:
(0,0)(17,0)(17,6)(13,6)(13,22)(12,22)(12,13)(0,13)
Polygon:
(0,0)(30,0)(30,13)(17,13)(17,22)(16,22)(16,8)(0,8)
Polygon:
(0,0)(15,0)(15,13)(12,13)(12,15)(8,15)(8,9)(0,9)
Polygon:
(0,0)(44,0)(44,8)(32,8)(32,16)(15,16)(15,6)(0,6)
Polygon:
(0,0)(29,0)(29,6)(14,6)(14,13)(2,13)(2,3)(0,3)
Polygon:
(0,0)(31,0)(31,16)(21,16)(21,34)(17,34)(17,16)(0,16)
Polygon:
(0,0)(36,0)(36,21)(18,21)(18,25)(14,25)(14,8)(0,8)
Polygon:
(0,0)(21,0)(21,20)(19,20)(19,32)(15,32)(15,15)(0,15)
Polygon:
(0,0)(16,0)(16,8)(7,8)(7,12)(3,12)(3,4)(0,4)
Polygon:
(0,0)(20,0)(20,4)(19,4)(19,14)(10,14)(10,13)(0,13)
Polygon:
(0,0)(31,0)(31,11)(20,11)(20,16)(11,16)(11,4)(0,4)
Polygon:
(0,0)(22,0)(22,12)(16,12)(16,14)(7,14)(7,12)(0,12)
Polygon:
(0,0)(31,0)(31,6)(18,6)(18,23)(11,23)(11,9)(0,9)
Polygon:
(0,0)(23,0)(23,24)(10,24)(10,25)(7,25)(7,13)(0,13)
Polygon:
(0,0)(14,0)(14,14)(5,14)(5,18)(3,18)(3,3)(0,3)
Polygon:
(0,0)(38,0)(38,3)(21,3)(21,12)(10,12)(10,6)(0,6)
Polygon:
(0,0)(30,0)(30,7)(12,7)(12,21)(7,21)(7,5)(0,5)
Polygon:
(0,0)(41,0)(41,13)(27,13)(27,16)(9,16)(9,4)(0,4)
Polygon:
(0,0)(33,0)(33,7)(28,7)(28,12)(14,12)(14,6)(0,6)
Polygon:
(0,0)(16,0)(16,25)(14,25)(14,28)(12,28)(12,17)(0,17)
Polygon:
(0,0)(15,0)(15,6)(9,6)(9,16)(7,16)(7,3)(0,3)
Polygon:
(0,0)(23,0)(23,11)(20,11)(20,21)(2,21)(2,4)(0,4)
Polygon:
(0,0)(44,0)(44,25)(27,25)(27,29)(13,29)(13,18)(0,18)
Polygon:
(0,0)(23,0)(23,4)(15,4)(15,18)(1,18)(1,16)(0,16)
Polygon:
(0,0)(30,0)(30,9)(28,9)(28,20)(15,20)(15,3)(0,3)
Polygon:
(0,0)(33,0)(33,9)(23,9)(23,12)(13,12)(13,1)(0,1)
Polygon:
(0,0)(23,0)(23,6)(10,6)(10,9)(3,9)(3,2)(0,2)
Polygon:
(0,0)(36,0)(36,9)(18,9)(18,18)(11,18)(11,3)(0,3)
Polygon:
(0,0)(25,0)(25,12)(22,12)(22,23)(4,23)(4,11)(0,11)
Polygon:
(0,0)(36,0)(36,8)(18,8)(18,18)(13,18)(13,3)(0,3)
Polygon:
(0,0)(33,0)(33,14)(15,14)(15,28)(2,28)(2,12)(0,12)
Polygon:
(0,0)(31,0)(31,22)(21,22)(21,24)(15,24)(15,10)(0,10)
Polygon:
(0,0)(19,0)(19,23)(17,23)(17,25)(13,25)(13,9)(0,9)
Polygon:
(0,0)(19,0)(19,7)(14,7)(14,21)(1,21)(1,4)(0,4)
Polygon:
(0,0)(24,0)(24,8)(22,8)(22,12)(10,12)(10,4)(0,4)
Polygon:
(0,0)(18,0)(18,4)(9,4)(9,19)(3,19)(3,10)(0,10)
Polygon:
(0,0)(30,0)(30,10)(13,10)(13,17)(11,17)(11,9)(0,9)
Polygon:
(0,0)(33,0)(33,8)(17,8)(17,20)(4,20)(4,8)(0,8)
Polygon:
(0,0)(20,0)(20,22)(14,22)(14,31)(1,31)(1,15)(0,15)
Polygon:
(0,0)(19,0)(19,28)(17,28)(17,12)(13,12)(13,18)(0,18)
Polygon:
(0,0)(17,0)(17,10)(0,10)
Polygon:
(0,0)(14,0)(14,15)(7,15)(7,23)(0,23)
Polygon:
(0,0)(9,0)(9,17)(6,17)(6,4)(2,4)(2,6)(0,6)
Polygon:
(0,0)(19,0)(19,11)(12,11)(12,6)(4,6)(4,18)(0,18)
Polygon:
(0,0)(17,0)(17,15)(0,15)
Polygon:
(0,0)(8,0)(8,15)(0,15)
Polygon:
(0,0)(15,0)(15,16)(0,16)
Polygon:
(0,0)(14,0)(14,18)(11,18)(11,31)(0,31)
Polygon:
(0,0)(16,0)(16,3)(0,3)
Polygon:
(0,0)(7,0)(7,17)(0,17)
Polygon:
(0,0)(15,0)(15,13)(0,13)
Polygon:
(0,0)(19,0)(19,4)(14,4)(14,17)(0,17)
Polygon:
(0,0)(4,0)(4,8)(2,8)(2,19)(0,19)
Polygon:
(0,0)(15,0)(15,10)(12,10)(12,3)(10,3)(10,18)(0,18)
Polygon:
(0,0)(15,0)(15,16)(0,16)
Polygon:
(0,0)(16,0)(16,9)(0,9)
Polygon:
(0,0)(37,0)(37,15)(28,15)(28,12)(10,12)(10,29)(0,29)
Polygon:
(0,0)(7,0)(7,11)(0,11)
Polygon:
(0,0)(11,0)(11,8)(0,8)
Polygon:
(0,0)(2,0)(2,7)(0,7)
Polygon:
(0,0)(7,0)(7,10)(0,10)
Polygon:
(0,0)(18,0)(18,12)(0,12)
Polygon:
(0,0)(6,0)(6,11)(0,11)
Polygon:
(0,0)(18,0)(18,16)(0,16)
Polygon:
(0,0)(34,0)(34,14)(16,14)(16,5)(7,5)(7,17)(0,17)
Polygon:
(0,0)(6,0)(6,7)(0,7)
Polygon:
(0,0)(21,0)(21,14)(7,14)(7,17)(0,17)
Polygon:
(0,0)(17,0)(17,7)(7,7)(7,9)(0,9)
Polygon:
(0,0)(4,0)(4,10)(0,10)
Polygon:
(0,0)(22,0)(22,11)(16,11)(16,23)(0,23)
Polygon:
(0,0)(7,0)(7,7)(0,7)
Polygon:
(0,0)(24,0)(24,5)(16,5)(16,17)(0,17)
Polygon:
(0,0)(15,0)(15,3)(0,3)
Polygon:
(0,0)(4,0)(4,3)(0,3)
Polygon:
(0,0)(16,0)(16,11)(0,11)
Polygon:
(0,0)(2,0)(2,6)(0,6)
Polygon:
(0,0)(26,0)(26,5)(18,5)(18,16)(0,16)
Polygon:
(0,0)(29,0)(29,20)(12,20)(12,2)(4,2)(4,8)(0,8)
Polygon:
(0,0)(18,0)(18,14)(2,14)(2,27)(0,27)
Polygon:
(0,0)(10,0)(10,12)(0,12)
Polygon:
(0,0)(15,0)(15,17)(0,17)
Polygon:
(0,0)(26,0)(26,1)(11,1)(11,2)(0,2)
Polygon:
(0,0)(26,0)(26,15)(13,15)(13,25)(0,25)
Polygon:
(0,0)(12,0)(12,6)(0,6)
Polygon:
(0,0)(20,0)(20,14)(13,14)(13,27)(0,27)
Polygon:
(0,0)(29,0)(29,12)(23,12)(23,1)(8,1)(8,8)(0,8)
Polygon:
(0,0)(15,0)(15,16)(10,16)(10,19)(0,19)
Polygon:
(0,0)(3,0)(3,13)(0,13)
Polygon:
(0,0)(11,0)(11,15)(4,15)(4,21)(0,21)
Polygon:
(0,0)(27,0)(27,15)(20,15)(20,13)(14,13)(14,15)(0,15)
Polygon:
(0,0)(12,0)(12,10)(0,10)
Polygon:
(0,0)(9,0)(9,17)(0,17)
Polygon:
(0,0)(9,0)(9,4)(0,4)
Polygon:
(0,0)(2,0)(2,13)(0,13)
Polygon:
(0,0)(31,0)(31,18)(15,18)(15,5)(11,5)(11,13)(0,13)
Polygon:
(0,0)(7,0)(7,11)(0,11)
Polygon:
(0,0)(35,0)(35,16)(23,16)(23,11)(7,11)(7,16)(0,16)
Polygon:
(0,0)(18,0)(18,17)(12,17)(12,20)(0,20)
Polygon:
(0,0)(4,0)(4,7)(3,7)(3,24)(0,24)
Polygon:
(0,0)(12,0)(12,11)(0,11)
Polygon:
(0,0)(12,0)(12,6)(0,6)
Polygon:
(0,0)(23,0)(23,10)(7,10)(7,14)(0,14)
Polygon:
(0,0)(4,0)(4,14)(3,14)(3,8)(1,8)(1,15)(0,15)
Polygon:
(0,0)(6,0)(6,5)(0,5)
Polygon:
(0,0)(15,0)(15,12)(0,12)
Polygon:
(0,0)(17,0)(17,15)(0,15)
Polygon:
(0,0)(17,0)(17,12)(4,12)(4,16)(0,16)
Polygon:
(0,0)(12,0)(12,8)(0,8)
Polygon:
(0,0)(2,0)(2,8)(0,8)
Polygon:
(0,0)(23,0)(23,12)(14,12)(14,21)(0,21)
Polygon:
(0,0)(7,0)(7,1)(0,1)
Polygon:
(0,0)(11,0)(11,20)(9,20)(9,12)(8,12)(8,16)(0,16)
Polygon:
(0,0)(2,0)(2,11)(0,11)
Polygon:
(0,0)(42,0)(42,18)(29,18)(29,5)(16,5)(16,15)(0,15)
Polygon:
(0,0)(2,0)(2,5)(0,5)
Polygon:
(0,0)(11,0)(11,2)(0,2)
Polygon:
(0,0)(10,0)(10,11)(0,11)
Polygon:
(0,0)(28,0)(28,18)(27,18)(27,11)(9,11)(9,17)(0,17)
Polygon:
(0,0)(1,0)(1,9)(0,9)
Polygon:
(0,0)(23,0)(23,30)(20,30)(20,15)(6,15)(6,16)(0,16)
Polygon:
(0,0)(9,0)(9,1)(0,1)
Polygon:
(0,0)(11,0)(11,8)(8,8)(8,1)(3,1)(3,3)(0,3)
Polygon:
(0,0)(17,0)(17,17)(8,17)(8,26)(0,26)
Polygon:
(0,0)(21,0)(21,7)(10,7)(10,10)(0,10)
Polygon:
(0,0)(16,0)(16,13)(0,13)
Polygon:
(0,0)(13,0)(13,12)(10,12)(10,26)(0,26)
Polygon:
(0,0)(27,0)(27,21)(19,21)(19,4)(8,4)(8,10)(0,10)
Polygon:
(0,0)(18,0)(18,5)(10,5)(10,23)(0,23)
Polygon:
(0,0)(29,0)(29,19)(16,19)(16,6)(5,6)(5,18)(0,18)
Polygon:
(0,0)(16,0)(16,10)(0,10)
Polygon:
(0,0)(29,0)(29,6)(14,6)(14,23)(0,23)
Polygon:
(0,0)(12,0)(12,15)(0,15)
Polygon:
(0,0)(13,0)(13,16)(0,16)
Polygon:
(0,0)(10,0)(10,18)(0,18)
Polygon:
(0,0)(18,0)(18,16)(16,16)(16,21)(0,21)
Polygon:
(0,0)(18,0)(18,3)(0,3)
Polygon:
(0,0)(13,0)(13,11)(0,11)
Polygon:
(0,0)(40,0)(40,7)(27,7)(27,4)(11,4)(11,5)(0,5)
Polygon:
(0,0)(31,0)(31,22)(18,22)(18,13)(8,13)(8,18)(0,18)
Polygon:
(0,0)(15,0)(15,18)(0,18)
Polygon:
(0,0)(16,0)(16,15)(0,15)
Polygon:
(0,0)(8,0)(8,6)(0,6)
Polygon:
(0,0)(13,0)(13,8)(0,8)
Polygon:
(0,0)(15,0)(15,11)(0,11)
Polygon:
(0,0)(17,0)(17,10)(0,10)
Polygon:
(0,0)(25,0)(25,16)(18,16)(18,33)(0,33)
Polygon:
(0,0)(25,0)(25,18)(9,18)(9,29)(0,29)
Polygon:
(0,0)(35,0)(35,8)(27,8)(27,4)(15,4)(15,6)(0,6)
Polygon:
(0,0)(32,0)(32,12)(15,12)(15,5)(13,5)(13,7)(0,7)
Polygon:
(0,0)(14,0)(14,3)(0,3)
Polygon:
(0,0)(2,0)(2,2)(0,2)
Polygon:
(0,0)(10,0)(10,11)(0,11)
Polygon:
(0,0)(22,0)(22,13)(20,13)(20,4)(6,4)(6,17)(0,17)
Polygon:
(0,0)(29,0)(29,26)(15,26)(15,11)(7,11)(7,14)(0,14)
Polygon:
(0,0)(29,0)(29,6)(12,6)(12,12)(0,12)
Polygon:
(0,0)(26,0)(26,8)(11,8)(11,13)(0,13)
Polygon:
(0,0)(11,0)(11,4)(0,4)
Polygon:
(0,0)(4,0)(4,5)(0,5)
Polygon:
(0,0)(28,0)(28,12)(22,12)(22,3)(8,3)(8,4)(0,4)
Polygon:
(0,0)(7,0)(7,10)(0,10)
Polygon:
(0,0)(19,0)(19,1)(15,1)(15,16)(0,16)
Polygon:
(0,0)(14,0)(14,7)(0,7)
Polygon:
(0,0)(30,0)(30,5)(13,5)(13,7)(0,7)
Polygon:
(0,0)(25,0)(25,9)(9,9)(9,27)(0,27)
Polygon:
(0,0)(10,0)(10,1)(0,1)
Polygon:
(0,0)(18,0)(18,12)(0,12)
Polygon:
(0,0)(16,0)(16,13)(0,13)
Polygon:
(0,0)(22,0)(22,20)(8,20)(8,15)(7,15)(7,16)(0,16)
Polygon:
(0,0)(7,0)(7,11)(0,11)
Polygon:
(0,0)(8,0)(8,17)(0,17)
Polygon:
(0,0)(4,0)(4,7)(0,7)
Polygon:
(0,0)(3,0)(3,4)(0,4)
Polygon:
(0,0)(19,0)(19,15)(5,15)(5,30)(0,30)
Polygon:
(0,0)(12,0)(12,7)(0,7)
Polygon:
(0,0)(11,0)(11,7)(2,7)(2,25)(0,25)
Polygon:
(0,0)(9,0)(9,15)(0,15)
Polygon:
(0,0)(29,0)(29,12)(12,12)(12,18)(0,18)
Polygon:
(0,0)(8,0)(8,13)(3,13)(3,28)(0,28)
Polygon:
(0,0)(22,0)(22,1)(4,1)(4,15)(0,15)
Polygon:
(0,0)(21,0)(21,10)(17,10)(17,26)(0,26)
Polygon:
(0,0)(4,0)(4,5)(0,5)
Polygon:
(0,0)(4,0)(4,15)(0,15)
Polygon:
(0,0)(17,0)(17,7)(0,7)
Polygon:
(0,0)(18,0)(18,16)(0,16)
Polygon:
(0,0)(4,0)(4,14)(0,14)
Polygon:
(0,0)(13,0)(13,12)(0,12)
Polygon:
(0,0)(2,0)(2,11)(0,11)
Polygon:
(0,0)(24,0)(24,6)(17,6)(17,5)(15,5)(15,8)(0,8)
Polygon:
(0,0)(13,0)(13,16)(0,16)
Polygon:
(0,0)(14,0)(14,16)(0,16)
Polygon:
(0,0)(6,0)(6,18)(2,18)(2,19)(0,19)
Polygon:
(0,0)(22,0)(22,12)(14,12)(14,5)(1,5)(1,9)(0,9)
Polygon:
(0,0)(5,0)(5,1)(0,1)
Polygon:
(0,0)(19,0)(19,15)(1,15)(1,17)(0,17)
Polygon:
(0,0)(7,0)(7,5)(0,5)
Polygon:
(0,0)(23,0)(23,17)(8,17)(8,26)(0,26)
Polygon:
(0,0)(15,0)(15,6)(0,6)
Polygon:
(0,0)(12,0)(12,10)(0,10)
Polygon:
(0,0)(7,0)(7,1)(4,1)(4,11)(0,11)
