Polygon:
(0,0)(18,0)(18,9)(9,9)(9,13)(5,13)(5,8)(0,8)
Polygon:
(0,0)(36,0)(36,11)(28,11)(28,14)(13,14)(13,13)(0,13)
Polygon:
(0,0)(37,0)(37,22)(27,22)(27,23)(13,23)(13,8)(0,8)
Polygon:
(0,0)(36,0)(36,4)(25,4)(25,15)(17,15)(17,6)(0,6)
Polygon:
(0,0)(38,0)(38,10)(28,10)(28,18)(15,18)(15,6)(0,6)
Polygon:
(0,0)(31,0)(31,4)(13,4)(13,14)(1,14)(1,2)(0,2)
Polygon:
(0,0)(27,0)(27,18)(22,18)(22,23)(17,23)(17,12)(0,12)
Polygon:
(0,0)(24,0)(24,19)(18,19)(18,27)(6,27)(6,15)(0,15)
Polygon:
(0,0)(36,0)(36,6)(22,6)(22,10)(13,10)(13,8)(0,8)
Polygon:
(0,0)(24,0)(24,22)(22,22)(22,23)(11,23)(11,18)(0,18)
Polygon:
(0,0)(30,0)(30,8)(18,8)(18,19)(7,19)(7,8)(0,8)
Polygon:
(0,0)(34,0)(34,6)(26,6)(26,13)(16,13)(16,4)(0,4)
Polygon:
(0,0)(28,0)(28,9)(15,9)(15,20)(3,20)(3,2)(0,2)
Polygon:
(0,0)(32,0)(32,7)(21,7)(21,9)(9,9)(9,7)(0,7)
Polygon:
(0,0)(29,0)(29,9)(15,9)(15,22)(3,22)(3,14)(0,14)
Polygon:
(0,0)(35,0)(35,16)(19,16)(19,33)(7,33)(7,18)(0,18)
Polygon:
(0,0)(38,0)(38,10)(34,10)(34,20)(16,20)(16,6)(0,6)
Polygon:
(0,0)(16,0)(16,12)(2,12)(2,18)(1,18)(1,4)(0,4)
Polygon:
(0,0)(33,0)(33,32)(25,32)(25,34)(18,34)(18,16)(0,16)
Polygon:
(0,0)(32,0)(32,9)(20,9)(20,16)(15,16)(15,2)(0,2)
Polygon:
(0,0)(32,0)(32,16)(21,16)(21,24)(11,24)(11,11)(0,11)
Polygon:
(0,0)(30,0)(30,18)(20,18)(20,23)(10,23)(10,6)(0,6)
Polygon:
(0,0)(46,0)(46,13)(29,13)(29,15)(17,15)(17,3)(0,3)
Polygon:
(0,0)(33,0)(33,9)(24,9)(24,17)(15,17)(15,15)(0,15)
Polygon:
(0,0)(38,0)(38,8)(25,8)(25,19)(7,19)(7,9)(0,9)
Polygon:
(0,0)(21,0)(21,6)(20,6)(20,17)(6,17)(6,1)(0,1)
Polygon:
(0,0)(16,0)(16,9)(13,9)(13,19)(4,19)(4,11)(0,11)
Polygon:
(0,0)(17,0)(17,8)(8,8)(8,15)(2,15)(2,6)(0,6)
Polygon:
(0,0)(29,0)(29,15)(27,15)(27,17)(15,17)(15,3)(0,3)
Polygon:
(0,0)(33,0)(33,15)(19,15)(19,16)(6,16)(6,5)(0,5)
Polygon:
(0,0)(24,0)(24,5)(20,5)(20,18)(12,18)(12,1)(0,1)
Polygon:
(0,0)(11,0)(11,10)(9,10)(9,19)(6,19)(6,17)(0,17)
Polygon:
(0,0)(40,0)(40,21)(30,21)(30,22)(14,22)(14,7)(0,7)
Polygon:
(0,0)(34,0)(34,13)(25,13)(25,23)(9,23)(9,5)(0,5)
Polygon:
(0,0)(21,0)(21,10)(11,10)(11,19)(9,19)(9,1)(0,1)
Polygon:
(0,0)(21,0)(21,12)(12,12)(12,18)(3,18)(3,10)(0,10)
Polygon:
(0,0)(33,0)(33,17)(28,17)(28,26)(13,26)(13,14)(0,14)
Polygon:
(0,0)(24,0)(24,20)(12,20)(12,22)(8,22)(8,6)(0,6)
Polygon:
(0,0)(43,0)(43,12)(34,12)(34,25)(18,25)(18,9)(0,9)
Polygon:
(0,0)(33,0)(33,19)(28,19)(28,22)(16,22)(16,6)(0,6)
Polygon:
(0,0)(28,0)(28,17)(22,17)(22,20)(5,20)(5,4)(0,4)
Polygon:
(0,0)(24,0)(24,24)(23,24)(23,26)(18,26)(18,17)(0,17)
Polygon:
(0,0)(30,0)(30,32)(19,32)(19,33)(9,33)(9,15)(0,15)
Polygon:
(0,0)(33,0)(33,7)(17,7)(17,12)(3,12)(3,3)(0,3)
Polygon:
(0,0)(20,0)(20,11)(18,11)(18,21)(3,21)(3,3)(0,3)
Polygon:
(0,0)(20,0)(20,12)(13,12)(13,19)(12,19)(12,3)(0,3)
Polygon:
(0,0)(40,0)(40,24)(22,24)(22,33)(18,33)(18,15)(0,15)
Polygon:
(0,0)(9,0)(9,19)(8,19)(8,25)(2,25)(2,13)(0,13)
Polygon:
(0,0)(34,0)(34,14)(24,14)(24,32)(12,32)(12,15)(0,15)
Polygon:
(0,0)(25,0)(25,19)(19,19)(19,24)(4,24)(4,11)(0,11)
Polygon:
(0,0)(33,0)(33,3)(21,3)(21,9)(17,9)(17,6)(0,6)
Polygon:
(0,0)(31,0)(31,13)(16,13)(16,16)(8,16)(8,14)(0,14)
Polygon:
(0,0)(34,0)(34,17)(22,17)(22,21)(9,21)(9,13)(0,13)
Polygon:
(0,0)(36,0)(36,10)(25,10)(25,26)(14,26)(14,16)(0,16)
Polygon:
(0,0)(4,0)(4,30)(2,30)(2,31)(1,31)(1,15)(0,15)
Polygon:
(0,0)(25,0)(25,19)(17,19)(17,23)(6,23)(6,11)(0,11)
Polygon:
(0,0)(33,0)(33,11)(24,11)(24,20)(7,20)(7,2)(0,2)
Polygon:
(0,0)(39,0)(39,10)(28,10)(28,17)(11,17)(11,4)(0,4)
Polygon:
(0,0)(25,0)(25,5)(11,5)(11,13)(7,13)(7,2)(0,2)
Polygon:
(0,0)(19,0)(19,11)(15,11)(15,19)(1,19)(1,7)(0,7)
Polygon:
(0,0)(25,0)(25,18)(23,18)(23,32)(5,32)(5,17)(0,17)
Polygon:
(0,0)(19,0)(19,13)(17,13)(17,30)(3,30)(3,15)(0,15)
Polygon:
(0,0)(47,0)(47,4)(35,4)(35,16)(17,16)(17,11)(0,11)
Polygon:
(0,0)(21,0)(21,18)(7,18)(7,21)(4,21)(4,9)(0,9)
Polygon:
(0,0)(23,0)(23,22)(21,22)(21,27)(5,27)(5,12)(0,12)
Polygon:
(0,0)(46,0)(46,10)(35,10)(35,19)(17,19)(17,4)(0,4)
Polygon:
(0,0)(29,0)(29,6)(24,6)(24,16)(17,16)(17,1)(0,1)
Polygon:
(0,0)(21,0)(21,26)(9,26)(9,27)(3,27)(3,18)(0,18)
Polygon:
(0,0)(27,0)(27,7)(19,7)(19,9)(5,9)(5,1)(0,1)
Polygon:
(0,0)(26,0)(26,7)(14,7)(14,21)(9,21)(9,3)(0,3)
Polygon:
(0,0)(28,0)(28,5)(25,5)(25,18)(17,18)(17,10)(0,10)
Polygon:
(0,0)(38,0)(38,7)(26,7)(26,20)(12,20)(12,13)(0,13)
Polygon:
(0,0)(45,0)(45,4)(33,4)(33,8)(18,8)(18,2)(0,2)
Polygon:
(0,0)(44,0)(44,15)(29,15)(29,25)(12,25)(12,11)(0,11)
Polygon:
(0,0)(23,0)(23,15)(20,15)(20,21)(12,21)(12,6)(0,6)
Polygon:
(0,0)(23,0)(23,8)(16,8)(16,15)(12,15)(12,3)(0,3)
Polygon:
(0,0)(26,0)(26,13)(20,13)(20,27)(12,27)(12,15)(0,15)
Polygon:
(0,0)(12,0)(12,10)(11,10)(11,19)(10,19)(10,1)(0,1)
Polygon:
(0,0)(21,0)(21,19)(19,19)(19,35)(17,35)(17,18)(0,18)
Polygon:
(0,0)(20,0)(20,7)(17,7)(17,11)(4,11)(4,3)(0,3)
Polygon:
(0,0)(31,0)(31,16)(28,16)(28,17)(13,17)(13,3)(0,3)
Polygon:
(0,0)(13,0)(13,15)(4,15)(4,17)(3,17)(3,9)(0,9)
Polygon:
(0,0)(28,0)(28,18)(18,18)(18,21)(14,21)(14,18)(0,18)
Polygon:
(0,0)(20,0)(20,14)(10,14)(10,15)(6,15)(6,10)(0,10)
Polygon:
(0,0)(26,0)(26,24)(19,24)(19,26)(9,26)(9,8)(0,8)
Polygon:
(0,0)(26,0)(26,19)(22,19)(22,21)(7,21)(7,3)(0,3)
Polygon:
(0,0)(44,0)(44,4)(26,4)(26,18)(16,18)(16,8)(0,8)
Polygon:
(0,0)(31,0)(31,25)(30,25)(30,31)(17,31)(17,18)(0,18)
Polygon:
(0,0)(33,0)(33,9)(29,9)(29,26)(12,26)(12,15)(0,15)
Polygon:
(0,0)(20,0)(20,5)(18,5)(18,6)(7,6)(7,5)(0,5)
Polygon:
(0,0)(19,0)(19,16)(18,16)(18,21)(15,21)(15,7)(0,7)
Polygon:
(0,0)(17,0)(17,11)(16,11)(16,20)(11,20)(11,3)(0,3)
Polygon:
(0,0)(23,0)(23,3)(15,3)(15,6)(12,6)(12,4)(0,4)
Polygon:
(0,0)(22,0)(22,8)(18,8)(18,21)(10,21)(10,12)(0,12)
Polygon:
(0,0)(21,0)(21,14)(12,14)(12,24)(8,24)(8,8)(0,8)
Polygon:
(0,0)(33,0)(33,30)(26,30)(26,34)(11,34)(11,16)(0,16)
Polygon:
(0,0)(35,0)(35,25)(17,25)(17,26)(11,26)(11,14)(0,14)
Polygon:
(0,0)(31,0)(31,1)(19,1)(19,19)(1,19)(1,1)(0,1)
Polygon:
(0,0)(43,0)(43,3)(27,3)(27,17)(11,17)(11,10)(0,10)
Polygon:
(0,0)(43,0)(43,10)(25,10)(25,26)(9,26)(9,8)(0,8)
Polygon:
(0,0)(22,0)(22,6)(7,6)(7,8)(2,8)(2,3)(0,3)
Polygon:
(0,0)(43,0)(43,7)(25,7)(25,9)(10,9)(10,6)(0,6)
Polygon:
(0,0)(32,0)(32,13)(31,13)(31,18)(15,18)(15,1)(0,1)
Polygon:
(0,0)(38,0)(38,8)(22,8)(22,19)(18,19)(18,3)(0,3)
Polygon:
(0,0)(47,0)(47,14)(31,14)(31,17)(16,17)(16,9)(0,9)
Polygon:
(0,0)(33,0)(33,13)(28,13)(28,21)(16,21)(16,3)(0,3)
Polygon:
(0,0)(39,0)(39,14)(21,14)(21,31)(12,31)(12,18)(0,18)
Polygon:
(0,0)(30,0)(30,15)(18,15)(18,23)(14,23)(14,7)(0,7)
Polygon:
(0,0)(25,0)(25,21)(20,21)(20,24)(12,24)(12,13)(0,13)
Polygon:
(0,0)(15,0)(15,29)(9,29)(9,30)(6,30)(6,13)(0,13)
Polygon:
(0,0)(11,0)(11,19)(5,19)(5,35)(3,35)(3,18)(0,18)
Polygon:
(0,0)(34,0)(34,4)(17,4)(17,15)(12,15)(12,2)(0,2)
Polygon:
(0,0)(26,0)(26,14)(21,14)(21,21)(12,21)(12,8)(0,8)
Polygon:
(0,0)(34,0)(34,13)(26,13)(26,20)(17,20)(17,11)(0,11)
Polygon:
(0,0)(28,0)(28,19)(22,19)(22,20)(5,20)(5,18)(0,18)
Polygon:
(0,0)(29,0)(29,30)(12,30)(12,32)(10,32)(10,15)(0,15)
Polygon:
(0,0)(18,0)(18,11)(5,11)(5,25)(1,25)(1,9)(0,9)
Polygon:
(0,0)(31,0)(31,27)(23,27)(23,28)(13,28)(13,13)(0,13)
Polygon:
(0,0)(22,0)(22,6)(4,6)(4,15)(3,15)(3,13)(0,13)
Polygon:
(0,0)(31,0)(31,14)(23,14)(23,16)(17,16)(17,1)(0,1)
Polygon:
(0,0)(36,0)(36,24)(19,24)(19,6)(8,6)(8,8)(0,8)
Polygon:
(0,0)(10,0)(10,14)(0,14)
Polygon:
(0,0)(29,0)(29,20)(28,20)(28,6)(13,6)(13,12)(0,12)
Polygon:
(0,0)(7,0)(7,12)(0,12)
Polygon:
(0,0)(16,0)(16,20)(12,20)(12,7)(9,7)(9,9)(0,9)
Polygon:
(0,0)(35,0)(35,15)(18,15)(18,12)(14,12)(14,13)(0,13)
Polygon:
(0,0)(13,0)(13,9)(0,9)
Polygon:
(0,0)(17,0)(17,3)(0,3)
Polygon:
(0,0)(20,0)(20,13)(16,13)(16,18)(0,18)
Polygon:
(0,0)(27,0)(27,17)(19,17)(19,3)(1,3)(1,10)(0,10)
Polygon:
(0,0)(35,0)(35,4)(34,4)(34,3)(16,3)(16,9)(0,9)
Polygon:
(0,0)(18,0)(18,8)(0,8)
Polygon:
(0,0)(24,0)(24,5)(12,5)(12,12)(0,12)
Polygon:
(0,0)(2,0)(2,1)(0,1)
Polygon:
(0,0)(17,0)(17,12)(0,12)
Polygon:
(0,0)(6,0)(6,8)(2,8)(2,23)(0,23)
Polygon:
(0,0)(11,0)(11,11)(6,11)(6,19)(0,19)
Polygon:
(0,0)(12,0)(12,5)(0,5)
Polygon:
(0,0)(15,0)(15,3)(0,3)
Polygon:
(0,0)(4,0)(4,10)(0,10)
Polygon:
(0,0)(2,0)(2,15)(0,15)
Polygon:
(0,0)(14,0)(14,15)(0,15)
Polygon:
(0,0)(2,0)(2,14)(0,14)
Polygon:
(0,0)(29,0)(29,16)(13,16)(13,31)(0,31)
Polygon:
(0,0)(14,0)(14,4)(2,4)(2,16)(0,16)
Polygon:
(0,0)(10,0)(10,5)(0,5)
Polygon:
(0,0)(30,0)(30,13)(17,13)(17,26)(0,26)
Polygon:
(0,0)(7,0)(7,16)(1,16)(1,24)(0,24)
Polygon:
(0,0)(9,0)(9,9)(0,9)
Polygon:
(0,0)(4,0)(4,6)(0,6)
Polygon:
(0,0)(9,0)(9,17)(0,17)
Polygon:
(0,0)(17,0)(17,2)(9,2)(9,9)(0,9)
Polygon:
(0,0)(15,0)(15,7)(3,7)(3,17)(0,17)
Polygon:
(0,0)(18,0)(18,12)(0,12)
Polygon:
(0,0)(1,0)(1,12)(0,12)
Polygon:
(0,0)(18,0)(18,4)(0,4)
Polygon:
(0,0)(2,0)(2,13)(0,13)
Polygon:
(0,0)(11,0)(11,3)(10,3)(10,10)(0,10)
Polygon:
(0,0)(15,0)(15,24)(13,24)(13,14)(7,14)(7,18)(0,18)
Polygon:
(0,0)(15,0)(15,16)(12,16)(12,7)(10,7)(10,8)(0,8)
Polygon:
(0,0)(22,0)(22,25)(17,25)(17,14)(10,14)(10,16)(0,16)
Polygon:
(0,0)(16,0)(16,9)(1,9)(1,16)(0,16)
Polygon:
(0,0)(23,0)(23,10)(13,10)(13,16)(0,16)
Polygon:
(0,0)(1,0)(1,11)(0,11)
Polygon:
(0,0)(25,0)(25,3)(14,3)(14,4)(0,4)
Polygon:
(0,0)(18,0)(18,21)(8,21)(8,4)(5,4)(5,8)(0,8)
Polygon:
(0,0)(17,0)(17,1)(0,1)
Polygon:
(0,0)(36,0)(36,17)(24,17)(24,4)(6,4)(6,11)(0,11)
Polygon:
(0,0)(11,0)(11,13)(0,13)
Polygon:
(0,0)(13,0)(13,12)(0,12)
Polygon:
(0,0)(10,0)(10,12)(0,12)
Polygon:
(0,0)(32,0)(32,5)(19,5)(19,2)(8,2)(8,11)(0,11)
Polygon:
(0,0)(27,0)(27,17)(11,17)(11,21)(0,21)
Polygon:
(0,0)(13,0)(13,15)(0,15)
Polygon:
(0,0)(18,0)(18,2)(0,2)
Polygon:
(0,0)(29,0)(29,13)(21,13)(21,6)(11,6)(11,7)(0,7)
Polygon:
(0,0)(7,0)(7,8)(0,8)
Polygon:
(0,0)(22,0)(22,13)(10,13)(10,15)(0,15)
Polygon:
(0,0)(16,0)(16,6)(0,6)
Polygon:
(0,0)(6,0)(6,7)(0,7)
Polygon:
(0,0)(13,0)(13,10)(3,10)(3,25)(0,25)
Polygon:
(0,0)(13,0)(13,11)(0,11)
Polygon:
(0,0)(23,0)(23,16)(21,16)(21,8)(15,8)(15,18)(0,18)
Polygon:
(0,0)(8,0)(8,4)(2,4)(2,15)(0,15)
Polygon:
(0,0)(4,0)(4,3)(0,3)
Polygon:
(0,0)(4,0)(4,16)(2,16)(2,31)(0,31)
Polygon:
(0,0)(34,0)(34,7)(16,7)(16,9)(0,9)
Polygon:
(0,0)(28,0)(28,22)(19,22)(19,11)(12,11)(12,16)(0,16)
Polygon:
(0,0)(19,0)(19,8)(9,8)(9,5)(5,5)(5,14)(0,14)
Polygon:
(0,0)(13,0)(13,6)(0,6)
Polygon:
(0,0)(7,0)(7,4)(6,4)(6,20)(0,20)
Polygon:
(0,0)(12,0)(12,3)(0,3)
Polygon:
(0,0)(6,0)(6,4)(0,4)
Polygon:
(0,0)(10,0)(10,8)(1,8)(1,25)(0,25)
Polygon:
(0,0)(8,0)(8,2)(0,2)
Polygon:
(0,0)(17,0)(17,7)(4,7)(4,17)(0,17)
Polygon:
(0,0)(21,0)(21,21)(11,21)(11,6)(3,6)(3,11)(0,11)
Polygon:
(0,0)(7,0)(7,16)(0,16)
Polygon:
(0,0)(16,0)(16,5)(0,5)
Polygon:
(0,0)(15,0)(15,9)(0,9)
Polygon:
(0,0)(14,0)(14,13)(3,13)(3,18)(0,18)
Polygon:
(0,0)(8,0)(8,8)(0,8)
Polygon:
(0,0)(17,0)(17,13)(2,13)(2,23)(0,23)
Polygon:
(0,0)(9,0)(9,8)(1,8)(1,17)(0,17)
Polygon:
(0,0)(18,0)(18,2)(0,2)
Polygon:
(0,0)(8,0)(8,18)(0,18)
Polygon:
(0,0)(23,0)(23,18)(11,18)(11,19)(0,19)
Polygon:
(0,0)(3,0)(3,17)(0,17)
Polygon:
(0,0)(18,0)(18,13)(10,13)(10,26)(0,26)
Polygon:
(0,0)(15,0)(15,17)(0,17)
Polygon:
(0,0)(9,0)(9,2)(0,2)
Polygon:
(0,0)(18,0)(18,11)(0,11)
Polygon:
(0,0)(13,0)(13,14)(0,14)
Polygon:
(0,0)(23,0)(23,19)(22,19)(22,3)(11,3)(11,4)(0,4)
Polygon:
(0,0)(12,0)(12,11)(0,11)
Polygon:
(0,0)(3,0)(3,18)(0,18)
Polygon:
(0,0)(14,0)(14,16)(2,16)(2,25)(0,25)
Polygon:
(0,0)(7,0)(7,6)(0,6)
Polygon:
(0,0)(13,0)(13,13)(0,13)
Polygon:
(0,0)(15,0)(15,3)(0,3)
Polygon:
(0,0)(18,0)(18,6)(16,6)(16,23)(0,23)
Polygon:
(0,0)(16,0)(16,18)(0,18)
Polygon:
(0,0)(13,0)(13,16)(11,16)(11,6)(2,6)(2,9)(0,9)
Polygon:
(0,0)(21,0)(21,16)(15,16)(15,11)(1,11)(1,14)(0,14)
Polygon:
(0,0)(16,0)(16,11)(15,11)(15,14)(0,14)
Polygon:
(0,0)(30,0)(30,14)(17,14)(17,32)(0,32)
Polygon:
(0,0)(13,0)(13,6)(0,6)
Polygon:
(0,0)(32,0)(32,14)(19,14)(19,3)(16,3)(16,4)(0,4)
Polygon:
(0,0)(18,0)(18,6)(4,6)(4,22)(0,22)
Polygon:
(0,0)(5,0)(5,12)(0,12)
Polygon:
(0,0)(17,0)(17,7)(16,7)(16,9)(0,9)
Polygon:
(0,0)(12,0)(12,9)(5,9)(5,11)(0,11)
Polygon:
(0,0)(4,0)(4,8)(0,8)
Polygon:
(0,0)(11,0)(11,10)(5,10)(5,15)(0,15)
Polygon:
(0,0)(7,0)(7,2)(0,2)
Polygon:
(0,0)(13,0)(13,2)(0,2)
Polygon:
(0,0)(3,0)(3,17)(0,17)
Polygon:
(0,0)(17,0)(17,15)(0,15)
Polygon:
(0,0)(15,0)(15,7)(6,7)(6,25)(0,25)
Polygon:
(0,0)(17,0)(17,2)(0,2)
Polygon:
(0,0)(17,0)(17,1)(0,1)
Polygon:
(0,0)(6,0)(6,12)(0,12)
Polygon:
(0,0)(15,0)(15,3)(12,3)(12,8)(0,8)
Polygon:
(0,0)(23,0)(23,9)(12,9)(12,18)(0,18)
Polygon:
(0,0)(8,0)(8,2)(0,2)
Polygon:
(0,0)(10,0)(10,10)(0,10)
Polygon:
(0,0)(3,0)(3,14)(0,14)
Polygon:
(0,0)(2,0)(2,18)(0,18)
Polygon:
(0,0)(20,0)(20,3)(8,3)(8,1)(4,1)(4,9)(0,9)
Polygon:
(0,0)(3,0)(3,12)(0,12)
Polygon:
(0,0)(30,0)(30,15)(14,15)(14,30)(0,30)
Polygon:
(0,0)(20,0)(20,17)(4,17)(4,21)(0,21)
Polygon:
(0,0)(6,0)(6,3)(0,3)
Polygon:
(0,0)(25,0)(25,14)(16,14)(16,28)(0,28)
Polygon:
(0,0)(17,0)(17,8)(0,8)
Polygon:
(0,0)(1,0)(1,1)(0,1)
Polygon:
(0,0)(3,0)(3,6)(0,6)
Polygon:
(0,0)(30,0)(30,3)(15,3)(15,9)(0,9)
Polygon:
(0,0)(26,0)(26,7)(8,7)(8,1)(4,1)(4,17)(0,17)
Polygon:
(0,0)(25,0)(25,18)(7,18)(7,21)(0,21)
Polygon:
(0,0)(32,0)(32,15)(16,15)(16,29)(0,29)
Polygon:
(0,0)(7,0)(7,15)(6,15)(6,23)(0,23)
Polygon:
(0,0)(9,0)(9,11)(0,11)
Polygon:
(0,0)(2,0)(2,4)(0,4)
Polygon:
(0,0)(5,0)(5,5)(3,5)(3,20)(0,20)
Polygon:
(0,0)(12,0)(12,16)(0,16)
Polygon:
(0,0)(18,0)(18,2)(0,2)
Polygon:
(0,0)(20,0)(20,12)(11,12)(11,15)(0,15)
Polygon:
(0,0)(14,0)(14,7)(1,7)(1,9)(0,9)
Polygon:
(0,0)(27,0)(27,6)(12,6)(12,10)(0,10)
Polygon:
(0,0)(32,0)(32,18)(27,18)(27,9)(14,9)(14,14)(0,14)
Polygon:
(0,0)(1,0)(1,17)(0,17)
Polygon:
(0,0)(18,0)(18,9)(0,9)
Polygon:
(0,0)(9,0)(9,16)(0,16)
Polygon:
(0,0)(17,0)(17,17)(11,17)(11,18)(0,18)
Polygon:
(0,0)(2,0)(2,1)(0,1)
Polygon:
(0,0)(8,0)(8,6)(4,6)(4,24)(0,24)
Polygon:
(0,0)(33,0)(33,30)(21,30)(21,13)(14,13)(14,15)(0,15)
Polygon:
(0,0)(9,0)(9,13)(0,13)
Polygon:
(0,0)(25,0)(25,9)(15,9)(15,23)(0,23)
Polygon:
(0,0)(18,0)(18,13)(0,13)
Polygon:
(0,0)(19,0)(19,14)(4,14)(4,18)(0,18)
Polygon:
(0,0)(7,0)(7,12)(0,12)
Polygon:
(0,0)(3,0)(3,17)(0,17)
Polygon:
(0,0)(4,0)(4,8)(0,8)
Polygon:
(0,0)(9,0)(9,4)(0,4)
Polygon:
(0,0)(18,0)(18,6)(8,6)(8,17)(0,17)
Polygon:
(0,0)(2,0)(2,14)(0,14)
Polygon:
(0,0)(20,0)(20,14)(8,14)(8,19)(0,19)
Polygon:
(0,0)(11,0)(11,2)(0,2)
Polygon:
(0,0)(16,0)(16,11)(0,11)
Polygon:
(0,0)(6,0)(6,7)(0,7)
Polygon:
(0,0)(20,0)(20,10)(5,10)(5,14)(0,14)
Polygon:
(0,0)(11,0)(11,2)(0,2)
Polygon:
(0,0)(10,0)(10,2)(0,2)
Polygon:
(0,0)(3,0)(3,18)(0,18)
Polygon:
(0,0)(23,0)(23,14)(11,14)(11,24)(0,24)
Polygon:
(0,0)(23,0)(23,5)(7,5)(7,16)(0,16)
Polygon:
(0,0)(3,0)(3,7)(0,7)
Polygon:
(0,0)(13,0)(13,13)(0,13)
Polygon:
(0,0)(33,0)(33,18)(20,18)(20,4)(18,4)(18,9)(0,9)
Polygon:
(0,0)(13,0)(13,2)(0,2)
Polygon:
(0,0)(24,0)(24,11)(7,11)(7,13)(0,13)
Polygon:
(0,0)(15,0)(15,1)(8,1)(8,2)(0,2)
Polygon:
(0,0)(2,0)(2,6)(0,6)
Polygon:
(0,0)(6,0)(6,14)(0,14)
Polygon:
(0,0)(12,0)(12,9)(0,9)
Polygon:
(0,0)(3,0)(3,14)(0,14)
Polygon:
(0,0)(6,0)(6,1)(0,1)
Polygon:
(0,0)(10,0)(10,17)(4,17)(4,19)(0,19)
Polygon:
(0,0)(35,0)(35,15)(22,15)(22,2)(7,2)(7,14)(0,14)
Polygon:
(0,0)(22,0)(22,8)(7,8)(7,9)(0,9)
Polygon:
(0,0)(12,0)(12,7)(0,7)
Polygon:
(0,0)(6,0)(6,7)(0,7)
Polygon:
(0,0)(2,0)(2,11)(0,11)
Polygon:
(0,0)(5,0)(5,14)(4,14)(4,29)(0,29)
Polygon:
(0,0)(8,0)(8,14)(0,14)
Polygon:
(0,0)(22,0)(22,4)(9,4)(9,21)(0,21)
Polygon:
(0,0)(1,0)(1,13)(0,13)
Polygon:
(0,0)(20,0)(20,27)(19,27)(19,10)(13,10)(13,16)(0,16)
Polygon:
(0,0)(2,0)(2,6)(0,6)
Polygon:
(0,0)(7,0)(7,8)(0,8)
Polygon:
(0,0)(20,0)(20,2)(6,2)(6,7)(0,7)
Polygon:
(0,0)(5,0)(5,11)(0,11)
Polygon:
(0,0)(15,0)(15,18)(0,18)
Polygon:
(0,0)(7,0)(7,10)(0,10)
Polygon:
(0,0)(16,0)(16,8)(0,8)
Polygon:
(0,0)(23,0)(23,12)(15,12)(15,27)(0,27)
Polygon:
(0,0)(33,0)(33,18)(23,18)(23,4)(10,4)(10,8)(0,8)
Polygon:
(0,0)(8,0)(8,18)(0,18)
Polygon:
(0,0)(2,0)(2,8)(0,8)
Polygon:
(0,0)(10,0)(10,13)(0,13)
Polygon:
(0,0)(25,0)(25,15)(15,15)(15,28)(0,28)
Polygon:
(0,0)(24,0)(24,13)(14,13)(14,30)(0,30)
Polygon:
(0,0)(12,0)(12,4)(8,4)(8,5)(0,5)
Polygon:
(0,0)(15,0)(15,12)(0,12)
Polygon:
(0,0)(8,0)(8,18)(0,18)
Polygon:
(0,0)(9,0)(9,18)(0,18)
Polygon:
(0,0)(5,0)(5,15)(0,15)
Polygon:
(0,0)(11,0)(11,13)(0,13)
Polygon:
(0,0)(12,0)(12,11)(10,11)(10,5)(4,5)(4,9)(0,9)
Polygon:
(0,0)(8,0)(8,10)(0,10)
Polygon:
(0,0)(13,0)(13,9)(0,9)
Polygon:
(0,0)(5,0)(5,15)(0,15)
Polygon:
(0,0)(3,0)(3,6)(0,6)
Polygon:
(0,0)(13,0)(13,5)(12,5)(12,19)(0,19)
Polygon:
(0,0)(18,0)(18,7)(0,7)
Polygon:
(0,0)(11,0)(11,2)(0,2)
Polygon:
(0,0)(38,0)(38,10)(25,10)(25,3)(7,3)(7,12)(0,12)
Polygon:
(0,0)(47,0)(47,24)(33,24)(33,13)(18,13)(18,17)(0,17)
Polygon:
(0,0)(13,0)(13,10)(0,10)
Polygon:
(0,0)(22,0)(22,14)(5,14)(5,32)(0,32)
Polygon:
(0,0)(9,0)(9,2)(0,2)
Polygon:
(0,0)(1,0)(1,4)(0,4)
Polygon:
(0,0)(11,0)(11,10)(0,10)
Polygon:
(0,0)(15,0)(15,17)(4,17)(4,2)(3,2)(3,13)(0,13)
Polygon:
(0,0)(12,0)(12,2)(3,2)(3,14)(0,14)
Polygon:
(0,0)(16,0)(16,15)(0,15)
Polygon:
(0,0)(1,0)(1,17)(0,17)
Polygon:
(0,0)(19,0)(19,8)(8,8)(8,7)(3,7)(3,12)(0,12)
Polygon:
(0,0)(11,0)(11,2)(0,2)
Polygon:
(0,0)(7,0)(7,1)(0,1)
Polygon:
(0,0)(7,0)(7,9)(0,9)
Polygon:
(0,0)(18,0)(18,12)(17,12)(17,21)(0,21)
Polygon:
(0,0)(23,0)(23,17)(7,17)(7,30)(0,30)
Polygon:
(0,0)(4,0)(4,2)(2,2)(2,7)(0,7)
Polygon:
(0,0)(2,0)(2,15)(0,15)
Polygon:
(0,0)(8,0)(8,10)(0,10)
Polygon:
(0,0)(18,0)(18,16)(0,16)
Polygon:
(0,0)(9,0)(9,16)(0,16)
Polygon:
(0,0)(12,0)(12,13)(0,13)
Polygon:
(0,0)(4,0)(4,6)(0,6)
Polygon:
(0,0)(4,0)(4,7)(0,7)
Polygon:
(0,0)(30,0)(30,13)(15,13)(15,19)(0,19)
Polygon:
(0,0)(12,0)(12,18)(0,18)
Polygon:
(0,0)(17,0)(17,9)(0,9)
Polygon:
(0,0)(20,0)(20,8)(5,8)(5,25)(0,25)
Polygon:
(0,0)(6,0)(6,15)(0,15)
Polygon:
(0,0)(33,0)(33,15)(23,15)(23,9)(12,9)(12,12)(0,12)
Polygon:
(0,0)(1,0)(1,13)(0,13)
Polygon:
(0,0)(20,0)(20,1)(7,1)(7,5)(0,5)
Polygon:
(0,0)(15,0)(15,2)(0,2)
Polygon:
(0,0)(19,0)(19,27)(10,27)(10,17)(3,17)(3,18)(0,18)
Polygon:
(0,0)(2,0)(2,3)(0,3)
Polygon:
(0,0)(26,0)(26,18)(20,18)(20,3)(2,3)(2,12)(0,12)
Polygon:
(0,0)(3,0)(3,3)(2,3)(2,21)(0,21)
Polygon:
(0,0)(20,0)(20,3)(16,3)(16,6)(0,6)
Polygon:
(0,0)(3,0)(3,2)(0,2)
Polygon:
(0,0)(8,0)(8,17)(0,17)
Polygon:
(0,0)(12,0)(12,14)(7,14)(7,23)(0,23)
Polygon:
(0,0)(34,0)(34,15)(17,15)(17,12)(3,12)(3,13)(0,13)
Polygon:
(0,0)(27,0)(27,15)(23,15)(23,11)(15,11)(15,17)(0,17)
Polygon:
(0,0)(15,0)(15,8)(3,8)(3,23)(0,23)
Polygon:
(0,0)(14,0)(14,1)(0,1)
Polygon:
(0,0)(21,0)(21,17)(8,17)(8,23)(0,23)
Polygon:
(0,0)(8,0)(8,17)(0,17)
Polygon:
(0,0)(1,0)(1,8)(0,8)
Polygon:
(0,0)(20,0)(20,15)(12,15)(12,18)(0,18)
Polygon:
(0,0)(28,0)(28,6)(14,6)(14,20)(0,20)
Polygon:
(0,0)(13,0)(13,8)(0,8)
Polygon:
(0,0)(6,0)(6,3)(0,3)
Polygon:
(0,0)(3,0)(3,15)(0,15)
Polygon:
(0,0)(11,0)(11,4)(0,4)
Polygon:
(0,0)(18,0)(18,4)(0,4)
Polygon:
(0,0)(14,0)(14,13)(1,13)(1,30)(0,30)
Polygon:
(0,0)(27,0)(27,7)(14,7)(14,2)(7,2)(7,12)(0,12)
Polygon:
(0,0)(10,0)(10,14)(0,14)
Polygon:
(0,0)(3,0)(3,11)(2,11)(2,19)(0,19)
Polygon:
(0,0)(2,0)(2,4)(0,4)
Polygon:
(0,0)(4,0)(4,11)(0,11)
Polygon:
(0,0)(3,0)(3,15)(0,15)
Polygon:
(0,0)(6,0)(6,7)(0,7)
Polygon:
(0,0)(14,0)(14,17)(9,17)(9,19)(0,19)
Polygon:
(0,0)(16,0)(16,16)(0,16)
Polygon:
(0,0)(22,0)(22,14)(17,14)(17,21)(0,21)
Polygon:
(0,0)(19,0)(19,21)(16,21)(16,4)(12,4)(12,7)(0,7)
Polygon:
(0,0)(7,0)(7,2)(0,2)
Polygon:
(0,0)(10,0)(10,15)(0,15)
Polygon:
(0,0)(1,0)(1,12)(0,12)
Polygon:
(0,0)(6,0)(6,8)(0,8)
Polygon:
(0,0)(5,0)(5,1)(0,1)
Polygon:
(0,0)(22,0)(22,13)(9,13)(9,29)(0,29)
Polygon:
(0,0)(14,0)(14,11)(0,11)
Polygon:
(0,0)(6,0)(6,14)(0,14)
Polygon:
(0,0)(9,0)(9,15)(0,15)
Polygon:
(0,0)(9,0)(9,9)(0,9)
Polygon:
(0,0)(7,0)(7,16)(0,16)
Polygon:
(0,0)(26,0)(26,10)(23,10)(23,2)(16,2)(16,7)(0,7)
Polygon:
(0,0)(14,0)(14,18)(0,18)
Polygon:
(0,0)(16,0)(16,8)(6,8)(6,2)(3,2)(3,4)(0,4)
Polygon:
(0,0)(9,0)(9,17)(1,17)(1,21)(0,21)
Polygon:
(0,0)(36,0)(36,14)(33,14)(33,8)(16,8)(16,14)(0,14)
Polygon:
(0,0)(25,0)(25,21)(17,21)(17,3)(7,3)(7,14)(0,14)
Polygon:
(0,0)(37,0)(37,24)(19,24)(19,6)(17,6)(17,13)(0,13)
Polygon:
(0,0)(6,0)(6,17)(0,17)
Polygon:
(0,0)(8,0)(8,6)(0,6)
Polygon:
(0,0)(13,0)(13,11)(0,11)
Polygon:
(0,0)(26,0)(26,1)(11,1)(11,10)(0,10)
Polygon:
(0,0)(8,0)(8,10)(0,10)
Polygon:
(0,0)(12,0)(12,15)(1,15)(1,25)(0,25)
Polygon:
(0,0)(4,0)(4,16)(0,16)
Polygon:
(0,0)(34,0)(34,7)(17,7)(17,23)(0,23)
Polygon:
(0,0)(6,0)(6,11)(0,11)
Polygon:
(0,0)(23,0)(23,14)(5,14)(5,27)(0,27)
Polygon:
(0,0)(14,0)(14,7)(0,7)
Polygon:
(0,0)(3,0)(3,13)(0,13)
Polygon:
(0,0)(3,0)(3,14)(0,14)
Polygon:
(0,0)(9,0)(9,7)(0,7)
Polygon:
(0,0)(19,0)(19,12)(9,12)(9,27)(0,27)
Polygon:
(0,0)(20,0)(20,13)(2,13)(2,21)(0,21)
Polygon:
(0,0)(18,0)(18,14)(11,14)(11,22)(0,22)
Polygon:
(0,0)(14,0)(14,1)(0,1)
Polygon:
(0,0)(36,0)(36,18)(18,18)(18,35)(0,35)
Polygon:
(0,0)(1,0)(1,11)(0,11)
Polygon:
(0,0)(4,0)(4,3)(0,3)
Polygon:
(0,0)(18,0)(18,10)(0,10)
Polygon:
(0,0)(12,0)(12,15)(0,15)
Polygon:
(0,0)(8,0)(8,3)(0,3)
Polygon:
(0,0)(6,0)(6,4)(0,4)
Polygon:
(0,0)(37,0)(37,16)(32,16)(32,8)(16,8)(16,14)(0,14)
Polygon:
(0,0)(35,0)(35,7)(24,7)(24,6)(9,6)(9,16)(0,16)
Polygon:
(0,0)(13,0)(13,8)(0,8)
Polygon:
(0,0)(17,0)(17,9)(0,9)
Polygon:
(0,0)(18,0)(18,11)(0,11)
Polygon:
(0,0)(13,0)(13,6)(0,6)
Polygon:
(0,0)(10,0)(10,10)(0,10)
Polygon:
(0,0)(4,0)(4,13)(0,13)
Polygon:
(0,0)(16,0)(16,11)(11,11)(11,14)(0,14)
Polygon:
(0,0)(23,0)(23,7)(7,7)(7,17)(0,17)
Polygon:
(0,0)(32,0)(32,18)(21,18)(21,2)(9,2)(9,18)(0,18)
Polygon:
(0,0)(13,0)(13,5)(0,5)
Polygon:
(0,0)(6,0)(6,4)(2,4)(2,11)(0,11)
Polygon:
(0,0)(5,0)(5,4)(0,4)
Polygon:
(0,0)(15,0)(15,18)(12,18)(12,22)(0,22)
Polygon:
(0,0)(17,0)(17,2)(0,2)
Polygon:
(0,0)(12,0)(12,18)(0,18)
Polygon:
(0,0)(5,0)(5,18)(0,18)
Polygon:
(0,0)(17,0)(17,14)(0,14)
Polygon:
(0,0)(41,0)(41,11)(23,11)(23,6)(10,6)(10,15)(0,15)
Polygon:
(0,0)(16,0)(16,11)(0,11)
Polygon:
(0,0)(8,0)(8,3)(0,3)
Polygon:
(0,0)(16,0)(16,3)(14,3)(14,5)(0,5)
Polygon:
(0,0)(12,0)(12,17)(5,17)(5,23)(0,23)
Polygon:
(0,0)(26,0)(26,21)(20,21)(20,11)(16,11)(16,18)(0,18)
Polygon:
(0,0)(17,0)(17,13)(0,13)
Polygon:
(0,0)(28,0)(28,5)(11,5)(11,13)(0,13)
Polygon:
(0,0)(9,0)(9,12)(0,12)
Polygon:
(0,0)(12,0)(12,13)(7,13)(7,20)(0,20)
Polygon:
(0,0)(13,0)(13,5)(0,5)
Polygon:
(0,0)(11,0)(11,3)(0,3)
Polygon:
(0,0)(18,0)(18,6)(0,6)
Polygon:
(0,0)(18,0)(18,2)(0,2)
Polygon:
(0,0)(4,0)(4,3)(0,3)
Polygon:
(0,0)(6,0)(6,6)(0,6)
Polygon:
(0,0)(3,0)(3,8)(0,8)
Polygon:
(0,0)(17,0)(17,15)(0,15)
Polygon:
(0,0)(13,0)(13,10)(0,10)
Polygon:
(0,0)(15,0)(15,6)(12,6)(12,13)(0,13)
Polygon:
(0,0)(16,0)(16,4)(0,4)
Polygon:
(0,0)(17,0)(17,10)(15,10)(15,7)(8,7)(8,11)(0,11)
Polygon:
(0,0)(8,0)(8,8)(0,8)
Polygon:
(0,0)(25,0)(25,9)(11,9)(11,12)(0,12)
Polygon:
(0,0)(13,0)(13,2)(0,2)
Polygon:
(0,0)(18,0)(18,7)(0,7)
Polygon:
(0,0)(15,0)(15,2)(0,2)
Polygon:
(0,0)(7,0)(7,3)(0,3)
Polygon:
(0,0)(19,0)(19,17)(4,17)(4,25)(0,25)
Polygon:
(0,0)(8,0)(8,2)(0,2)
Polygon:
(0,0)(3,0)(3,14)(0,14)
Polygon:
(0,0)(20,0)(20,1)(16,1)(16,16)(0,16)
Polygon:
(0,0)(16,0)(16,2)(0,2)
Polygon:
(0,0)(2,0)(2,10)(0,10)
Polygon:
(0,0)(16,0)(16,13)(0,13)
Polygon:
(0,0)(23,0)(23,17)(17,17)(17,34)(0,34)
Polygon:
(0,0)(16,0)(16,17)(0,17)
Polygon:
(0,0)(6,0)(6,16)(0,16)
Polygon:
(0,0)(5,0)(5,8)(1,8)(1,25)(0,25)
Polygon:
(0,0)(14,0)(14,10)(11,10)(11,8)(2,8)(2,9)(0,9)
Polygon:
(0,0)(1,0)(1,11)(0,11)
Polygon:
(0,0)(11,0)(11,12)(10,12)(10,22)(0,22)
Polygon:
(0,0)(1,0)(1,8)(0,8)
Polygon:
(0,0)(6,0)(6,5)(0,5)
Polygon:
(0,0)(22,0)(22,30)(19,30)(19,14)(8,14)(8,18)(0,18)
Polygon:
(0,0)(14,0)(14,18)(0,18)
Polygon:
(0,0)(1,0)(1,8)(0,8)
Polygon:
(0,0)(40,0)(40,14)(26,14)(26,6)(18,6)(18,16)(0,16)
Polygon:
(0,0)(4,0)(4,17)(0,17)
Polygon:
(0,0)(8,0)(8,1)(0,1)
Polygon:
(0,0)(17,0)(17,16)(5,16)(5,31)(0,31)
Polygon:
(0,0)(12,0)(12,14)(0,14)
Polygon:
(0,0)(11,0)(11,16)(0,16)
Polygon:
(0,0)(9,0)(9,4)(0,4)
Polygon:
(0,0)(23,0)(23,2)(6,2)(6,5)(0,5)
Polygon:
(0,0)(2,0)(2,2)(0,2)
Polygon:
(0,0)(43,0)(43,17)(29,17)(29,3)(17,3)(17,17)(0,17)
Polygon:
(0,0)(18,0)(18,5)(0,5)
Polygon:
(0,0)(18,0)(18,15)(0,15)
Polygon:
(0,0)(17,0)(17,16)(0,16)
Polygon:
(0,0)(5,0)(5,1)(0,1)
Polygon:
(0,0)(3,0)(3,6)(2,6)(2,12)(0,12)
Polygon:
(0,0)(32,0)(32,15)(19,15)(19,10)(2,10)(2,16)(0,16)
Polygon:
(0,0)(18,0)(18,8)(12,8)(12,23)(0,23)
Polygon:
(0,0)(18,0)(18,10)(0,10)
Polygon:
(0,0)(21,0)(21,25)(16,25)(16,7)(11,7)(11,9)(0,9)
Polygon:
(0,0)(16,0)(16,12)(0,12)
Polygon:
(0,0)(27,0)(27,18)(15,18)(15,29)(0,29)
Polygon:
(0,0)(10,0)(10,16)(3,16)(3,27)(0,27)
Polygon:
(0,0)(18,0)(18,6)(0,6)
Polygon:
(0,0)(27,0)(27,12)(16,12)(16,16)(0,16)
Polygon:
(0,0)(26,0)(26,7)(14,7)(14,24)(0,24)
Polygon:
(0,0)(17,0)(17,18)(4,18)(4,34)(0,34)
Polygon:
(0,0)(8,0)(8,6)(0,6)
Polygon:
(0,0)(4,0)(4,13)(0,13)
Polygon:
(0,0)(10,0)(10,11)(0,11)
Polygon:
(0,0)(38,0)(38,15)(24,15)(24,12)(13,12)(13,13)(0,13)
Polygon:
(0,0)(18,0)(18,1)(0,1)
Polygon:
(0,0)(9,0)(9,10)(4,10)(4,15)(0,15)
Polygon:
(0,0)(24,0)(24,4)(9,4)(9,19)(0,19)
Polygon:
(0,0)(14,0)(14,5)(0,5)
Polygon:
(0,0)(31,0)(31,18)(15,18)(15,33)(0,33)
Polygon:
(0,0)(14,0)(14,16)(0,16)
Polygon:
(0,0)(15,0)(15,16)(7,16)(7,20)(0,20)
Polygon:
(0,0)(33,0)(33,21)(19,21)(19,11)(13,11)(13,14)(0,14)
Polygon:
(0,0)(10,0)(10,12)(0,12)
Polygon:
(0,0)(7,0)(7,13)(0,13)
Polygon:
(0,0)(10,0)(10,3)(0,3)
Polygon:
(0,0)(24,0)(24,16)(15,16)(15,24)(0,24)
Polygon:
(0,0)(10,0)(10,12)(9,12)(9,20)(0,20)
Polygon:
(0,0)(10,0)(10,10)(0,10)
Polygon:
(0,0)(12,0)(12,7)(0,7)
Polygon:
(0,0)(17,0)(17,1)(7,1)(7,18)(0,18)
Polygon:
(0,0)(27,0)(27,6)(13,6)(13,13)(0,13)
Polygon:
(0,0)(18,0)(18,1)(4,1)(4,10)(0,10)
Polygon:
(0,0)(5,0)(5,17)(0,17)
Polygon:
(0,0)(33,0)(33,3)(18,3)(18,10)(0,10)
Polygon:
(0,0)(12,0)(12,2)(0,2)
Polygon:
(0,0)(16,0)(16,17)(0,17)
Polygon:
(0,0)(13,0)(13,11)(8,11)(8,13)(0,13)
Polygon:
(0,0)(12,0)(12,12)(0,12)
Polygon:
(0,0)(13,0)(13,11)(0,11)
Polygon:
(0,0)(17,0)(17,1)(0,1)
Polygon:
(0,0)(7,0)(7,16)(5,16)(5,34)(0,34)
Polygon:
(0,0)(30,0)(30,4)(18,4)(18,16)(0,16)
Polygon:
(0,0)(3,0)(3,17)(0,17)
Polygon:
(0,0)(12,0)(12,14)(0,14)
Polygon:
(0,0)(21,0)(21,10)(3,10)(3,24)(0,24)
Polygon:
(0,0)(25,0)(25,33)(21,33)(21,15)(16,15)(16,16)(0,16)
Polygon:
(0,0)(42,0)(42,20)(35,20)(35,8)(17,8)(17,16)(0,16)
Polygon:
(0,0)(11,0)(11,16)(7,16)(7,31)(0,31)
Polygon:
(0,0)(7,0)(7,11)(0,11)
Polygon:
(0,0)(20,0)(20,3)(10,3)(10,18)(0,18)
Polygon:
(0,0)(25,0)(25,13)(16,13)(16,3)(6,3)(6,16)(0,16)
Polygon:
(0,0)(12,0)(12,3)(7,3)(7,11)(0,11)
Polygon:
(0,0)(16,0)(16,18)(8,18)(8,19)(0,19)
Polygon:
(0,0)(6,0)(6,16)(0,16)
Polygon:
(0,0)(7,0)(7,14)(0,14)
Polygon:
(0,0)(32,0)(32,5)(18,5)(18,16)(0,16)
Polygon:
(0,0)(15,0)(15,5)(0,5)
Polygon:
(0,0)(22,0)(22,19)(12,19)(12,2)(8,2)(8,8)(0,8)
Polygon:
(0,0)(3,0)(3,12)(0,12)
