Polygon:
(0,0)(44,0)(44,17)(31,17)(31,18)(16,18)(16,5)(0,5)
Polygon:
(0,0)(41,0)(41,32)(25,32)(25,34)(11,34)(11,16)(0,16)
Polygon:
(0,0)(42,0)(42,21)(25,21)(25,23)(16,23)(16,9)(0,9)
Polygon:
(0,0)(14,0)(14,12)(7,12)(7,18)(1,18)(1,1)(0,1)
Polygon:
(0,0)(21,0)(21,10)(11,10)(11,20)(7,20)(7,2)(0,2)
Polygon:
(0,0)(22,0)(22,22)(18,22)(18,29)(9,29)(9,12)(0,12)
Polygon:
(0,0)(29,0)(29,1)(14,1)(14,9)(4,9)(4,3)(0,3)
Polygon:
(0,0)(34,0)(34,20)(18,20)(18,22)(13,22)(13,5)(0,5)
Polygon:
(0,0)(33,0)(33,3)(25,3)(25,17)(9,17)(9,12)(0,12)
Polygon:
(0,0)(27,0)(27,5)(11,5)(11,14)(6,14)(6,4)(0,4)
Polygon:
(0,0)(9,0)(9,32)(5,32)(5,33)(2,33)(2,16)(0,16)
Polygon:
(0,0)(34,0)(34,8)(32,8)(32,14)(14,14)(14,10)(0,10)
Polygon:
(0,0)(47,0)(47,19)(33,19)(33,21)(15,21)(15,3)(0,3)
Polygon:
(0,0)(18,0)(18,15)(3,15)(3,25)(1,25)(1,9)(0,9)
Polygon:
(0,0)(27,0)(27,8)(22,8)(22,21)(10,21)(10,3)(0,3)
Polygon:
(0,0)(22,0)(22,6)(6,6)(6,15)(2,15)(2,4)(0,4)
Polygon:
(0,0)(29,0)(29,24)(23,24)(23,28)(15,28)(15,16)(0,16)
Polygon:
(0,0)(38,0)(38,5)(30,5)(30,13)(15,13)(15,11)(0,11)
Polygon:
(0,0)(36,0)(36,1)(22,1)(22,13)(14,13)(14,3)(0,3)
Polygon:
(0,0)(26,0)(26,1)(19,1)(19,5)(13,5)(13,2)(0,2)
Polygon:
(0,0)(44,0)(44,10)(27,10)(27,19)(16,19)(16,10)(0,10)
Polygon:
(0,0)(41,0)(41,24)(34,24)(34,34)(17,34)(17,16)(0,16)
Polygon:
(0,0)(37,0)(37,4)(23,4)(23,16)(18,16)(18,2)(0,2)
Polygon:
(0,0)(26,0)(26,5)(14,5)(14,17)(5,17)(5,13)(0,13)
Polygon:
(0,0)(35,0)(35,16)(33,16)(33,24)(16,24)(16,7)(0,7)
Polygon:
(0,0)(40,0)(40,10)(25,10)(25,18)(16,18)(16,10)(0,10)
Polygon:
(0,0)(23,0)(23,14)(10,14)(10,15)(3,15)(3,10)(0,10)
Polygon:
(0,0)(28,0)(28,23)(12,23)(12,27)(11,27)(11,10)(0,10)
Polygon:
(0,0)(40,0)(40,15)(27,15)(27,21)(18,21)(18,7)(0,7)
Polygon:
(0,0)(35,0)(35,30)(19,30)(19,33)(9,33)(9,15)(0,15)
Polygon:
(0,0)(27,0)(27,9)(22,9)(22,15)(15,15)(15,10)(0,10)
Polygon:
(0,0)(33,0)(33,13)(15,13)(15,21)(12,21)(12,3)(0,3)
Polygon:
(0,0)(31,0)(31,6)(28,6)(28,17)(16,17)(16,15)(0,15)
Polygon:
(0,0)(31,0)(31,19)(15,19)(15,28)(1,28)(1,13)(0,13)
Polygon:
(0,0)(27,0)(27,15)(14,15)(14,25)(5,25)(5,7)(0,7)
Polygon:
(0,0)(28,0)(28,14)(22,14)(22,19)(4,19)(4,8)(0,8)
Polygon:
(0,0)(43,0)(43,12)(25,12)(25,26)(8,26)(8,12)(0,12)
Polygon:
(0,0)(31,0)(31,18)(22,18)(22,25)(18,25)(18,9)(0,9)
Polygon:
(0,0)(32,0)(32,10)(21,10)(21,24)(17,24)(17,8)(0,8)
Polygon:
(0,0)(22,0)(22,9)(5,9)(5,10)(3,10)(3,8)(0,8)
Polygon:
(0,0)(44,0)(44,16)(27,16)(27,32)(10,32)(10,17)(0,17)
Polygon:
(0,0)(27,0)(27,3)(22,3)(22,13)(12,13)(12,4)(0,4)
Polygon:
(0,0)(50,0)(50,11)(34,11)(34,23)(16,23)(16,7)(0,7)
Polygon:
(0,0)(26,0)(26,23)(21,23)(21,26)(5,26)(5,9)(0,9)
Polygon:
(0,0)(28,0)(28,13)(11,13)(11,28)(3,28)(3,11)(0,11)
Polygon:
(0,0)(32,0)(32,20)(23,20)(23,28)(16,28)(16,10)(0,10)
Polygon:
(0,0)(27,0)(27,8)(24,8)(24,15)(13,15)(13,9)(0,9)
Polygon:
(0,0)(34,0)(34,16)(28,16)(28,33)(14,33)(14,18)(0,18)
Polygon:
(0,0)(14,0)(14,4)(9,4)(9,17)(3,17)(3,2)(0,2)
Polygon:
(0,0)(25,0)(25,8)(21,8)(21,16)(14,16)(14,6)(0,6)
Polygon:
(0,0)(35,0)(35,7)(26,7)(26,19)(17,19)(17,2)(0,2)
Polygon:
(0,0)(27,0)(27,10)(18,10)(18,14)(8,14)(8,4)(0,4)
Polygon:
(0,0)(22,0)(22,1)(20,1)(20,19)(3,19)(3,3)(0,3)
Polygon:
(0,0)(23,0)(23,18)(6,18)(6,28)(3,28)(3,14)(0,14)
Polygon:
(0,0)(6,0)(6,12)(3,12)(3,19)(2,19)(2,18)(0,18)
Polygon:
(0,0)(35,0)(35,18)(26,18)(26,31)(14,31)(14,16)(0,16)
Polygon:
(0,0)(33,0)(33,29)(17,29)(17,32)(12,32)(12,14)(0,14)
Polygon:
(0,0)(37,0)(37,29)(23,29)(23,32)(8,32)(8,17)(0,17)
Polygon:
(0,0)(38,0)(38,4)(23,4)(23,5)(9,5)(9,2)(0,2)
Polygon:
(0,0)(45,0)(45,13)(27,13)(27,17)(13,17)(13,4)(0,4)
Polygon:
(0,0)(37,0)(37,7)(25,7)(25,13)(7,13)(7,5)(0,5)
Polygon:
(0,0)(21,0)(21,18)(7,18)(7,31)(4,31)(4,18)(0,18)
Polygon:
(0,0)(26,0)(26,26)(23,26)(23,29)(12,29)(12,13)(0,13)
Polygon:
(0,0)(28,0)(28,8)(19,8)(19,21)(18,21)(18,7)(0,7)
Polygon:
(0,0)(21,0)(21,16)(19,16)(19,19)(2,19)(2,4)(0,4)
Polygon:
(0,0)(28,0)(28,11)(21,11)(21,18)(16,18)(16,4)(0,4)
Polygon:
(0,0)(28,0)(28,6)(16,6)(16,20)(15,20)(15,2)(0,2)
Polygon:
(0,0)(32,0)(32,14)(15,14)(15,18)(6,18)(6,6)(0,6)
Polygon:
(0,0)(17,0)(17,29)(11,29)(11,30)(8,30)(8,13)(0,13)
Polygon:
(0,0)(18,0)(18,17)(12,17)(12,18)(9,18)(9,8)(0,8)
Polygon:
(0,0)(5,0)(5,6)(4,6)(4,15)(3,15)(3,2)(0,2)
Polygon:
(0,0)(34,0)(34,24)(23,24)(23,25)(13,25)(13,8)(0,8)
Polygon:
(0,0)(30,0)(30,7)(26,7)(26,12)(15,12)(15,2)(0,2)
Polygon:
(0,0)(32,0)(32,4)(14,4)(14,5)(5,5)(5,4)(0,4)
Polygon:
(0,0)(39,0)(39,1)(21,1)(21,12)(4,12)(4,10)(0,10)
Polygon:
(0,0)(20,0)(20,4)(16,4)(16,5)(12,5)(12,1)(0,1)
Polygon:
(0,0)(21,0)(21,7)(17,7)(17,10)(1,10)(1,8)(0,8)
Polygon:
(0,0)(23,0)(23,13)(19,13)(19,22)(7,22)(7,16)(0,16)
Polygon:
(0,0)(45,0)(45,15)(30,15)(30,19)(17,19)(17,1)(0,1)
Polygon:
(0,0)(12,0)(12,16)(4,16)(4,24)(2,24)(2,7)(0,7)
Polygon:
(0,0)(26,0)(26,25)(12,25)(12,31)(5,31)(5,14)(0,14)
Polygon:
(0,0)(40,0)(40,16)(33,16)(33,17)(16,17)(16,12)(0,12)
Polygon:
(0,0)(28,0)(28,17)(18,17)(18,19)(12,19)(12,6)(0,6)
Polygon:
(0,0)(40,0)(40,14)(32,14)(32,23)(18,23)(18,5)(0,5)
Polygon:
(0,0)(45,0)(45,3)(28,3)(28,12)(10,12)(10,1)(0,1)
Polygon:
(0,0)(25,0)(25,18)(7,18)(7,23)(4,23)(4,8)(0,8)
Polygon:
(0,0)(32,0)(32,16)(19,16)(19,25)(17,25)(17,12)(0,12)
Polygon:
(0,0)(24,0)(24,25)(16,25)(16,27)(5,27)(5,11)(0,11)
Polygon:
(0,0)(11,0)(11,4)(7,4)(7,17)(6,17)(6,11)(0,11)
Polygon:
(0,0)(44,0)(44,19)(32,19)(32,21)(16,21)(16,12)(0,12)
Polygon:
(0,0)(31,0)(31,8)(18,8)(18,26)(11,26)(11,13)(0,13)
Polygon:
(0,0)(24,0)(24,14)(23,14)(23,15)(15,15)(15,2)(0,2)
Polygon:
(0,0)(39,0)(39,4)(22,4)(22,12)(6,12)(6,2)(0,2)
Polygon:
(0,0)(35,0)(35,20)(24,20)(24,26)(6,26)(6,10)(0,10)
Polygon:
(0,0)(24,0)(24,9)(19,9)(19,10)(11,10)(11,9)(0,9)
Polygon:
(0,0)(52,0)(52,5)(35,5)(35,11)(18,11)(18,6)(0,6)
Polygon:
(0,0)(20,0)(20,18)(19,18)(19,27)(3,27)(3,17)(0,17)
Polygon:
(0,0)(31,0)(31,13)(30,13)(30,31)(13,31)(13,16)(0,16)
Polygon:
(0,0)(20,0)(20,11)(16,11)(16,25)(9,25)(9,17)(0,17)
Polygon:
(0,0)(23,0)(23,20)(16,20)(16,24)(4,24)(4,15)(0,15)
Polygon:
(0,0)(9,0)(9,25)(8,25)(8,34)(5,34)(5,18)(0,18)
Polygon:
(0,0)(32,0)(32,8)(17,8)(17,17)(2,17)(2,9)(0,9)
Polygon:
(0,0)(29,0)(29,19)(19,19)(19,21)(4,21)(4,13)(0,13)
Polygon:
(0,0)(47,0)(47,15)(29,15)(29,22)(16,22)(16,12)(0,12)
Polygon:
(0,0)(29,0)(29,19)(13,19)(13,30)(5,30)(5,16)(0,16)
Polygon:
(0,0)(25,0)(25,15)(19,15)(19,19)(8,19)(8,9)(0,9)
Polygon:
(0,0)(46,0)(46,9)(32,9)(32,21)(14,21)(14,6)(0,6)
Polygon:
(0,0)(16,0)(16,1)(9,1)(9,6)(5,6)(5,3)(0,3)
Polygon:
(0,0)(24,0)(24,20)(19,20)(19,24)(8,24)(8,14)(0,14)
Polygon:
(0,0)(30,0)(30,10)(21,10)(21,12)(4,12)(4,6)(0,6)
Polygon:
(0,0)(38,0)(38,17)(21,17)(21,31)(7,31)(7,15)(0,15)
Polygon:
(0,0)(38,0)(38,9)(24,9)(24,20)(18,20)(18,18)(0,18)
Polygon:
(0,0)(49,0)(49,20)(32,20)(32,29)(17,29)(17,11)(0,11)
Polygon:
(0,0)(25,0)(25,10)(17,10)(17,25)(15,25)(15,11)(0,11)
Polygon:
(0,0)(22,0)(22,4)(14,4)(14,9)(3,9)(3,2)(0,2)
Polygon:
(0,0)(34,0)(34,3)(16,3)(16,7)(3,7)(3,6)(0,6)
Polygon:
(0,0)(37,0)(37,17)(20,17)(20,20)(12,20)(12,11)(0,11)
Polygon:
(0,0)(32,0)(32,11)(15,11)(15,12)(1,12)(1,10)(0,10)
Polygon:
(0,0)(39,0)(39,4)(23,4)(23,14)(10,14)(10,3)(0,3)
Polygon:
(0,0)(25,0)(25,12)(20,12)(20,13)(13,13)(13,5)(0,5)
Polygon:
(0,0)(29,0)(29,10)(20,10)(20,16)(13,16)(13,11)(0,11)
Polygon:
(0,0)(23,0)(23,7)(10,7)(10,22)(3,22)(3,15)(0,15)
Polygon:
(0,0)(42,0)(42,18)(29,18)(29,19)(18,19)(18,9)(0,9)
Polygon:
(0,0)(23,0)(23,12)(16,12)(16,28)(9,28)(9,12)(0,12)
Polygon:
(0,0)(29,0)(29,16)(23,16)(23,24)(18,24)(18,14)(0,14)
Polygon:
(0,0)(39,0)(39,8)(25,8)(25,9)(13,9)(13,5)(0,5)
Polygon:
(0,0)(38,0)(38,15)(25,15)(25,25)(12,25)(12,7)(0,7)
Polygon:
(0,0)(29,0)(29,6)(26,6)(26,8)(16,8)(16,1)(0,1)
Polygon:
(0,0)(29,0)(29,9)(20,9)(20,23)(9,23)(9,7)(0,7)
Polygon:
(0,0)(23,0)(23,6)(18,6)(18,18)(11,18)(11,1)(0,1)
Polygon:
(0,0)(7,0)(7,2)(5,2)(5,17)(4,17)(4,7)(0,7)
Polygon:
(0,0)(7,0)(7,20)(6,20)(6,27)(5,27)(5,10)(0,10)
Polygon:
(0,0)(18,0)(18,5)(13,5)(13,11)(8,11)(8,2)(0,2)
Polygon:
(0,0)(20,0)(20,6)(13,6)(13,10)(12,10)(12,4)(0,4)
Polygon:
(0,0)(21,0)(21,20)(19,20)(19,22)(11,22)(11,16)(0,16)
Polygon:
(0,0)(33,0)(33,6)(19,6)(19,18)(10,18)(10,11)(0,11)
Polygon:
(0,0)(38,0)(38,10)(20,10)(20,19)(3,19)(3,1)(0,1)
Polygon:
(0,0)(45,0)(45,18)(27,18)(27,19)(9,19)(9,4)(0,4)
Polygon:
(0,0)(16,0)(16,20)(15,20)(15,24)(14,24)(14,14)(0,14)
Polygon:
(0,0)(33,0)(33,2)(15,2)(15,11)(12,11)(12,1)(0,1)
Polygon:
(0,0)(42,0)(42,5)(24,5)(24,20)(10,20)(10,2)(0,2)
Polygon:
(0,0)(43,0)(43,16)(26,16)(26,17)(11,17)(11,9)(0,9)
Polygon:
(0,0)(41,0)(41,13)(26,13)(26,20)(10,20)(10,5)(0,5)
Polygon:
(0,0)(42,0)(42,27)(34,27)(34,31)(17,31)(17,15)(0,15)
Polygon:
(0,0)(23,0)(23,13)(8,13)(8,27)(7,27)(7,12)(0,12)
Polygon:
(0,0)(34,0)(34,22)(25,22)(25,32)(14,32)(14,18)(0,18)
Polygon:
(0,0)(35,0)(35,27)(23,27)(23,32)(18,32)(18,14)(0,14)
Polygon:
(0,0)(39,0)(39,13)(30,13)(30,29)(12,29)(12,16)(0,16)
Polygon:
(0,0)(40,0)(40,11)(29,11)(29,27)(14,27)(14,15)(0,15)
Polygon:
(0,0)(28,0)(28,14)(24,14)(24,28)(10,28)(10,18)(0,18)
Polygon:
(0,0)(29,0)(29,21)(26,21)(26,24)(12,24)(12,17)(0,17)
Polygon:
(0,0)(31,0)(31,6)(29,6)(29,24)(15,24)(15,6)(0,6)
Polygon:
(0,0)(27,0)(27,8)(22,8)(22,15)(12,15)(12,10)(0,10)
Polygon:
(0,0)(27,0)(27,8)(14,8)(14,15)(10,15)(10,3)(0,3)
Polygon:
(0,0)(20,0)(20,5)(7,5)(7,14)(2,14)(2,13)(0,13)
Polygon:
(0,0)(13,0)(13,27)(12,27)(12,33)(9,33)(9,17)(0,17)
Polygon:
(0,0)(44,0)(44,17)(26,17)(26,19)(14,19)(14,17)(0,17)
Polygon:
(0,0)(29,0)(29,16)(24,16)(24,18)(8,18)(8,6)(0,6)
Polygon:
(0,0)(28,0)(28,2)(23,2)(23,17)(15,17)(15,4)(0,4)
Polygon:
(0,0)(24,0)(24,2)(15,2)(15,16)(11,16)(11,7)(0,7)
Polygon:
(0,0)(41,0)(41,17)(31,17)(31,24)(18,24)(18,18)(0,18)
Polygon:
(0,0)(37,0)(37,11)(30,11)(30,28)(13,28)(13,18)(0,18)
Polygon:
(0,0)(31,0)(31,17)(24,17)(24,20)(16,20)(16,11)(0,11)
Polygon:
(0,0)(20,0)(20,11)(11,11)(11,15)(5,15)(5,8)(0,8)
Polygon:
(0,0)(20,0)(20,13)(15,13)(15,20)(3,20)(3,3)(0,3)
Polygon:
(0,0)(26,0)(26,10)(11,10)(11,18)(7,18)(7,12)(0,12)
Polygon:
(0,0)(35,0)(35,7)(23,7)(23,22)(7,22)(7,14)(0,14)
Polygon:
(0,0)(23,0)(23,7)(10,7)(10,16)(2,16)(2,3)(0,3)
Polygon:
(0,0)(38,0)(38,10)(32,10)(32,16)(17,16)(17,5)(0,5)
Polygon:
(0,0)(36,0)(36,19)(32,19)(32,25)(15,25)(15,9)(0,9)
Polygon:
(0,0)(24,0)(24,2)(16,2)(16,4)(7,4)(7,3)(0,3)
Polygon:
(0,0)(23,0)(23,14)(12,14)(12,16)(10,16)(10,7)(0,7)
Polygon:
(0,0)(33,0)(33,6)(21,6)(21,20)(6,20)(6,14)(0,14)
Polygon:
(0,0)(50,0)(50,15)(33,15)(33,31)(18,31)(18,16)(0,16)
Polygon:
(0,0)(37,0)(37,11)(21,11)(21,14)(11,14)(11,5)(0,5)
Polygon:
(0,0)(27,0)(27,1)(16,1)(16,14)(8,14)(8,5)(0,5)
Polygon:
(0,0)(27,0)(27,9)(16,9)(16,16)(1,16)(1,6)(0,6)
Polygon:
(0,0)(29,0)(29,6)(18,6)(18,15)(13,15)(13,12)(0,12)
Polygon:
(0,0)(40,0)(40,3)(25,3)(25,15)(11,15)(11,12)(0,12)
Polygon:
(0,0)(30,0)(30,5)(20,5)(20,19)(4,19)(4,17)(0,17)
Polygon:
(0,0)(36,0)(36,16)(33,16)(33,29)(16,29)(16,17)(0,17)
Polygon:
(0,0)(44,0)(44,1)(30,1)(30,14)(17,14)(17,6)(0,6)
Polygon:
(0,0)(22,0)(22,22)(18,22)(18,31)(10,31)(10,18)(0,18)
Polygon:
(0,0)(18,0)(18,4)(5,4)(5,6)(2,6)(2,3)(0,3)
Polygon:
(0,0)(35,0)(35,8)(26,8)(26,14)(11,14)(11,8)(0,8)
Polygon:
(0,0)(43,0)(43,3)(29,3)(29,11)(17,11)(17,1)(0,1)
Polygon:
(0,0)(21,0)(21,20)(17,20)(17,33)(11,33)(11,15)(0,15)
Polygon:
(0,0)(15,0)(15,20)(11,20)(11,27)(1,27)(1,17)(0,17)
Polygon:
(0,0)(30,0)(30,4)(24,4)(24,18)(8,18)(8,13)(0,13)
Polygon:
(0,0)(9,0)(9,30)(7,30)(7,34)(4,34)(4,18)(0,18)
Polygon:
(0,0)(8,0)(8,9)(6,9)(6,15)(5,15)(5,13)(0,13)
Polygon:
(0,0)(22,0)(22,4)(7,4)(7,21)(6,21)(6,16)(0,16)
Polygon:
(0,0)(19,0)(19,4)(17,4)(17,21)(14,21)(14,12)(0,12)
Polygon:
(0,0)(33,0)(33,13)(17,13)(17,17)(7,17)(7,11)(0,11)
Polygon:
(0,0)(20,0)(20,10)(17,10)(17,19)(2,19)(2,1)(0,1)
Polygon:
(0,0)(30,0)(30,5)(18,5)(18,14)(4,14)(4,6)(0,6)
Polygon:
(0,0)(17,0)(17,15)(9,15)(9,18)(3,18)(3,1)(0,1)
Polygon:
(0,0)(21,0)(21,11)(18,11)(18,17)(17,17)(17,9)(0,9)
Polygon:
(0,0)(21,0)(21,21)(20,21)(20,22)(13,22)(13,8)(0,8)
Polygon:
(0,0)(31,0)(31,1)(24,1)(24,12)(13,12)(13,4)(0,4)
Polygon:
(0,0)(27,0)(27,5)(20,5)(20,6)(10,6)(10,1)(0,1)
Polygon:
(0,0)(31,0)(31,18)(23,18)(23,26)(7,26)(7,8)(0,8)
Polygon:
(0,0)(38,0)(38,19)(30,19)(30,23)(13,23)(13,14)(0,14)
Polygon:
(0,0)(29,0)(29,14)(25,14)(25,27)(9,27)(9,18)(0,18)
Polygon:
(0,0)(29,0)(29,8)(24,8)(24,12)(15,12)(15,1)(0,1)
Polygon:
(0,0)(40,0)(40,7)(35,7)(35,24)(17,24)(17,18)(0,18)
Polygon:
(0,0)(25,0)(25,20)(24,20)(24,32)(15,32)(15,14)(0,14)
Polygon:
(0,0)(7,0)(7,12)(5,12)(5,28)(2,28)(2,17)(0,17)
Polygon:
(0,0)(40,0)(40,13)(33,13)(33,24)(15,24)(15,6)(0,6)
Polygon:
(0,0)(40,0)(40,18)(27,18)(27,24)(13,24)(13,15)(0,15)
Polygon:
(0,0)(13,0)(13,17)(7,17)(7,22)(1,22)(1,17)(0,17)
Polygon:
(0,0)(19,0)(19,25)(13,25)(13,26)(7,26)(7,9)(0,9)
Polygon:
(0,0)(26,0)(26,25)(18,25)(18,26)(14,26)(14,13)(0,13)
Polygon:
(0,0)(19,0)(19,5)(14,5)(14,16)(8,16)(8,12)(0,12)
Polygon:
(0,0)(45,0)(45,4)(30,4)(30,15)(13,15)(13,5)(0,5)
Polygon:
(0,0)(11,0)(11,15)(3,15)(3,32)(2,32)(2,18)(0,18)
Polygon:
(0,0)(28,0)(28,11)(19,11)(19,21)(8,21)(8,3)(0,3)
Polygon:
(0,0)(27,0)(27,19)(23,19)(23,23)(10,23)(10,7)(0,7)
Polygon:
(0,0)(31,0)(31,2)(17,2)(17,17)(2,17)(2,5)(0,5)
Polygon:
(0,0)(23,0)(23,16)(6,16)(6,18)(2,18)(2,12)(0,12)
Polygon:
(0,0)(21,0)(21,20)(7,20)(7,35)(5,35)(5,17)(0,17)
Polygon:
(0,0)(39,0)(39,22)(21,22)(21,25)(17,25)(17,8)(0,8)
Polygon:
(0,0)(48,0)(48,22)(35,22)(35,26)(18,26)(18,14)(0,14)
Polygon:
(0,0)(24,0)(24,16)(11,16)(11,29)(2,29)(2,13)(0,13)
Polygon:
(0,0)(25,0)(25,16)(24,16)(24,20)(11,20)(11,4)(0,4)
Polygon:
(0,0)(30,0)(30,12)(16,12)(16,27)(1,27)(1,12)(0,12)
Polygon:
(0,0)(28,0)(28,6)(20,6)(20,17)(7,17)(7,2)(0,2)
Polygon:
(0,0)(32,0)(32,11)(24,11)(24,18)(10,18)(10,13)(0,13)
Polygon:
(0,0)(35,0)(35,3)(33,3)(33,19)(17,19)(17,13)(0,13)
Polygon:
(0,0)(16,0)(16,20)(13,20)(13,24)(1,24)(1,6)(0,6)
Polygon:
(0,0)(38,0)(38,10)(22,10)(22,13)(7,13)(7,2)(0,2)
Polygon:
(0,0)(25,0)(25,11)(24,11)(24,20)(7,20)(7,13)(0,13)
Polygon:
(0,0)(17,0)(17,8)(16,8)(16,21)(13,21)(13,8)(0,8)
Polygon:
(0,0)(26,0)(26,7)(20,7)(20,21)(12,21)(12,4)(0,4)
Polygon:
(0,0)(34,0)(34,24)(30,24)(30,27)(15,27)(15,10)(0,10)
Polygon:
(0,0)(26,0)(26,4)(24,4)(24,12)(7,12)(7,7)(0,7)
Polygon:
(0,0)(25,0)(25,17)(20,17)(20,19)(10,19)(10,6)(0,6)
Polygon:
(0,0)(34,0)(34,25)(27,25)(27,27)(10,27)(10,12)(0,12)
Polygon:
(0,0)(40,0)(40,12)(32,12)(32,21)(17,21)(17,18)(0,18)
Polygon:
(0,0)(23,0)(23,10)(19,10)(19,14)(17,14)(17,2)(0,2)
Polygon:
(0,0)(18,0)(18,9)(11,9)(11,16)(5,16)(5,1)(0,1)
Polygon:
(0,0)(30,0)(30,13)(21,13)(21,14)(16,14)(16,6)(0,6)
Polygon:
(0,0)(32,0)(32,11)(31,11)(31,13)(18,13)(18,6)(0,6)
Polygon:
(0,0)(24,0)(24,10)(20,10)(20,19)(8,19)(8,3)(0,3)
Polygon:
(0,0)(35,0)(35,15)(29,15)(29,22)(13,22)(13,10)(0,10)
Polygon:
(0,0)(38,0)(38,9)(30,9)(30,20)(12,20)(12,16)(0,16)
Polygon:
(0,0)(24,0)(24,23)(8,23)(8,32)(1,32)(1,17)(0,17)
Polygon:
(0,0)(27,0)(27,10)(13,10)(13,26)(7,26)(7,10)(0,10)
Polygon:
(0,0)(37,0)(37,6)(22,6)(22,17)(18,17)(18,11)(0,11)
Polygon:
(0,0)(27,0)(27,14)(12,14)(12,21)(9,21)(9,11)(0,11)
Polygon:
(0,0)(30,0)(30,12)(28,12)(28,23)(12,23)(12,16)(0,16)
Polygon:
(0,0)(25,0)(25,15)(18,15)(18,18)(6,18)(6,15)(0,15)
Polygon:
(0,0)(21,0)(21,9)(14,9)(14,15)(6,15)(6,12)(0,12)
Polygon:
(0,0)(23,0)(23,21)(16,21)(16,23)(6,23)(6,10)(0,10)
Polygon:
(0,0)(31,0)(31,20)(18,20)(18,22)(9,22)(9,9)(0,9)
Polygon:
(0,0)(13,0)(13,3)(9,3)(9,13)(7,13)(7,9)(0,9)
Polygon:
(0,0)(22,0)(22,1)(21,1)(21,8)(6,8)(6,7)(0,7)
Polygon:
(0,0)(34,0)(34,3)(29,3)(29,4)(11,4)(11,1)(0,1)
Polygon:
(0,0)(47,0)(47,16)(31,16)(31,26)(17,26)(17,9)(0,9)
Polygon:
(0,0)(29,0)(29,10)(24,10)(24,13)(6,13)(6,8)(0,8)
Polygon:
(0,0)(35,0)(35,10)(20,10)(20,20)(15,20)(15,7)(0,7)
Polygon:
(0,0)(36,0)(36,11)(29,11)(29,17)(12,17)(12,4)(0,4)
Polygon:
(0,0)(19,0)(19,19)(18,19)(18,22)(13,22)(13,12)(0,12)
Polygon:
(0,0)(19,0)(19,6)(12,6)(12,23)(4,23)(4,10)(0,10)
Polygon:
(0,0)(33,0)(33,12)(21,12)(21,22)(10,22)(10,18)(0,18)
Polygon:
(0,0)(23,0)(23,8)(17,8)(17,20)(4,20)(4,2)(0,2)
Polygon:
(0,0)(27,0)(27,7)(16,7)(16,13)(15,13)(15,6)(0,6)
Polygon:
(0,0)(30,0)(30,11)(17,11)(17,27)(14,27)(14,13)(0,13)
Polygon:
(0,0)(26,0)(26,19)(15,19)(15,21)(1,21)(1,8)(0,8)
Polygon:
(0,0)(42,0)(42,24)(31,24)(31,25)(16,25)(16,7)(0,7)
Polygon:
(0,0)(39,0)(39,3)(26,3)(26,10)(18,10)(18,1)(0,1)
Polygon:
(0,0)(31,0)(31,27)(16,27)(16,28)(7,28)(7,12)(0,12)
Polygon:
(0,0)(28,0)(28,17)(24,17)(24,23)(9,23)(9,8)(0,8)
Polygon:
(0,0)(26,0)(26,20)(25,20)(25,26)(10,26)(10,17)(0,17)
Polygon:
(0,0)(20,0)(20,7)(18,7)(18,11)(11,11)(11,6)(0,6)
Polygon:
(0,0)(31,0)(31,1)(20,1)(20,17)(2,17)(2,8)(0,8)
Polygon:
(0,0)(30,0)(30,21)(24,21)(24,23)(13,23)(13,9)(0,9)
Polygon:
(0,0)(29,0)(29,3)(15,3)(15,15)(4,15)(4,9)(0,9)
Polygon:
(0,0)(13,0)(13,14)(8,14)(8,21)(5,21)(5,11)(0,11)
Polygon:
(0,0)(34,0)(34,16)(30,16)(30,27)(17,27)(17,11)(0,11)
Polygon:
(0,0)(42,0)(42,17)(25,17)(25,20)(8,20)(8,14)(0,14)
Polygon:
(0,0)(9,0)(9,21)(5,21)(5,23)(2,23)(2,17)(0,17)
Polygon:
(0,0)(22,0)(22,2)(20,2)(20,18)(3,18)(3,16)(0,16)
Polygon:
(0,0)(25,0)(25,19)(18,19)(18,21)(10,21)(10,7)(0,7)
Polygon:
(0,0)(35,0)(35,6)(27,6)(27,9)(17,9)(17,8)(0,8)
Polygon:
(0,0)(20,0)(20,12)(16,12)(16,23)(11,23)(11,5)(0,5)
Polygon:
(0,0)(38,0)(38,32)(30,32)(30,33)(17,33)(17,16)(0,16)
Polygon:
(0,0)(20,0)(20,23)(12,23)(12,24)(9,24)(9,8)(0,8)
Polygon:
(0,0)(10,0)(10,17)(5,17)(5,26)(3,26)(3,8)(0,8)
Polygon:
(0,0)(40,0)(40,15)(32,15)(32,31)(18,31)(18,17)(0,17)
Polygon:
(0,0)(43,0)(43,8)(33,8)(33,15)(16,15)(16,2)(0,2)
Polygon:
(0,0)(17,0)(17,33)(10,33)(10,35)(9,35)(9,18)(0,18)
Polygon:
(0,0)(25,0)(25,12)(7,12)(7,26)(5,26)(5,8)(0,8)
Polygon:
(0,0)(30,0)(30,16)(28,16)(28,31)(16,31)(16,16)(0,16)
Polygon:
(0,0)(46,0)(46,5)(31,5)(31,10)(13,10)(13,1)(0,1)
Polygon:
(0,0)(40,0)(40,15)(25,15)(25,16)(10,16)(10,9)(0,9)
Polygon:
(0,0)(20,0)(20,14)(10,14)(10,17)(6,17)(6,15)(0,15)
Polygon:
(0,0)(31,0)(31,10)(25,10)(25,28)(18,28)(18,15)(0,15)
Polygon:
(0,0)(19,0)(19,6)(7,6)(7,8)(4,8)(4,2)(0,2)
Polygon:
(0,0)(27,0)(27,4)(10,4)(10,22)(8,22)(8,9)(0,9)
Polygon:
(0,0)(29,0)(29,15)(19,15)(19,19)(8,19)(8,1)(0,1)
Polygon:
(0,0)(31,0)(31,20)(20,20)(20,32)(2,32)(2,16)(0,16)
Polygon:
(0,0)(20,0)(20,26)(6,26)(6,27)(3,27)(3,18)(0,18)
Polygon:
(0,0)(22,0)(22,17)(16,17)(16,25)(1,25)(1,16)(0,16)
Polygon:
(0,0)(19,0)(19,4)(12,4)(12,5)(11,5)(11,4)(0,4)
Polygon:
(0,0)(30,0)(30,16)(14,16)(14,32)(4,32)(4,18)(0,18)
Polygon:
(0,0)(31,0)(31,17)(23,17)(23,22)(7,22)(7,6)(0,6)
Polygon:
(0,0)(24,0)(24,3)(14,3)(14,17)(10,17)(10,6)(0,6)
Polygon:
(0,0)(33,0)(33,7)(22,7)(22,21)(5,21)(5,4)(0,4)
Polygon:
(0,0)(30,0)(30,3)(21,3)(21,12)(14,12)(14,10)(0,10)
Polygon:
(0,0)(41,0)(41,26)(29,26)(29,30)(18,30)(18,12)(0,12)
Polygon:
(0,0)(21,0)(21,9)(14,9)(14,23)(2,23)(2,18)(0,18)
Polygon:
(0,0)(39,0)(39,12)(22,12)(22,29)(15,29)(15,12)(0,12)
Polygon:
(0,0)(35,0)(35,18)(27,18)(27,34)(17,34)(17,16)(0,16)
Polygon:
(0,0)(37,0)(37,16)(23,16)(23,23)(14,23)(14,15)(0,15)
Polygon:
(0,0)(42,0)(42,14)(26,14)(26,16)(10,16)(10,4)(0,4)
Polygon:
(0,0)(24,0)(24,7)(18,7)(18,18)(12,18)(12,15)(0,15)
Polygon:
(0,0)(26,0)(26,23)(15,23)(15,27)(12,27)(12,16)(0,16)
Polygon:
(0,0)(37,0)(37,12)(24,12)(24,18)(15,18)(15,1)(0,1)
Polygon:
(0,0)(26,0)(26,8)(14,8)(14,10)(11,10)(11,3)(0,3)
Polygon:
(0,0)(26,0)(26,10)(20,10)(20,27)(5,27)(5,18)(0,18)
Polygon:
(0,0)(31,0)(31,16)(22,16)(22,27)(11,27)(11,9)(0,9)
Polygon:
(0,0)(25,0)(25,14)(10,14)(10,18)(2,18)(2,15)(0,15)
Polygon:
(0,0)(28,0)(28,7)(14,7)(14,15)(10,15)(10,11)(0,11)
Polygon:
(0,0)(32,0)(32,15)(27,15)(27,20)(13,20)(13,3)(0,3)
Polygon:
(0,0)(30,0)(30,11)(19,11)(19,13)(12,13)(12,1)(0,1)
Polygon:
(0,0)(29,0)(29,12)(20,12)(20,16)(18,16)(18,4)(0,4)
Polygon:
(0,0)(33,0)(33,9)(24,9)(24,12)(10,12)(10,5)(0,5)
Polygon:
(0,0)(27,0)(27,14)(16,14)(16,19)(7,19)(7,13)(0,13)
Polygon:
(0,0)(15,0)(15,16)(3,16)(3,17)(1,17)(1,8)(0,8)
Polygon:
(0,0)(20,0)(20,6)(14,6)(14,13)(9,13)(9,3)(0,3)
Polygon:
(0,0)(35,0)(35,16)(20,16)(20,19)(5,19)(5,8)(0,8)
Polygon:
(0,0)(22,0)(22,14)(16,14)(16,23)(7,23)(7,7)(0,7)
Polygon:
(0,0)(12,0)(12,2)(3,2)(3,19)(2,19)(2,4)(0,4)
Polygon:
(0,0)(39,0)(39,15)(31,15)(31,22)(16,22)(16,7)(0,7)
Polygon:
(0,0)(30,0)(30,29)(15,29)(15,30)(8,30)(8,13)(0,13)
Polygon:
(0,0)(20,0)(20,18)(9,18)(9,24)(1,24)(1,11)(0,11)
Polygon:
(0,0)(34,0)(34,5)(21,5)(21,15)(14,15)(14,1)(0,1)
Polygon:
(0,0)(38,0)(38,5)(20,5)(20,16)(2,16)(2,15)(0,15)
Polygon:
(0,0)(13,0)(13,1)(9,1)(9,12)(1,12)(1,1)(0,1)
Polygon:
(0,0)(39,0)(39,14)(22,14)(22,25)(7,25)(7,7)(0,7)
Polygon:
(0,0)(33,0)(33,6)(30,6)(30,8)(15,8)(15,3)(0,3)
Polygon:
(0,0)(35,0)(35,18)(21,18)(21,19)(4,19)(4,9)(0,9)
Polygon:
(0,0)(33,0)(33,23)(20,23)(20,24)(5,24)(5,10)(0,10)
Polygon:
(0,0)(37,0)(37,14)(30,14)(30,25)(15,25)(15,13)(0,13)
Polygon:
(0,0)(36,0)(36,21)(28,21)(28,25)(18,25)(18,9)(0,9)
Polygon:
(0,0)(47,0)(47,10)(33,10)(33,17)(16,17)(16,13)(0,13)
Polygon:
(0,0)(7,0)(7,6)(4,6)(4,15)(3,15)(3,5)(0,5)
Polygon:
(0,0)(32,0)(32,11)(14,11)(14,15)(1,15)(1,3)(0,3)
Polygon:
(0,0)(23,0)(23,13)(11,13)(11,17)(3,17)(3,14)(0,14)
Polygon:
(0,0)(31,0)(31,12)(21,12)(21,30)(5,30)(5,15)(0,15)
Polygon:
(0,0)(37,0)(37,6)(24,6)(24,7)(16,7)(16,2)(0,2)
Polygon:
(0,0)(33,0)(33,12)(23,12)(23,24)(18,24)(18,14)(0,14)
Polygon:
(0,0)(33,0)(33,18)(20,18)(20,29)(7,29)(7,14)(0,14)
Polygon:
(0,0)(20,0)(20,27)(13,27)(13,29)(9,29)(9,13)(0,13)
Polygon:
(0,0)(35,0)(35,12)(24,12)(24,24)(7,24)(7,10)(0,10)
Polygon:
(0,0)(31,0)(31,20)(28,20)(28,26)(17,26)(17,15)(0,15)
Polygon:
(0,0)(45,0)(45,10)(30,10)(30,13)(16,13)(16,3)(0,3)
Polygon:
(0,0)(23,0)(23,14)(18,14)(18,20)(3,20)(3,5)(0,5)
Polygon:
(0,0)(36,0)(36,7)(20,7)(20,18)(9,18)(9,12)(0,12)
Polygon:
(0,0)(4,0)(4,14)(0,14)
Polygon:
(0,0)(10,0)(10,13)(0,13)
Polygon:
(0,0)(8,0)(8,1)(0,1)
Polygon:
(0,0)(20,0)(20,2)(12,2)(12,13)(0,13)
Polygon:
(0,0)(16,0)(16,16)(2,16)(2,28)(0,28)
Polygon:
(0,0)(21,0)(21,18)(13,18)(13,25)(0,25)
Polygon:
(0,0)(18,0)(18,10)(3,10)(3,21)(0,21)
Polygon:
(0,0)(25,0)(25,5)(14,5)(14,4)(9,4)(9,6)(0,6)
Polygon:
(0,0)(14,0)(14,11)(0,11)
Polygon:
(0,0)(33,0)(33,3)(18,3)(18,2)(4,2)(4,4)(0,4)
Polygon:
(0,0)(13,0)(13,9)(0,9)
Polygon:
(0,0)(6,0)(6,7)(0,7)
Polygon:
(0,0)(11,0)(11,3)(0,3)
Polygon:
(0,0)(18,0)(18,13)(0,13)
Polygon:
(0,0)(38,0)(38,17)(34,17)(34,3)(17,3)(17,17)(0,17)
Polygon:
(0,0)(16,0)(16,15)(0,15)
Polygon:
(0,0)(1,0)(1,9)(0,9)
Polygon:
(0,0)(27,0)(27,15)(13,15)(13,20)(0,20)
Polygon:
(0,0)(8,0)(8,10)(0,10)
Polygon:
(0,0)(13,0)(13,3)(0,3)
Polygon:
(0,0)(1,0)(1,11)(0,11)
Polygon:
(0,0)(3,0)(3,16)(0,16)
Polygon:
(0,0)(31,0)(31,21)(23,21)(23,4)(14,4)(14,6)(0,6)
Polygon:
(0,0)(15,0)(15,16)(0,16)
Polygon:
(0,0)(1,0)(1,4)(0,4)
Polygon:
(0,0)(13,0)(13,8)(0,8)
Polygon:
(0,0)(4,0)(4,4)(1,4)(1,9)(0,9)
Polygon:
(0,0)(15,0)(15,6)(0,6)
Polygon:
(0,0)(9,0)(9,14)(0,14)
Polygon:
(0,0)(11,0)(11,5)(0,5)
Polygon:
(0,0)(31,0)(31,27)(22,27)(22,10)(5,10)(5,16)(0,16)
Polygon:
(0,0)(10,0)(10,13)(0,13)
Polygon:
(0,0)(34,0)(34,21)(23,21)(23,7)(15,7)(15,8)(0,8)
Polygon:
(0,0)(18,0)(18,18)(10,18)(10,26)(0,26)
Polygon:
(0,0)(12,0)(12,11)(0,11)
Polygon:
(0,0)(17,0)(17,13)(10,13)(10,26)(0,26)
Polygon:
(0,0)(7,0)(7,1)(0,1)
Polygon:
(0,0)(12,0)(12,9)(2,9)(2,11)(0,11)
Polygon:
(0,0)(17,0)(17,12)(13,12)(13,30)(0,30)
Polygon:
(0,0)(30,0)(30,8)(12,8)(12,23)(0,23)
Polygon:
(0,0)(15,0)(15,17)(0,17)
Polygon:
(0,0)(8,0)(8,10)(0,10)
Polygon:
(0,0)(10,0)(10,2)(0,2)
Polygon:
(0,0)(17,0)(17,9)(5,9)(5,12)(0,12)
Polygon:
(0,0)(5,0)(5,15)(0,15)
Polygon:
(0,0)(34,0)(34,17)(17,17)(17,27)(0,27)
Polygon:
(0,0)(6,0)(6,10)(0,10)
Polygon:
(0,0)(1,0)(1,16)(0,16)
Polygon:
(0,0)(7,0)(7,7)(0,7)
Polygon:
(0,0)(21,0)(21,15)(9,15)(9,16)(0,16)
Polygon:
(0,0)(37,0)(37,22)(19,22)(19,10)(3,10)(3,13)(0,13)
Polygon:
(0,0)(4,0)(4,15)(0,15)
Polygon:
(0,0)(23,0)(23,11)(14,11)(14,13)(0,13)
Polygon:
(0,0)(20,0)(20,15)(17,15)(17,29)(0,29)
Polygon:
(0,0)(12,0)(12,7)(0,7)
Polygon:
(0,0)(7,0)(7,8)(0,8)
Polygon:
(0,0)(17,0)(17,17)(0,17)
Polygon:
(0,0)(33,0)(33,23)(20,23)(20,15)(7,15)(7,18)(0,18)
Polygon:
(0,0)(12,0)(12,8)(0,8)
Polygon:
(0,0)(11,0)(11,3)(0,3)
Polygon:
(0,0)(27,0)(27,9)(13,9)(13,15)(0,15)
Polygon:
(0,0)(15,0)(15,8)(0,8)
Polygon:
(0,0)(11,0)(11,18)(0,18)
Polygon:
(0,0)(26,0)(26,23)(15,23)(15,12)(2,12)(2,25)(0,25)
Polygon:
(0,0)(13,0)(13,4)(0,4)
Polygon:
(0,0)(20,0)(20,14)(15,14)(15,29)(0,29)
Polygon:
(0,0)(10,0)(10,2)(0,2)
Polygon:
(0,0)(24,0)(24,12)(10,12)(10,13)(0,13)
Polygon:
(0,0)(24,0)(24,18)(16,18)(16,34)(0,34)
Polygon:
(0,0)(6,0)(6,17)(0,17)
Polygon:
(0,0)(22,0)(22,11)(11,11)(11,21)(0,21)
Polygon:
(0,0)(22,0)(22,9)(18,9)(18,12)(0,12)
Polygon:
(0,0)(30,0)(30,17)(14,17)(14,33)(0,33)
Polygon:
(0,0)(12,0)(12,8)(0,8)
Polygon:
(0,0)(4,0)(4,12)(0,12)
Polygon:
(0,0)(12,0)(12,17)(0,17)
Polygon:
(0,0)(13,0)(13,16)(4,16)(4,32)(0,32)
Polygon:
(0,0)(5,0)(5,4)(0,4)
Polygon:
(0,0)(15,0)(15,10)(2,10)(2,25)(0,25)
Polygon:
(0,0)(10,0)(10,8)(0,8)
Polygon:
(0,0)(6,0)(6,1)(5,1)(5,5)(0,5)
Polygon:
(0,0)(7,0)(7,11)(0,11)
Polygon:
(0,0)(4,0)(4,16)(0,16)
Polygon:
(0,0)(22,0)(22,17)(8,17)(8,29)(0,29)
Polygon:
(0,0)(18,0)(18,14)(0,14)
Polygon:
(0,0)(8,0)(8,18)(0,18)
Polygon:
(0,0)(12,0)(12,16)(0,16)
Polygon:
(0,0)(5,0)(5,3)(2,3)(2,10)(0,10)
Polygon:
(0,0)(18,0)(18,14)(10,14)(10,26)(0,26)
Polygon:
(0,0)(21,0)(21,4)(15,4)(15,18)(0,18)
Polygon:
(0,0)(12,0)(12,15)(11,15)(11,25)(0,25)
Polygon:
(0,0)(13,0)(13,1)(3,1)(3,5)(0,5)
Polygon:
(0,0)(7,0)(7,17)(0,17)
Polygon:
(0,0)(13,0)(13,2)(9,2)(9,20)(0,20)
Polygon:
(0,0)(17,0)(17,8)(10,8)(10,22)(0,22)
Polygon:
(0,0)(7,0)(7,12)(0,12)
Polygon:
(0,0)(13,0)(13,17)(12,17)(12,1)(10,1)(10,14)(0,14)
Polygon:
(0,0)(3,0)(3,17)(0,17)
Polygon:
(0,0)(14,0)(14,11)(0,11)
Polygon:
(0,0)(15,0)(15,9)(0,9)
Polygon:
(0,0)(23,0)(23,5)(8,5)(8,11)(0,11)
Polygon:
(0,0)(7,0)(7,10)(0,10)
Polygon:
(0,0)(21,0)(21,2)(3,2)(3,10)(0,10)
Polygon:
(0,0)(1,0)(1,12)(0,12)
Polygon:
(0,0)(1,0)(1,12)(0,12)
Polygon:
(0,0)(28,0)(28,6)(24,6)(24,3)(11,3)(11,10)(0,10)
Polygon:
(0,0)(2,0)(2,1)(0,1)
Polygon:
(0,0)(1,0)(1,18)(0,18)
Polygon:
(0,0)(1,0)(1,4)(0,4)
Polygon:
(0,0)(26,0)(26,13)(17,13)(17,18)(0,18)
Polygon:
(0,0)(6,0)(6,11)(0,11)
Polygon:
(0,0)(11,0)(11,9)(7,9)(7,27)(0,27)
Polygon:
(0,0)(3,0)(3,1)(0,1)
Polygon:
(0,0)(14,0)(14,5)(0,5)
Polygon:
(0,0)(14,0)(14,6)(0,6)
Polygon:
(0,0)(26,0)(26,17)(22,17)(22,2)(15,2)(15,15)(0,15)
Polygon:
(0,0)(22,0)(22,13)(15,13)(15,24)(0,24)
Polygon:
(0,0)(5,0)(5,9)(0,9)
Polygon:
(0,0)(9,0)(9,12)(0,12)
Polygon:
(0,0)(20,0)(20,12)(11,12)(11,29)(0,29)
Polygon:
(0,0)(3,0)(3,12)(0,12)
Polygon:
(0,0)(20,0)(20,13)(14,13)(14,3)(5,3)(5,11)(0,11)
Polygon:
(0,0)(10,0)(10,2)(0,2)
Polygon:
(0,0)(6,0)(6,14)(0,14)
Polygon:
(0,0)(30,0)(30,7)(12,7)(12,24)(0,24)
Polygon:
(0,0)(11,0)(11,7)(0,7)
Polygon:
(0,0)(15,0)(15,9)(0,9)
Polygon:
(0,0)(5,0)(5,12)(0,12)
Polygon:
(0,0)(12,0)(12,11)(0,11)
Polygon:
(0,0)(18,0)(18,9)(0,9)
Polygon:
(0,0)(14,0)(14,6)(0,6)
Polygon:
(0,0)(27,0)(27,15)(20,15)(20,4)(18,4)(18,10)(0,10)
Polygon:
(0,0)(18,0)(18,2)(17,2)(17,1)(16,1)(16,2)(0,2)
Polygon:
(0,0)(32,0)(32,14)(16,14)(16,23)(0,23)
Polygon:
(0,0)(9,0)(9,12)(0,12)
Polygon:
(0,0)(12,0)(12,14)(0,14)
Polygon:
(0,0)(26,0)(26,24)(20,24)(20,8)(16,8)(16,13)(0,13)
Polygon:
(0,0)(20,0)(20,14)(6,14)(6,20)(0,20)
Polygon:
(0,0)(14,0)(14,1)(0,1)
Polygon:
(0,0)(13,0)(13,8)(0,8)
Polygon:
(0,0)(9,0)(9,7)(0,7)
Polygon:
(0,0)(4,0)(4,16)(0,16)
Polygon:
(0,0)(1,0)(1,9)(0,9)
Polygon:
(0,0)(16,0)(16,1)(9,1)(9,4)(0,4)
Polygon:
(0,0)(3,0)(3,1)(0,1)
Polygon:
(0,0)(16,0)(16,15)(8,15)(8,24)(0,24)
Polygon:
(0,0)(27,0)(27,2)(17,2)(17,8)(0,8)
Polygon:
(0,0)(6,0)(6,15)(0,15)
Polygon:
(0,0)(18,0)(18,11)(1,11)(1,23)(0,23)
Polygon:
(0,0)(15,0)(15,12)(0,12)
Polygon:
(0,0)(8,0)(8,5)(1,5)(1,16)(0,16)
Polygon:
(0,0)(3,0)(3,14)(0,14)
Polygon:
(0,0)(8,0)(8,2)(0,2)
Polygon:
(0,0)(32,0)(32,8)(17,8)(17,24)(0,24)
Polygon:
(0,0)(13,0)(13,6)(0,6)
Polygon:
(0,0)(2,0)(2,1)(0,1)
Polygon:
(0,0)(9,0)(9,16)(0,16)
Polygon:
(0,0)(13,0)(13,1)(0,1)
Polygon:
(0,0)(5,0)(5,6)(0,6)
Polygon:
(0,0)(6,0)(6,18)(0,18)
Polygon:
(0,0)(19,0)(19,11)(6,11)(6,23)(0,23)
Polygon:
(0,0)(13,0)(13,12)(0,12)
Polygon:
(0,0)(22,0)(22,6)(8,6)(8,12)(0,12)
Polygon:
(0,0)(10,0)(10,14)(0,14)
Polygon:
(0,0)(17,0)(17,3)(0,3)
Polygon:
(0,0)(26,0)(26,18)(14,18)(14,36)(0,36)
Polygon:
(0,0)(3,0)(3,3)(0,3)
Polygon:
(0,0)(14,0)(14,8)(0,8)
Polygon:
(0,0)(11,0)(11,4)(4,4)(4,18)(0,18)
Polygon:
(0,0)(3,0)(3,15)(0,15)
Polygon:
(0,0)(1,0)(1,8)(0,8)
Polygon:
(0,0)(29,0)(29,26)(13,26)(13,13)(10,13)(10,16)(0,16)
Polygon:
(0,0)(9,0)(9,4)(0,4)
Polygon:
(0,0)(13,0)(13,1)(0,1)
Polygon:
(0,0)(32,0)(32,13)(15,13)(15,24)(0,24)
Polygon:
(0,0)(15,0)(15,13)(5,13)(5,16)(0,16)
Polygon:
(0,0)(18,0)(18,16)(0,16)
Polygon:
(0,0)(17,0)(17,10)(5,10)(5,15)(0,15)
Polygon:
(0,0)(14,0)(14,18)(0,18)
Polygon:
(0,0)(42,0)(42,26)(27,26)(27,17)(10,17)(10,18)(0,18)
Polygon:
(0,0)(30,0)(30,3)(18,3)(18,14)(0,14)
Polygon:
(0,0)(22,0)(22,10)(14,10)(14,28)(0,28)
Polygon:
(0,0)(5,0)(5,14)(0,14)
Polygon:
(0,0)(17,0)(17,26)(10,26)(10,16)(9,16)(9,17)(0,17)
Polygon:
(0,0)(5,0)(5,1)(0,1)
Polygon:
(0,0)(5,0)(5,3)(4,3)(4,19)(0,19)
Polygon:
(0,0)(1,0)(1,18)(0,18)
Polygon:
(0,0)(3,0)(3,8)(0,8)
Polygon:
(0,0)(12,0)(12,7)(0,7)
Polygon:
(0,0)(3,0)(3,7)(0,7)
Polygon:
(0,0)(15,0)(15,1)(0,1)
Polygon:
(0,0)(44,0)(44,30)(26,30)(26,14)(17,14)(17,18)(0,18)
Polygon:
(0,0)(9,0)(9,7)(0,7)
Polygon:
(0,0)(13,0)(13,13)(0,13)
Polygon:
(0,0)(9,0)(9,10)(0,10)
Polygon:
(0,0)(25,0)(25,16)(20,16)(20,15)(4,15)(4,16)(0,16)
Polygon:
(0,0)(9,0)(9,13)(2,13)(2,15)(0,15)
Polygon:
(0,0)(7,0)(7,16)(0,16)
Polygon:
(0,0)(31,0)(31,5)(13,5)(13,8)(0,8)
Polygon:
(0,0)(25,0)(25,7)(13,7)(13,9)(0,9)
Polygon:
(0,0)(7,0)(7,16)(0,16)
Polygon:
(0,0)(11,0)(11,4)(0,4)
Polygon:
(0,0)(8,0)(8,5)(0,5)
Polygon:
(0,0)(29,0)(29,6)(11,6)(11,12)(0,12)
Polygon:
(0,0)(6,0)(6,11)(0,11)
Polygon:
(0,0)(25,0)(25,12)(11,12)(11,29)(0,29)
Polygon:
(0,0)(1,0)(1,4)(0,4)
Polygon:
(0,0)(18,0)(18,16)(0,16)
Polygon:
(0,0)(22,0)(22,15)(5,15)(5,30)(0,30)
Polygon:
(0,0)(7,0)(7,4)(0,4)
Polygon:
(0,0)(6,0)(6,9)(0,9)
Polygon:
(0,0)(18,0)(18,1)(0,1)
Polygon:
(0,0)(16,0)(16,8)(0,8)
Polygon:
(0,0)(6,0)(6,4)(0,4)
Polygon:
(0,0)(28,0)(28,3)(15,3)(15,4)(0,4)
Polygon:
(0,0)(5,0)(5,18)(0,18)
Polygon:
(0,0)(31,0)(31,10)(16,10)(16,9)(11,9)(11,15)(0,15)
Polygon:
(0,0)(49,0)(49,21)(31,21)(31,8)(16,8)(16,11)(0,11)
Polygon:
(0,0)(11,0)(11,15)(9,15)(9,14)(8,14)(8,15)(0,15)
Polygon:
(0,0)(11,0)(11,1)(0,1)
Polygon:
(0,0)(10,0)(10,11)(0,11)
Polygon:
(0,0)(14,0)(14,18)(11,18)(11,5)(3,5)(3,7)(0,7)
Polygon:
(0,0)(4,0)(4,8)(0,8)
Polygon:
(0,0)(16,0)(16,8)(6,8)(6,21)(0,21)
Polygon:
(0,0)(29,0)(29,16)(12,16)(12,17)(0,17)
Polygon:
(0,0)(3,0)(3,9)(0,9)
Polygon:
(0,0)(20,0)(20,3)(15,3)(15,20)(0,20)
Polygon:
(0,0)(24,0)(24,16)(10,16)(10,3)(3,3)(3,14)(0,14)
Polygon:
(0,0)(10,0)(10,4)(0,4)
Polygon:
(0,0)(17,0)(17,12)(0,12)
Polygon:
(0,0)(18,0)(18,10)(0,10)
Polygon:
(0,0)(12,0)(12,8)(0,8)
Polygon:
(0,0)(14,0)(14,5)(0,5)
Polygon:
(0,0)(7,0)(7,11)(0,11)
Polygon:
(0,0)(21,0)(21,17)(3,17)(3,18)(0,18)
Polygon:
(0,0)(12,0)(12,1)(0,1)
Polygon:
(0,0)(1,0)(1,12)(0,12)
Polygon:
(0,0)(13,0)(13,2)(0,2)
Polygon:
(0,0)(14,0)(14,16)(0,16)
Polygon:
(0,0)(1,0)(1,5)(0,5)
