Polygon:
(0,0)(31,0)(31,21)(28,21)(28,33)(11,33)(11,18)(0,18)
Polygon:
(0,0)(29,0)(29,16)(22,16)(22,27)(5,27)(5,10)(0,10)
Polygon:
(0,0)(37,0)(37,18)(25,18)(25,30)(16,30)(16,16)(0,16)
Polygon:
(0,0)(34,0)(34,5)(24,5)(24,17)(11,17)(11,15)(0,15)
Polygon:
(0,0)(35,0)(35,20)(26,20)(26,26)(11,26)(11,10)(0,10)
Polygon:
(0,0)(10,0)(10,8)(7,8)(7,11)(1,11)(1,4)(0,4)
Polygon:
(0,0)(16,0)(16,29)(5,29)(5,32)(4,32)(4,14)(0,14)
Polygon:
(0,0)(27,0)(27,7)(24,7)(24,18)(12,18)(12,3)(0,3)
Polygon:
(0,0)(26,0)(26,10)(18,10)(18,14)(9,14)(9,8)(0,8)
Polygon:
(0,0)(22,0)(22,14)(12,14)(12,17)(3,17)(3,11)(0,11)
Polygon:
(0,0)(27,0)(27,4)(19,4)(19,14)(10,14)(10,3)(0,3)
Polygon:
(0,0)(30,0)(30,3)(17,3)(17,18)(7,18)(7,2)(0,2)
Polygon:
(0,0)(11,0)(11,16)(10,16)(10,28)(4,28)(4,13)(0,13)
Polygon:
(0,0)(17,0)(17,27)(16,27)(16,28)(11,28)(11,14)(0,14)
Polygon:
(0,0)(31,0)(31,13)(23,13)(23,22)(12,22)(12,11)(0,11)
Polygon:
(0,0)(40,0)(40,14)(29,14)(29,21)(18,21)(18,14)(0,14)
Polygon:
(0,0)(36,0)(36,19)(26,19)(26,26)(17,26)(17,14)(0,14)
Polygon:
(0,0)(36,0)(36,10)(25,10)(25,26)(10,26)(10,15)(0,15)
Polygon:
(0,0)(26,0)(26,4)(24,4)(24,11)(14,11)(14,1)(0,1)
Polygon:
(0,0)(26,0)(26,22)(19,22)(19,32)(1,32)(1,18)(0,18)
Polygon:
(0,0)(20,0)(20,6)(16,6)(16,13)(8,13)(8,1)(0,1)
Polygon:
(0,0)(16,0)(16,1)(15,1)(15,13)(14,13)(14,4)(0,4)
Polygon:
(0,0)(14,0)(14,16)(4,16)(4,17)(3,17)(3,3)(0,3)
Polygon:
(0,0)(43,0)(43,12)(31,12)(31,22)(18,22)(18,4)(0,4)
Polygon:
(0,0)(13,0)(13,11)(11,11)(11,15)(10,15)(10,12)(0,12)
Polygon:
(0,0)(13,0)(13,11)(10,11)(10,18)(2,18)(2,12)(0,12)
Polygon:
(0,0)(39,0)(39,14)(25,14)(25,20)(13,20)(13,17)(0,17)
Polygon:
(0,0)(40,0)(40,16)(25,16)(25,19)(11,19)(11,4)(0,4)
Polygon:
(0,0)(29,0)(29,20)(16,20)(16,22)(5,22)(5,10)(0,10)
Polygon:
(0,0)(11,0)(11,5)(8,5)(8,19)(6,19)(6,3)(0,3)
Polygon:
(0,0)(38,0)(38,15)(21,15)(21,32)(17,32)(17,16)(0,16)
Polygon:
(0,0)(28,0)(28,2)(16,2)(16,19)(1,19)(1,14)(0,14)
Polygon:
(0,0)(21,0)(21,5)(11,5)(11,11)(9,11)(9,4)(0,4)
Polygon:
(0,0)(25,0)(25,24)(18,24)(18,27)(14,27)(14,12)(0,12)
Polygon:
(0,0)(26,0)(26,22)(22,22)(22,24)(10,24)(10,9)(0,9)
Polygon:
(0,0)(47,0)(47,17)(31,17)(31,27)(18,27)(18,16)(0,16)
Polygon:
(0,0)(23,0)(23,11)(21,11)(21,21)(7,21)(7,4)(0,4)
Polygon:
(0,0)(17,0)(17,15)(5,15)(5,17)(4,17)(4,5)(0,5)
Polygon:
(0,0)(26,0)(26,7)(10,7)(10,9)(4,9)(4,4)(0,4)
Polygon:
(0,0)(33,0)(33,25)(19,25)(19,29)(7,29)(7,12)(0,12)
Polygon:
(0,0)(36,0)(36,7)(23,7)(23,20)(9,20)(9,2)(0,2)
Polygon:
(0,0)(40,0)(40,9)(34,9)(34,26)(16,26)(16,12)(0,12)
Polygon:
(0,0)(26,0)(26,9)(18,9)(18,15)(10,15)(10,1)(0,1)
Polygon:
(0,0)(28,0)(28,2)(18,2)(18,19)(8,19)(8,2)(0,2)
Polygon:
(0,0)(17,0)(17,14)(11,14)(11,27)(4,27)(4,13)(0,13)
Polygon:
(0,0)(35,0)(35,29)(32,29)(32,35)(16,35)(16,17)(0,17)
Polygon:
(0,0)(20,0)(20,7)(19,7)(19,20)(1,20)(1,9)(0,9)
Polygon:
(0,0)(41,0)(41,6)(31,6)(31,15)(14,15)(14,8)(0,8)
Polygon:
(0,0)(38,0)(38,15)(20,15)(20,16)(18,16)(18,5)(0,5)
Polygon:
(0,0)(25,0)(25,9)(7,9)(7,12)(3,12)(3,3)(0,3)
Polygon:
(0,0)(38,0)(38,20)(26,20)(26,24)(9,24)(9,10)(0,10)
Polygon:
(0,0)(16,0)(16,18)(13,18)(13,21)(3,21)(3,11)(0,11)
Polygon:
(0,0)(16,0)(16,18)(5,18)(5,21)(3,21)(3,8)(0,8)
Polygon:
(0,0)(26,0)(26,11)(21,11)(21,23)(9,23)(9,11)(0,11)
Polygon:
(0,0)(40,0)(40,2)(23,2)(23,15)(12,15)(12,3)(0,3)
Polygon:
(0,0)(10,0)(10,14)(4,14)(4,21)(3,21)(3,4)(0,4)
Polygon:
(0,0)(21,0)(21,14)(19,14)(19,15)(8,15)(8,5)(0,5)
Polygon:
(0,0)(39,0)(39,7)(22,7)(22,16)(4,16)(4,8)(0,8)
Polygon:
(0,0)(28,0)(28,12)(21,12)(21,16)(12,16)(12,5)(0,5)
Polygon:
(0,0)(19,0)(19,10)(11,10)(11,15)(4,15)(4,14)(0,14)
Polygon:
(0,0)(19,0)(19,18)(15,18)(15,20)(7,20)(7,10)(0,10)
Polygon:
(0,0)(28,0)(28,10)(10,10)(10,24)(3,24)(3,7)(0,7)
Polygon:
(0,0)(41,0)(41,25)(31,25)(31,31)(17,31)(17,17)(0,17)
Polygon:
(0,0)(19,0)(19,21)(10,21)(10,24)(1,24)(1,8)(0,8)
Polygon:
(0,0)(28,0)(28,23)(24,23)(24,33)(16,33)(16,17)(0,17)
Polygon:
(0,0)(30,0)(30,5)(13,5)(13,18)(10,18)(10,1)(0,1)
Polygon:
(0,0)(43,0)(43,1)(25,1)(25,13)(14,13)(14,5)(0,5)
Polygon:
(0,0)(24,0)(24,9)(20,9)(20,21)(16,21)(16,15)(0,15)
Polygon:
(0,0)(30,0)(30,27)(15,27)(15,32)(12,32)(12,18)(0,18)
Polygon:
(0,0)(24,0)(24,21)(8,21)(8,33)(2,33)(2,17)(0,17)
Polygon:
(0,0)(45,0)(45,14)(28,14)(28,21)(17,21)(17,17)(0,17)
Polygon:
(0,0)(27,0)(27,10)(20,10)(20,13)(4,13)(4,5)(0,5)
Polygon:
(0,0)(12,0)(12,14)(11,14)(11,31)(4,31)(4,17)(0,17)
Polygon:
(0,0)(27,0)(27,5)(10,5)(10,18)(1,18)(1,1)(0,1)
Polygon:
(0,0)(21,0)(21,8)(14,8)(14,18)(2,18)(2,4)(0,4)
Polygon:
(0,0)(33,0)(33,12)(20,12)(20,13)(6,13)(6,4)(0,4)
Polygon:
(0,0)(33,0)(33,16)(31,16)(31,21)(14,21)(14,5)(0,5)
Polygon:
(0,0)(40,0)(40,4)(33,4)(33,22)(15,22)(15,17)(0,17)
Polygon:
(0,0)(35,0)(35,10)(19,10)(19,17)(12,17)(12,6)(0,6)
Polygon:
(0,0)(30,0)(30,15)(29,15)(29,20)(16,20)(16,9)(0,9)
Polygon:
(0,0)(31,0)(31,3)(16,3)(16,5)(4,5)(4,2)(0,2)
Polygon:
(0,0)(25,0)(25,7)(19,7)(19,22)(15,22)(15,11)(0,11)
Polygon:
(0,0)(28,0)(28,6)(17,6)(17,21)(4,21)(4,10)(0,10)
Polygon:
(0,0)(30,0)(30,22)(20,22)(20,26)(18,26)(18,16)(0,16)
Polygon:
(0,0)(36,0)(36,26)(19,26)(19,34)(16,34)(16,18)(0,18)
Polygon:
(0,0)(11,0)(11,23)(5,23)(5,25)(3,25)(3,8)(0,8)
Polygon:
(0,0)(39,0)(39,8)(26,8)(26,13)(14,13)(14,3)(0,3)
Polygon:
(0,0)(16,0)(16,26)(15,26)(15,36)(8,36)(8,18)(0,18)
Polygon:
(0,0)(9,0)(9,8)(7,8)(7,20)(4,20)(4,4)(0,4)
Polygon:
(0,0)(26,0)(26,21)(19,21)(19,25)(10,25)(10,12)(0,12)
Polygon:
(0,0)(41,0)(41,10)(24,10)(24,23)(13,23)(13,17)(0,17)
Polygon:
(0,0)(30,0)(30,4)(15,4)(15,9)(12,9)(12,2)(0,2)
Polygon:
(0,0)(29,0)(29,4)(15,4)(15,9)(8,9)(8,1)(0,1)
Polygon:
(0,0)(22,0)(22,5)(14,5)(14,6)(5,6)(5,4)(0,4)
Polygon:
(0,0)(19,0)(19,25)(17,25)(17,28)(8,28)(8,16)(0,16)
Polygon:
(0,0)(28,0)(28,10)(21,10)(21,25)(16,25)(16,8)(0,8)
Polygon:
(0,0)(30,0)(30,20)(27,20)(27,22)(17,22)(17,4)(0,4)
Polygon:
(0,0)(34,0)(34,23)(24,23)(24,27)(14,27)(14,9)(0,9)
Polygon:
(0,0)(33,0)(33,3)(26,3)(26,5)(9,5)(9,1)(0,1)
Polygon:
(0,0)(20,0)(20,12)(12,12)(12,19)(4,19)(4,4)(0,4)
Polygon:
(0,0)(30,0)(30,8)(25,8)(25,9)(8,9)(8,3)(0,3)
Polygon:
(0,0)(43,0)(43,1)(26,1)(26,14)(8,14)(8,6)(0,6)
Polygon:
(0,0)(27,0)(27,10)(18,10)(18,16)(8,16)(8,3)(0,3)
Polygon:
(0,0)(30,0)(30,23)(22,23)(22,27)(9,27)(9,9)(0,9)
Polygon:
(0,0)(38,0)(38,15)(24,15)(24,31)(6,31)(6,16)(0,16)
Polygon:
(0,0)(23,0)(23,11)(20,11)(20,12)(3,12)(3,1)(0,1)
Polygon:
(0,0)(33,0)(33,7)(20,7)(20,14)(17,14)(17,9)(0,9)
Polygon:
(0,0)(36,0)(36,6)(24,6)(24,20)(13,20)(13,16)(0,16)
Polygon:
(0,0)(32,0)(32,9)(28,9)(28,18)(13,18)(13,7)(0,7)
Polygon:
(0,0)(37,0)(37,25)(19,25)(19,33)(6,33)(6,15)(0,15)
Polygon:
(0,0)(37,0)(37,7)(36,7)(36,16)(18,16)(18,13)(0,13)
Polygon:
(0,0)(21,0)(21,9)(7,9)(7,21)(5,21)(5,18)(0,18)
Polygon:
(0,0)(29,0)(29,28)(26,28)(26,33)(15,33)(15,15)(0,15)
Polygon:
(0,0)(39,0)(39,8)(27,8)(27,16)(12,16)(12,4)(0,4)
Polygon:
(0,0)(31,0)(31,20)(22,20)(22,21)(6,21)(6,9)(0,9)
Polygon:
(0,0)(45,0)(45,7)(31,7)(31,20)(15,20)(15,11)(0,11)
Polygon:
(0,0)(23,0)(23,16)(13,16)(13,22)(2,22)(2,15)(0,15)
Polygon:
(0,0)(32,0)(32,21)(18,21)(18,30)(10,30)(10,15)(0,15)
Polygon:
(0,0)(15,0)(15,3)(10,3)(10,19)(2,19)(2,11)(0,11)
Polygon:
(0,0)(22,0)(22,9)(12,9)(12,17)(7,17)(7,10)(0,10)
Polygon:
(0,0)(22,0)(22,2)(17,2)(17,20)(3,20)(3,17)(0,17)
Polygon:
(0,0)(28,0)(28,14)(24,14)(24,20)(14,20)(14,2)(0,2)
Polygon:
(0,0)(29,0)(29,22)(26,22)(26,23)(12,23)(12,10)(0,10)
Polygon:
(0,0)(22,0)(22,16)(10,16)(10,17)(5,17)(5,6)(0,6)
Polygon:
(0,0)(33,0)(33,11)(15,11)(15,25)(3,25)(3,12)(0,12)
Polygon:
(0,0)(13,0)(13,5)(11,5)(11,11)(2,11)(2,2)(0,2)
Polygon:
(0,0)(16,0)(16,16)(8,16)(8,17)(4,17)(4,4)(0,4)
Polygon:
(0,0)(22,0)(22,19)(17,19)(17,21)(8,21)(8,7)(0,7)
Polygon:
(0,0)(25,0)(25,30)(21,30)(21,33)(15,33)(15,18)(0,18)
Polygon:
(0,0)(33,0)(33,7)(30,7)(30,24)(14,24)(14,7)(0,7)
Polygon:
(0,0)(31,0)(31,20)(28,20)(28,28)(12,28)(12,14)(0,14)
Polygon:
(0,0)(27,0)(27,22)(19,22)(19,26)(10,26)(10,10)(0,10)
Polygon:
(0,0)(28,0)(28,9)(20,9)(20,11)(2,11)(2,1)(0,1)
Polygon:
(0,0)(27,0)(27,10)(15,10)(15,24)(3,24)(3,16)(0,16)
Polygon:
(0,0)(24,0)(24,7)(17,7)(17,21)(6,21)(6,3)(0,3)
Polygon:
(0,0)(32,0)(32,6)(17,6)(17,18)(12,18)(12,3)(0,3)
Polygon:
(0,0)(27,0)(27,24)(13,24)(13,30)(6,30)(6,15)(0,15)
Polygon:
(0,0)(44,0)(44,18)(29,18)(29,28)(16,28)(16,17)(0,17)
Polygon:
(0,0)(13,0)(13,5)(11,5)(11,20)(6,20)(6,11)(0,11)
Polygon:
(0,0)(27,0)(27,5)(20,5)(20,21)(16,21)(16,17)(0,17)
Polygon:
(0,0)(31,0)(31,12)(30,12)(30,23)(17,23)(17,5)(0,5)
Polygon:
(0,0)(33,0)(33,18)(26,18)(26,28)(11,28)(11,12)(0,12)
Polygon:
(0,0)(39,0)(39,14)(26,14)(26,19)(10,19)(10,18)(0,18)
Polygon:
(0,0)(29,0)(29,29)(16,29)(16,30)(15,30)(15,18)(0,18)
Polygon:
(0,0)(15,0)(15,26)(14,26)(14,30)(6,30)(6,16)(0,16)
Polygon:
(0,0)(18,0)(18,18)(5,18)(5,28)(1,28)(1,15)(0,15)
Polygon:
(0,0)(25,0)(25,7)(9,7)(9,24)(3,24)(3,15)(0,15)
Polygon:
(0,0)(34,0)(34,23)(24,23)(24,34)(14,34)(14,18)(0,18)
Polygon:
(0,0)(34,0)(34,6)(24,6)(24,16)(10,16)(10,10)(0,10)
Polygon:
(0,0)(38,0)(38,15)(25,15)(25,17)(9,17)(9,9)(0,9)
Polygon:
(0,0)(26,0)(26,14)(18,14)(18,18)(8,18)(8,3)(0,3)
Polygon:
(0,0)(40,0)(40,7)(26,7)(26,16)(16,16)(16,14)(0,14)
Polygon:
(0,0)(24,0)(24,6)(11,6)(11,18)(1,18)(1,8)(0,8)
Polygon:
(0,0)(48,0)(48,3)(30,3)(30,9)(15,9)(15,6)(0,6)
Polygon:
(0,0)(21,0)(21,9)(20,9)(20,16)(5,16)(5,1)(0,1)
Polygon:
(0,0)(24,0)(24,6)(9,6)(9,19)(3,19)(3,4)(0,4)
Polygon:
(0,0)(44,0)(44,9)(28,9)(28,19)(13,19)(13,8)(0,8)
Polygon:
(0,0)(6,0)(6,5)(5,5)(5,12)(2,12)(2,10)(0,10)
Polygon:
(0,0)(32,0)(32,6)(25,6)(25,16)(8,16)(8,14)(0,14)
Polygon:
(0,0)(28,0)(28,9)(23,9)(23,11)(15,11)(15,4)(0,4)
Polygon:
(0,0)(28,0)(28,18)(20,18)(20,22)(4,22)(4,6)(0,6)
Polygon:
(0,0)(49,0)(49,14)(33,14)(33,31)(17,31)(17,18)(0,18)
Polygon:
(0,0)(36,0)(36,22)(19,22)(19,34)(15,34)(15,17)(0,17)
Polygon:
(0,0)(15,0)(15,15)(10,15)(10,20)(1,20)(1,16)(0,16)
Polygon:
(0,0)(31,0)(31,7)(23,7)(23,19)(14,19)(14,3)(0,3)
Polygon:
(0,0)(31,0)(31,9)(29,9)(29,20)(15,20)(15,2)(0,2)
Polygon:
(0,0)(23,0)(23,15)(19,15)(19,17)(7,17)(7,4)(0,4)
Polygon:
(0,0)(28,0)(28,3)(23,3)(23,16)(10,16)(10,5)(0,5)
Polygon:
(0,0)(29,0)(29,19)(23,19)(23,24)(14,24)(14,15)(0,15)
Polygon:
(0,0)(24,0)(24,2)(22,2)(22,8)(6,8)(6,4)(0,4)
Polygon:
(0,0)(29,0)(29,9)(17,9)(17,10)(6,10)(6,3)(0,3)
Polygon:
(0,0)(41,0)(41,7)(31,7)(31,22)(14,22)(14,7)(0,7)
Polygon:
(0,0)(26,0)(26,14)(16,14)(16,21)(6,21)(6,17)(0,17)
Polygon:
(0,0)(22,0)(22,15)(9,15)(9,20)(1,20)(1,10)(0,10)
Polygon:
(0,0)(25,0)(25,7)(20,7)(20,13)(15,13)(15,3)(0,3)
Polygon:
(0,0)(44,0)(44,8)(32,8)(32,16)(15,16)(15,9)(0,9)
Polygon:
(0,0)(30,0)(30,10)(14,10)(14,15)(5,15)(5,4)(0,4)
Polygon:
(0,0)(29,0)(29,5)(23,5)(23,17)(7,17)(7,16)(0,16)
Polygon:
(0,0)(23,0)(23,5)(8,5)(8,11)(1,11)(1,2)(0,2)
Polygon:
(0,0)(22,0)(22,14)(10,14)(10,17)(9,17)(9,1)(0,1)
Polygon:
(0,0)(21,0)(21,6)(18,6)(18,15)(8,15)(8,8)(0,8)
Polygon:
(0,0)(35,0)(35,15)(23,15)(23,18)(14,18)(14,16)(0,16)
Polygon:
(0,0)(16,0)(16,7)(2,7)(2,9)(1,9)(1,4)(0,4)
Polygon:
(0,0)(30,0)(30,17)(15,17)(15,35)(5,35)(5,17)(0,17)
Polygon:
(0,0)(37,0)(37,5)(29,5)(29,17)(11,17)(11,10)(0,10)
Polygon:
(0,0)(21,0)(21,12)(14,12)(14,20)(13,20)(13,15)(0,15)
Polygon:
(0,0)(25,0)(25,17)(11,17)(11,23)(3,23)(3,15)(0,15)
Polygon:
(0,0)(27,0)(27,6)(16,6)(16,10)(9,10)(9,2)(0,2)
Polygon:
(0,0)(23,0)(23,4)(6,4)(6,9)(4,9)(4,8)(0,8)
Polygon:
(0,0)(35,0)(35,18)(19,18)(19,21)(4,21)(4,4)(0,4)
Polygon:
(0,0)(49,0)(49,22)(32,22)(32,24)(18,24)(18,10)(0,10)
Polygon:
(0,0)(25,0)(25,7)(16,7)(16,19)(12,19)(12,1)(0,1)
Polygon:
(0,0)(18,0)(18,10)(9,10)(9,11)(2,11)(2,4)(0,4)
Polygon:
(0,0)(10,0)(10,22)(7,22)(7,29)(1,29)(1,11)(0,11)
Polygon:
(0,0)(24,0)(24,23)(7,23)(7,26)(3,26)(3,9)(0,9)
Polygon:
(0,0)(10,0)(10,15)(8,15)(8,27)(4,27)(4,11)(0,11)
Polygon:
(0,0)(22,0)(22,6)(17,6)(17,11)(5,11)(5,7)(0,7)
Polygon:
(0,0)(22,0)(22,1)(16,1)(16,6)(10,6)(10,1)(0,1)
Polygon:
(0,0)(32,0)(32,16)(20,16)(20,24)(2,24)(2,13)(0,13)
Polygon:
(0,0)(24,0)(24,9)(13,9)(13,23)(8,23)(8,9)(0,9)
Polygon:
(0,0)(49,0)(49,21)(34,21)(34,27)(17,27)(17,18)(0,18)
Polygon:
(0,0)(32,0)(32,3)(17,3)(17,19)(9,19)(9,6)(0,6)
Polygon:
(0,0)(25,0)(25,16)(17,16)(17,18)(11,18)(11,3)(0,3)
Polygon:
(0,0)(38,0)(38,8)(24,8)(24,11)(7,11)(7,8)(0,8)
Polygon:
(0,0)(16,0)(16,20)(15,20)(15,30)(14,30)(14,15)(0,15)
Polygon:
(0,0)(47,0)(47,7)(29,7)(29,21)(18,21)(18,16)(0,16)
Polygon:
(0,0)(24,0)(24,8)(21,8)(21,26)(13,26)(13,9)(0,9)
Polygon:
(0,0)(17,0)(17,7)(14,7)(14,9)(5,9)(5,3)(0,3)
Polygon:
(0,0)(40,0)(40,10)(28,10)(28,16)(11,16)(11,6)(0,6)
Polygon:
(0,0)(34,0)(34,16)(17,16)(17,18)(10,18)(10,14)(0,14)
Polygon:
(0,0)(24,0)(24,21)(14,21)(14,29)(4,29)(4,11)(0,11)
Polygon:
(0,0)(29,0)(29,3)(21,3)(21,21)(5,21)(5,16)(0,16)
Polygon:
(0,0)(17,0)(17,14)(16,14)(16,29)(4,29)(4,11)(0,11)
Polygon:
(0,0)(33,0)(33,4)(28,4)(28,9)(14,9)(14,7)(0,7)
Polygon:
(0,0)(14,0)(14,18)(12,18)(12,24)(3,24)(3,8)(0,8)
Polygon:
(0,0)(42,0)(42,11)(29,11)(29,24)(15,24)(15,12)(0,12)
Polygon:
(0,0)(29,0)(29,11)(26,11)(26,19)(12,19)(12,10)(0,10)
Polygon:
(0,0)(29,0)(29,7)(21,7)(21,11)(16,11)(16,1)(0,1)
Polygon:
(0,0)(34,0)(34,4)(16,4)(16,11)(6,11)(6,7)(0,7)
Polygon:
(0,0)(23,0)(23,8)(13,8)(13,16)(10,16)(10,2)(0,2)
Polygon:
(0,0)(15,0)(15,15)(9,15)(9,28)(3,28)(3,14)(0,14)
Polygon:
(0,0)(34,0)(34,22)(18,22)(18,28)(7,28)(7,14)(0,14)
Polygon:
(0,0)(10,0)(10,14)(9,14)(9,18)(3,18)(3,7)(0,7)
Polygon:
(0,0)(15,0)(15,6)(9,6)(9,18)(8,18)(8,14)(0,14)
Polygon:
(0,0)(20,0)(20,12)(9,12)(9,18)(8,18)(8,9)(0,9)
Polygon:
(0,0)(35,0)(35,16)(18,16)(18,20)(7,20)(7,4)(0,4)
Polygon:
(0,0)(22,0)(22,22)(12,22)(12,25)(11,25)(11,16)(0,16)
Polygon:
(0,0)(13,0)(13,12)(8,12)(8,20)(6,20)(6,2)(0,2)
Polygon:
(0,0)(38,0)(38,16)(22,16)(22,19)(16,19)(16,7)(0,7)
Polygon:
(0,0)(21,0)(21,21)(20,21)(20,33)(10,33)(10,16)(0,16)
Polygon:
(0,0)(16,0)(16,1)(10,1)(10,8)(8,8)(8,5)(0,5)
Polygon:
(0,0)(37,0)(37,10)(30,10)(30,13)(13,13)(13,11)(0,11)
Polygon:
(0,0)(31,0)(31,6)(30,6)(30,18)(16,18)(16,6)(0,6)
Polygon:
(0,0)(37,0)(37,17)(22,17)(22,18)(9,18)(9,10)(0,10)
Polygon:
(0,0)(28,0)(28,18)(20,18)(20,27)(4,27)(4,9)(0,9)
Polygon:
(0,0)(22,0)(22,6)(17,6)(17,22)(11,22)(11,17)(0,17)
Polygon:
(0,0)(21,0)(21,22)(20,22)(20,30)(18,30)(18,14)(0,14)
Polygon:
(0,0)(16,0)(16,7)(15,7)(15,13)(7,13)(7,9)(0,9)
Polygon:
(0,0)(32,0)(32,6)(20,6)(20,13)(14,13)(14,3)(0,3)
Polygon:
(0,0)(28,0)(28,9)(20,9)(20,15)(4,15)(4,10)(0,10)
Polygon:
(0,0)(37,0)(37,14)(29,14)(29,30)(12,30)(12,13)(0,13)
Polygon:
(0,0)(21,0)(21,10)(10,10)(10,14)(6,14)(6,6)(0,6)
Polygon:
(0,0)(36,0)(36,31)(21,31)(21,33)(10,33)(10,15)(0,15)
Polygon:
(0,0)(32,0)(32,9)(31,9)(31,19)(13,19)(13,1)(0,1)
Polygon:
(0,0)(19,0)(19,20)(17,20)(17,22)(6,22)(6,5)(0,5)
Polygon:
(0,0)(25,0)(25,5)(19,5)(19,16)(6,16)(6,12)(0,12)
Polygon:
(0,0)(32,0)(32,13)(15,13)(15,27)(13,27)(13,13)(0,13)
Polygon:
(0,0)(38,0)(38,2)(20,2)(20,19)(2,19)(2,7)(0,7)
Polygon:
(0,0)(25,0)(25,18)(15,18)(15,20)(7,20)(7,10)(0,10)
Polygon:
(0,0)(50,0)(50,5)(33,5)(33,14)(15,14)(15,1)(0,1)
Polygon:
(0,0)(29,0)(29,2)(20,2)(20,18)(9,18)(9,14)(0,14)
Polygon:
(0,0)(29,0)(29,6)(20,6)(20,12)(11,12)(11,11)(0,11)
Polygon:
(0,0)(45,0)(45,11)(29,11)(29,15)(16,15)(16,3)(0,3)
Polygon:
(0,0)(11,0)(11,10)(8,10)(8,25)(6,25)(6,17)(0,17)
Polygon:
(0,0)(28,0)(28,14)(22,14)(22,25)(15,25)(15,13)(0,13)
Polygon:
(0,0)(16,0)(16,3)(14,3)(14,17)(7,17)(7,11)(0,11)
Polygon:
(0,0)(50,0)(50,14)(32,14)(32,21)(16,21)(16,6)(0,6)
Polygon:
(0,0)(12,0)(12,2)(6,2)(6,16)(3,16)(3,1)(0,1)
Polygon:
(0,0)(21,0)(21,6)(20,6)(20,22)(17,22)(17,13)(0,13)
Polygon:
(0,0)(24,0)(24,10)(18,10)(18,15)(16,15)(16,1)(0,1)
Polygon:
(0,0)(14,0)(14,12)(10,12)(10,13)(8,13)(8,11)(0,11)
Polygon:
(0,0)(24,0)(24,12)(6,12)(6,15)(5,15)(5,14)(0,14)
Polygon:
(0,0)(20,0)(20,4)(6,4)(6,22)(2,22)(2,16)(0,16)
Polygon:
(0,0)(33,0)(33,17)(20,17)(20,19)(12,19)(12,14)(0,14)
Polygon:
(0,0)(16,0)(16,4)(13,4)(13,15)(12,15)(12,2)(0,2)
Polygon:
(0,0)(37,0)(37,1)(24,1)(24,19)(9,19)(9,3)(0,3)
Polygon:
(0,0)(40,0)(40,10)(22,10)(22,14)(17,14)(17,3)(0,3)
Polygon:
(0,0)(10,0)(10,21)(5,21)(5,31)(2,31)(2,15)(0,15)
Polygon:
(0,0)(25,0)(25,11)(10,11)(10,19)(9,19)(9,10)(0,10)
Polygon:
(0,0)(34,0)(34,7)(31,7)(31,20)(17,20)(17,15)(0,15)
Polygon:
(0,0)(41,0)(41,27)(27,27)(27,28)(15,28)(15,10)(0,10)
Polygon:
(0,0)(16,0)(16,19)(7,19)(7,22)(2,22)(2,8)(0,8)
Polygon:
(0,0)(18,0)(18,12)(12,12)(12,24)(10,24)(10,13)(0,13)
Polygon:
(0,0)(32,0)(32,21)(19,21)(19,29)(9,29)(9,17)(0,17)
Polygon:
(0,0)(38,0)(38,1)(23,1)(23,14)(12,14)(12,5)(0,5)
Polygon:
(0,0)(19,0)(19,22)(15,22)(15,24)(7,24)(7,6)(0,6)
Polygon:
(0,0)(15,0)(15,9)(5,9)(5,16)(1,16)(1,3)(0,3)
Polygon:
(0,0)(43,0)(43,3)(30,3)(30,16)(16,16)(16,8)(0,8)
Polygon:
(0,0)(25,0)(25,29)(17,29)(17,30)(2,30)(2,13)(0,13)
Polygon:
(0,0)(40,0)(40,3)(32,3)(32,10)(17,10)(17,9)(0,9)
Polygon:
(0,0)(47,0)(47,6)(32,6)(32,13)(16,13)(16,4)(0,4)
Polygon:
(0,0)(41,0)(41,9)(26,9)(26,15)(14,15)(14,5)(0,5)
Polygon:
(0,0)(24,0)(24,5)(22,5)(22,17)(11,17)(11,16)(0,16)
Polygon:
(0,0)(18,0)(18,3)(13,3)(13,11)(8,11)(8,10)(0,10)
Polygon:
(0,0)(40,0)(40,25)(22,25)(22,26)(7,26)(7,13)(0,13)
Polygon:
(0,0)(45,0)(45,23)(34,23)(34,25)(18,25)(18,8)(0,8)
Polygon:
(0,0)(23,0)(23,11)(17,11)(17,19)(1,19)(1,1)(0,1)
Polygon:
(0,0)(35,0)(35,24)(18,24)(18,34)(7,34)(7,16)(0,16)
Polygon:
(0,0)(16,0)(16,16)(3,16)(3,19)(2,19)(2,8)(0,8)
Polygon:
(0,0)(23,0)(23,5)(19,5)(19,19)(9,19)(9,3)(0,3)
Polygon:
(0,0)(29,0)(29,18)(26,18)(26,19)(14,19)(14,3)(0,3)
Polygon:
(0,0)(25,0)(25,11)(15,11)(15,17)(1,17)(1,10)(0,10)
Polygon:
(0,0)(38,0)(38,12)(25,12)(25,27)(15,27)(15,16)(0,16)
Polygon:
(0,0)(33,0)(33,4)(16,4)(16,19)(9,19)(9,15)(0,15)
Polygon:
(0,0)(45,0)(45,7)(31,7)(31,17)(14,17)(14,1)(0,1)
Polygon:
(0,0)(33,0)(33,17)(20,17)(20,18)(8,18)(8,5)(0,5)
Polygon:
(0,0)(31,0)(31,4)(17,4)(17,11)(9,11)(9,9)(0,9)
Polygon:
(0,0)(23,0)(23,10)(16,10)(16,12)(8,12)(8,9)(0,9)
Polygon:
(0,0)(29,0)(29,4)(25,4)(25,6)(16,6)(16,3)(0,3)
Polygon:
(0,0)(32,0)(32,15)(16,15)(16,26)(11,26)(11,17)(0,17)
Polygon:
(0,0)(29,0)(29,3)(22,3)(22,10)(11,10)(11,4)(0,4)
Polygon:
(0,0)(43,0)(43,2)(30,2)(30,5)(12,5)(12,2)(0,2)
Polygon:
(0,0)(34,0)(34,22)(20,22)(20,33)(8,33)(8,16)(0,16)
Polygon:
(0,0)(40,0)(40,21)(30,21)(30,32)(18,32)(18,14)(0,14)
Polygon:
(0,0)(27,0)(27,8)(18,8)(18,11)(4,11)(4,1)(0,1)
Polygon:
(0,0)(10,0)(10,14)(6,14)(6,18)(2,18)(2,8)(0,8)
Polygon:
(0,0)(18,0)(18,3)(15,3)(15,19)(12,19)(12,6)(0,6)
Polygon:
(0,0)(19,0)(19,11)(12,11)(12,13)(8,13)(8,10)(0,10)
Polygon:
(0,0)(10,0)(10,4)(9,4)(9,15)(1,15)(1,5)(0,5)
Polygon:
(0,0)(34,0)(34,20)(17,20)(17,26)(5,26)(5,11)(0,11)
Polygon:
(0,0)(17,0)(17,12)(16,12)(16,22)(3,22)(3,16)(0,16)
Polygon:
(0,0)(26,0)(26,15)(16,15)(16,24)(1,24)(1,16)(0,16)
Polygon:
(0,0)(30,0)(30,9)(12,9)(12,10)(6,10)(6,5)(0,5)
Polygon:
(0,0)(18,0)(18,4)(16,4)(16,7)(10,7)(10,1)(0,1)
Polygon:
(0,0)(14,0)(14,17)(8,17)(8,25)(3,25)(3,11)(0,11)
Polygon:
(0,0)(38,0)(38,6)(22,6)(22,21)(4,21)(4,14)(0,14)
Polygon:
(0,0)(21,0)(21,20)(18,20)(18,24)(1,24)(1,9)(0,9)
Polygon:
(0,0)(46,0)(46,13)(28,13)(28,29)(16,29)(16,11)(0,11)
Polygon:
(0,0)(36,0)(36,15)(28,15)(28,22)(11,22)(11,5)(0,5)
Polygon:
(0,0)(40,0)(40,17)(30,17)(30,21)(13,21)(13,6)(0,6)
Polygon:
(0,0)(23,0)(23,19)(6,19)(6,25)(1,25)(1,11)(0,11)
Polygon:
(0,0)(22,0)(22,5)(20,5)(20,18)(7,18)(7,13)(0,13)
Polygon:
(0,0)(22,0)(22,18)(16,18)(16,30)(14,30)(14,14)(0,14)
Polygon:
(0,0)(41,0)(41,19)(26,19)(26,20)(12,20)(12,4)(0,4)
Polygon:
(0,0)(39,0)(39,22)(33,22)(33,24)(15,24)(15,8)(0,8)
Polygon:
(0,0)(6,0)(6,8)(4,8)(4,12)(1,12)(1,10)(0,10)
Polygon:
(0,0)(47,0)(47,11)(32,11)(32,17)(15,17)(15,11)(0,11)
Polygon:
(0,0)(21,0)(21,3)(18,3)(18,4)(5,4)(5,3)(0,3)
Polygon:
(0,0)(28,0)(28,13)(14,13)(14,17)(3,17)(3,5)(0,5)
Polygon:
(0,0)(41,0)(41,2)(23,2)(23,14)(10,14)(10,6)(0,6)
Polygon:
(0,0)(25,0)(25,7)(20,7)(20,17)(10,17)(10,5)(0,5)
Polygon:
(0,0)(43,0)(43,10)(34,10)(34,25)(16,25)(16,18)(0,18)
Polygon:
(0,0)(38,0)(38,15)(30,15)(30,17)(12,17)(12,3)(0,3)
Polygon:
(0,0)(43,0)(43,21)(28,21)(28,33)(16,33)(16,16)(0,16)
Polygon:
(0,0)(9,0)(9,8)(6,8)(6,17)(5,17)(5,1)(0,1)
Polygon:
(0,0)(33,0)(33,22)(21,22)(21,25)(9,25)(9,8)(0,8)
Polygon:
(0,0)(45,0)(45,11)(34,11)(34,18)(18,18)(18,4)(0,4)
Polygon:
(0,0)(26,0)(26,11)(13,11)(13,17)(8,17)(8,9)(0,9)
Polygon:
(0,0)(22,0)(22,14)(15,14)(15,17)(13,17)(13,6)(0,6)
Polygon:
(0,0)(27,0)(27,11)(24,11)(24,27)(17,27)(17,15)(0,15)
Polygon:
(0,0)(39,0)(39,7)(31,7)(31,16)(13,16)(13,9)(0,9)
Polygon:
(0,0)(41,0)(41,8)(25,8)(25,24)(9,24)(9,15)(0,15)
Polygon:
(0,0)(30,0)(30,12)(24,12)(24,15)(12,15)(12,4)(0,4)
Polygon:
(0,0)(40,0)(40,30)(26,30)(26,33)(9,33)(9,16)(0,16)
Polygon:
(0,0)(24,0)(24,3)(17,3)(17,7)(16,7)(16,4)(0,4)
Polygon:
(0,0)(22,0)(22,7)(19,7)(19,21)(8,21)(8,7)(0,7)
Polygon:
(0,0)(44,0)(44,3)(29,3)(29,18)(15,18)(15,13)(0,13)
Polygon:
(0,0)(7,0)(7,13)(4,13)(4,16)(1,16)(1,5)(0,5)
Polygon:
(0,0)(38,0)(38,23)(27,23)(27,27)(12,27)(12,11)(0,11)
Polygon:
(0,0)(31,0)(31,2)(30,2)(30,17)(15,17)(15,16)(0,16)
Polygon:
(0,0)(48,0)(48,11)(33,11)(33,20)(18,20)(18,10)(0,10)
Polygon:
(0,0)(25,0)(25,12)(12,12)(12,17)(11,17)(11,2)(0,2)
Polygon:
(0,0)(21,0)(21,14)(14,14)(14,16)(12,16)(12,1)(0,1)
Polygon:
(0,0)(23,0)(23,9)(19,9)(19,16)(7,16)(7,4)(0,4)
Polygon:
(0,0)(34,0)(34,5)(16,5)(16,7)(11,7)(11,3)(0,3)
Polygon:
(0,0)(16,0)(16,12)(14,12)(14,24)(12,24)(12,6)(0,6)
Polygon:
(0,0)(14,0)(14,23)(10,23)(10,28)(4,28)(4,13)(0,13)
Polygon:
(0,0)(20,0)(20,21)(16,21)(16,28)(12,28)(12,15)(0,15)
Polygon:
(0,0)(15,0)(15,1)(13,1)(13,15)(10,15)(10,11)(0,11)
Polygon:
(0,0)(16,0)(16,16)(4,16)(4,22)(1,22)(1,7)(0,7)
Polygon:
(0,0)(19,0)(19,5)(11,5)(11,22)(1,22)(1,16)(0,16)
Polygon:
(0,0)(35,0)(35,6)(20,6)(20,13)(11,13)(11,7)(0,7)
Polygon:
(0,0)(29,0)(29,23)(16,23)(16,26)(14,26)(14,9)(0,9)
Polygon:
(0,0)(10,0)(10,9)(7,9)(7,19)(6,19)(6,8)(0,8)
Polygon:
(0,0)(18,0)(18,7)(11,7)(11,20)(2,20)(2,17)(0,17)
Polygon:
(0,0)(37,0)(37,4)(31,4)(31,18)(15,18)(15,4)(0,4)
Polygon:
(0,0)(41,0)(41,15)(24,15)(24,27)(14,27)(14,9)(0,9)
Polygon:
(0,0)(38,0)(38,11)(30,11)(30,20)(17,20)(17,3)(0,3)
Polygon:
(0,0)(19,0)(19,23)(17,23)(17,24)(5,24)(5,7)(0,7)
Polygon:
(0,0)(29,0)(29,22)(21,22)(21,31)(11,31)(11,15)(0,15)
Polygon:
(0,0)(47,0)(47,29)(30,29)(30,34)(13,34)(13,16)(0,16)
Polygon:
(0,0)(24,0)(24,5)(19,5)(19,14)(3,14)(3,8)(0,8)
Polygon:
(0,0)(18,0)(18,24)(16,24)(16,26)(4,26)(4,12)(0,12)
Polygon:
(0,0)(22,0)(22,8)(8,8)(8,22)(4,22)(4,6)(0,6)
Polygon:
(0,0)(27,0)(27,5)(14,5)(14,16)(12,16)(12,2)(0,2)
Polygon:
(0,0)(27,0)(27,3)(19,3)(19,12)(13,12)(13,9)(0,9)
Polygon:
(0,0)(30,0)(30,9)(24,9)(24,23)(6,23)(6,18)(0,18)
Polygon:
(0,0)(43,0)(43,8)(25,8)(25,21)(8,21)(8,15)(0,15)
Polygon:
(0,0)(43,0)(43,13)(28,13)(28,17)(10,17)(10,5)(0,5)
Polygon:
(0,0)(22,0)(22,12)(12,12)(12,27)(4,27)(4,14)(0,14)
Polygon:
(0,0)(24,0)(24,12)(21,12)(21,13)(6,13)(6,10)(0,10)
Polygon:
(0,0)(24,0)(24,12)(21,12)(21,24)(7,24)(7,10)(0,10)
Polygon:
(0,0)(20,0)(20,9)(15,9)(15,18)(7,18)(7,5)(0,5)
Polygon:
(0,0)(43,0)(43,22)(26,22)(26,24)(10,24)(10,6)(0,6)
Polygon:
(0,0)(31,0)(31,7)(17,7)(17,8)(12,8)(12,5)(0,5)
Polygon:
(0,0)(24,0)(24,11)(14,11)(14,19)(10,19)(10,15)(0,15)
Polygon:
(0,0)(22,0)(22,25)(5,25)(5,27)(1,27)(1,9)(0,9)
Polygon:
(0,0)(29,0)(29,2)(25,2)(25,18)(11,18)(11,3)(0,3)
Polygon:
(0,0)(32,0)(32,19)(17,19)(17,20)(7,20)(7,6)(0,6)
Polygon:
(0,0)(32,0)(32,13)(24,13)(24,19)(11,19)(11,12)(0,12)
Polygon:
(0,0)(15,0)(15,26)(14,26)(14,29)(8,29)(8,11)(0,11)
Polygon:
(0,0)(32,0)(32,14)(17,14)(17,24)(16,24)(16,9)(0,9)
Polygon:
(0,0)(28,0)(28,10)(15,10)(15,18)(12,18)(12,6)(0,6)
Polygon:
(0,0)(29,0)(29,11)(26,11)(26,26)(13,26)(13,9)(0,9)
Polygon:
(0,0)(39,0)(39,24)(34,24)(34,25)(16,25)(16,10)(0,10)
Polygon:
(0,0)(19,0)(19,11)(5,11)(5,14)(1,14)(1,2)(0,2)
Polygon:
(0,0)(32,0)(32,9)(18,9)(18,27)(3,27)(3,17)(0,17)
Polygon:
(0,0)(28,0)(28,3)(10,3)(10,21)(1,21)(1,5)(0,5)
Polygon:
(0,0)(33,0)(33,11)(17,11)(17,21)(2,21)(2,3)(0,3)
Polygon:
(0,0)(20,0)(20,13)(13,13)(13,23)(10,23)(10,6)(0,6)
Polygon:
(0,0)(15,0)(15,19)(7,19)(7,23)(3,23)(3,15)(0,15)
Polygon:
(0,0)(12,0)(12,7)(7,7)(7,19)(3,19)(3,16)(0,16)
Polygon:
(0,0)(18,0)(18,25)(13,25)(13,30)(2,30)(2,15)(0,15)
Polygon:
(0,0)(38,0)(38,12)(20,12)(20,17)(4,17)(4,14)(0,14)
Polygon:
(0,0)(36,0)(36,9)(26,9)(26,18)(9,18)(9,13)(0,13)
Polygon:
(0,0)(36,0)(36,2)(28,2)(28,17)(11,17)(11,8)(0,8)
Polygon:
(0,0)(33,0)(33,16)(16,16)(16,18)(7,18)(7,3)(0,3)
Polygon:
(0,0)(32,0)(32,4)(21,4)(21,18)(7,18)(7,16)(0,16)
Polygon:
(0,0)(19,0)(19,8)(18,8)(18,9)(17,9)(17,1)(0,1)
Polygon:
(0,0)(21,0)(21,6)(19,6)(19,24)(1,24)(1,12)(0,12)
Polygon:
(0,0)(24,0)(24,5)(20,5)(20,12)(13,12)(13,1)(0,1)
Polygon:
(0,0)(34,0)(34,6)(23,6)(23,15)(5,15)(5,5)(0,5)
Polygon:
(0,0)(21,0)(21,3)(7,3)(7,21)(2,21)(2,13)(0,13)
Polygon:
(0,0)(38,0)(38,8)(32,8)(32,12)(17,12)(17,5)(0,5)
Polygon:
(0,0)(41,0)(41,10)(26,10)(26,12)(17,12)(17,5)(0,5)
Polygon:
(0,0)(36,0)(36,21)(24,21)(24,30)(15,30)(15,13)(0,13)
Polygon:
(0,0)(42,0)(42,13)(26,13)(26,21)(9,21)(9,5)(0,5)
Polygon:
(0,0)(42,0)(42,6)(24,6)(24,8)(6,8)(6,4)(0,4)
Polygon:
(0,0)(13,0)(13,32)(8,32)(8,36)(3,36)(3,18)(0,18)
Polygon:
(0,0)(28,0)(28,22)(22,22)(22,25)(11,25)(11,7)(0,7)
Polygon:
(0,0)(30,0)(30,8)(14,8)(14,13)(10,13)(10,7)(0,7)
Polygon:
(0,0)(43,0)(43,20)(31,20)(31,22)(18,22)(18,15)(0,15)
Polygon:
(0,0)(43,0)(43,13)(28,13)(28,17)(14,17)(14,3)(0,3)
Polygon:
(0,0)(25,0)(25,16)(9,16)(9,21)(1,21)(1,18)(0,18)
Polygon:
(0,0)(20,0)(20,4)(19,4)(19,22)(14,22)(14,10)(0,10)
Polygon:
(0,0)(20,0)(20,14)(6,14)(6,15)(4,15)(4,11)(0,11)
Polygon:
(0,0)(22,0)(22,1)(18,1)(18,12)(10,12)(10,4)(0,4)
Polygon:
(0,0)(44,0)(44,5)(32,5)(32,7)(15,7)(15,1)(0,1)
Polygon:
(0,0)(35,0)(35,13)(25,13)(25,31)(16,31)(16,17)(0,17)
Polygon:
(0,0)(32,0)(32,22)(14,22)(14,26)(9,26)(9,17)(0,17)
Polygon:
(0,0)(16,0)(16,1)(12,1)(12,17)(9,17)(9,11)(0,11)
Polygon:
(0,0)(22,0)(22,26)(18,26)(18,33)(15,33)(15,15)(0,15)
Polygon:
(0,0)(25,0)(25,11)(12,11)(12,29)(4,29)(4,12)(0,12)
Polygon:
(0,0)(37,0)(37,5)(24,5)(24,22)(8,22)(8,6)(0,6)
Polygon:
(0,0)(46,0)(46,9)(33,9)(33,20)(18,20)(18,6)(0,6)
Polygon:
(0,0)(16,0)(16,18)(14,18)(14,23)(10,23)(10,17)(0,17)
Polygon:
(0,0)(10,0)(10,2)(5,2)(5,13)(4,13)(4,2)(0,2)
Polygon:
(0,0)(36,0)(36,13)(27,13)(27,21)(17,21)(17,12)(0,12)
Polygon:
(0,0)(26,0)(26,20)(19,20)(19,29)(6,29)(6,14)(0,14)
Polygon:
(0,0)(42,0)(42,18)(28,18)(28,22)(16,22)(16,13)(0,13)
Polygon:
(0,0)(52,0)(52,10)(35,10)(35,13)(17,13)(17,8)(0,8)
Polygon:
(0,0)(38,0)(38,11)(21,11)(21,16)(6,16)(6,3)(0,3)
Polygon:
(0,0)(35,0)(35,18)(19,18)(19,28)(7,28)(7,10)(0,10)
Polygon:
(0,0)(32,0)(32,4)(20,4)(20,22)(10,22)(10,17)(0,17)
Polygon:
(0,0)(21,0)(21,15)(13,15)(13,23)(11,23)(11,8)(0,8)
Polygon:
(0,0)(13,0)(13,11)(7,11)(7,13)(6,13)(6,5)(0,5)
Polygon:
(0,0)(32,0)(32,15)(28,15)(28,21)(13,21)(13,18)(0,18)
Polygon:
(0,0)(47,0)(47,12)(35,12)(35,29)(18,29)(18,11)(0,11)
Polygon:
(0,0)(29,0)(29,29)(19,29)(19,33)(13,33)(13,15)(0,15)
Polygon:
(0,0)(29,0)(29,21)(12,21)(12,25)(2,25)(2,8)(0,8)
Polygon:
(0,0)(25,0)(25,17)(18,17)(18,23)(14,23)(14,6)(0,6)
Polygon:
(0,0)(29,0)(29,20)(17,20)(17,28)(16,28)(16,10)(0,10)
Polygon:
(0,0)(29,0)(29,7)(26,7)(26,19)(12,19)(12,2)(0,2)
Polygon:
(0,0)(32,0)(32,7)(31,7)(31,16)(14,16)(14,2)(0,2)
Polygon:
(0,0)(33,0)(33,12)(27,12)(27,16)(15,16)(15,3)(0,3)
Polygon:
(0,0)(29,0)(29,18)(21,18)(21,19)(8,19)(8,2)(0,2)
Polygon:
(0,0)(20,0)(20,22)(19,22)(19,28)(8,28)(8,17)(0,17)
Polygon:
(0,0)(33,0)(33,2)(29,2)(29,20)(12,20)(12,12)(0,12)
Polygon:
(0,0)(29,0)(29,4)(25,4)(25,11)(14,11)(14,7)(0,7)
Polygon:
(0,0)(37,0)(37,21)(33,21)(33,22)(15,22)(15,13)(0,13)
Polygon:
(0,0)(43,0)(43,8)(32,8)(32,26)(14,26)(14,15)(0,15)
Polygon:
(0,0)(8,0)(8,8)(6,8)(6,26)(2,26)(2,8)(0,8)
Polygon:
(0,0)(31,0)(31,19)(19,19)(19,30)(16,30)(16,16)(0,16)
Polygon:
(0,0)(25,0)(25,25)(21,25)(21,26)(6,26)(6,16)(0,16)
Polygon:
(0,0)(28,0)(28,5)(15,5)(15,17)(11,17)(11,8)(0,8)
Polygon:
(0,0)(33,0)(33,8)(30,8)(30,25)(16,25)(16,9)(0,9)
Polygon:
(0,0)(22,0)(22,16)(10,16)(10,21)(9,21)(9,5)(0,5)
Polygon:
(0,0)(25,0)(25,6)(21,6)(21,16)(12,16)(12,1)(0,1)
Polygon:
(0,0)(37,0)(37,18)(25,18)(25,21)(8,21)(8,7)(0,7)
Polygon:
(0,0)(36,0)(36,22)(28,22)(28,35)(18,35)(18,17)(0,17)
Polygon:
(0,0)(30,0)(30,21)(16,21)(16,31)(2,31)(2,13)(0,13)
Polygon:
(0,0)(24,0)(24,16)(16,16)(16,17)(7,17)(7,9)(0,9)
Polygon:
(0,0)(27,0)(27,8)(14,8)(14,14)(1,14)(1,10)(0,10)
Polygon:
(0,0)(32,0)(32,20)(25,20)(25,28)(10,28)(10,13)(0,13)
Polygon:
(0,0)(32,0)(32,10)(18,10)(18,17)(17,17)(17,12)(0,12)
Polygon:
(0,0)(32,0)(32,3)(14,3)(14,16)(9,16)(9,5)(0,5)
Polygon:
(0,0)(38,0)(38,14)(33,14)(33,29)(16,29)(16,13)(0,13)
Polygon:
(0,0)(31,0)(31,15)(19,15)(19,18)(15,18)(15,2)(0,2)
Polygon:
(0,0)(24,0)(24,15)(20,15)(20,16)(11,16)(11,5)(0,5)
Polygon:
(0,0)(38,0)(38,11)(29,11)(29,28)(11,28)(11,18)(0,18)
Polygon:
(0,0)(6,0)(6,5)(0,5)
Polygon:
(0,0)(14,0)(14,2)(0,2)
Polygon:
(0,0)(17,0)(17,8)(0,8)
Polygon:
(0,0)(18,0)(18,14)(0,14)
Polygon:
(0,0)(14,0)(14,3)(0,3)
Polygon:
(0,0)(21,0)(21,17)(5,17)(5,35)(0,35)
Polygon:
(0,0)(35,0)(35,22)(21,22)(21,6)(8,6)(8,18)(0,18)
Polygon:
(0,0)(13,0)(13,7)(0,7)
Polygon:
(0,0)(27,0)(27,9)(16,9)(16,12)(0,12)
Polygon:
(0,0)(18,0)(18,7)(0,7)
Polygon:
(0,0)(5,0)(5,14)(0,14)
Polygon:
(0,0)(2,0)(2,6)(0,6)
Polygon:
(0,0)(7,0)(7,1)(0,1)
Polygon:
(0,0)(15,0)(15,2)(0,2)
Polygon:
(0,0)(7,0)(7,3)(0,3)
Polygon:
(0,0)(8,0)(8,2)(0,2)
Polygon:
(0,0)(15,0)(15,3)(0,3)
Polygon:
(0,0)(6,0)(6,5)(0,5)
Polygon:
(0,0)(9,0)(9,12)(0,12)
Polygon:
(0,0)(18,0)(18,10)(0,10)
Polygon:
(0,0)(12,0)(12,17)(0,17)
Polygon:
(0,0)(11,0)(11,10)(2,10)(2,25)(0,25)
Polygon:
(0,0)(1,0)(1,4)(0,4)
Polygon:
(0,0)(4,0)(4,18)(0,18)
Polygon:
(0,0)(30,0)(30,9)(23,9)(23,5)(9,5)(9,16)(0,16)
Polygon:
(0,0)(20,0)(20,12)(2,12)(2,23)(0,23)
Polygon:
(0,0)(9,0)(9,10)(0,10)
Polygon:
(0,0)(28,0)(28,16)(17,16)(17,5)(3,5)(3,11)(0,11)
Polygon:
(0,0)(27,0)(27,15)(10,15)(10,27)(0,27)
Polygon:
(0,0)(4,0)(4,7)(0,7)
Polygon:
(0,0)(11,0)(11,10)(0,10)
Polygon:
(0,0)(14,0)(14,10)(0,10)
Polygon:
(0,0)(18,0)(18,9)(12,9)(12,25)(0,25)
Polygon:
(0,0)(8,0)(8,3)(0,3)
Polygon:
(0,0)(19,0)(19,7)(9,7)(9,13)(0,13)
Polygon:
(0,0)(31,0)(31,17)(26,17)(26,8)(8,8)(8,14)(0,14)
Polygon:
(0,0)(23,0)(23,10)(6,10)(6,28)(0,28)
Polygon:
(0,0)(8,0)(8,18)(1,18)(1,29)(0,29)
Polygon:
(0,0)(30,0)(30,5)(12,5)(12,6)(0,6)
Polygon:
(0,0)(2,0)(2,10)(0,10)
Polygon:
(0,0)(6,0)(6,5)(0,5)
Polygon:
(0,0)(26,0)(26,14)(12,14)(12,16)(0,16)
Polygon:
(0,0)(40,0)(40,13)(25,13)(25,9)(10,9)(10,17)(0,17)
Polygon:
(0,0)(35,0)(35,18)(21,18)(21,2)(9,2)(9,9)(0,9)
Polygon:
(0,0)(2,0)(2,16)(0,16)
Polygon:
(0,0)(10,0)(10,3)(5,3)(5,15)(0,15)
Polygon:
(0,0)(1,0)(1,3)(0,3)
Polygon:
(0,0)(3,0)(3,12)(0,12)
Polygon:
(0,0)(30,0)(30,16)(15,16)(15,29)(0,29)
Polygon:
(0,0)(19,0)(19,11)(8,11)(8,23)(0,23)
Polygon:
(0,0)(9,0)(9,15)(0,15)
Polygon:
(0,0)(30,0)(30,6)(12,6)(12,18)(0,18)
Polygon:
(0,0)(22,0)(22,3)(9,3)(9,13)(0,13)
Polygon:
(0,0)(13,0)(13,1)(0,1)
Polygon:
(0,0)(10,0)(10,16)(0,16)
Polygon:
(0,0)(9,0)(9,5)(0,5)
Polygon:
(0,0)(23,0)(23,5)(16,5)(16,6)(0,6)
Polygon:
(0,0)(41,0)(41,6)(33,6)(33,5)(17,5)(17,14)(0,14)
Polygon:
(0,0)(22,0)(22,15)(9,15)(9,18)(0,18)
Polygon:
(0,0)(19,0)(19,13)(16,13)(16,16)(0,16)
Polygon:
(0,0)(17,0)(17,8)(4,8)(4,22)(0,22)
Polygon:
(0,0)(22,0)(22,7)(12,7)(12,8)(0,8)
Polygon:
(0,0)(20,0)(20,8)(7,8)(7,9)(0,9)
Polygon:
(0,0)(18,0)(18,8)(0,8)
Polygon:
(0,0)(8,0)(8,11)(4,11)(4,19)(0,19)
Polygon:
(0,0)(12,0)(12,7)(0,7)
Polygon:
(0,0)(29,0)(29,8)(25,8)(25,6)(18,6)(18,9)(0,9)
Polygon:
(0,0)(15,0)(15,11)(7,11)(7,21)(0,21)
Polygon:
(0,0)(19,0)(19,3)(3,3)(3,18)(0,18)
Polygon:
(0,0)(1,0)(1,14)(0,14)
Polygon:
(0,0)(3,0)(3,14)(0,14)
Polygon:
(0,0)(9,0)(9,13)(3,13)(3,16)(0,16)
Polygon:
(0,0)(15,0)(15,16)(0,16)
Polygon:
(0,0)(8,0)(8,13)(0,13)
Polygon:
(0,0)(5,0)(5,9)(2,9)(2,16)(0,16)
Polygon:
(0,0)(18,0)(18,10)(0,10)
Polygon:
(0,0)(14,0)(14,5)(0,5)
Polygon:
(0,0)(6,0)(6,11)(0,11)
Polygon:
(0,0)(1,0)(1,8)(0,8)
Polygon:
(0,0)(7,0)(7,16)(1,16)(1,34)(0,34)
Polygon:
(0,0)(11,0)(11,11)(6,11)(6,23)(0,23)
Polygon:
(0,0)(19,0)(19,17)(16,17)(16,26)(0,26)
Polygon:
(0,0)(17,0)(17,4)(0,4)
Polygon:
(0,0)(15,0)(15,3)(0,3)
Polygon:
(0,0)(1,0)(1,5)(0,5)
Polygon:
(0,0)(2,0)(2,10)(0,10)
Polygon:
(0,0)(14,0)(14,11)(0,11)
Polygon:
(0,0)(9,0)(9,3)(0,3)
Polygon:
(0,0)(11,0)(11,2)(0,2)
Polygon:
(0,0)(8,0)(8,4)(0,4)
Polygon:
(0,0)(16,0)(16,18)(0,18)
Polygon:
(0,0)(15,0)(15,4)(5,4)(5,18)(0,18)
Polygon:
(0,0)(25,0)(25,9)(18,9)(18,25)(0,25)
Polygon:
(0,0)(33,0)(33,6)(17,6)(17,2)(3,2)(3,7)(0,7)
Polygon:
(0,0)(15,0)(15,12)(0,12)
Polygon:
(0,0)(21,0)(21,4)(17,4)(17,20)(0,20)
Polygon:
(0,0)(9,0)(9,4)(0,4)
Polygon:
(0,0)(22,0)(22,18)(8,18)(8,28)(0,28)
Polygon:
(0,0)(31,0)(31,13)(14,13)(14,16)(0,16)
Polygon:
(0,0)(18,0)(18,6)(1,6)(1,24)(0,24)
Polygon:
(0,0)(16,0)(16,16)(5,16)(5,34)(0,34)
Polygon:
(0,0)(3,0)(3,11)(0,11)
Polygon:
(0,0)(27,0)(27,3)(17,3)(17,16)(0,16)
Polygon:
(0,0)(6,0)(6,11)(0,11)
Polygon:
(0,0)(12,0)(12,7)(0,7)
Polygon:
(0,0)(15,0)(15,10)(0,10)
Polygon:
(0,0)(19,0)(19,8)(11,8)(11,1)(7,1)(7,14)(0,14)
Polygon:
(0,0)(6,0)(6,4)(0,4)
Polygon:
(0,0)(8,0)(8,14)(0,14)
Polygon:
(0,0)(16,0)(16,6)(0,6)
Polygon:
(0,0)(30,0)(30,8)(18,8)(18,24)(0,24)
Polygon:
(0,0)(2,0)(2,13)(0,13)
Polygon:
(0,0)(1,0)(1,5)(0,5)
Polygon:
(0,0)(9,0)(9,2)(0,2)
Polygon:
(0,0)(6,0)(6,15)(0,15)
Polygon:
(0,0)(4,0)(4,18)(0,18)
Polygon:
(0,0)(44,0)(44,19)(26,19)(26,5)(14,5)(14,18)(0,18)
Polygon:
(0,0)(32,0)(32,11)(18,11)(18,16)(0,16)
Polygon:
(0,0)(19,0)(19,13)(15,13)(15,18)(0,18)
Polygon:
(0,0)(15,0)(15,9)(0,9)
