Polygon:
(0,0)(7,0)(7,15)(0,15)
Polygon:
(0,0)(10,0)(10,14)(5,14)(5,19)(0,19)
Polygon:
(0,0)(12,0)(12,1)(0,1)
Polygon:
(0,0)(31,0)(31,15)(15,15)(15,24)(0,24)
Polygon:
(0,0)(14,0)(14,13)(0,13)
Polygon:
(0,0)(16,0)(16,18)(5,18)(5,24)(0,24)
Polygon:
(0,0)(15,0)(15,5)(0,5)
Polygon:
(0,0)(9,0)(9,9)(0,9)
Polygon:
(0,0)(1,0)(1,3)(0,3)
Polygon:
(0,0)(9,0)(9,4)(0,4)
Polygon:
(0,0)(17,0)(17,14)(0,14)
Polygon:
(0,0)(11,0)(11,2)(0,2)
Polygon:
(0,0)(3,0)(3,15)(0,15)
Polygon:
(0,0)(1,0)(1,1)(0,1)
Polygon:
(0,0)(18,0)(18,17)(0,17)
Polygon:
(0,0)(15,0)(15,4)(0,4)
Polygon:
(0,0)(20,0)(20,15)(17,15)(17,30)(0,30)
Polygon:
(0,0)(40,0)(40,9)(23,9)(23,3)(14,3)(14,6)(0,6)
Polygon:
(0,0)(8,0)(8,8)(0,8)
Polygon:
(0,0)(7,0)(7,3)(0,3)
Polygon:
(0,0)(4,0)(4,6)(0,6)
Polygon:
(0,0)(32,0)(32,9)(19,9)(19,2)(9,2)(9,9)(0,9)
Polygon:
(0,0)(12,0)(12,3)(3,3)(3,11)(0,11)
Polygon:
(0,0)(9,0)(9,11)(3,11)(3,20)(0,20)
Polygon:
(0,0)(24,0)(24,17)(19,17)(19,10)(6,10)(6,16)(0,16)
Polygon:
(0,0)(15,0)(15,2)(0,2)
Polygon:
(0,0)(3,0)(3,7)(0,7)
Polygon:
(0,0)(14,0)(14,15)(0,15)
Polygon:
(0,0)(12,0)(12,10)(0,10)
Polygon:
(0,0)(1,0)(1,1)(0,1)
Polygon:
(0,0)(15,0)(15,14)(0,14)
Polygon:
(0,0)(9,0)(9,1)(0,1)
Polygon:
(0,0)(26,0)(26,3)(9,3)(9,4)(0,4)
Polygon:
(0,0)(4,0)(4,16)(0,16)
Polygon:
(0,0)(11,0)(11,12)(0,12)
Polygon:
(0,0)(7,0)(7,16)(0,16)
Polygon:
(0,0)(43,0)(43,3)(25,3)(25,1)(18,1)(18,8)(0,8)
Polygon:
(0,0)(16,0)(16,5)(0,5)
Polygon:
(0,0)(2,0)(2,12)(0,12)
Polygon:
(0,0)(7,0)(7,2)(1,2)(1,14)(0,14)
Polygon:
(0,0)(5,0)(5,18)(0,18)
Polygon:
(0,0)(10,0)(10,2)(0,2)
Polygon:
(0,0)(9,0)(9,11)(0,11)
Polygon:
(0,0)(26,0)(26,4)(10,4)(10,22)(0,22)
Polygon:
(0,0)(21,0)(21,11)(9,11)(9,17)(0,17)
Polygon:
(0,0)(4,0)(4,9)(0,9)
Polygon:
(0,0)(4,0)(4,16)(0,16)
Polygon:
(0,0)(15,0)(15,12)(0,12)
Polygon:
(0,0)(16,0)(16,3)(0,3)
Polygon:
(0,0)(11,0)(11,15)(0,15)
Polygon:
(0,0)(8,0)(8,6)(0,6)
Polygon:
(0,0)(4,0)(4,3)(0,3)
Polygon:
(0,0)(1,0)(1,3)(0,3)
Polygon:
(0,0)(6,0)(6,14)(0,14)
Polygon:
(0,0)(12,0)(12,18)(0,18)
Polygon:
(0,0)(18,0)(18,7)(0,7)
Polygon:
(0,0)(8,0)(8,2)(0,2)
Polygon:
(0,0)(4,0)(4,2)(0,2)
Polygon:
(0,0)(8,0)(8,11)(2,11)(2,16)(0,16)
Polygon:
(0,0)(9,0)(9,7)(0,7)
Polygon:
(0,0)(13,0)(13,6)(8,6)(8,19)(0,19)
Polygon:
(0,0)(13,0)(13,1)(0,1)
Polygon:
(0,0)(12,0)(12,3)(0,3)
Polygon:
(0,0)(23,0)(23,6)(7,6)(7,9)(0,9)
Polygon:
(0,0)(15,0)(15,11)(0,11)
Polygon:
(0,0)(4,0)(4,13)(0,13)
Polygon:
(0,0)(25,0)(25,14)(8,14)(8,28)(0,28)
Polygon:
(0,0)(19,0)(19,1)(1,1)(1,18)(0,18)
Polygon:
(0,0)(2,0)(2,15)(0,15)
Polygon:
(0,0)(27,0)(27,4)(15,4)(15,19)(0,19)
Polygon:
(0,0)(20,0)(20,8)(9,8)(9,23)(0,23)
Polygon:
(0,0)(13,0)(13,12)(0,12)
Polygon:
(0,0)(12,0)(12,4)(0,4)
Polygon:
(0,0)(8,0)(8,12)(0,12)
Polygon:
(0,0)(34,0)(34,9)(25,9)(25,4)(10,4)(10,15)(0,15)
Polygon:
(0,0)(13,0)(13,7)(0,7)
Polygon:
(0,0)(13,0)(13,4)(1,4)(1,11)(0,11)
Polygon:
(0,0)(15,0)(15,28)(4,28)(4,12)(2,12)(2,17)(0,17)
Polygon:
(0,0)(10,0)(10,13)(0,13)
Polygon:
(0,0)(27,0)(27,7)(13,7)(13,22)(0,22)
Polygon:
(0,0)(14,0)(14,12)(0,12)
Polygon:
(0,0)(26,0)(26,2)(8,2)(8,8)(0,8)
Polygon:
(0,0)(16,0)(16,12)(0,12)
Polygon:
(0,0)(29,0)(29,5)(15,5)(15,12)(0,12)
Polygon:
(0,0)(16,0)(16,13)(0,13)
Polygon:
(0,0)(13,0)(13,8)(3,8)(3,23)(0,23)
Polygon:
(0,0)(7,0)(7,2)(0,2)
Polygon:
(0,0)(10,0)(10,8)(0,8)
Polygon:
(0,0)(17,0)(17,5)(0,5)
Polygon:
(0,0)(5,0)(5,14)(0,14)
Polygon:
(0,0)(15,0)(15,7)(6,7)(6,22)(0,22)
Polygon:
(0,0)(10,0)(10,5)(0,5)
Polygon:
(0,0)(4,0)(4,8)(0,8)
Polygon:
(0,0)(28,0)(28,6)(18,6)(18,18)(0,18)
Polygon:
(0,0)(9,0)(9,7)(0,7)
Polygon:
(0,0)(6,0)(6,15)(0,15)
Polygon:
(0,0)(14,0)(14,12)(5,12)(5,24)(0,24)
Polygon:
(0,0)(11,0)(11,12)(4,12)(4,23)(0,23)
Polygon:
(0,0)(1,0)(1,4)(0,4)
Polygon:
(0,0)(8,0)(8,4)(0,4)
Polygon:
(0,0)(3,0)(3,17)(0,17)
Polygon:
(0,0)(17,0)(17,13)(0,13)
Polygon:
(0,0)(27,0)(27,13)(10,13)(10,19)(0,19)
Polygon:
(0,0)(8,0)(8,16)(0,16)
Polygon:
(0,0)(2,0)(2,11)(0,11)
Polygon:
(0,0)(12,0)(12,15)(5,15)(5,30)(0,30)
Polygon:
(0,0)(8,0)(8,5)(5,5)(5,19)(0,19)
Polygon:
(0,0)(27,0)(27,13)(10,13)(10,15)(0,15)
Polygon:
(0,0)(37,0)(37,7)(22,7)(22,1)(12,1)(12,6)(0,6)
Polygon:
(0,0)(2,0)(2,9)(0,9)
Polygon:
(0,0)(20,0)(20,5)(13,5)(13,19)(0,19)
Polygon:
(0,0)(44,0)(44,9)(28,9)(28,6)(14,6)(14,15)(0,15)
Polygon:
(0,0)(16,0)(16,15)(14,15)(14,13)(6,13)(6,14)(0,14)
Polygon:
(0,0)(14,0)(14,17)(0,17)
Polygon:
(0,0)(14,0)(14,17)(0,17)
Polygon:
(0,0)(13,0)(13,14)(0,14)
Polygon:
(0,0)(6,0)(6,2)(0,2)
Polygon:
(0,0)(24,0)(24,9)(8,9)(8,14)(0,14)
Polygon:
(0,0)(2,0)(2,8)(0,8)
Polygon:
(0,0)(5,0)(5,2)(0,2)
Polygon:
(0,0)(17,0)(17,15)(0,15)
Polygon:
(0,0)(14,0)(14,6)(2,6)(2,17)(0,17)
Polygon:
(0,0)(27,0)(27,4)(16,4)(16,22)(0,22)
Polygon:
(0,0)(4,0)(4,9)(0,9)
Polygon:
(0,0)(8,0)(8,6)(0,6)
Polygon:
(0,0)(12,0)(12,4)(2,4)(2,19)(0,19)
Polygon:
(0,0)(4,0)(4,3)(0,3)
Polygon:
(0,0)(40,0)(40,28)(30,28)(30,14)(17,14)(17,18)(0,18)
Polygon:
(0,0)(33,0)(33,14)(25,14)(25,3)(10,3)(10,7)(0,7)
Polygon:
(0,0)(13,0)(13,1)(0,1)
Polygon:
(0,0)(36,0)(36,19)(27,19)(27,2)(17,2)(17,15)(0,15)
Polygon:
(0,0)(4,0)(4,13)(0,13)
Polygon:
(0,0)(15,0)(15,10)(0,10)
Polygon:
(0,0)(13,0)(13,16)(8,16)(8,19)(0,19)
Polygon:
(0,0)(29,0)(29,11)(11,11)(11,21)(0,21)
Polygon:
(0,0)(1,0)(1,1)(0,1)
Polygon:
(0,0)(17,0)(17,8)(0,8)
Polygon:
(0,0)(8,0)(8,1)(0,1)
Polygon:
(0,0)(16,0)(16,14)(0,14)
Polygon:
(0,0)(33,0)(33,5)(16,5)(16,16)(0,16)
Polygon:
(0,0)(5,0)(5,8)(0,8)
Polygon:
(0,0)(1,0)(1,12)(0,12)
Polygon:
(0,0)(5,0)(5,15)(0,15)
Polygon:
(0,0)(7,0)(7,14)(2,14)(2,2)(1,2)(1,5)(0,5)
Polygon:
(0,0)(20,0)(20,16)(12,16)(12,31)(0,31)
Polygon:
(0,0)(11,0)(11,11)(0,11)
Polygon:
(0,0)(5,0)(5,8)(0,8)
Polygon:
(0,0)(3,0)(3,5)(0,5)
Polygon:
(0,0)(25,0)(25,1)(8,1)(8,5)(0,5)
Polygon:
(0,0)(18,0)(18,17)(0,17)
Polygon:
(0,0)(12,0)(12,10)(0,10)
Polygon:
(0,0)(15,0)(15,10)(0,10)
Polygon:
(0,0)(2,0)(2,10)(0,10)
Polygon:
(0,0)(17,0)(17,1)(16,1)(16,13)(0,13)
Polygon:
(0,0)(15,0)(15,9)(0,9)
Polygon:
(0,0)(22,0)(22,10)(15,10)(15,12)(0,12)
Polygon:
(0,0)(7,0)(7,7)(0,7)
Polygon:
(0,0)(11,0)(11,4)(7,4)(7,13)(0,13)
Polygon:
(0,0)(6,0)(6,14)(1,14)(1,22)(0,22)
Polygon:
(0,0)(15,0)(15,3)(1,3)(1,5)(0,5)
Polygon:
(0,0)(11,0)(11,7)(4,7)(4,13)(0,13)
Polygon:
(0,0)(18,0)(18,11)(5,11)(5,13)(0,13)
Polygon:
(0,0)(18,0)(18,4)(0,4)
Polygon:
(0,0)(19,0)(19,3)(5,3)(5,4)(0,4)
Polygon:
(0,0)(7,0)(7,10)(4,10)(4,13)(0,13)
Polygon:
(0,0)(14,0)(14,18)(0,18)
Polygon:
(0,0)(12,0)(12,17)(0,17)
Polygon:
(0,0)(16,0)(16,6)(5,6)(5,17)(0,17)
Polygon:
(0,0)(17,0)(17,12)(5,12)(5,21)(0,21)
Polygon:
(0,0)(1,0)(1,16)(0,16)
Polygon:
(0,0)(7,0)(7,15)(4,15)(4,5)(2,5)(2,11)(0,11)
Polygon:
(0,0)(24,0)(24,10)(15,10)(15,21)(0,21)
Polygon:
(0,0)(25,0)(25,24)(20,24)(20,6)(10,6)(10,8)(0,8)
Polygon:
(0,0)(8,0)(8,18)(0,18)
Polygon:
(0,0)(7,0)(7,18)(0,18)
Polygon:
(0,0)(5,0)(5,12)(0,12)
Polygon:
(0,0)(36,0)(36,2)(18,2)(18,14)(0,14)
Polygon:
(0,0)(6,0)(6,18)(0,18)
Polygon:
(0,0)(30,0)(30,12)(13,12)(13,14)(0,14)
Polygon:
(0,0)(17,0)(17,17)(0,17)
Polygon:
(0,0)(15,0)(15,9)(11,9)(11,20)(0,20)
Polygon:
(0,0)(21,0)(21,12)(8,12)(8,22)(0,22)
Polygon:
(0,0)(8,0)(8,5)(7,5)(7,23)(0,23)
Polygon:
(0,0)(18,0)(18,18)(0,18)
Polygon:
(0,0)(16,0)(16,3)(5,3)(5,5)(0,5)
Polygon:
(0,0)(9,0)(9,7)(0,7)
Polygon:
(0,0)(13,0)(13,14)(0,14)
Polygon:
(0,0)(30,0)(30,11)(16,11)(16,17)(0,17)
Polygon:
(0,0)(23,0)(23,4)(14,4)(14,8)(0,8)
Polygon:
(0,0)(24,0)(24,3)(15,3)(15,7)(0,7)
Polygon:
(0,0)(11,0)(11,11)(4,11)(4,22)(0,22)
Polygon:
(0,0)(33,0)(33,6)(17,6)(17,4)(12,4)(12,13)(0,13)
Polygon:
(0,0)(17,0)(17,13)(0,13)
Polygon:
(0,0)(5,0)(5,14)(0,14)
Polygon:
(0,0)(34,0)(34,11)(16,11)(16,4)(4,4)(4,6)(0,6)
Polygon:
(0,0)(17,0)(17,17)(0,17)
Polygon:
(0,0)(12,0)(12,5)(0,5)
Polygon:
(0,0)(24,0)(24,29)(12,29)(12,15)(1,15)(1,17)(0,17)
Polygon:
(0,0)(49,0)(49,16)(32,16)(32,4)(14,4)(14,10)(0,10)
Polygon:
(0,0)(16,0)(16,8)(0,8)
Polygon:
(0,0)(31,0)(31,13)(19,13)(19,3)(5,3)(5,10)(0,10)
Polygon:
(0,0)(16,0)(16,2)(5,2)(5,15)(0,15)
Polygon:
(0,0)(6,0)(6,15)(0,15)
Polygon:
(0,0)(21,0)(21,18)(6,18)(6,36)(0,36)
Polygon:
(0,0)(11,0)(11,13)(0,13)
Polygon:
(0,0)(32,0)(32,2)(25,2)(25,1)(16,1)(16,7)(0,7)
Polygon:
(0,0)(10,0)(10,8)(6,8)(6,14)(0,14)
Polygon:
(0,0)(14,0)(14,17)(0,17)
Polygon:
(0,0)(16,0)(16,14)(0,14)
Polygon:
(0,0)(14,0)(14,17)(0,17)
Polygon:
(0,0)(6,0)(6,5)(0,5)
Polygon:
(0,0)(26,0)(26,11)(18,11)(18,23)(0,23)
Polygon:
(0,0)(8,0)(8,7)(0,7)
Polygon:
(0,0)(11,0)(11,6)(0,6)
Polygon:
(0,0)(1,0)(1,6)(0,6)
Polygon:
(0,0)(12,0)(12,1)(0,1)
Polygon:
(0,0)(7,0)(7,9)(0,9)
Polygon:
(0,0)(9,0)(9,1)(4,1)(4,16)(0,16)
Polygon:
(0,0)(15,0)(15,2)(0,2)
Polygon:
(0,0)(33,0)(33,3)(18,3)(18,18)(0,18)
Polygon:
(0,0)(32,0)(32,12)(16,12)(16,20)(0,20)
Polygon:
(0,0)(18,0)(18,7)(0,7)
Polygon:
(0,0)(11,0)(11,2)(0,2)
Polygon:
(0,0)(11,0)(11,15)(0,15)
Polygon:
(0,0)(5,0)(5,18)(0,18)
Polygon:
(0,0)(19,0)(19,4)(3,4)(3,15)(0,15)
Polygon:
(0,0)(4,0)(4,3)(0,3)
Polygon:
(0,0)(9,0)(9,4)(0,4)
Polygon:
(0,0)(15,0)(15,9)(0,9)
Polygon:
(0,0)(25,0)(25,2)(10,2)(10,5)(0,5)
Polygon:
(0,0)(24,0)(24,17)(16,17)(16,21)(0,21)
Polygon:
(0,0)(28,0)(28,7)(16,7)(16,4)(2,4)(2,16)(0,16)
Polygon:
(0,0)(20,0)(20,10)(6,10)(6,27)(0,27)
Polygon:
(0,0)(18,0)(18,12)(0,12)
Polygon:
(0,0)(12,0)(12,5)(6,5)(6,9)(0,9)
Polygon:
(0,0)(4,0)(4,18)(0,18)
Polygon:
(0,0)(13,0)(13,9)(0,9)
Polygon:
(0,0)(25,0)(25,16)(11,16)(11,19)(0,19)
Polygon:
(0,0)(7,0)(7,13)(0,13)
Polygon:
(0,0)(19,0)(19,18)(13,18)(13,5)(4,5)(4,13)(0,13)
Polygon:
(0,0)(34,0)(34,4)(31,4)(31,1)(16,1)(16,10)(0,10)
Polygon:
(0,0)(17,0)(17,8)(0,8)
Polygon:
(0,0)(1,0)(1,10)(0,10)
Polygon:
(0,0)(7,0)(7,6)(0,6)
Polygon:
(0,0)(4,0)(4,12)(0,12)
Polygon:
(0,0)(25,0)(25,14)(9,14)(9,31)(0,31)
Polygon:
(0,0)(9,0)(9,14)(0,14)
Polygon:
(0,0)(7,0)(7,11)(0,11)
Polygon:
(0,0)(5,0)(5,8)(0,8)
Polygon:
(0,0)(43,0)(43,30)(32,30)(32,13)(15,13)(15,14)(0,14)
Polygon:
(0,0)(32,0)(32,21)(18,21)(18,14)(8,14)(8,15)(0,15)
Polygon:
(0,0)(41,0)(41,22)(25,22)(25,6)(17,6)(17,15)(0,15)
Polygon:
(0,0)(28,0)(28,23)(21,23)(21,17)(6,17)(6,18)(0,18)
Polygon:
(0,0)(2,0)(2,10)(0,10)
Polygon:
(0,0)(30,0)(30,14)(13,14)(13,28)(0,28)
Polygon:
(0,0)(1,0)(1,7)(0,7)
Polygon:
(0,0)(4,0)(4,8)(0,8)
Polygon:
(0,0)(6,0)(6,9)(0,9)
Polygon:
(0,0)(6,0)(6,18)(2,18)(2,22)(0,22)
Polygon:
(0,0)(13,0)(13,10)(0,10)
Polygon:
(0,0)(8,0)(8,11)(0,11)
Polygon:
(0,0)(5,0)(5,10)(1,10)(1,26)(0,26)
Polygon:
(0,0)(17,0)(17,14)(6,14)(6,31)(0,31)
Polygon:
(0,0)(21,0)(21,16)(16,16)(16,30)(0,30)
Polygon:
(0,0)(10,0)(10,9)(0,9)
Polygon:
(0,0)(12,0)(12,7)(0,7)
Polygon:
(0,0)(12,0)(12,3)(0,3)
Polygon:
(0,0)(25,0)(25,13)(9,13)(9,1)(8,1)(8,9)(0,9)
Polygon:
(0,0)(8,0)(8,16)(5,16)(5,32)(0,32)
Polygon:
(0,0)(34,0)(34,18)(18,18)(18,29)(0,29)
Polygon:
(0,0)(5,0)(5,4)(0,4)
Polygon:
(0,0)(10,0)(10,10)(0,10)
Polygon:
(0,0)(21,0)(21,9)(16,9)(16,1)(12,1)(12,18)(0,18)
Polygon:
(0,0)(4,0)(4,1)(0,1)
Polygon:
(0,0)(3,0)(3,4)(0,4)
Polygon:
(0,0)(12,0)(12,18)(0,18)
Polygon:
(0,0)(36,0)(36,7)(18,7)(18,2)(17,2)(17,18)(0,18)
Polygon:
(0,0)(28,0)(28,13)(20,13)(20,1)(3,1)(3,13)(0,13)
Polygon:
(0,0)(10,0)(10,3)(0,3)
Polygon:
(0,0)(25,0)(25,4)(16,4)(16,16)(0,16)
Polygon:
(0,0)(4,0)(4,4)(0,4)
Polygon:
(0,0)(23,0)(23,8)(6,8)(6,11)(0,11)
Polygon:
(0,0)(10,0)(10,17)(0,17)
Polygon:
(0,0)(9,0)(9,3)(0,3)
Polygon:
(0,0)(11,0)(11,18)(0,18)
Polygon:
(0,0)(19,0)(19,9)(12,9)(12,23)(0,23)
Polygon:
(0,0)(1,0)(1,2)(0,2)
Polygon:
(0,0)(4,0)(4,7)(0,7)
Polygon:
(0,0)(5,0)(5,5)(0,5)
Polygon:
(0,0)(1,0)(1,2)(0,2)
Polygon:
(0,0)(38,0)(38,20)(21,20)(21,16)(5,16)(5,17)(0,17)
Polygon:
(0,0)(20,0)(20,15)(16,15)(16,31)(0,31)
Polygon:
(0,0)(6,0)(6,5)(0,5)
Polygon:
(0,0)(17,0)(17,11)(0,11)
Polygon:
(0,0)(12,0)(12,3)(0,3)
Polygon:
(0,0)(23,0)(23,20)(18,20)(18,3)(12,3)(12,18)(0,18)
Polygon:
(0,0)(5,0)(5,8)(3,8)(3,19)(0,19)
Polygon:
(0,0)(16,0)(16,17)(0,17)
Polygon:
(0,0)(16,0)(16,1)(0,1)
Polygon:
(0,0)(9,0)(9,13)(0,13)
Polygon:
(0,0)(12,0)(12,4)(6,4)(6,21)(0,21)
Polygon:
(0,0)(12,0)(12,17)(0,17)
Polygon:
(0,0)(2,0)(2,4)(0,4)
Polygon:
(0,0)(3,0)(3,17)(0,17)
Polygon:
(0,0)(30,0)(30,19)(26,19)(26,7)(18,7)(18,11)(0,11)
Polygon:
(0,0)(3,0)(3,17)(0,17)
Polygon:
(0,0)(35,0)(35,15)(33,15)(33,9)(16,9)(16,18)(0,18)
Polygon:
(0,0)(31,0)(31,18)(20,18)(20,5)(14,5)(14,7)(0,7)
Polygon:
(0,0)(14,0)(14,10)(0,10)
Polygon:
(0,0)(11,0)(11,16)(0,16)
Polygon:
(0,0)(8,0)(8,14)(0,14)
Polygon:
(0,0)(13,0)(13,13)(0,13)
Polygon:
(0,0)(15,0)(15,11)(0,11)
Polygon:
(0,0)(13,0)(13,8)(0,8)
Polygon:
(0,0)(8,0)(8,12)(6,12)(6,13)(0,13)
Polygon:
(0,0)(13,0)(13,14)(0,14)
Polygon:
(0,0)(4,0)(4,9)(0,9)
Polygon:
(0,0)(18,0)(18,1)(0,1)
Polygon:
(0,0)(7,0)(7,15)(0,15)
Polygon:
(0,0)(5,0)(5,14)(0,14)
Polygon:
(0,0)(11,0)(11,16)(0,16)
Polygon:
(0,0)(11,0)(11,18)(0,18)
Polygon:
(0,0)(12,0)(12,18)(0,18)
Polygon:
(0,0)(8,0)(8,4)(0,4)
Polygon:
(0,0)(17,0)(17,2)(0,2)
Polygon:
(0,0)(18,0)(18,18)(0,18)
Polygon:
(0,0)(18,0)(18,17)(0,17)
Polygon:
(0,0)(15,0)(15,11)(0,11)
Polygon:
(0,0)(29,0)(29,12)(16,12)(16,15)(0,15)
Polygon:
(0,0)(2,0)(2,15)(0,15)
Polygon:
(0,0)(11,0)(11,15)(0,15)
Polygon:
(0,0)(8,0)(8,10)(0,10)
Polygon:
(0,0)(22,0)(22,7)(8,7)(8,5)(7,5)(7,21)(0,21)
Polygon:
(0,0)(4,0)(4,10)(0,10)
Polygon:
(0,0)(12,0)(12,10)(0,10)
Polygon:
(0,0)(14,0)(14,4)(0,4)
Polygon:
(0,0)(11,0)(11,10)(0,10)
Polygon:
(0,0)(18,0)(18,2)(0,2)
Polygon:
(0,0)(11,0)(11,5)(0,5)
Polygon:
(0,0)(1,0)(1,11)(0,11)
Polygon:
(0,0)(34,0)(34,25)(18,25)(18,8)(5,8)(5,9)(0,9)
Polygon:
(0,0)(12,0)(12,14)(0,14)
Polygon:
(0,0)(3,0)(3,11)(0,11)
Polygon:
(0,0)(5,0)(5,17)(0,17)
Polygon:
(0,0)(9,0)(9,7)(0,7)
Polygon:
(0,0)(2,0)(2,6)(0,6)
Polygon:
(0,0)(28,0)(28,7)(11,7)(11,22)(0,22)
Polygon:
(0,0)(14,0)(14,1)(0,1)
Polygon:
(0,0)(3,0)(3,2)(0,2)
Polygon:
(0,0)(33,0)(33,1)(17,1)(17,7)(0,7)
Polygon:
(0,0)(34,0)(34,7)(17,7)(17,23)(0,23)
Polygon:
(0,0)(4,0)(4,10)(0,10)
Polygon:
(0,0)(3,0)(3,16)(0,16)
Polygon:
(0,0)(9,0)(9,2)(0,2)
Polygon:
(0,0)(12,0)(12,13)(9,13)(9,26)(0,26)
Polygon:
(0,0)(13,0)(13,9)(0,9)
Polygon:
(0,0)(33,0)(33,16)(20,16)(20,1)(10,1)(10,10)(0,10)
Polygon:
(0,0)(16,0)(16,6)(9,6)(9,21)(0,21)
Polygon:
(0,0)(1,0)(1,2)(0,2)
Polygon:
(0,0)(25,0)(25,1)(14,1)(14,17)(0,17)
Polygon:
(0,0)(12,0)(12,11)(0,11)
Polygon:
(0,0)(29,0)(29,17)(16,17)(16,2)(13,2)(13,14)(0,14)
Polygon:
(0,0)(31,0)(31,18)(15,18)(15,20)(0,20)
Polygon:
(0,0)(3,0)(3,9)(0,9)
Polygon:
(0,0)(1,0)(1,3)(0,3)
Polygon:
(0,0)(31,0)(31,6)(13,6)(13,15)(0,15)
Polygon:
(0,0)(4,0)(4,2)(0,2)
Polygon:
(0,0)(15,0)(15,8)(0,8)
Polygon:
(0,0)(13,0)(13,13)(0,13)
Polygon:
(0,0)(5,0)(5,18)(0,18)
Polygon:
(0,0)(19,0)(19,8)(8,8)(8,11)(0,11)
Polygon:
(0,0)(10,0)(10,16)(0,16)
Polygon:
(0,0)(24,0)(24,9)(6,9)(6,27)(0,27)
Polygon:
(0,0)(14,0)(14,16)(0,16)
Polygon:
(0,0)(1,0)(1,6)(0,6)
Polygon:
(0,0)(14,0)(14,11)(0,11)
Polygon:
(0,0)(10,0)(10,12)(0,12)
Polygon:
(0,0)(14,0)(14,10)(0,10)
Polygon:
(0,0)(3,0)(3,15)(0,15)
Polygon:
(0,0)(2,0)(2,2)(0,2)
Polygon:
(0,0)(2,0)(2,1)(0,1)
Polygon:
(0,0)(11,0)(11,8)(8,8)(8,15)(0,15)
Polygon:
(0,0)(11,0)(11,7)(0,7)
Polygon:
(0,0)(8,0)(8,19)(6,19)(6,5)(2,5)(2,15)(0,15)
Polygon:
(0,0)(8,0)(8,3)(0,3)
Polygon:
(0,0)(8,0)(8,18)(0,18)
Polygon:
(0,0)(10,0)(10,10)(0,10)
Polygon:
(0,0)(21,0)(21,3)(12,3)(12,20)(0,20)
Polygon:
(0,0)(9,0)(9,11)(0,11)
Polygon:
(0,0)(10,0)(10,16)(0,16)
Polygon:
(0,0)(11,0)(11,12)(0,12)
Polygon:
(0,0)(4,0)(4,2)(0,2)
Polygon:
(0,0)(18,0)(18,10)(0,10)
Polygon:
(0,0)(4,0)(4,13)(0,13)
Polygon:
(0,0)(32,0)(32,9)(19,9)(19,2)(12,2)(12,4)(0,4)
Polygon:
(0,0)(5,0)(5,7)(0,7)
Polygon:
(0,0)(33,0)(33,3)(15,3)(15,4)(0,4)
Polygon:
(0,0)(29,0)(29,19)(13,19)(13,7)(1,7)(1,15)(0,15)
Polygon:
(0,0)(11,0)(11,12)(0,12)
Polygon:
(0,0)(7,0)(7,12)(0,12)
Polygon:
(0,0)(4,0)(4,13)(0,13)
Polygon:
(0,0)(4,0)(4,14)(0,14)
Polygon:
(0,0)(13,0)(13,10)(0,10)
Polygon:
(0,0)(15,0)(15,11)(0,11)
Polygon:
(0,0)(16,0)(16,17)(0,17)
Polygon:
(0,0)(36,0)(36,9)(26,9)(26,1)(9,1)(9,10)(0,10)
Polygon:
(0,0)(2,0)(2,17)(0,17)
Polygon:
(0,0)(15,0)(15,5)(0,5)
Polygon:
(0,0)(15,0)(15,15)(14,15)(14,16)(0,16)
Polygon:
(0,0)(17,0)(17,9)(7,9)(7,22)(0,22)
Polygon:
(0,0)(8,0)(8,12)(0,12)
Polygon:
(0,0)(5,0)(5,2)(0,2)
Polygon:
(0,0)(29,0)(29,14)(18,14)(18,15)(0,15)
Polygon:
(0,0)(21,0)(21,12)(5,12)(5,20)(0,20)
Polygon:
(0,0)(7,0)(7,8)(0,8)
Polygon:
(0,0)(33,0)(33,6)(15,6)(15,14)(0,14)
Polygon:
(0,0)(12,0)(12,13)(10,13)(10,14)(0,14)
Polygon:
(0,0)(14,0)(14,8)(0,8)
Polygon:
(0,0)(5,0)(5,16)(0,16)
Polygon:
(0,0)(31,0)(31,27)(21,27)(21,10)(13,10)(13,15)(0,15)
Polygon:
(0,0)(30,0)(30,14)(17,14)(17,23)(0,23)
Polygon:
(0,0)(25,0)(25,7)(14,7)(14,15)(0,15)
Polygon:
(0,0)(11,0)(11,11)(0,11)
Polygon:
(0,0)(25,0)(25,10)(7,10)(7,18)(0,18)
Polygon:
(0,0)(17,0)(17,9)(0,9)
Polygon:
(0,0)(10,0)(10,12)(0,12)
Polygon:
(0,0)(10,0)(10,16)(0,16)
Polygon:
(0,0)(5,0)(5,14)(0,14)
Polygon:
(0,0)(4,0)(4,13)(0,13)
Polygon:
(0,0)(10,0)(10,17)(0,17)
Polygon:
(0,0)(14,0)(14,4)(10,4)(10,10)(0,10)
Polygon:
(0,0)(8,0)(8,3)(2,3)(2,14)(0,14)
Polygon:
(0,0)(17,0)(17,15)(0,15)
Polygon:
(0,0)(17,0)(17,7)(15,7)(15,16)(0,16)
Polygon:
(0,0)(14,0)(14,13)(0,13)
Polygon:
(0,0)(17,0)(17,5)(0,5)
Polygon:
(0,0)(10,0)(10,15)(0,15)
Polygon:
(0,0)(10,0)(10,10)(0,10)
Polygon:
(0,0)(4,0)(4,5)(0,5)
Polygon:
(0,0)(6,0)(6,17)(0,17)
Polygon:
(0,0)(5,0)(5,13)(0,13)
Polygon:
(0,0)(8,0)(8,18)(0,18)
Polygon:
(0,0)(4,0)(4,7)(0,7)
Polygon:
(0,0)(11,0)(11,3)(0,3)
Polygon:
(0,0)(9,0)(9,11)(0,11)
Polygon:
(0,0)(17,0)(17,17)(6,17)(6,27)(0,27)
Polygon:
(0,0)(20,0)(20,2)(10,2)(10,9)(0,9)
Polygon:
(0,0)(2,0)(2,3)(0,3)
Polygon:
(0,0)(10,0)(10,14)(0,14)
Polygon:
(0,0)(17,0)(17,16)(0,16)
Polygon:
(0,0)(4,0)(4,2)(0,2)
Polygon:
(0,0)(14,0)(14,6)(0,6)
Polygon:
(0,0)(16,0)(16,11)(0,11)
Polygon:
(0,0)(13,0)(13,16)(12,16)(12,30)(0,30)
Polygon:
(0,0)(31,0)(31,14)(26,14)(26,12)(16,12)(16,14)(0,14)
Polygon:
(0,0)(5,0)(5,5)(0,5)
Polygon:
(0,0)(15,0)(15,10)(0,10)
Polygon:
(0,0)(10,0)(10,8)(7,8)(7,13)(0,13)
Polygon:
(0,0)(5,0)(5,17)(0,17)
Polygon:
(0,0)(17,0)(17,3)(0,3)
Polygon:
(0,0)(2,0)(2,13)(0,13)
Polygon:
(0,0)(3,0)(3,2)(0,2)
Polygon:
(0,0)(33,0)(33,14)(18,14)(18,1)(6,1)(6,6)(0,6)
Polygon:
(0,0)(21,0)(21,18)(3,18)(3,25)(0,25)
Polygon:
(0,0)(18,0)(18,14)(0,14)
Polygon:
(0,0)(3,0)(3,14)(2,14)(2,29)(0,29)
Polygon:
(0,0)(18,0)(18,13)(0,13)
Polygon:
(0,0)(22,0)(22,6)(7,6)(7,9)(0,9)
Polygon:
(0,0)(32,0)(32,18)(25,18)(25,1)(12,1)(12,3)(0,3)
Polygon:
(0,0)(32,0)(32,26)(18,26)(18,17)(13,17)(13,18)(0,18)
Polygon:
(0,0)(6,0)(6,1)(0,1)
Polygon:
(0,0)(4,0)(4,4)(0,4)
Polygon:
(0,0)(9,0)(9,17)(0,17)
Polygon:
(0,0)(2,0)(2,1)(0,1)
Polygon:
(0,0)(13,0)(13,7)(0,7)
Polygon:
(0,0)(7,0)(7,15)(0,15)
Polygon:
(0,0)(23,0)(23,17)(10,17)(10,27)(0,27)
Polygon:
(0,0)(18,0)(18,11)(0,11)
Polygon:
(0,0)(10,0)(10,9)(0,9)
Polygon:
(0,0)(18,0)(18,11)(8,11)(8,23)(0,23)
Polygon:
(0,0)(7,0)(7,16)(0,16)
Polygon:
(0,0)(13,0)(13,10)(0,10)
Polygon:
(0,0)(14,0)(14,10)(0,10)
Polygon:
(0,0)(6,0)(6,9)(0,9)
Polygon:
(0,0)(29,0)(29,12)(11,12)(11,14)(0,14)
Polygon:
(0,0)(39,0)(39,6)(25,6)(25,2)(18,2)(18,14)(0,14)
Polygon:
(0,0)(7,0)(7,7)(0,7)
Polygon:
(0,0)(8,0)(8,7)(0,7)
Polygon:
(0,0)(3,0)(3,14)(0,14)
Polygon:
(0,0)(25,0)(25,15)(14,15)(14,26)(0,26)
Polygon:
(0,0)(16,0)(16,18)(0,18)
Polygon:
(0,0)(13,0)(13,16)(0,16)
Polygon:
(0,0)(8,0)(8,14)(0,14)
Polygon:
(0,0)(27,0)(27,15)(13,15)(13,26)(0,26)
Polygon:
(0,0)(18,0)(18,10)(0,10)
Polygon:
(0,0)(14,0)(14,14)(0,14)
Polygon:
(0,0)(14,0)(14,2)(9,2)(9,5)(0,5)
Polygon:
(0,0)(11,0)(11,15)(4,15)(4,26)(0,26)
Polygon:
(0,0)(24,0)(24,16)(12,16)(12,32)(0,32)
Polygon:
(0,0)(1,0)(1,14)(0,14)
Polygon:
(0,0)(18,0)(18,16)(0,16)
Polygon:
(0,0)(28,0)(28,11)(14,11)(14,20)(0,20)
Polygon:
(0,0)(7,0)(7,16)(2,16)(2,27)(0,27)
Polygon:
(0,0)(33,0)(33,22)(27,22)(27,10)(15,10)(15,16)(0,16)
Polygon:
(0,0)(7,0)(7,2)(0,2)
Polygon:
(0,0)(13,0)(13,14)(0,14)
Polygon:
(0,0)(23,0)(23,4)(11,4)(11,14)(0,14)
Polygon:
(0,0)(6,0)(6,2)(0,2)
Polygon:
(0,0)(14,0)(14,14)(0,14)
Polygon:
(0,0)(3,0)(3,10)(0,10)
Polygon:
(0,0)(21,0)(21,16)(6,16)(6,30)(0,30)
Polygon:
(0,0)(5,0)(5,1)(0,1)
Polygon:
(0,0)(7,0)(7,12)(4,12)(4,26)(0,26)
Polygon:
(0,0)(12,0)(12,4)(2,4)(2,7)(0,7)
Polygon:
(0,0)(33,0)(33,7)(17,7)(17,19)(0,19)
Polygon:
(0,0)(13,0)(13,14)(9,14)(9,24)(0,24)
Polygon:
(0,0)(5,0)(5,4)(0,4)
Polygon:
(0,0)(21,0)(21,4)(11,4)(11,7)(0,7)
Polygon:
(0,0)(17,0)(17,12)(0,12)
Polygon:
(0,0)(27,0)(27,9)(18,9)(18,1)(9,1)(9,11)(0,11)
Polygon:
(0,0)(15,0)(15,4)(12,4)(12,5)(0,5)
Polygon:
(0,0)(4,0)(4,2)(3,2)(3,11)(0,11)
Polygon:
(0,0)(19,0)(19,24)(13,24)(13,12)(12,12)(12,17)(0,17)
Polygon:
(0,0)(5,0)(5,18)(0,18)
Polygon:
(0,0)(5,0)(5,10)(0,10)
Polygon:
(0,0)(28,0)(28,10)(13,10)(13,2)(8,2)(8,9)(0,9)
Polygon:
(0,0)(18,0)(18,9)(9,9)(9,11)(0,11)
Polygon:
(0,0)(10,0)(10,8)(4,8)(4,16)(0,16)
Polygon:
(0,0)(2,0)(2,15)(0,15)
Polygon:
(0,0)(1,0)(1,2)(0,2)
Polygon:
(0,0)(20,0)(20,3)(10,3)(10,14)(0,14)
Polygon:
(0,0)(6,0)(6,9)(2,9)(2,24)(0,24)
Polygon:
(0,0)(3,0)(3,4)(0,4)
Polygon:
(0,0)(17,0)(17,16)(15,16)(15,29)(0,29)
Polygon:
(0,0)(6,0)(6,8)(0,8)
Polygon:
(0,0)(6,0)(6,14)(0,14)
Polygon:
(0,0)(13,0)(13,17)(0,17)
Polygon:
(0,0)(19,0)(19,8)(3,8)(3,15)(0,15)
Polygon:
(0,0)(3,0)(3,3)(0,3)
Polygon:
(0,0)(11,0)(11,3)(0,3)
Polygon:
(0,0)(7,0)(7,2)(0,2)
Polygon:
(0,0)(19,0)(19,10)(12,10)(12,12)(0,12)
Polygon:
(0,0)(30,0)(30,7)(16,7)(16,19)(0,19)
Polygon:
(0,0)(12,0)(12,9)(0,9)
Polygon:
(0,0)(16,0)(16,17)(0,17)
Polygon:
(0,0)(10,0)(10,9)(0,9)
Polygon:
(0,0)(17,0)(17,16)(0,16)
Polygon:
(0,0)(10,0)(10,7)(0,7)
Polygon:
(0,0)(8,0)(8,8)(0,8)
Polygon:
(0,0)(7,0)(7,16)(0,16)
Polygon:
(0,0)(14,0)(14,16)(0,16)
Polygon:
(0,0)(15,0)(15,5)(0,5)
Polygon:
(0,0)(8,0)(8,1)(0,1)
Polygon:
(0,0)(12,0)(12,17)(0,17)
Polygon:
(0,0)(7,0)(7,10)(0,10)
Polygon:
(0,0)(43,0)(43,16)(25,16)(25,6)(13,6)(13,10)(0,10)
Polygon:
(0,0)(26,0)(26,5)(17,5)(17,12)(0,12)
Polygon:
(0,0)(19,0)(19,19)(8,19)(8,13)(3,13)(3,15)(0,15)
Polygon:
(0,0)(3,0)(3,2)(0,2)
Polygon:
(0,0)(6,0)(6,2)(0,2)
Polygon:
(0,0)(9,0)(9,16)(0,16)
Polygon:
(0,0)(12,0)(12,18)(4,18)(4,19)(0,19)
Polygon:
(0,0)(1,0)(1,3)(0,3)
Polygon:
(0,0)(13,0)(13,10)(10,10)(10,25)(0,25)
Polygon:
(0,0)(9,0)(9,2)(0,2)
Polygon:
(0,0)(4,0)(4,17)(0,17)
Polygon:
(0,0)(19,0)(19,2)(13,2)(13,4)(0,4)
Polygon:
(0,0)(29,0)(29,16)(14,16)(14,7)(10,7)(10,12)(0,12)
Polygon:
(0,0)(15,0)(15,13)(8,13)(8,28)(0,28)
Polygon:
(0,0)(9,0)(9,17)(0,17)
Polygon:
(0,0)(15,0)(15,11)(0,11)
Polygon:
(0,0)(10,0)(10,4)(0,4)
Polygon:
(0,0)(13,0)(13,16)(0,16)
Polygon:
(0,0)(15,0)(15,2)(0,2)
Polygon:
(0,0)(13,0)(13,9)(4,9)(4,13)(0,13)
Polygon:
(0,0)(20,0)(20,2)(16,2)(16,14)(0,14)
Polygon:
(0,0)(6,0)(6,10)(0,10)
Polygon:
(0,0)(10,0)(10,2)(0,2)
Polygon:
(0,0)(14,0)(14,16)(0,16)
Polygon:
(0,0)(16,0)(16,3)(13,3)(13,5)(0,5)
Polygon:
(0,0)(10,0)(10,11)(0,11)
Polygon:
(0,0)(16,0)(16,2)(7,2)(7,14)(0,14)
Polygon:
(0,0)(7,0)(7,6)(0,6)
Polygon:
(0,0)(7,0)(7,10)(0,10)
Polygon:
(0,0)(17,0)(17,2)(0,2)
Polygon:
(0,0)(13,0)(13,2)(0,2)
Polygon:
(0,0)(17,0)(17,5)(0,5)
Polygon:
(0,0)(11,0)(11,9)(9,9)(9,25)(0,25)
Polygon:
(0,0)(4,0)(4,8)(0,8)
Polygon:
(0,0)(35,0)(35,10)(17,10)(17,24)(0,24)
Polygon:
(0,0)(15,0)(15,16)(0,16)
Polygon:
(0,0)(31,0)(31,10)(17,10)(17,20)(0,20)
Polygon:
(0,0)(14,0)(14,12)(7,12)(7,1)(6,1)(6,11)(0,11)
Polygon:
(0,0)(12,0)(12,5)(0,5)
Polygon:
(0,0)(35,0)(35,4)(18,4)(18,20)(0,20)
Polygon:
(0,0)(13,0)(13,8)(9,8)(9,10)(0,10)
Polygon:
(0,0)(14,0)(14,14)(0,14)
Polygon:
(0,0)(15,0)(15,2)(0,2)
Polygon:
(0,0)(3,0)(3,16)(2,16)(2,23)(0,23)
Polygon:
(0,0)(6,0)(6,11)(0,11)
