Polygon:
(0,0)(36,0)(36,8)(25,8)(25,22)(18,22)(18,4)(0,4)
Polygon:
(0,0)(22,0)(22,14)(13,14)(13,17)(12,17)(12,12)(0,12)
Polygon:
(0,0)(6,0)(6,9)(4,9)(4,12)(3,12)(3,5)(0,5)
Polygon:
(0,0)(26,0)(26,4)(24,4)(24,22)(11,22)(11,10)(0,10)
Polygon:
(0,0)(18,0)(18,21)(15,21)(15,27)(4,27)(4,15)(0,15)
Polygon:
(0,0)(21,0)(21,7)(19,7)(19,11)(8,11)(8,3)(0,3)
Polygon:
(0,0)(30,0)(30,3)(13,3)(13,21)(6,21)(6,4)(0,4)
Polygon:
(0,0)(37,0)(37,19)(28,19)(28,22)(13,22)(13,11)(0,11)
Polygon:
(0,0)(27,0)(27,14)(12,14)(12,19)(4,19)(4,17)(0,17)
Polygon:
(0,0)(34,0)(34,17)(32,17)(32,19)(15,19)(15,3)(0,3)
Polygon:
(0,0)(33,0)(33,16)(30,16)(30,25)(18,25)(18,7)(0,7)
Polygon:
(0,0)(29,0)(29,16)(12,16)(12,23)(5,23)(5,18)(0,18)
Polygon:
(0,0)(25,0)(25,12)(14,12)(14,25)(11,25)(11,18)(0,18)
Polygon:
(0,0)(31,0)(31,22)(15,22)(15,27)(5,27)(5,11)(0,11)
Polygon:
(0,0)(23,0)(23,3)(22,3)(22,8)(13,8)(13,7)(0,7)
Polygon:
(0,0)(19,0)(19,23)(11,23)(11,31)(10,31)(10,17)(0,17)
Polygon:
(0,0)(24,0)(24,7)(21,7)(21,16)(12,16)(12,3)(0,3)
Polygon:
(0,0)(36,0)(36,11)(21,11)(21,17)(10,17)(10,12)(0,12)
Polygon:
(0,0)(32,0)(32,13)(27,13)(27,15)(9,15)(9,3)(0,3)
Polygon:
(0,0)(14,0)(14,12)(12,12)(12,17)(5,17)(5,7)(0,7)
Polygon:
(0,0)(34,0)(34,9)(18,9)(18,20)(6,20)(6,5)(0,5)
Polygon:
(0,0)(37,0)(37,14)(33,14)(33,15)(16,15)(16,1)(0,1)
Polygon:
(0,0)(23,0)(23,11)(21,11)(21,26)(7,26)(7,18)(0,18)
Polygon:
(0,0)(32,0)(32,8)(18,8)(18,18)(1,18)(1,9)(0,9)
Polygon:
(0,0)(35,0)(35,1)(32,1)(32,12)(16,12)(16,11)(0,11)
Polygon:
(0,0)(36,0)(36,9)(34,9)(34,24)(17,24)(17,16)(0,16)
Polygon:
(0,0)(36,0)(36,2)(28,2)(28,18)(11,18)(11,12)(0,12)
Polygon:
(0,0)(34,0)(34,9)(23,9)(23,11)(10,11)(10,4)(0,4)
Polygon:
(0,0)(24,0)(24,14)(19,14)(19,28)(15,28)(15,12)(0,12)
Polygon:
(0,0)(41,0)(41,9)(23,9)(23,13)(9,13)(9,4)(0,4)
Polygon:
(0,0)(38,0)(38,1)(32,1)(32,14)(14,14)(14,10)(0,10)
Polygon:
(0,0)(28,0)(28,5)(14,5)(14,15)(6,15)(6,1)(0,1)
Polygon:
(0,0)(16,0)(16,14)(7,14)(7,24)(1,24)(1,11)(0,11)
Polygon:
(0,0)(33,0)(33,8)(29,8)(29,9)(11,9)(11,5)(0,5)
Polygon:
(0,0)(39,0)(39,8)(26,8)(26,16)(15,16)(15,3)(0,3)
Polygon:
(0,0)(43,0)(43,8)(26,8)(26,14)(11,14)(11,5)(0,5)
Polygon:
(0,0)(30,0)(30,18)(18,18)(18,24)(2,24)(2,8)(0,8)
Polygon:
(0,0)(31,0)(31,7)(22,7)(22,10)(4,10)(4,7)(0,7)
Polygon:
(0,0)(21,0)(21,12)(18,12)(18,18)(7,18)(7,4)(0,4)
Polygon:
(0,0)(30,0)(30,11)(17,11)(17,21)(3,21)(3,14)(0,14)
Polygon:
(0,0)(27,0)(27,12)(14,12)(14,20)(12,20)(12,5)(0,5)
Polygon:
(0,0)(38,0)(38,10)(20,10)(20,16)(16,16)(16,6)(0,6)
Polygon:
(0,0)(29,0)(29,20)(13,20)(13,23)(9,23)(9,5)(0,5)
Polygon:
(0,0)(34,0)(34,16)(29,16)(29,20)(15,20)(15,12)(0,12)
Polygon:
(0,0)(22,0)(22,13)(10,13)(10,17)(2,17)(2,4)(0,4)
Polygon:
(0,0)(31,0)(31,12)(17,12)(17,14)(2,14)(2,3)(0,3)
Polygon:
(0,0)(17,0)(17,2)(16,2)(16,19)(13,19)(13,9)(0,9)
Polygon:
(0,0)(35,0)(35,25)(30,25)(30,33)(16,33)(16,18)(0,18)
Polygon:
(0,0)(23,0)(23,24)(6,24)(6,30)(5,30)(5,12)(0,12)
Polygon:
(0,0)(29,0)(29,17)(15,17)(15,26)(13,26)(13,14)(0,14)
Polygon:
(0,0)(25,0)(25,7)(17,7)(17,13)(6,13)(6,10)(0,10)
Polygon:
(0,0)(42,0)(42,9)(24,9)(24,25)(7,25)(7,15)(0,15)
Polygon:
(0,0)(35,0)(35,16)(20,16)(20,18)(11,18)(11,11)(0,11)
Polygon:
(0,0)(15,0)(15,6)(6,6)(6,14)(5,14)(5,6)(0,6)
Polygon:
(0,0)(32,0)(32,7)(25,7)(25,21)(14,21)(14,15)(0,15)
Polygon:
(0,0)(22,0)(22,10)(16,10)(16,18)(12,18)(12,6)(0,6)
Polygon:
(0,0)(37,0)(37,6)(25,6)(25,23)(10,23)(10,18)(0,18)
Polygon:
(0,0)(15,0)(15,3)(7,3)(7,18)(1,18)(1,16)(0,16)
Polygon:
(0,0)(38,0)(38,14)(29,14)(29,26)(15,26)(15,11)(0,11)
Polygon:
(0,0)(23,0)(23,2)(10,2)(10,3)(9,3)(9,1)(0,1)
Polygon:
(0,0)(46,0)(46,3)(29,3)(29,6)(18,6)(18,1)(0,1)
Polygon:
(0,0)(42,0)(42,8)(24,8)(24,20)(7,20)(7,12)(0,12)
Polygon:
(0,0)(22,0)(22,26)(15,26)(15,30)(3,30)(3,13)(0,13)
Polygon:
(0,0)(16,0)(16,15)(10,15)(10,23)(4,23)(4,5)(0,5)
Polygon:
(0,0)(13,0)(13,7)(12,7)(12,20)(6,20)(6,14)(0,14)
Polygon:
(0,0)(25,0)(25,11)(22,11)(22,21)(5,21)(5,5)(0,5)
Polygon:
(0,0)(50,0)(50,13)(33,13)(33,25)(17,25)(17,16)(0,16)
Polygon:
(0,0)(34,0)(34,12)(25,12)(25,25)(8,25)(8,12)(0,12)
Polygon:
(0,0)(32,0)(32,20)(22,20)(22,35)(6,35)(6,18)(0,18)
Polygon:
(0,0)(26,0)(26,1)(21,1)(21,12)(11,12)(11,2)(0,2)
Polygon:
(0,0)(45,0)(45,8)(27,8)(27,21)(13,21)(13,13)(0,13)
Polygon:
(0,0)(28,0)(28,1)(27,1)(27,19)(14,19)(14,8)(0,8)
Polygon:
(0,0)(31,0)(31,3)(14,3)(14,19)(8,19)(8,13)(0,13)
Polygon:
(0,0)(30,0)(30,14)(26,14)(26,24)(12,24)(12,16)(0,16)
Polygon:
(0,0)(47,0)(47,22)(30,22)(30,34)(14,34)(14,16)(0,16)
Polygon:
(0,0)(38,0)(38,10)(20,10)(20,20)(17,20)(17,7)(0,7)
Polygon:
(0,0)(19,0)(19,28)(16,28)(16,33)(9,33)(9,17)(0,17)
Polygon:
(0,0)(37,0)(37,6)(24,6)(24,18)(8,18)(8,6)(0,6)
Polygon:
(0,0)(30,0)(30,2)(13,2)(13,19)(2,19)(2,2)(0,2)
Polygon:
(0,0)(46,0)(46,24)(28,24)(28,28)(12,28)(12,12)(0,12)
Polygon:
(0,0)(19,0)(19,33)(14,33)(14,35)(1,35)(1,18)(0,18)
Polygon:
(0,0)(30,0)(30,16)(27,16)(27,21)(9,21)(9,7)(0,7)
Polygon:
(0,0)(26,0)(26,9)(23,9)(23,12)(12,12)(12,8)(0,8)
Polygon:
(0,0)(27,0)(27,7)(18,7)(18,11)(16,11)(16,6)(0,6)
Polygon:
(0,0)(19,0)(19,17)(13,17)(13,29)(8,29)(8,18)(0,18)
Polygon:
(0,0)(18,0)(18,11)(15,11)(15,22)(12,22)(12,14)(0,14)
Polygon:
(0,0)(22,0)(22,9)(5,9)(5,14)(4,14)(4,2)(0,2)
Polygon:
(0,0)(45,0)(45,21)(33,21)(33,28)(15,28)(15,12)(0,12)
Polygon:
(0,0)(40,0)(40,1)(24,1)(24,5)(7,5)(7,4)(0,4)
Polygon:
(0,0)(42,0)(42,15)(24,15)(24,21)(8,21)(8,9)(0,9)
Polygon:
(0,0)(29,0)(29,19)(21,19)(21,30)(6,30)(6,14)(0,14)
Polygon:
(0,0)(18,0)(18,9)(16,9)(16,14)(1,14)(1,7)(0,7)
Polygon:
(0,0)(38,0)(38,20)(24,20)(24,22)(15,22)(15,8)(0,8)
Polygon:
(0,0)(46,0)(46,14)(33,14)(33,16)(17,16)(17,2)(0,2)
Polygon:
(0,0)(19,0)(19,10)(17,10)(17,16)(6,16)(6,8)(0,8)
Polygon:
(0,0)(40,0)(40,9)(26,9)(26,12)(16,12)(16,2)(0,2)
Polygon:
(0,0)(31,0)(31,14)(17,14)(17,19)(7,19)(7,1)(0,1)
Polygon:
(0,0)(35,0)(35,7)(19,7)(19,15)(14,15)(14,2)(0,2)
Polygon:
(0,0)(15,0)(15,14)(11,14)(11,24)(2,24)(2,11)(0,11)
Polygon:
(0,0)(24,0)(24,12)(15,12)(15,14)(14,14)(14,5)(0,5)
Polygon:
(0,0)(33,0)(33,24)(20,24)(20,30)(3,30)(3,12)(0,12)
Polygon:
(0,0)(16,0)(16,11)(11,11)(11,19)(9,19)(9,8)(0,8)
Polygon:
(0,0)(15,0)(15,9)(7,9)(7,17)(3,17)(3,16)(0,16)
Polygon:
(0,0)(17,0)(17,3)(7,3)(7,17)(2,17)(2,16)(0,16)
Polygon:
(0,0)(44,0)(44,30)(28,30)(28,36)(12,36)(12,18)(0,18)
Polygon:
(0,0)(12,0)(12,1)(9,1)(9,13)(3,13)(3,11)(0,11)
Polygon:
(0,0)(26,0)(26,4)(23,4)(23,16)(13,16)(13,9)(0,9)
Polygon:
(0,0)(22,0)(22,4)(13,4)(13,19)(1,19)(1,11)(0,11)
Polygon:
(0,0)(21,0)(21,2)(7,2)(7,18)(3,18)(3,3)(0,3)
Polygon:
(0,0)(33,0)(33,4)(30,4)(30,11)(18,11)(18,2)(0,2)
Polygon:
(0,0)(17,0)(17,11)(14,11)(14,16)(10,16)(10,2)(0,2)
Polygon:
(0,0)(29,0)(29,1)(27,1)(27,15)(17,15)(17,12)(0,12)
Polygon:
(0,0)(31,0)(31,11)(15,11)(15,21)(3,21)(3,8)(0,8)
Polygon:
(0,0)(24,0)(24,29)(10,29)(10,32)(6,32)(6,14)(0,14)
Polygon:
(0,0)(25,0)(25,15)(20,15)(20,17)(14,17)(14,5)(0,5)
Polygon:
(0,0)(14,0)(14,15)(5,15)(5,17)(3,17)(3,12)(0,12)
Polygon:
(0,0)(40,0)(40,28)(27,28)(27,32)(10,32)(10,16)(0,16)
Polygon:
(0,0)(25,0)(25,12)(24,12)(24,19)(11,19)(11,10)(0,10)
Polygon:
(0,0)(36,0)(36,16)(19,16)(19,30)(2,30)(2,14)(0,14)
Polygon:
(0,0)(28,0)(28,7)(20,7)(20,20)(5,20)(5,14)(0,14)
Polygon:
(0,0)(20,0)(20,15)(14,15)(14,22)(8,22)(8,5)(0,5)
Polygon:
(0,0)(32,0)(32,9)(23,9)(23,17)(17,17)(17,2)(0,2)
Polygon:
(0,0)(25,0)(25,8)(18,8)(18,20)(10,20)(10,3)(0,3)
Polygon:
(0,0)(28,0)(28,14)(15,14)(15,32)(12,32)(12,14)(0,14)
Polygon:
(0,0)(35,0)(35,15)(26,15)(26,24)(15,24)(15,6)(0,6)
Polygon:
(0,0)(10,0)(10,21)(8,21)(8,31)(5,31)(5,18)(0,18)
Polygon:
(0,0)(28,0)(28,4)(18,4)(18,13)(2,13)(2,2)(0,2)
Polygon:
(0,0)(14,0)(14,11)(9,11)(9,16)(4,16)(4,4)(0,4)
Polygon:
(0,0)(36,0)(36,2)(19,2)(19,10)(10,10)(10,6)(0,6)
Polygon:
(0,0)(21,0)(21,1)(20,1)(20,19)(2,19)(2,16)(0,16)
Polygon:
(0,0)(35,0)(35,23)(28,23)(28,29)(17,29)(17,13)(0,13)
Polygon:
(0,0)(36,0)(36,6)(18,6)(18,20)(13,20)(13,2)(0,2)
Polygon:
(0,0)(45,0)(45,11)(30,11)(30,16)(15,16)(15,12)(0,12)
Polygon:
(0,0)(37,0)(37,13)(28,13)(28,18)(13,18)(13,1)(0,1)
Polygon:
(0,0)(35,0)(35,16)(29,16)(29,21)(18,21)(18,14)(0,14)
Polygon:
(0,0)(28,0)(28,14)(16,14)(16,26)(12,26)(12,11)(0,11)
Polygon:
(0,0)(29,0)(29,9)(18,9)(18,20)(7,20)(7,14)(0,14)
Polygon:
(0,0)(14,0)(14,15)(13,15)(13,28)(9,28)(9,15)(0,15)
Polygon:
(0,0)(35,0)(35,9)(29,9)(29,12)(15,12)(15,9)(0,9)
Polygon:
(0,0)(36,0)(36,6)(23,6)(23,19)(8,19)(8,2)(0,2)
Polygon:
(0,0)(27,0)(27,19)(25,19)(25,26)(17,26)(17,17)(0,17)
Polygon:
(0,0)(21,0)(21,17)(5,17)(5,20)(4,20)(4,4)(0,4)
Polygon:
(0,0)(29,0)(29,15)(15,15)(15,29)(2,29)(2,12)(0,12)
Polygon:
(0,0)(40,0)(40,14)(35,14)(35,32)(18,32)(18,17)(0,17)
Polygon:
(0,0)(35,0)(35,23)(17,23)(17,27)(9,27)(9,17)(0,17)
Polygon:
(0,0)(31,0)(31,17)(15,17)(15,21)(11,21)(11,4)(0,4)
Polygon:
(0,0)(15,0)(15,17)(14,17)(14,19)(5,19)(5,11)(0,11)
Polygon:
(0,0)(33,0)(33,6)(23,6)(23,10)(15,10)(15,3)(0,3)
Polygon:
(0,0)(36,0)(36,7)(18,7)(18,25)(10,25)(10,10)(0,10)
Polygon:
(0,0)(28,0)(28,9)(16,9)(16,13)(7,13)(7,4)(0,4)
Polygon:
(0,0)(24,0)(24,10)(21,10)(21,15)(6,15)(6,13)(0,13)
Polygon:
(0,0)(32,0)(32,15)(18,15)(18,17)(5,17)(5,3)(0,3)
Polygon:
(0,0)(37,0)(37,11)(28,11)(28,15)(15,15)(15,2)(0,2)
Polygon:
(0,0)(22,0)(22,11)(15,11)(15,18)(2,18)(2,17)(0,17)
Polygon:
(0,0)(33,0)(33,27)(15,27)(15,30)(8,30)(8,14)(0,14)
Polygon:
(0,0)(29,0)(29,8)(13,8)(13,15)(4,15)(4,13)(0,13)
Polygon:
(0,0)(28,0)(28,18)(12,18)(12,25)(6,25)(6,9)(0,9)
Polygon:
(0,0)(25,0)(25,17)(9,17)(9,19)(1,19)(1,1)(0,1)
Polygon:
(0,0)(32,0)(32,14)(20,14)(20,17)(9,17)(9,10)(0,10)
Polygon:
(0,0)(32,0)(32,19)(15,19)(15,20)(12,20)(12,4)(0,4)
Polygon:
(0,0)(7,0)(7,21)(6,21)(6,27)(5,27)(5,9)(0,9)
Polygon:
(0,0)(35,0)(35,12)(18,12)(18,18)(16,18)(16,3)(0,3)
Polygon:
(0,0)(29,0)(29,6)(22,6)(22,22)(6,22)(6,8)(0,8)
Polygon:
(0,0)(36,0)(36,4)(28,4)(28,17)(12,17)(12,1)(0,1)
Polygon:
(0,0)(21,0)(21,11)(17,11)(17,24)(7,24)(7,12)(0,12)
Polygon:
(0,0)(23,0)(23,25)(10,25)(10,30)(1,30)(1,17)(0,17)
Polygon:
(0,0)(33,0)(33,12)(17,12)(17,16)(7,16)(7,1)(0,1)
Polygon:
(0,0)(12,0)(12,16)(11,16)(11,20)(1,20)(1,7)(0,7)
Polygon:
(0,0)(35,0)(35,24)(26,24)(26,31)(16,31)(16,14)(0,14)
Polygon:
(0,0)(25,0)(25,7)(17,7)(17,11)(14,11)(14,10)(0,10)
Polygon:
(0,0)(24,0)(24,24)(23,24)(23,29)(10,29)(10,11)(0,11)
Polygon:
(0,0)(37,0)(37,24)(20,24)(20,32)(15,32)(15,14)(0,14)
Polygon:
(0,0)(13,0)(13,3)(5,3)(5,10)(2,10)(2,1)(0,1)
Polygon:
(0,0)(27,0)(27,29)(25,29)(25,32)(7,32)(7,14)(0,14)
Polygon:
(0,0)(34,0)(34,17)(18,17)(18,20)(16,20)(16,18)(0,18)
Polygon:
(0,0)(38,0)(38,24)(25,24)(25,25)(13,25)(13,17)(0,17)
Polygon:
(0,0)(26,0)(26,15)(13,15)(13,22)(3,22)(3,7)(0,7)
Polygon:
(0,0)(24,0)(24,13)(22,13)(22,17)(11,17)(11,7)(0,7)
Polygon:
(0,0)(31,0)(31,5)(24,5)(24,18)(12,18)(12,16)(0,16)
Polygon:
(0,0)(22,0)(22,6)(17,6)(17,23)(5,23)(5,7)(0,7)
Polygon:
(0,0)(43,0)(43,16)(26,16)(26,23)(10,23)(10,12)(0,12)
Polygon:
(0,0)(39,0)(39,10)(24,10)(24,21)(13,21)(13,5)(0,5)
Polygon:
(0,0)(31,0)(31,8)(22,8)(22,15)(10,15)(10,4)(0,4)
Polygon:
(0,0)(36,0)(36,6)(23,6)(23,21)(17,21)(17,13)(0,13)
Polygon:
(0,0)(46,0)(46,14)(28,14)(28,21)(13,21)(13,6)(0,6)
Polygon:
(0,0)(27,0)(27,10)(26,10)(26,13)(15,13)(15,9)(0,9)
Polygon:
(0,0)(20,0)(20,15)(19,15)(19,18)(12,18)(12,5)(0,5)
Polygon:
(0,0)(33,0)(33,16)(31,16)(31,23)(16,23)(16,6)(0,6)
Polygon:
(0,0)(36,0)(36,16)(25,16)(25,23)(11,23)(11,7)(0,7)
Polygon:
(0,0)(34,0)(34,9)(23,9)(23,20)(9,20)(9,17)(0,17)
Polygon:
(0,0)(34,0)(34,6)(19,6)(19,15)(14,15)(14,6)(0,6)
Polygon:
(0,0)(30,0)(30,21)(21,21)(21,27)(15,27)(15,9)(0,9)
Polygon:
(0,0)(36,0)(36,22)(21,22)(21,25)(3,25)(3,14)(0,14)
Polygon:
(0,0)(23,0)(23,2)(22,2)(22,16)(7,16)(7,6)(0,6)
Polygon:
(0,0)(18,0)(18,5)(17,5)(17,9)(10,9)(10,7)(0,7)
Polygon:
(0,0)(35,0)(35,5)(21,5)(21,19)(7,19)(7,16)(0,16)
Polygon:
(0,0)(38,0)(38,1)(27,1)(27,7)(11,7)(11,3)(0,3)
Polygon:
(0,0)(33,0)(33,4)(19,4)(19,10)(1,10)(1,7)(0,7)
Polygon:
(0,0)(31,0)(31,17)(14,17)(14,25)(11,25)(11,13)(0,13)
Polygon:
(0,0)(43,0)(43,4)(33,4)(33,6)(15,6)(15,1)(0,1)
Polygon:
(0,0)(15,0)(15,18)(13,18)(13,21)(1,21)(1,5)(0,5)
Polygon:
(0,0)(25,0)(25,10)(17,10)(17,21)(6,21)(6,5)(0,5)
Polygon:
(0,0)(27,0)(27,17)(10,17)(10,21)(4,21)(4,11)(0,11)
Polygon:
(0,0)(22,0)(22,8)(20,8)(20,9)(18,9)(18,1)(0,1)
Polygon:
(0,0)(40,0)(40,11)(29,11)(29,17)(18,17)(18,12)(0,12)
Polygon:
(0,0)(25,0)(25,23)(17,23)(17,31)(7,31)(7,18)(0,18)
Polygon:
(0,0)(33,0)(33,15)(22,15)(22,19)(11,19)(11,7)(0,7)
Polygon:
(0,0)(36,0)(36,2)(26,2)(26,13)(8,13)(8,12)(0,12)
Polygon:
(0,0)(30,0)(30,11)(13,11)(13,17)(3,17)(3,4)(0,4)
Polygon:
(0,0)(24,0)(24,20)(9,20)(9,27)(1,27)(1,9)(0,9)
Polygon:
(0,0)(21,0)(21,18)(16,18)(16,26)(7,26)(7,14)(0,14)
Polygon:
(0,0)(22,0)(22,11)(16,11)(16,13)(13,13)(13,3)(0,3)
Polygon:
(0,0)(14,0)(14,15)(11,15)(11,18)(8,18)(8,13)(0,13)
Polygon:
(0,0)(29,0)(29,16)(13,16)(13,19)(3,19)(3,5)(0,5)
Polygon:
(0,0)(23,0)(23,15)(10,15)(10,22)(2,22)(2,9)(0,9)
Polygon:
(0,0)(17,0)(17,16)(13,16)(13,24)(6,24)(6,16)(0,16)
Polygon:
(0,0)(27,0)(27,6)(18,6)(18,18)(1,18)(1,10)(0,10)
Polygon:
(0,0)(39,0)(39,8)(26,8)(26,15)(13,15)(13,12)(0,12)
Polygon:
(0,0)(19,0)(19,12)(16,12)(16,13)(4,13)(4,2)(0,2)
Polygon:
(0,0)(36,0)(36,9)(21,9)(21,24)(4,24)(4,10)(0,10)
Polygon:
(0,0)(16,0)(16,4)(12,4)(12,20)(7,20)(7,4)(0,4)
Polygon:
(0,0)(28,0)(28,9)(26,9)(26,14)(18,14)(18,13)(0,13)
Polygon:
(0,0)(34,0)(34,11)(22,11)(22,20)(5,20)(5,3)(0,3)
Polygon:
(0,0)(25,0)(25,22)(22,22)(22,25)(11,25)(11,13)(0,13)
Polygon:
(0,0)(19,0)(19,7)(9,7)(9,19)(8,19)(8,18)(0,18)
Polygon:
(0,0)(36,0)(36,15)(18,15)(18,29)(4,29)(4,15)(0,15)
Polygon:
(0,0)(26,0)(26,12)(16,12)(16,18)(10,18)(10,6)(0,6)
Polygon:
(0,0)(29,0)(29,18)(18,18)(18,32)(15,32)(15,17)(0,17)
Polygon:
(0,0)(27,0)(27,8)(17,8)(17,16)(15,16)(15,8)(0,8)
Polygon:
(0,0)(46,0)(46,10)(33,10)(33,11)(17,11)(17,3)(0,3)
Polygon:
(0,0)(27,0)(27,11)(18,11)(18,16)(13,16)(13,11)(0,11)
Polygon:
(0,0)(28,0)(28,3)(11,3)(11,15)(8,15)(8,12)(0,12)
Polygon:
(0,0)(30,0)(30,9)(14,9)(14,22)(9,22)(9,12)(0,12)
Polygon:
(0,0)(23,0)(23,9)(17,9)(17,19)(3,19)(3,3)(0,3)
Polygon:
(0,0)(36,0)(36,23)(19,23)(19,26)(9,26)(9,11)(0,11)
Polygon:
(0,0)(22,0)(22,8)(21,8)(21,19)(18,19)(18,18)(0,18)
Polygon:
(0,0)(42,0)(42,21)(25,21)(25,32)(12,32)(12,18)(0,18)
Polygon:
(0,0)(30,0)(30,27)(21,27)(21,31)(10,31)(10,16)(0,16)
Polygon:
(0,0)(30,0)(30,21)(22,21)(22,22)(13,22)(13,13)(0,13)
Polygon:
(0,0)(15,0)(15,10)(4,10)(4,15)(1,15)(1,2)(0,2)
Polygon:
(0,0)(25,0)(25,19)(17,19)(17,14)(11,14)(11,18)(0,18)
Polygon:
(0,0)(19,0)(19,3)(18,3)(18,14)(0,14)
Polygon:
(0,0)(22,0)(22,11)(10,11)(10,25)(0,25)
Polygon:
(0,0)(11,0)(11,17)(0,17)
Polygon:
(0,0)(38,0)(38,21)(27,21)(27,15)(10,15)(10,18)(0,18)
Polygon:
(0,0)(19,0)(19,18)(10,18)(10,24)(0,24)
Polygon:
(0,0)(12,0)(12,6)(0,6)
Polygon:
(0,0)(11,0)(11,7)(0,7)
Polygon:
(0,0)(32,0)(32,13)(14,13)(14,16)(0,16)
Polygon:
(0,0)(10,0)(10,14)(0,14)
Polygon:
(0,0)(2,0)(2,12)(0,12)
Polygon:
(0,0)(16,0)(16,13)(0,13)
Polygon:
(0,0)(1,0)(1,1)(0,1)
Polygon:
(0,0)(5,0)(5,14)(0,14)
Polygon:
(0,0)(19,0)(19,33)(15,33)(15,17)(8,17)(8,20)(0,20)
Polygon:
(0,0)(17,0)(17,15)(0,15)
Polygon:
(0,0)(17,0)(17,1)(2,1)(2,9)(0,9)
Polygon:
(0,0)(13,0)(13,6)(0,6)
Polygon:
(0,0)(14,0)(14,10)(5,10)(5,26)(0,26)
Polygon:
(0,0)(15,0)(15,5)(0,5)
Polygon:
(0,0)(3,0)(3,3)(0,3)
Polygon:
(0,0)(6,0)(6,16)(0,16)
Polygon:
(0,0)(9,0)(9,5)(0,5)
Polygon:
(0,0)(21,0)(21,22)(13,22)(13,9)(8,9)(8,16)(0,16)
Polygon:
(0,0)(27,0)(27,9)(11,9)(11,2)(9,2)(9,17)(0,17)
Polygon:
(0,0)(25,0)(25,28)(13,28)(13,10)(3,10)(3,14)(0,14)
Polygon:
(0,0)(16,0)(16,9)(0,9)
Polygon:
(0,0)(7,0)(7,1)(0,1)
Polygon:
(0,0)(3,0)(3,18)(0,18)
Polygon:
(0,0)(15,0)(15,11)(9,11)(9,27)(0,27)
Polygon:
(0,0)(14,0)(14,2)(0,2)
Polygon:
(0,0)(2,0)(2,18)(0,18)
Polygon:
(0,0)(12,0)(12,1)(0,1)
Polygon:
(0,0)(44,0)(44,16)(27,16)(27,4)(9,4)(9,9)(0,9)
Polygon:
(0,0)(18,0)(18,4)(10,4)(10,12)(0,12)
Polygon:
(0,0)(40,0)(40,23)(27,23)(27,7)(16,7)(16,18)(0,18)
Polygon:
(0,0)(28,0)(28,2)(11,2)(11,16)(0,16)
Polygon:
(0,0)(10,0)(10,6)(2,6)(2,18)(0,18)
Polygon:
(0,0)(27,0)(27,20)(19,20)(19,5)(2,5)(2,10)(0,10)
Polygon:
(0,0)(11,0)(11,2)(7,2)(7,20)(0,20)
Polygon:
(0,0)(28,0)(28,13)(14,13)(14,17)(0,17)
Polygon:
(0,0)(15,0)(15,16)(0,16)
Polygon:
(0,0)(18,0)(18,3)(0,3)
Polygon:
(0,0)(4,0)(4,11)(0,11)
Polygon:
(0,0)(18,0)(18,1)(15,1)(15,10)(0,10)
Polygon:
(0,0)(28,0)(28,10)(16,10)(16,3)(14,3)(14,4)(0,4)
Polygon:
(0,0)(3,0)(3,15)(0,15)
Polygon:
(0,0)(2,0)(2,8)(0,8)
Polygon:
(0,0)(11,0)(11,11)(0,11)
Polygon:
(0,0)(26,0)(26,11)(17,11)(17,15)(0,15)
Polygon:
(0,0)(17,0)(17,17)(0,17)
Polygon:
(0,0)(10,0)(10,13)(4,13)(4,25)(0,25)
Polygon:
(0,0)(15,0)(15,7)(0,7)
Polygon:
(0,0)(13,0)(13,8)(0,8)
Polygon:
(0,0)(21,0)(21,9)(4,9)(4,14)(0,14)
Polygon:
(0,0)(15,0)(15,2)(13,2)(13,5)(0,5)
Polygon:
(0,0)(12,0)(12,6)(0,6)
Polygon:
(0,0)(9,0)(9,2)(0,2)
Polygon:
(0,0)(36,0)(36,15)(21,15)(21,14)(12,14)(12,17)(0,17)
Polygon:
(0,0)(1,0)(1,5)(0,5)
Polygon:
(0,0)(8,0)(8,12)(0,12)
Polygon:
(0,0)(10,0)(10,14)(0,14)
Polygon:
(0,0)(34,0)(34,19)(24,19)(24,8)(17,8)(17,10)(0,10)
Polygon:
(0,0)(16,0)(16,16)(0,16)
Polygon:
(0,0)(5,0)(5,17)(0,17)
Polygon:
(0,0)(4,0)(4,15)(0,15)
Polygon:
(0,0)(12,0)(12,9)(0,9)
Polygon:
(0,0)(13,0)(13,9)(4,9)(4,10)(0,10)
Polygon:
(0,0)(2,0)(2,2)(0,2)
Polygon:
(0,0)(8,0)(8,2)(0,2)
Polygon:
(0,0)(28,0)(28,30)(21,30)(21,12)(15,12)(15,14)(0,14)
Polygon:
(0,0)(19,0)(19,9)(8,9)(8,21)(0,21)
Polygon:
(0,0)(16,0)(16,10)(0,10)
Polygon:
(0,0)(4,0)(4,10)(0,10)
Polygon:
(0,0)(9,0)(9,2)(0,2)
Polygon:
(0,0)(21,0)(21,18)(20,18)(20,3)(14,3)(14,4)(0,4)
Polygon:
(0,0)(18,0)(18,13)(0,13)
Polygon:
(0,0)(18,0)(18,2)(0,2)
Polygon:
(0,0)(7,0)(7,15)(0,15)
Polygon:
(0,0)(18,0)(18,11)(0,11)
Polygon:
(0,0)(17,0)(17,5)(0,5)
Polygon:
(0,0)(27,0)(27,18)(15,18)(15,32)(0,32)
Polygon:
(0,0)(26,0)(26,17)(8,17)(8,33)(0,33)
Polygon:
(0,0)(7,0)(7,2)(0,2)
Polygon:
(0,0)(14,0)(14,17)(0,17)
Polygon:
(0,0)(9,0)(9,7)(0,7)
Polygon:
(0,0)(25,0)(25,3)(9,3)(9,18)(0,18)
Polygon:
(0,0)(15,0)(15,16)(6,16)(6,21)(0,21)
Polygon:
(0,0)(4,0)(4,6)(0,6)
Polygon:
(0,0)(30,0)(30,9)(17,9)(17,14)(0,14)
Polygon:
(0,0)(3,0)(3,3)(0,3)
Polygon:
(0,0)(13,0)(13,3)(0,3)
Polygon:
(0,0)(14,0)(14,12)(0,12)
Polygon:
(0,0)(29,0)(29,10)(18,10)(18,21)(0,21)
Polygon:
(0,0)(11,0)(11,1)(0,1)
Polygon:
(0,0)(22,0)(22,8)(5,8)(5,16)(0,16)
Polygon:
(0,0)(25,0)(25,5)(18,5)(18,16)(0,16)
Polygon:
(0,0)(21,0)(21,15)(5,15)(5,32)(0,32)
Polygon:
(0,0)(14,0)(14,1)(0,1)
Polygon:
(0,0)(8,0)(8,7)(2,7)(2,17)(0,17)
Polygon:
(0,0)(1,0)(1,17)(0,17)
Polygon:
(0,0)(29,0)(29,2)(15,2)(15,19)(0,19)
Polygon:
(0,0)(7,0)(7,10)(0,10)
Polygon:
(0,0)(2,0)(2,6)(0,6)
Polygon:
(0,0)(10,0)(10,6)(2,6)(2,10)(0,10)
Polygon:
(0,0)(20,0)(20,8)(2,8)(2,26)(0,26)
Polygon:
(0,0)(13,0)(13,17)(0,17)
Polygon:
(0,0)(14,0)(14,12)(13,12)(13,4)(9,4)(9,5)(0,5)
Polygon:
(0,0)(10,0)(10,12)(2,12)(2,18)(0,18)
Polygon:
(0,0)(4,0)(4,3)(0,3)
Polygon:
(0,0)(2,0)(2,4)(0,4)
Polygon:
(0,0)(17,0)(17,18)(13,18)(13,29)(0,29)
Polygon:
(0,0)(2,0)(2,18)(0,18)
Polygon:
(0,0)(20,0)(20,15)(10,15)(10,22)(0,22)
Polygon:
(0,0)(18,0)(18,14)(0,14)
Polygon:
(0,0)(15,0)(15,6)(0,6)
Polygon:
(0,0)(36,0)(36,6)(25,6)(25,4)(12,4)(12,8)(0,8)
Polygon:
(0,0)(9,0)(9,15)(5,15)(5,32)(0,32)
Polygon:
(0,0)(42,0)(42,5)(27,5)(27,3)(11,3)(11,16)(0,16)
Polygon:
(0,0)(13,0)(13,12)(11,12)(11,25)(0,25)
Polygon:
(0,0)(13,0)(13,10)(0,10)
Polygon:
(0,0)(1,0)(1,9)(0,9)
Polygon:
(0,0)(35,0)(35,15)(26,15)(26,12)(9,12)(9,18)(0,18)
Polygon:
(0,0)(6,0)(6,13)(0,13)
Polygon:
(0,0)(18,0)(18,10)(10,10)(10,16)(0,16)
Polygon:
(0,0)(14,0)(14,16)(7,16)(7,13)(5,13)(5,14)(0,14)
Polygon:
(0,0)(10,0)(10,15)(0,15)
Polygon:
(0,0)(10,0)(10,8)(0,8)
Polygon:
(0,0)(30,0)(30,16)(18,16)(18,10)(1,10)(1,15)(0,15)
Polygon:
(0,0)(5,0)(5,2)(0,2)
Polygon:
(0,0)(21,0)(21,2)(14,2)(14,11)(0,11)
Polygon:
(0,0)(39,0)(39,3)(35,3)(35,2)(17,2)(17,10)(0,10)
Polygon:
(0,0)(4,0)(4,10)(3,10)(3,24)(0,24)
Polygon:
(0,0)(10,0)(10,17)(8,17)(8,22)(0,22)
Polygon:
(0,0)(20,0)(20,15)(15,15)(15,25)(0,25)
Polygon:
(0,0)(9,0)(9,11)(0,11)
Polygon:
(0,0)(2,0)(2,16)(0,16)
Polygon:
(0,0)(20,0)(20,5)(10,5)(10,18)(0,18)
Polygon:
(0,0)(8,0)(8,14)(0,14)
Polygon:
(0,0)(4,0)(4,11)(0,11)
Polygon:
(0,0)(12,0)(12,17)(9,17)(9,32)(0,32)
Polygon:
(0,0)(6,0)(6,9)(0,9)
Polygon:
(0,0)(26,0)(26,16)(22,16)(22,12)(14,12)(14,16)(0,16)
Polygon:
(0,0)(27,0)(27,12)(18,12)(18,20)(0,20)
Polygon:
(0,0)(27,0)(27,13)(17,13)(17,14)(0,14)
Polygon:
(0,0)(9,0)(9,16)(0,16)
Polygon:
(0,0)(2,0)(2,13)(0,13)
Polygon:
(0,0)(14,0)(14,9)(0,9)
Polygon:
(0,0)(4,0)(4,2)(0,2)
Polygon:
(0,0)(11,0)(11,16)(2,16)(2,25)(0,25)
Polygon:
(0,0)(6,0)(6,12)(0,12)
Polygon:
(0,0)(21,0)(21,8)(17,8)(17,12)(0,12)
Polygon:
(0,0)(10,0)(10,4)(0,4)
Polygon:
(0,0)(10,0)(10,12)(0,12)
Polygon:
(0,0)(14,0)(14,9)(0,9)
Polygon:
(0,0)(24,0)(24,20)(19,20)(19,6)(2,6)(2,12)(0,12)
Polygon:
(0,0)(20,0)(20,28)(17,28)(17,12)(7,12)(7,13)(0,13)
Polygon:
(0,0)(14,0)(14,15)(0,15)
Polygon:
(0,0)(10,0)(10,2)(0,2)
Polygon:
(0,0)(13,0)(13,10)(0,10)
Polygon:
(0,0)(50,0)(50,10)(35,10)(35,3)(17,3)(17,14)(0,14)
Polygon:
(0,0)(18,0)(18,9)(0,9)
Polygon:
(0,0)(2,0)(2,9)(0,9)
Polygon:
(0,0)(20,0)(20,6)(16,6)(16,17)(0,17)
Polygon:
(0,0)(12,0)(12,12)(0,12)
Polygon:
(0,0)(11,0)(11,8)(8,8)(8,6)(1,6)(1,18)(0,18)
Polygon:
(0,0)(6,0)(6,13)(0,13)
Polygon:
(0,0)(27,0)(27,6)(14,6)(14,13)(0,13)
Polygon:
(0,0)(9,0)(9,17)(0,17)
Polygon:
(0,0)(29,0)(29,8)(17,8)(17,2)(11,2)(11,9)(0,9)
Polygon:
(0,0)(35,0)(35,4)(19,4)(19,2)(11,2)(11,17)(0,17)
Polygon:
(0,0)(24,0)(24,8)(21,8)(21,6)(5,6)(5,11)(0,11)
Polygon:
(0,0)(32,0)(32,19)(18,19)(18,18)(4,18)(4,20)(0,20)
Polygon:
(0,0)(49,0)(49,28)(34,28)(34,10)(16,10)(16,16)(0,16)
Polygon:
(0,0)(24,0)(24,3)(11,3)(11,15)(0,15)
Polygon:
(0,0)(17,0)(17,6)(0,6)
Polygon:
(0,0)(2,0)(2,10)(0,10)
Polygon:
(0,0)(18,0)(18,9)(15,9)(15,13)(0,13)
Polygon:
(0,0)(23,0)(23,11)(8,11)(8,5)(4,5)(4,16)(0,16)
Polygon:
(0,0)(15,0)(15,16)(1,16)(1,27)(0,27)
Polygon:
(0,0)(7,0)(7,7)(0,7)
Polygon:
(0,0)(16,0)(16,5)(0,5)
Polygon:
(0,0)(18,0)(18,15)(10,15)(10,23)(0,23)
Polygon:
(0,0)(13,0)(13,12)(10,12)(10,21)(0,21)
Polygon:
(0,0)(8,0)(8,11)(3,11)(3,27)(0,27)
Polygon:
(0,0)(3,0)(3,17)(0,17)
Polygon:
(0,0)(2,0)(2,18)(0,18)
Polygon:
(0,0)(19,0)(19,6)(7,6)(7,11)(0,11)
Polygon:
(0,0)(24,0)(24,12)(12,12)(12,7)(1,7)(1,15)(0,15)
Polygon:
(0,0)(9,0)(9,9)(3,9)(3,12)(0,12)
Polygon:
(0,0)(7,0)(7,2)(0,2)
Polygon:
(0,0)(16,0)(16,10)(0,10)
Polygon:
(0,0)(17,0)(17,7)(0,7)
Polygon:
(0,0)(1,0)(1,16)(0,16)
Polygon:
(0,0)(16,0)(16,4)(0,4)
Polygon:
(0,0)(3,0)(3,5)(0,5)
Polygon:
(0,0)(9,0)(9,14)(4,14)(4,22)(0,22)
Polygon:
(0,0)(3,0)(3,9)(0,9)
Polygon:
(0,0)(30,0)(30,12)(12,12)(12,15)(0,15)
Polygon:
(0,0)(7,0)(7,14)(0,14)
Polygon:
(0,0)(13,0)(13,10)(7,10)(7,28)(0,28)
Polygon:
(0,0)(12,0)(12,13)(10,13)(10,22)(0,22)
Polygon:
(0,0)(17,0)(17,17)(9,17)(9,24)(0,24)
Polygon:
(0,0)(29,0)(29,14)(11,14)(11,29)(0,29)
Polygon:
(0,0)(23,0)(23,16)(16,16)(16,10)(6,10)(6,19)(0,19)
Polygon:
(0,0)(3,0)(3,8)(0,8)
Polygon:
(0,0)(5,0)(5,1)(0,1)
Polygon:
(0,0)(18,0)(18,6)(0,6)
Polygon:
(0,0)(42,0)(42,4)(25,4)(25,2)(15,2)(15,8)(0,8)
Polygon:
(0,0)(14,0)(14,1)(0,1)
Polygon:
(0,0)(3,0)(3,8)(0,8)
Polygon:
(0,0)(17,0)(17,18)(0,18)
Polygon:
(0,0)(3,0)(3,16)(0,16)
Polygon:
(0,0)(11,0)(11,11)(0,11)
Polygon:
(0,0)(26,0)(26,9)(10,9)(10,2)(4,2)(4,12)(0,12)
Polygon:
(0,0)(16,0)(16,15)(0,15)
Polygon:
(0,0)(23,0)(23,4)(13,4)(13,22)(0,22)
Polygon:
(0,0)(5,0)(5,7)(2,7)(2,16)(0,16)
Polygon:
(0,0)(10,0)(10,5)(0,5)
Polygon:
(0,0)(1,0)(1,17)(0,17)
Polygon:
(0,0)(3,0)(3,8)(0,8)
Polygon:
(0,0)(5,0)(5,11)(0,11)
Polygon:
(0,0)(8,0)(8,14)(0,14)
Polygon:
(0,0)(10,0)(10,17)(5,17)(5,22)(0,22)
Polygon:
(0,0)(39,0)(39,15)(25,15)(25,8)(14,8)(14,15)(0,15)
Polygon:
(0,0)(13,0)(13,13)(0,13)
Polygon:
(0,0)(8,0)(8,26)(5,26)(5,8)(2,8)(2,16)(0,16)
Polygon:
(0,0)(28,0)(28,14)(14,14)(14,3)(6,3)(6,11)(0,11)
Polygon:
(0,0)(14,0)(14,4)(0,4)
Polygon:
(0,0)(30,0)(30,6)(18,6)(18,7)(0,7)
Polygon:
(0,0)(25,0)(25,19)(24,19)(24,5)(7,5)(7,10)(0,10)
Polygon:
(0,0)(21,0)(21,12)(11,12)(11,18)(0,18)
Polygon:
(0,0)(3,0)(3,18)(0,18)
Polygon:
(0,0)(14,0)(14,18)(13,18)(13,30)(0,30)
Polygon:
(0,0)(1,0)(1,5)(0,5)
Polygon:
(0,0)(31,0)(31,17)(13,17)(13,7)(7,7)(7,18)(0,18)
Polygon:
(0,0)(14,0)(14,7)(0,7)
Polygon:
(0,0)(18,0)(18,7)(0,7)
Polygon:
(0,0)(6,0)(6,5)(0,5)
Polygon:
(0,0)(19,0)(19,12)(4,12)(4,19)(0,19)
Polygon:
(0,0)(4,0)(4,12)(0,12)
Polygon:
(0,0)(36,0)(36,17)(30,17)(30,4)(16,4)(16,5)(0,5)
Polygon:
(0,0)(27,0)(27,3)(11,3)(11,5)(0,5)
Polygon:
(0,0)(6,0)(6,7)(0,7)
Polygon:
(0,0)(7,0)(7,17)(0,17)
Polygon:
(0,0)(22,0)(22,1)(17,1)(17,18)(0,18)
Polygon:
(0,0)(10,0)(10,7)(0,7)
Polygon:
(0,0)(9,0)(9,16)(8,16)(8,18)(0,18)
Polygon:
(0,0)(27,0)(27,12)(13,12)(13,29)(0,29)
Polygon:
(0,0)(1,0)(1,8)(0,8)
Polygon:
(0,0)(6,0)(6,7)(1,7)(1,20)(0,20)
Polygon:
(0,0)(4,0)(4,13)(0,13)
Polygon:
(0,0)(16,0)(16,17)(0,17)
Polygon:
(0,0)(17,0)(17,1)(0,1)
Polygon:
(0,0)(23,0)(23,10)(6,10)(6,18)(0,18)
Polygon:
(0,0)(17,0)(17,2)(0,2)
Polygon:
(0,0)(25,0)(25,20)(12,20)(12,2)(3,2)(3,3)(0,3)
Polygon:
(0,0)(17,0)(17,11)(16,11)(16,15)(0,15)
Polygon:
(0,0)(14,0)(14,13)(0,13)
Polygon:
(0,0)(17,0)(17,14)(0,14)
Polygon:
(0,0)(39,0)(39,6)(31,6)(31,5)(17,5)(17,16)(0,16)
Polygon:
(0,0)(3,0)(3,10)(0,10)
Polygon:
(0,0)(15,0)(15,2)(0,2)
Polygon:
(0,0)(42,0)(42,8)(24,8)(24,1)(14,1)(14,4)(0,4)
Polygon:
(0,0)(29,0)(29,1)(18,1)(18,7)(0,7)
Polygon:
(0,0)(13,0)(13,2)(0,2)
Polygon:
(0,0)(10,0)(10,6)(0,6)
Polygon:
(0,0)(13,0)(13,18)(0,18)
Polygon:
(0,0)(14,0)(14,11)(0,11)
Polygon:
(0,0)(40,0)(40,14)(25,14)(25,10)(14,10)(14,14)(0,14)
Polygon:
(0,0)(21,0)(21,8)(18,8)(18,18)(0,18)
Polygon:
(0,0)(21,0)(21,12)(19,12)(19,2)(2,2)(2,5)(0,5)
Polygon:
(0,0)(12,0)(12,18)(5,18)(5,24)(0,24)
Polygon:
(0,0)(18,0)(18,7)(13,7)(13,18)(0,18)
Polygon:
(0,0)(11,0)(11,10)(0,10)
Polygon:
(0,0)(7,0)(7,13)(0,13)
Polygon:
(0,0)(7,0)(7,17)(0,17)
Polygon:
(0,0)(33,0)(33,10)(16,10)(16,16)(0,16)
Polygon:
(0,0)(4,0)(4,6)(0,6)
Polygon:
(0,0)(14,0)(14,12)(0,12)
Polygon:
(0,0)(7,0)(7,8)(0,8)
Polygon:
(0,0)(12,0)(12,1)(8,1)(8,15)(0,15)
Polygon:
(0,0)(16,0)(16,4)(0,4)
Polygon:
(0,0)(29,0)(29,9)(13,9)(13,5)(2,5)(2,13)(0,13)
Polygon:
(0,0)(12,0)(12,5)(0,5)
Polygon:
(0,0)(7,0)(7,9)(0,9)
Polygon:
(0,0)(14,0)(14,16)(0,16)
Polygon:
(0,0)(11,0)(11,9)(0,9)
Polygon:
(0,0)(3,0)(3,4)(0,4)
Polygon:
(0,0)(12,0)(12,2)(0,2)
Polygon:
(0,0)(25,0)(25,11)(18,11)(18,22)(0,22)
Polygon:
(0,0)(19,0)(19,17)(18,17)(18,29)(0,29)
Polygon:
(0,0)(25,0)(25,19)(12,19)(12,10)(7,10)(7,15)(0,15)
Polygon:
(0,0)(29,0)(29,7)(11,7)(11,12)(0,12)
Polygon:
(0,0)(14,0)(14,8)(0,8)
Polygon:
(0,0)(36,0)(36,6)(18,6)(18,16)(0,16)
Polygon:
(0,0)(45,0)(45,19)(31,19)(31,10)(15,10)(15,15)(0,15)
Polygon:
(0,0)(34,0)(34,19)(25,19)(25,3)(8,3)(8,7)(0,7)
Polygon:
(0,0)(6,0)(6,11)(0,11)
Polygon:
(0,0)(2,0)(2,5)(0,5)
Polygon:
(0,0)(16,0)(16,3)(0,3)
Polygon:
(0,0)(15,0)(15,3)(0,3)
Polygon:
(0,0)(22,0)(22,7)(13,7)(13,16)(0,16)
Polygon:
(0,0)(13,0)(13,11)(0,11)
Polygon:
(0,0)(10,0)(10,14)(0,14)
Polygon:
(0,0)(14,0)(14,12)(0,12)
Polygon:
(0,0)(17,0)(17,16)(8,16)(8,21)(0,21)
Polygon:
(0,0)(13,0)(13,4)(0,4)
Polygon:
(0,0)(1,0)(1,12)(0,12)
Polygon:
(0,0)(17,0)(17,9)(3,9)(3,26)(0,26)
Polygon:
(0,0)(13,0)(13,6)(0,6)
Polygon:
(0,0)(35,0)(35,13)(25,13)(25,3)(8,3)(8,14)(0,14)
Polygon:
(0,0)(8,0)(8,7)(0,7)
Polygon:
(0,0)(27,0)(27,6)(17,6)(17,7)(0,7)
Polygon:
(0,0)(5,0)(5,16)(0,16)
Polygon:
(0,0)(15,0)(15,3)(0,3)
Polygon:
(0,0)(9,0)(9,8)(0,8)
Polygon:
(0,0)(28,0)(28,21)(26,21)(26,9)(12,9)(12,15)(0,15)
Polygon:
(0,0)(8,0)(8,6)(0,6)
Polygon:
(0,0)(2,0)(2,17)(0,17)
Polygon:
(0,0)(3,0)(3,6)(0,6)
Polygon:
(0,0)(18,0)(18,6)(13,6)(13,19)(0,19)
Polygon:
(0,0)(31,0)(31,8)(26,8)(26,7)(11,7)(11,10)(0,10)
Polygon:
(0,0)(21,0)(21,7)(16,7)(16,8)(0,8)
Polygon:
(0,0)(2,0)(2,15)(0,15)
Polygon:
(0,0)(17,0)(17,5)(4,5)(4,2)(1,2)(1,18)(0,18)
Polygon:
(0,0)(4,0)(4,3)(0,3)
Polygon:
(0,0)(14,0)(14,18)(0,18)
Polygon:
(0,0)(17,0)(17,2)(9,2)(9,15)(0,15)
Polygon:
(0,0)(37,0)(37,25)(35,25)(35,11)(17,11)(17,13)(0,13)
Polygon:
(0,0)(4,0)(4,5)(0,5)
Polygon:
(0,0)(18,0)(18,6)(0,6)
Polygon:
(0,0)(31,0)(31,12)(30,12)(30,3)(12,3)(12,15)(0,15)
Polygon:
(0,0)(9,0)(9,17)(1,17)(1,20)(0,20)
Polygon:
(0,0)(11,0)(11,18)(0,18)
Polygon:
(0,0)(32,0)(32,6)(17,6)(17,23)(0,23)
Polygon:
(0,0)(7,0)(7,12)(0,12)
Polygon:
(0,0)(19,0)(19,3)(15,3)(15,17)(0,17)
Polygon:
(0,0)(12,0)(12,6)(0,6)
Polygon:
(0,0)(7,0)(7,1)(6,1)(6,2)(0,2)
Polygon:
(0,0)(26,0)(26,10)(20,10)(20,2)(6,2)(6,16)(0,16)
Polygon:
(0,0)(13,0)(13,12)(4,12)(4,29)(0,29)
Polygon:
(0,0)(11,0)(11,18)(4,18)(4,26)(0,26)
Polygon:
(0,0)(34,0)(34,13)(27,13)(27,1)(13,1)(13,18)(0,18)
Polygon:
(0,0)(12,0)(12,5)(0,5)
Polygon:
(0,0)(12,0)(12,9)(0,9)
Polygon:
(0,0)(28,0)(28,13)(19,13)(19,6)(13,6)(13,8)(0,8)
Polygon:
(0,0)(46,0)(46,17)(34,17)(34,15)(17,15)(17,16)(0,16)
Polygon:
(0,0)(3,0)(3,14)(0,14)
Polygon:
(0,0)(26,0)(26,4)(10,4)(10,10)(0,10)
Polygon:
(0,0)(5,0)(5,7)(0,7)
Polygon:
(0,0)(18,0)(18,12)(0,12)
Polygon:
(0,0)(18,0)(18,13)(0,13)
Polygon:
(0,0)(25,0)(25,24)(10,24)(10,6)(4,6)(4,16)(0,16)
Polygon:
(0,0)(2,0)(2,11)(0,11)
Polygon:
(0,0)(14,0)(14,5)(0,5)
Polygon:
(0,0)(16,0)(16,5)(0,5)
Polygon:
(0,0)(33,0)(33,15)(16,15)(16,21)(0,21)
Polygon:
(0,0)(15,0)(15,7)(0,7)
Polygon:
(0,0)(25,0)(25,15)(17,15)(17,32)(0,32)
