Polygon:
(0,0)(36,0)(36,21)(24,21)(24,22)(18,22)(18,9)(0,9)
Polygon:
(0,0)(35,0)(35,19)(33,19)(33,20)(17,20)(17,10)(0,10)
Polygon:
(0,0)(27,0)(27,9)(24,9)(24,24)(8,24)(8,10)(0,10)
Polygon:
(0,0)(30,0)(30,12)(17,12)(17,15)(12,15)(12,8)(0,8)
Polygon:
(0,0)(24,0)(24,14)(20,14)(20,20)(2,20)(2,16)(0,16)
Polygon:
(0,0)(25,0)(25,13)(9,13)(9,22)(3,22)(3,16)(0,16)
Polygon:
(0,0)(41,0)(41,11)(23,11)(23,17)(8,17)(8,2)(0,2)
Polygon:
(0,0)(30,0)(30,12)(15,12)(15,17)(1,17)(1,6)(0,6)
Polygon:
(0,0)(32,0)(32,11)(20,11)(20,28)(9,28)(9,18)(0,18)
Polygon:
(0,0)(37,0)(37,6)(33,6)(33,15)(16,15)(16,1)(0,1)
Polygon:
(0,0)(21,0)(21,15)(11,15)(11,20)(7,20)(7,18)(0,18)
Polygon:
(0,0)(23,0)(23,13)(17,13)(17,19)(11,19)(11,4)(0,4)
Polygon:
(0,0)(29,0)(29,9)(26,9)(26,27)(12,27)(12,11)(0,11)
Polygon:
(0,0)(33,0)(33,22)(15,22)(15,23)(10,23)(10,17)(0,17)
Polygon:
(0,0)(20,0)(20,13)(14,13)(14,27)(13,27)(13,13)(0,13)
Polygon:
(0,0)(31,0)(31,15)(17,15)(17,23)(7,23)(7,7)(0,7)
Polygon:
(0,0)(31,0)(31,11)(22,11)(22,22)(17,22)(17,8)(0,8)
Polygon:
(0,0)(20,0)(20,9)(8,9)(8,23)(3,23)(3,10)(0,10)
Polygon:
(0,0)(42,0)(42,27)(24,27)(24,33)(11,33)(11,17)(0,17)
Polygon:
(0,0)(19,0)(19,1)(3,1)(3,13)(1,13)(1,7)(0,7)
Polygon:
(0,0)(33,0)(33,4)(23,4)(23,15)(17,15)(17,2)(0,2)
Polygon:
(0,0)(30,0)(30,15)(22,15)(22,23)(5,23)(5,6)(0,6)
Polygon:
(0,0)(36,0)(36,10)(22,10)(22,19)(7,19)(7,1)(0,1)
Polygon:
(0,0)(26,0)(26,9)(16,9)(16,25)(14,25)(14,11)(0,11)
Polygon:
(0,0)(36,0)(36,11)(32,11)(32,27)(18,27)(18,16)(0,16)
Polygon:
(0,0)(45,0)(45,17)(29,17)(29,24)(13,24)(13,6)(0,6)
Polygon:
(0,0)(28,0)(28,5)(18,5)(18,14)(2,14)(2,13)(0,13)
Polygon:
(0,0)(36,0)(36,3)(33,3)(33,16)(16,16)(16,11)(0,11)
Polygon:
(0,0)(32,0)(32,14)(29,14)(29,21)(13,21)(13,5)(0,5)
Polygon:
(0,0)(43,0)(43,12)(30,12)(30,27)(12,27)(12,17)(0,17)
Polygon:
(0,0)(16,0)(16,12)(7,12)(7,30)(4,30)(4,14)(0,14)
Polygon:
(0,0)(41,0)(41,18)(25,18)(25,31)(8,31)(8,16)(0,16)
Polygon:
(0,0)(23,0)(23,19)(21,19)(21,24)(8,24)(8,7)(0,7)
Polygon:
(0,0)(25,0)(25,10)(23,10)(23,21)(10,21)(10,13)(0,13)
Polygon:
(0,0)(12,0)(12,12)(6,12)(6,29)(3,29)(3,11)(0,11)
Polygon:
(0,0)(32,0)(32,3)(16,3)(16,7)(8,7)(8,4)(0,4)
Polygon:
(0,0)(16,0)(16,8)(7,8)(7,10)(5,10)(5,3)(0,3)
Polygon:
(0,0)(38,0)(38,15)(21,15)(21,21)(7,21)(7,12)(0,12)
Polygon:
(0,0)(17,0)(17,15)(6,15)(6,28)(3,28)(3,11)(0,11)
Polygon:
(0,0)(13,0)(13,11)(12,11)(12,23)(2,23)(2,5)(0,5)
Polygon:
(0,0)(31,0)(31,22)(16,22)(16,28)(3,28)(3,10)(0,10)
Polygon:
(0,0)(32,0)(32,27)(20,27)(20,30)(7,30)(7,18)(0,18)
Polygon:
(0,0)(32,0)(32,23)(19,23)(19,31)(2,31)(2,17)(0,17)
Polygon:
(0,0)(17,0)(17,14)(15,14)(15,32)(13,32)(13,14)(0,14)
Polygon:
(0,0)(35,0)(35,15)(23,15)(23,26)(9,26)(9,16)(0,16)
Polygon:
(0,0)(29,0)(29,25)(27,25)(27,32)(17,32)(17,17)(0,17)
Polygon:
(0,0)(22,0)(22,9)(13,9)(13,22)(9,22)(9,5)(0,5)
Polygon:
(0,0)(37,0)(37,4)(21,4)(21,7)(10,7)(10,2)(0,2)
Polygon:
(0,0)(16,0)(16,11)(15,11)(15,19)(4,19)(4,10)(0,10)
Polygon:
(0,0)(31,0)(31,6)(27,6)(27,17)(15,17)(15,3)(0,3)
Polygon:
(0,0)(37,0)(37,1)(19,1)(19,11)(16,11)(16,8)(0,8)
Polygon:
(0,0)(32,0)(32,11)(26,11)(26,21)(11,21)(11,13)(0,13)
Polygon:
(0,0)(30,0)(30,6)(15,6)(15,12)(7,12)(7,10)(0,10)
Polygon:
(0,0)(41,0)(41,23)(25,23)(25,28)(7,28)(7,13)(0,13)
Polygon:
(0,0)(25,0)(25,6)(14,6)(14,23)(5,23)(5,13)(0,13)
Polygon:
(0,0)(28,0)(28,17)(22,17)(22,22)(5,22)(5,15)(0,15)
Polygon:
(0,0)(24,0)(24,13)(6,13)(6,21)(2,21)(2,6)(0,6)
Polygon:
(0,0)(25,0)(25,5)(22,5)(22,19)(14,19)(14,6)(0,6)
Polygon:
(0,0)(34,0)(34,21)(26,21)(26,23)(11,23)(11,12)(0,12)
Polygon:
(0,0)(27,0)(27,23)(16,23)(16,24)(1,24)(1,14)(0,14)
Polygon:
(0,0)(25,0)(25,8)(16,8)(16,25)(5,25)(5,9)(0,9)
Polygon:
(0,0)(29,0)(29,9)(20,9)(20,15)(18,15)(18,2)(0,2)
Polygon:
(0,0)(43,0)(43,1)(35,1)(35,19)(17,19)(17,11)(0,11)
Polygon:
(0,0)(33,0)(33,24)(24,24)(24,27)(6,27)(6,10)(0,10)
Polygon:
(0,0)(44,0)(44,22)(35,22)(35,34)(18,34)(18,17)(0,17)
Polygon:
(0,0)(40,0)(40,12)(30,12)(30,18)(12,18)(12,2)(0,2)
Polygon:
(0,0)(39,0)(39,10)(24,10)(24,20)(10,20)(10,2)(0,2)
Polygon:
(0,0)(27,0)(27,8)(19,8)(19,19)(10,19)(10,2)(0,2)
Polygon:
(0,0)(15,0)(15,4)(7,4)(7,17)(1,17)(1,9)(0,9)
Polygon:
(0,0)(18,0)(18,25)(8,25)(8,29)(1,29)(1,12)(0,12)
Polygon:
(0,0)(24,0)(24,16)(12,16)(12,20)(4,20)(4,10)(0,10)
Polygon:
(0,0)(38,0)(38,13)(22,13)(22,19)(10,19)(10,1)(0,1)
Polygon:
(0,0)(23,0)(23,13)(13,13)(13,16)(9,16)(9,6)(0,6)
Polygon:
(0,0)(31,0)(31,16)(15,16)(15,24)(14,24)(14,8)(0,8)
Polygon:
(0,0)(19,0)(19,6)(18,6)(18,13)(6,13)(6,8)(0,8)
Polygon:
(0,0)(23,0)(23,16)(19,16)(19,32)(6,32)(6,15)(0,15)
Polygon:
(0,0)(12,0)(12,15)(8,15)(8,24)(7,24)(7,16)(0,16)
Polygon:
(0,0)(15,0)(15,7)(14,7)(14,24)(7,24)(7,13)(0,13)
Polygon:
(0,0)(45,0)(45,5)(32,5)(32,13)(18,13)(18,11)(0,11)
Polygon:
(0,0)(33,0)(33,18)(29,18)(29,33)(17,33)(17,16)(0,16)
Polygon:
(0,0)(30,0)(30,24)(16,24)(16,31)(7,31)(7,13)(0,13)
Polygon:
(0,0)(27,0)(27,6)(14,6)(14,19)(13,19)(13,17)(0,17)
Polygon:
(0,0)(29,0)(29,22)(20,22)(20,29)(2,29)(2,16)(0,16)
Polygon:
(0,0)(47,0)(47,9)(33,9)(33,24)(17,24)(17,18)(0,18)
Polygon:
(0,0)(26,0)(26,30)(20,30)(20,33)(6,33)(6,17)(0,17)
Polygon:
(0,0)(28,0)(28,13)(23,13)(23,18)(7,18)(7,16)(0,16)
Polygon:
(0,0)(37,0)(37,13)(19,13)(19,30)(16,30)(16,12)(0,12)
Polygon:
(0,0)(29,0)(29,14)(27,14)(27,16)(14,16)(14,6)(0,6)
Polygon:
(0,0)(44,0)(44,5)(34,5)(34,22)(16,22)(16,6)(0,6)
Polygon:
(0,0)(22,0)(22,22)(18,22)(18,28)(11,28)(11,13)(0,13)
Polygon:
(0,0)(11,0)(11,10)(5,10)(5,13)(4,13)(4,5)(0,5)
Polygon:
(0,0)(35,0)(35,20)(22,20)(22,22)(13,22)(13,16)(0,16)
Polygon:
(0,0)(39,0)(39,18)(24,18)(24,28)(18,28)(18,11)(0,11)
Polygon:
(0,0)(39,0)(39,5)(27,5)(27,20)(15,20)(15,3)(0,3)
Polygon:
(0,0)(39,0)(39,6)(30,6)(30,15)(18,15)(18,7)(0,7)
Polygon:
(0,0)(26,0)(26,21)(17,21)(17,22)(12,22)(12,6)(0,6)
Polygon:
(0,0)(39,0)(39,7)(29,7)(29,24)(17,24)(17,7)(0,7)
Polygon:
(0,0)(19,0)(19,23)(16,23)(16,25)(1,25)(1,12)(0,12)
Polygon:
(0,0)(34,0)(34,13)(29,13)(29,16)(12,16)(12,3)(0,3)
Polygon:
(0,0)(36,0)(36,7)(21,7)(21,14)(8,14)(8,6)(0,6)
Polygon:
(0,0)(28,0)(28,6)(15,6)(15,19)(9,19)(9,15)(0,15)
Polygon:
(0,0)(26,0)(26,3)(20,3)(20,12)(3,12)(3,8)(0,8)
Polygon:
(0,0)(24,0)(24,23)(19,23)(19,24)(8,24)(8,18)(0,18)
Polygon:
(0,0)(23,0)(23,24)(19,24)(19,27)(15,27)(15,10)(0,10)
Polygon:
(0,0)(24,0)(24,21)(15,21)(15,24)(9,24)(9,6)(0,6)
Polygon:
(0,0)(28,0)(28,16)(14,16)(14,28)(12,28)(12,13)(0,13)
Polygon:
(0,0)(26,0)(26,16)(13,16)(13,30)(6,30)(6,18)(0,18)
Polygon:
(0,0)(36,0)(36,23)(22,23)(22,28)(12,28)(12,10)(0,10)
Polygon:
(0,0)(38,0)(38,14)(31,14)(31,30)(17,30)(17,14)(0,14)
Polygon:
(0,0)(11,0)(11,20)(7,20)(7,26)(2,26)(2,17)(0,17)
Polygon:
(0,0)(12,0)(12,13)(6,13)(6,18)(3,18)(3,14)(0,14)
Polygon:
(0,0)(30,0)(30,8)(16,8)(16,26)(11,26)(11,17)(0,17)
Polygon:
(0,0)(38,0)(38,4)(25,4)(25,17)(7,17)(7,10)(0,10)
Polygon:
(0,0)(29,0)(29,13)(24,13)(24,15)(12,15)(12,6)(0,6)
Polygon:
(0,0)(21,0)(21,21)(4,21)(4,36)(1,36)(1,18)(0,18)
Polygon:
(0,0)(28,0)(28,4)(26,4)(26,12)(15,12)(15,5)(0,5)
Polygon:
(0,0)(17,0)(17,25)(15,25)(15,29)(1,29)(1,14)(0,14)
Polygon:
(0,0)(25,0)(25,2)(9,2)(9,6)(4,6)(4,1)(0,1)
Polygon:
(0,0)(26,0)(26,2)(24,2)(24,16)(13,16)(13,1)(0,1)
Polygon:
(0,0)(20,0)(20,21)(13,21)(13,35)(6,35)(6,18)(0,18)
Polygon:
(0,0)(35,0)(35,32)(28,32)(28,36)(11,36)(11,18)(0,18)
Polygon:
(0,0)(26,0)(26,9)(18,9)(18,15)(13,15)(13,9)(0,9)
Polygon:
(0,0)(24,0)(24,24)(22,24)(22,28)(10,28)(10,12)(0,12)
Polygon:
(0,0)(16,0)(16,5)(12,5)(12,20)(8,20)(8,2)(0,2)
Polygon:
(0,0)(29,0)(29,19)(14,19)(14,23)(10,23)(10,5)(0,5)
Polygon:
(0,0)(28,0)(28,13)(16,13)(16,15)(8,15)(8,4)(0,4)
Polygon:
(0,0)(36,0)(36,23)(24,23)(24,26)(17,26)(17,8)(0,8)
Polygon:
(0,0)(26,0)(26,9)(19,9)(19,18)(13,18)(13,12)(0,12)
Polygon:
(0,0)(40,0)(40,18)(22,18)(22,22)(5,22)(5,8)(0,8)
Polygon:
(0,0)(20,0)(20,16)(13,16)(13,18)(11,18)(11,2)(0,2)
Polygon:
(0,0)(15,0)(15,13)(3,13)(3,16)(2,16)(2,4)(0,4)
Polygon:
(0,0)(36,0)(36,7)(22,7)(22,21)(13,21)(13,13)(0,13)
Polygon:
(0,0)(41,0)(41,19)(30,19)(30,25)(18,25)(18,9)(0,9)
Polygon:
(0,0)(31,0)(31,10)(13,10)(13,11)(5,11)(5,3)(0,3)
Polygon:
(0,0)(35,0)(35,17)(23,17)(23,29)(10,29)(10,11)(0,11)
Polygon:
(0,0)(29,0)(29,11)(15,11)(15,25)(8,25)(8,7)(0,7)
Polygon:
(0,0)(28,0)(28,4)(18,4)(18,20)(13,20)(13,15)(0,15)
Polygon:
(0,0)(27,0)(27,10)(26,10)(26,21)(18,21)(18,4)(0,4)
Polygon:
(0,0)(32,0)(32,23)(17,23)(17,31)(11,31)(11,15)(0,15)
Polygon:
(0,0)(18,0)(18,6)(9,6)(9,7)(5,7)(5,3)(0,3)
Polygon:
(0,0)(36,0)(36,19)(23,19)(23,25)(5,25)(5,18)(0,18)
Polygon:
(0,0)(33,0)(33,23)(22,23)(22,24)(16,24)(16,9)(0,9)
Polygon:
(0,0)(17,0)(17,18)(12,18)(12,28)(9,28)(9,10)(0,10)
Polygon:
(0,0)(35,0)(35,13)(17,13)(17,17)(12,17)(12,1)(0,1)
Polygon:
(0,0)(41,0)(41,1)(24,1)(24,12)(18,12)(18,7)(0,7)
Polygon:
(0,0)(26,0)(26,21)(21,21)(21,33)(5,33)(5,16)(0,16)
Polygon:
(0,0)(24,0)(24,6)(10,6)(10,9)(5,9)(5,3)(0,3)
Polygon:
(0,0)(25,0)(25,18)(14,18)(14,21)(8,21)(8,7)(0,7)
Polygon:
(0,0)(38,0)(38,7)(23,7)(23,20)(13,20)(13,3)(0,3)
Polygon:
(0,0)(22,0)(22,19)(17,19)(17,25)(1,25)(1,11)(0,11)
Polygon:
(0,0)(23,0)(23,16)(7,16)(7,18)(3,18)(3,10)(0,10)
Polygon:
(0,0)(14,0)(14,12)(10,12)(10,30)(3,30)(3,15)(0,15)
Polygon:
(0,0)(39,0)(39,17)(30,17)(30,24)(12,24)(12,7)(0,7)
Polygon:
(0,0)(34,0)(34,20)(18,20)(18,28)(3,28)(3,17)(0,17)
Polygon:
(0,0)(23,0)(23,22)(10,22)(10,26)(8,26)(8,10)(0,10)
Polygon:
(0,0)(17,0)(17,17)(13,17)(13,30)(9,30)(9,13)(0,13)
Polygon:
(0,0)(40,0)(40,16)(27,16)(27,21)(9,21)(9,5)(0,5)
Polygon:
(0,0)(15,0)(15,9)(10,9)(10,27)(7,27)(7,14)(0,14)
Polygon:
(0,0)(20,0)(20,7)(15,7)(15,24)(6,24)(6,8)(0,8)
Polygon:
(0,0)(35,0)(35,14)(23,14)(23,17)(6,17)(6,1)(0,1)
Polygon:
(0,0)(27,0)(27,16)(9,16)(9,24)(8,24)(8,14)(0,14)
Polygon:
(0,0)(20,0)(20,15)(10,15)(10,20)(8,20)(8,17)(0,17)
Polygon:
(0,0)(47,0)(47,5)(32,5)(32,21)(16,21)(16,11)(0,11)
Polygon:
(0,0)(26,0)(26,2)(14,2)(14,17)(11,17)(11,9)(0,9)
Polygon:
(0,0)(43,0)(43,8)(34,8)(34,9)(18,9)(18,7)(0,7)
Polygon:
(0,0)(50,0)(50,21)(34,21)(34,32)(16,32)(16,14)(0,14)
Polygon:
(0,0)(23,0)(23,6)(12,6)(12,19)(4,19)(4,8)(0,8)
Polygon:
(0,0)(35,0)(35,5)(18,5)(18,23)(13,23)(13,13)(0,13)
Polygon:
(0,0)(48,0)(48,3)(31,3)(31,11)(15,11)(15,1)(0,1)
Polygon:
(0,0)(38,0)(38,19)(23,19)(23,25)(17,25)(17,11)(0,11)
Polygon:
(0,0)(27,0)(27,17)(11,17)(11,31)(9,31)(9,17)(0,17)
Polygon:
(0,0)(21,0)(21,13)(13,13)(13,18)(3,18)(3,2)(0,2)
Polygon:
(0,0)(40,0)(40,1)(26,1)(26,17)(17,17)(17,8)(0,8)
Polygon:
(0,0)(31,0)(31,10)(18,10)(18,21)(2,21)(2,8)(0,8)
Polygon:
(0,0)(19,0)(19,12)(7,12)(7,23)(2,23)(2,5)(0,5)
Polygon:
(0,0)(29,0)(29,7)(11,7)(11,18)(1,18)(1,17)(0,17)
Polygon:
(0,0)(15,0)(15,3)(13,3)(13,16)(3,16)(3,4)(0,4)
Polygon:
(0,0)(41,0)(41,26)(25,26)(25,29)(18,29)(18,14)(0,14)
Polygon:
(0,0)(32,0)(32,4)(18,4)(18,9)(12,9)(12,8)(0,8)
Polygon:
(0,0)(32,0)(32,20)(23,20)(23,24)(12,24)(12,15)(0,15)
Polygon:
(0,0)(19,0)(19,21)(16,21)(16,24)(14,24)(14,13)(0,13)
Polygon:
(0,0)(17,0)(17,8)(14,8)(14,25)(9,25)(9,16)(0,16)
Polygon:
(0,0)(41,0)(41,22)(23,22)(23,31)(17,31)(17,18)(0,18)
Polygon:
(0,0)(32,0)(32,22)(19,22)(19,23)(16,23)(16,5)(0,5)
Polygon:
(0,0)(41,0)(41,16)(23,16)(23,20)(15,20)(15,7)(0,7)
Polygon:
(0,0)(38,0)(38,10)(31,10)(31,23)(13,23)(13,12)(0,12)
Polygon:
(0,0)(40,0)(40,20)(29,20)(29,28)(12,28)(12,10)(0,10)
Polygon:
(0,0)(20,0)(20,1)(18,1)(18,18)(9,18)(9,5)(0,5)
Polygon:
(0,0)(12,0)(12,23)(2,23)(2,25)(1,25)(1,13)(0,13)
Polygon:
(0,0)(37,0)(37,33)(20,33)(20,35)(15,35)(15,18)(0,18)
Polygon:
(0,0)(29,0)(29,15)(25,15)(25,23)(12,23)(12,8)(0,8)
Polygon:
(0,0)(28,0)(28,8)(22,8)(22,16)(16,16)(16,3)(0,3)
Polygon:
(0,0)(28,0)(28,11)(21,11)(21,15)(18,15)(18,4)(0,4)
Polygon:
(0,0)(20,0)(20,8)(19,8)(19,14)(5,14)(5,11)(0,11)
Polygon:
(0,0)(47,0)(47,11)(29,11)(29,15)(11,15)(11,3)(0,3)
Polygon:
(0,0)(17,0)(17,16)(8,16)(8,17)(1,17)(1,4)(0,4)
Polygon:
(0,0)(37,0)(37,13)(29,13)(29,21)(17,21)(17,8)(0,8)
Polygon:
(0,0)(26,0)(26,7)(14,7)(14,17)(12,17)(12,3)(0,3)
Polygon:
(0,0)(37,0)(37,21)(25,21)(25,25)(12,25)(12,17)(0,17)
Polygon:
(0,0)(15,0)(15,21)(7,21)(7,27)(5,27)(5,10)(0,10)
Polygon:
(0,0)(18,0)(18,10)(17,10)(17,18)(11,18)(11,12)(0,12)
Polygon:
(0,0)(18,0)(18,7)(16,7)(16,24)(1,24)(1,18)(0,18)
Polygon:
(0,0)(25,0)(25,12)(10,12)(10,18)(5,18)(5,6)(0,6)
Polygon:
(0,0)(30,0)(30,9)(25,9)(25,17)(10,17)(10,3)(0,3)
Polygon:
(0,0)(26,0)(26,17)(13,17)(13,20)(1,20)(1,8)(0,8)
Polygon:
(0,0)(24,0)(24,22)(18,22)(18,27)(11,27)(11,10)(0,10)
Polygon:
(0,0)(26,0)(26,12)(20,12)(20,21)(3,21)(3,12)(0,12)
Polygon:
(0,0)(32,0)(32,3)(19,3)(19,21)(14,21)(14,9)(0,9)
Polygon:
(0,0)(37,0)(37,14)(21,14)(21,16)(17,16)(17,9)(0,9)
Polygon:
(0,0)(35,0)(35,27)(24,27)(24,28)(17,28)(17,15)(0,15)
Polygon:
(0,0)(27,0)(27,28)(22,28)(22,29)(15,29)(15,11)(0,11)
Polygon:
(0,0)(38,0)(38,17)(27,17)(27,27)(15,27)(15,16)(0,16)
Polygon:
(0,0)(17,0)(17,20)(10,20)(10,22)(9,22)(9,9)(0,9)
Polygon:
(0,0)(39,0)(39,7)(21,7)(21,18)(18,18)(18,8)(0,8)
Polygon:
(0,0)(16,0)(16,11)(8,11)(8,23)(1,23)(1,14)(0,14)
Polygon:
(0,0)(34,0)(34,21)(20,21)(20,27)(6,27)(6,17)(0,17)
Polygon:
(0,0)(17,0)(17,3)(10,3)(10,17)(5,17)(5,14)(0,14)
Polygon:
(0,0)(28,0)(28,19)(24,19)(24,27)(14,27)(14,14)(0,14)
Polygon:
(0,0)(29,0)(29,12)(11,12)(11,23)(9,23)(9,5)(0,5)
Polygon:
(0,0)(36,0)(36,17)(18,17)(18,23)(2,23)(2,10)(0,10)
Polygon:
(0,0)(24,0)(24,10)(12,10)(12,23)(4,23)(4,13)(0,13)
Polygon:
(0,0)(18,0)(18,6)(10,6)(10,20)(7,20)(7,8)(0,8)
Polygon:
(0,0)(25,0)(25,30)(8,30)(8,35)(7,35)(7,18)(0,18)
Polygon:
(0,0)(34,0)(34,5)(22,5)(22,23)(7,23)(7,7)(0,7)
Polygon:
(0,0)(40,0)(40,12)(26,12)(26,24)(18,24)(18,6)(0,6)
Polygon:
(0,0)(29,0)(29,17)(13,17)(13,22)(10,22)(10,17)(0,17)
Polygon:
(0,0)(35,0)(35,17)(34,17)(34,27)(18,27)(18,10)(0,10)
Polygon:
(0,0)(37,0)(37,27)(19,27)(19,29)(9,29)(9,13)(0,13)
Polygon:
(0,0)(31,0)(31,7)(22,7)(22,12)(12,12)(12,5)(0,5)
Polygon:
(0,0)(31,0)(31,5)(25,5)(25,14)(17,14)(17,6)(0,6)
Polygon:
(0,0)(38,0)(38,4)(20,4)(20,21)(16,21)(16,14)(0,14)
Polygon:
(0,0)(23,0)(23,15)(7,15)(7,18)(6,18)(6,3)(0,3)
Polygon:
(0,0)(21,0)(21,23)(15,23)(15,26)(7,26)(7,9)(0,9)
Polygon:
(0,0)(41,0)(41,5)(32,5)(32,10)(15,10)(15,2)(0,2)
Polygon:
(0,0)(17,0)(17,6)(7,6)(7,15)(6,15)(6,8)(0,8)
Polygon:
(0,0)(33,0)(33,10)(19,10)(19,28)(18,28)(18,18)(0,18)
Polygon:
(0,0)(16,0)(16,15)(15,15)(15,27)(8,27)(8,12)(0,12)
Polygon:
(0,0)(38,0)(38,4)(26,4)(26,12)(9,12)(9,11)(0,11)
Polygon:
(0,0)(27,0)(27,5)(22,5)(22,15)(11,15)(11,2)(0,2)
Polygon:
(0,0)(26,0)(26,21)(19,21)(19,24)(5,24)(5,8)(0,8)
Polygon:
(0,0)(38,0)(38,6)(21,6)(21,19)(10,19)(10,6)(0,6)
Polygon:
(0,0)(19,0)(19,24)(11,24)(11,27)(5,27)(5,18)(0,18)
Polygon:
(0,0)(34,0)(34,7)(28,7)(28,14)(15,14)(15,2)(0,2)
Polygon:
(0,0)(13,0)(13,19)(10,19)(10,22)(4,22)(4,5)(0,5)
Polygon:
(0,0)(14,0)(14,10)(11,10)(11,14)(7,14)(7,4)(0,4)
Polygon:
(0,0)(19,0)(19,12)(16,12)(16,20)(8,20)(8,13)(0,13)
Polygon:
(0,0)(44,0)(44,10)(32,10)(32,28)(18,28)(18,14)(0,14)
Polygon:
(0,0)(32,0)(32,4)(29,4)(29,16)(11,16)(11,7)(0,7)
Polygon:
(0,0)(30,0)(30,17)(13,17)(13,30)(2,30)(2,18)(0,18)
Polygon:
(0,0)(27,0)(27,16)(21,16)(21,32)(16,32)(16,15)(0,15)
Polygon:
(0,0)(14,0)(14,12)(13,12)(13,17)(10,17)(10,1)(0,1)
Polygon:
(0,0)(15,0)(15,10)(5,10)(5,17)(3,17)(3,11)(0,11)
Polygon:
(0,0)(16,0)(16,21)(11,21)(11,34)(7,34)(7,16)(0,16)
Polygon:
(0,0)(24,0)(24,25)(18,25)(18,26)(9,26)(9,10)(0,10)
Polygon:
(0,0)(25,0)(25,15)(18,15)(18,22)(17,22)(17,6)(0,6)
Polygon:
(0,0)(26,0)(26,14)(14,14)(14,30)(5,30)(5,13)(0,13)
Polygon:
(0,0)(36,0)(36,21)(19,21)(19,29)(17,29)(17,11)(0,11)
Polygon:
(0,0)(40,0)(40,25)(32,25)(32,28)(14,28)(14,12)(0,12)
Polygon:
(0,0)(31,0)(31,23)(21,23)(21,26)(12,26)(12,10)(0,10)
Polygon:
(0,0)(36,0)(36,3)(24,3)(24,7)(10,7)(10,2)(0,2)
Polygon:
(0,0)(25,0)(25,8)(10,8)(10,14)(1,14)(1,9)(0,9)
Polygon:
(0,0)(19,0)(19,11)(13,11)(13,18)(3,18)(3,15)(0,15)
Polygon:
(0,0)(15,0)(15,8)(11,8)(11,19)(1,19)(1,2)(0,2)
Polygon:
(0,0)(22,0)(22,11)(19,11)(19,22)(12,22)(12,10)(0,10)
Polygon:
(0,0)(31,0)(31,18)(27,18)(27,24)(15,24)(15,8)(0,8)
Polygon:
(0,0)(36,0)(36,10)(30,10)(30,11)(15,11)(15,1)(0,1)
Polygon:
(0,0)(22,0)(22,9)(19,9)(19,24)(2,24)(2,17)(0,17)
Polygon:
(0,0)(15,0)(15,12)(12,12)(12,21)(5,21)(5,7)(0,7)
Polygon:
(0,0)(33,0)(33,20)(23,20)(23,21)(8,21)(8,13)(0,13)
Polygon:
(0,0)(35,0)(35,12)(22,12)(22,17)(13,17)(13,3)(0,3)
Polygon:
(0,0)(32,0)(32,8)(14,8)(14,16)(10,16)(10,13)(0,13)
Polygon:
(0,0)(32,0)(32,17)(29,17)(29,18)(13,18)(13,8)(0,8)
Polygon:
(0,0)(46,0)(46,27)(33,27)(33,34)(17,34)(17,17)(0,17)
Polygon:
(0,0)(21,0)(21,15)(12,15)(12,19)(7,19)(7,3)(0,3)
Polygon:
(0,0)(38,0)(38,22)(30,22)(30,31)(16,31)(16,13)(0,13)
Polygon:
(0,0)(35,0)(35,7)(26,7)(26,21)(15,21)(15,5)(0,5)
Polygon:
(0,0)(29,0)(29,15)(19,15)(19,18)(3,18)(3,16)(0,16)
Polygon:
(0,0)(29,0)(29,7)(16,7)(16,17)(5,17)(5,16)(0,16)
Polygon:
(0,0)(9,0)(9,18)(5,18)(5,34)(3,34)(3,16)(0,16)
Polygon:
(0,0)(33,0)(33,18)(19,18)(19,21)(18,21)(18,4)(0,4)
Polygon:
(0,0)(35,0)(35,5)(28,5)(28,15)(13,15)(13,4)(0,4)
Polygon:
(0,0)(39,0)(39,20)(31,20)(31,26)(13,26)(13,8)(0,8)
Polygon:
(0,0)(24,0)(24,6)(18,6)(18,15)(9,15)(9,8)(0,8)
Polygon:
(0,0)(36,0)(36,10)(32,10)(32,14)(14,14)(14,11)(0,11)
Polygon:
(0,0)(36,0)(36,14)(29,14)(29,20)(18,20)(18,18)(0,18)
Polygon:
(0,0)(46,0)(46,15)(29,15)(29,23)(12,23)(12,6)(0,6)
Polygon:
(0,0)(46,0)(46,7)(28,7)(28,21)(16,21)(16,14)(0,14)
Polygon:
(0,0)(39,0)(39,13)(32,13)(32,18)(15,18)(15,10)(0,10)
Polygon:
(0,0)(19,0)(19,10)(13,10)(13,17)(8,17)(8,3)(0,3)
Polygon:
(0,0)(25,0)(25,5)(24,5)(24,12)(6,12)(6,5)(0,5)
Polygon:
(0,0)(24,0)(24,5)(7,5)(7,15)(2,15)(2,5)(0,5)
Polygon:
(0,0)(21,0)(21,13)(14,13)(14,17)(10,17)(10,16)(0,16)
Polygon:
(0,0)(18,0)(18,23)(11,23)(11,29)(8,29)(8,14)(0,14)
Polygon:
(0,0)(28,0)(28,11)(12,11)(12,24)(11,24)(11,18)(0,18)
Polygon:
(0,0)(32,0)(32,11)(21,11)(21,25)(4,25)(4,17)(0,17)
Polygon:
(0,0)(30,0)(30,4)(24,4)(24,16)(6,16)(6,14)(0,14)
Polygon:
(0,0)(15,0)(15,7)(7,7)(7,11)(6,11)(6,3)(0,3)
Polygon:
(0,0)(32,0)(32,11)(26,11)(26,17)(14,17)(14,5)(0,5)
Polygon:
(0,0)(32,0)(32,16)(21,16)(21,26)(13,26)(13,8)(0,8)
Polygon:
(0,0)(28,0)(28,13)(14,13)(14,20)(5,20)(5,4)(0,4)
Polygon:
(0,0)(44,0)(44,4)(26,4)(26,17)(12,17)(12,16)(0,16)
Polygon:
(0,0)(27,0)(27,7)(14,7)(14,15)(3,15)(3,13)(0,13)
Polygon:
(0,0)(42,0)(42,8)(24,8)(24,11)(10,11)(10,3)(0,3)
Polygon:
(0,0)(29,0)(29,20)(19,20)(19,31)(1,31)(1,16)(0,16)
Polygon:
(0,0)(32,0)(32,17)(15,17)(15,19)(4,19)(4,3)(0,3)
Polygon:
(0,0)(16,0)(16,10)(15,10)(15,22)(11,22)(11,16)(0,16)
Polygon:
(0,0)(20,0)(20,10)(18,10)(18,27)(2,27)(2,14)(0,14)
Polygon:
(0,0)(21,0)(21,18)(3,18)(3,21)(2,21)(2,14)(0,14)
Polygon:
(0,0)(31,0)(31,25)(30,25)(30,33)(12,33)(12,17)(0,17)
Polygon:
(0,0)(22,0)(22,9)(7,9)(7,19)(4,19)(4,10)(0,10)
Polygon:
(0,0)(29,0)(29,11)(19,11)(19,14)(2,14)(2,12)(0,12)
Polygon:
(0,0)(34,0)(34,10)(26,10)(26,20)(16,20)(16,9)(0,9)
Polygon:
(0,0)(21,0)(21,27)(19,27)(19,32)(17,32)(17,15)(0,15)
Polygon:
(0,0)(30,0)(30,16)(17,16)(17,20)(9,20)(9,8)(0,8)
Polygon:
(0,0)(45,0)(45,6)(27,6)(27,15)(13,15)(13,1)(0,1)
Polygon:
(0,0)(30,0)(30,34)(13,34)(13,35)(1,35)(1,18)(0,18)
Polygon:
(0,0)(41,0)(41,8)(27,8)(27,16)(13,16)(13,15)(0,15)
Polygon:
(0,0)(27,0)(27,2)(16,2)(16,12)(3,12)(3,9)(0,9)
Polygon:
(0,0)(31,0)(31,15)(21,15)(21,18)(8,18)(8,15)(0,15)
Polygon:
(0,0)(27,0)(27,16)(26,16)(26,33)(14,33)(14,17)(0,17)
Polygon:
(0,0)(40,0)(40,16)(33,16)(33,5)(16,5)(16,13)(0,13)
Polygon:
(0,0)(16,0)(16,9)(7,9)(7,13)(0,13)
Polygon:
(0,0)(7,0)(7,1)(0,1)
Polygon:
(0,0)(15,0)(15,1)(4,1)(4,3)(0,3)
Polygon:
(0,0)(21,0)(21,14)(4,14)(4,19)(0,19)
Polygon:
(0,0)(2,0)(2,9)(0,9)
Polygon:
(0,0)(6,0)(6,17)(0,17)
Polygon:
(0,0)(15,0)(15,14)(0,14)
Polygon:
(0,0)(1,0)(1,3)(0,3)
Polygon:
(0,0)(16,0)(16,10)(5,10)(5,19)(0,19)
Polygon:
(0,0)(11,0)(11,2)(0,2)
Polygon:
(0,0)(15,0)(15,17)(0,17)
Polygon:
(0,0)(8,0)(8,16)(0,16)
Polygon:
(0,0)(17,0)(17,15)(0,15)
Polygon:
(0,0)(19,0)(19,21)(15,21)(15,11)(2,11)(2,17)(0,17)
Polygon:
(0,0)(13,0)(13,2)(0,2)
Polygon:
(0,0)(37,0)(37,11)(20,11)(20,2)(11,2)(11,12)(0,12)
Polygon:
(0,0)(10,0)(10,7)(2,7)(2,18)(0,18)
Polygon:
(0,0)(18,0)(18,11)(0,11)
Polygon:
(0,0)(10,0)(10,12)(0,12)
Polygon:
(0,0)(35,0)(35,19)(19,19)(19,1)(17,1)(17,6)(0,6)
Polygon:
(0,0)(17,0)(17,2)(0,2)
Polygon:
(0,0)(18,0)(18,14)(0,14)
Polygon:
(0,0)(13,0)(13,15)(0,15)
Polygon:
(0,0)(11,0)(11,8)(0,8)
Polygon:
(0,0)(34,0)(34,21)(16,21)(16,11)(3,11)(3,14)(0,14)
Polygon:
(0,0)(4,0)(4,2)(0,2)
Polygon:
(0,0)(15,0)(15,13)(0,13)
Polygon:
(0,0)(13,0)(13,2)(3,2)(3,15)(0,15)
Polygon:
(0,0)(13,0)(13,18)(0,18)
Polygon:
(0,0)(18,0)(18,9)(0,9)
Polygon:
(0,0)(3,0)(3,8)(0,8)
Polygon:
(0,0)(14,0)(14,5)(0,5)
Polygon:
(0,0)(5,0)(5,6)(0,6)
Polygon:
(0,0)(16,0)(16,5)(0,5)
Polygon:
(0,0)(11,0)(11,3)(7,3)(7,8)(0,8)
Polygon:
(0,0)(9,0)(9,18)(0,18)
Polygon:
(0,0)(9,0)(9,3)(0,3)
Polygon:
(0,0)(19,0)(19,23)(18,23)(18,7)(14,7)(14,18)(0,18)
Polygon:
(0,0)(27,0)(27,8)(17,8)(17,14)(0,14)
Polygon:
(0,0)(25,0)(25,7)(17,7)(17,3)(12,3)(12,9)(0,9)
Polygon:
(0,0)(10,0)(10,5)(9,5)(9,12)(0,12)
Polygon:
(0,0)(8,0)(8,16)(0,16)
Polygon:
(0,0)(9,0)(9,9)(7,9)(7,27)(0,27)
Polygon:
(0,0)(15,0)(15,9)(0,9)
Polygon:
(0,0)(9,0)(9,17)(4,17)(4,35)(0,35)
Polygon:
(0,0)(14,0)(14,9)(6,9)(6,5)(1,5)(1,8)(0,8)
Polygon:
(0,0)(10,0)(10,2)(0,2)
Polygon:
(0,0)(3,0)(3,2)(0,2)
Polygon:
(0,0)(8,0)(8,15)(0,15)
Polygon:
(0,0)(16,0)(16,16)(0,16)
Polygon:
(0,0)(3,0)(3,6)(0,6)
Polygon:
(0,0)(17,0)(17,13)(0,13)
Polygon:
(0,0)(5,0)(5,16)(0,16)
Polygon:
(0,0)(14,0)(14,16)(0,16)
Polygon:
(0,0)(16,0)(16,8)(0,8)
Polygon:
(0,0)(16,0)(16,2)(6,2)(6,19)(0,19)
Polygon:
(0,0)(29,0)(29,4)(11,4)(11,13)(0,13)
Polygon:
(0,0)(11,0)(11,16)(0,16)
Polygon:
(0,0)(13,0)(13,15)(0,15)
Polygon:
(0,0)(17,0)(17,16)(2,16)(2,27)(0,27)
Polygon:
(0,0)(32,0)(32,10)(25,10)(25,3)(8,3)(8,16)(0,16)
Polygon:
(0,0)(18,0)(18,2)(0,2)
Polygon:
(0,0)(2,0)(2,10)(0,10)
Polygon:
(0,0)(4,0)(4,11)(0,11)
Polygon:
(0,0)(15,0)(15,2)(0,2)
Polygon:
(0,0)(18,0)(18,7)(9,7)(9,10)(0,10)
Polygon:
(0,0)(5,0)(5,16)(0,16)
Polygon:
(0,0)(15,0)(15,5)(10,5)(10,19)(0,19)
Polygon:
(0,0)(15,0)(15,10)(11,10)(11,20)(0,20)
Polygon:
(0,0)(7,0)(7,13)(0,13)
Polygon:
(0,0)(22,0)(22,22)(16,22)(16,8)(14,8)(14,16)(0,16)
Polygon:
(0,0)(22,0)(22,4)(4,4)(4,21)(0,21)
Polygon:
(0,0)(5,0)(5,9)(0,9)
Polygon:
(0,0)(12,0)(12,11)(0,11)
Polygon:
(0,0)(18,0)(18,16)(0,16)
Polygon:
(0,0)(24,0)(24,5)(15,5)(15,18)(0,18)
Polygon:
(0,0)(19,0)(19,17)(17,17)(17,33)(0,33)
Polygon:
(0,0)(15,0)(15,7)(5,7)(5,24)(0,24)
Polygon:
(0,0)(37,0)(37,20)(29,20)(29,6)(16,6)(16,12)(0,12)
Polygon:
(0,0)(12,0)(12,5)(0,5)
Polygon:
(0,0)(5,0)(5,3)(0,3)
Polygon:
(0,0)(28,0)(28,1)(18,1)(18,13)(0,13)
Polygon:
(0,0)(12,0)(12,18)(0,18)
Polygon:
(0,0)(37,0)(37,28)(22,28)(22,16)(13,16)(13,17)(0,17)
Polygon:
(0,0)(21,0)(21,12)(19,12)(19,9)(18,9)(18,11)(0,11)
Polygon:
(0,0)(24,0)(24,15)(11,15)(11,18)(0,18)
Polygon:
(0,0)(2,0)(2,13)(0,13)
Polygon:
(0,0)(13,0)(13,11)(0,11)
Polygon:
(0,0)(4,0)(4,14)(0,14)
Polygon:
(0,0)(6,0)(6,8)(0,8)
Polygon:
(0,0)(14,0)(14,2)(0,2)
Polygon:
(0,0)(16,0)(16,11)(0,11)
Polygon:
(0,0)(39,0)(39,14)(22,14)(22,8)(12,8)(12,17)(0,17)
Polygon:
(0,0)(28,0)(28,10)(16,10)(16,16)(0,16)
Polygon:
(0,0)(9,0)(9,11)(0,11)
Polygon:
(0,0)(19,0)(19,18)(3,18)(3,31)(0,31)
Polygon:
(0,0)(21,0)(21,3)(14,3)(14,4)(0,4)
Polygon:
(0,0)(17,0)(17,10)(13,10)(13,12)(0,12)
Polygon:
(0,0)(24,0)(24,18)(7,18)(7,9)(1,9)(1,15)(0,15)
Polygon:
(0,0)(7,0)(7,4)(0,4)
Polygon:
(0,0)(21,0)(21,7)(12,7)(12,23)(0,23)
Polygon:
(0,0)(5,0)(5,1)(0,1)
Polygon:
(0,0)(27,0)(27,4)(12,4)(12,11)(0,11)
Polygon:
(0,0)(15,0)(15,4)(0,4)
Polygon:
(0,0)(19,0)(19,1)(14,1)(14,11)(0,11)
Polygon:
(0,0)(35,0)(35,20)(17,20)(17,14)(8,14)(8,17)(0,17)
Polygon:
(0,0)(7,0)(7,17)(0,17)
Polygon:
(0,0)(18,0)(18,7)(0,7)
Polygon:
(0,0)(46,0)(46,21)(30,21)(30,9)(18,9)(18,11)(0,11)
Polygon:
(0,0)(27,0)(27,5)(14,5)(14,8)(0,8)
Polygon:
(0,0)(9,0)(9,3)(1,3)(1,15)(0,15)
Polygon:
(0,0)(23,0)(23,7)(20,7)(20,5)(16,5)(16,9)(0,9)
Polygon:
(0,0)(11,0)(11,2)(8,2)(8,19)(0,19)
Polygon:
(0,0)(42,0)(42,17)(28,17)(28,7)(18,7)(18,10)(0,10)
Polygon:
(0,0)(3,0)(3,13)(0,13)
Polygon:
(0,0)(14,0)(14,1)(0,1)
Polygon:
(0,0)(10,0)(10,11)(0,11)
Polygon:
(0,0)(5,0)(5,9)(0,9)
Polygon:
(0,0)(14,0)(14,3)(0,3)
Polygon:
(0,0)(6,0)(6,2)(0,2)
Polygon:
(0,0)(8,0)(8,10)(0,10)
Polygon:
(0,0)(29,0)(29,21)(26,21)(26,13)(9,13)(9,17)(0,17)
Polygon:
(0,0)(9,0)(9,17)(0,17)
Polygon:
(0,0)(5,0)(5,3)(0,3)
Polygon:
(0,0)(43,0)(43,6)(26,6)(26,2)(11,2)(11,18)(0,18)
Polygon:
(0,0)(24,0)(24,20)(18,20)(18,2)(14,2)(14,9)(0,9)
Polygon:
(0,0)(43,0)(43,15)(28,15)(28,2)(18,2)(18,10)(0,10)
Polygon:
(0,0)(17,0)(17,1)(0,1)
Polygon:
(0,0)(12,0)(12,9)(0,9)
Polygon:
(0,0)(23,0)(23,7)(5,7)(5,17)(0,17)
Polygon:
(0,0)(15,0)(15,8)(0,8)
Polygon:
(0,0)(14,0)(14,13)(0,13)
Polygon:
(0,0)(1,0)(1,16)(0,16)
Polygon:
(0,0)(26,0)(26,14)(11,14)(11,23)(0,23)
Polygon:
(0,0)(28,0)(28,17)(23,17)(23,1)(17,1)(17,7)(0,7)
Polygon:
(0,0)(17,0)(17,3)(0,3)
Polygon:
(0,0)(43,0)(43,17)(29,17)(29,6)(13,6)(13,11)(0,11)
Polygon:
(0,0)(12,0)(12,13)(0,13)
Polygon:
(0,0)(10,0)(10,11)(7,11)(7,20)(0,20)
Polygon:
(0,0)(16,0)(16,1)(0,1)
Polygon:
(0,0)(11,0)(11,13)(6,13)(6,16)(0,16)
Polygon:
(0,0)(4,0)(4,12)(0,12)
Polygon:
(0,0)(15,0)(15,1)(0,1)
Polygon:
(0,0)(33,0)(33,19)(25,19)(25,9)(8,9)(8,11)(0,11)
Polygon:
(0,0)(10,0)(10,13)(0,13)
Polygon:
(0,0)(5,0)(5,3)(0,3)
Polygon:
(0,0)(1,0)(1,16)(0,16)
Polygon:
(0,0)(8,0)(8,10)(0,10)
Polygon:
(0,0)(15,0)(15,14)(0,14)
Polygon:
(0,0)(16,0)(16,9)(0,9)
Polygon:
(0,0)(4,0)(4,12)(0,12)
Polygon:
(0,0)(25,0)(25,8)(7,8)(7,12)(0,12)
Polygon:
(0,0)(20,0)(20,4)(15,4)(15,11)(0,11)
Polygon:
(0,0)(19,0)(19,11)(13,11)(13,2)(12,2)(12,5)(0,5)
Polygon:
(0,0)(3,0)(3,8)(0,8)
Polygon:
(0,0)(25,0)(25,12)(18,12)(18,10)(3,10)(3,16)(0,16)
Polygon:
(0,0)(10,0)(10,15)(0,15)
Polygon:
(0,0)(11,0)(11,15)(0,15)
Polygon:
(0,0)(31,0)(31,16)(17,16)(17,28)(0,28)
Polygon:
(0,0)(5,0)(5,11)(0,11)
Polygon:
(0,0)(5,0)(5,7)(0,7)
Polygon:
(0,0)(6,0)(6,10)(0,10)
Polygon:
(0,0)(16,0)(16,3)(8,3)(8,6)(0,6)
Polygon:
(0,0)(31,0)(31,3)(13,3)(13,7)(0,7)
Polygon:
(0,0)(6,0)(6,18)(0,18)
Polygon:
(0,0)(9,0)(9,1)(2,1)(2,10)(0,10)
Polygon:
(0,0)(10,0)(10,12)(3,12)(3,29)(0,29)
Polygon:
(0,0)(7,0)(7,2)(0,2)
Polygon:
(0,0)(11,0)(11,6)(0,6)
Polygon:
(0,0)(13,0)(13,17)(3,17)(3,31)(0,31)
Polygon:
(0,0)(10,0)(10,13)(0,13)
Polygon:
(0,0)(14,0)(14,9)(0,9)
Polygon:
(0,0)(8,0)(8,15)(0,15)
Polygon:
(0,0)(14,0)(14,10)(11,10)(11,11)(0,11)
Polygon:
(0,0)(6,0)(6,10)(0,10)
Polygon:
(0,0)(17,0)(17,6)(0,6)
Polygon:
(0,0)(12,0)(12,15)(5,15)(5,32)(0,32)
Polygon:
(0,0)(1,0)(1,6)(0,6)
Polygon:
(0,0)(6,0)(6,18)(0,18)
Polygon:
(0,0)(15,0)(15,6)(10,6)(10,5)(2,5)(2,14)(0,14)
Polygon:
(0,0)(10,0)(10,18)(0,18)
Polygon:
(0,0)(15,0)(15,24)(11,24)(11,13)(6,13)(6,21)(0,21)
Polygon:
(0,0)(17,0)(17,7)(0,7)
Polygon:
(0,0)(27,0)(27,8)(18,8)(18,6)(17,6)(17,9)(0,9)
Polygon:
(0,0)(8,0)(8,7)(0,7)
Polygon:
(0,0)(9,0)(9,14)(0,14)
Polygon:
(0,0)(11,0)(11,16)(0,16)
Polygon:
(0,0)(33,0)(33,18)(16,18)(16,1)(11,1)(11,15)(0,15)
Polygon:
(0,0)(13,0)(13,4)(0,4)
Polygon:
(0,0)(9,0)(9,11)(0,11)
Polygon:
(0,0)(18,0)(18,14)(17,14)(17,23)(0,23)
Polygon:
(0,0)(18,0)(18,14)(0,14)
Polygon:
(0,0)(6,0)(6,9)(0,9)
Polygon:
(0,0)(14,0)(14,7)(1,7)(1,12)(0,12)
Polygon:
(0,0)(6,0)(6,6)(1,6)(1,8)(0,8)
Polygon:
(0,0)(16,0)(16,16)(3,16)(3,20)(0,20)
Polygon:
(0,0)(15,0)(15,9)(0,9)
Polygon:
(0,0)(18,0)(18,8)(0,8)
Polygon:
(0,0)(12,0)(12,1)(0,1)
Polygon:
(0,0)(16,0)(16,10)(13,10)(13,18)(0,18)
Polygon:
(0,0)(3,0)(3,5)(0,5)
Polygon:
(0,0)(14,0)(14,13)(8,13)(8,27)(0,27)
Polygon:
(0,0)(4,0)(4,10)(0,10)
Polygon:
(0,0)(8,0)(8,16)(0,16)
Polygon:
(0,0)(27,0)(27,14)(9,14)(9,10)(5,10)(5,15)(0,15)
Polygon:
(0,0)(21,0)(21,3)(8,3)(8,7)(0,7)
Polygon:
(0,0)(13,0)(13,12)(0,12)
Polygon:
(0,0)(17,0)(17,10)(0,10)
Polygon:
(0,0)(31,0)(31,8)(17,8)(17,7)(4,7)(4,14)(0,14)
Polygon:
(0,0)(22,0)(22,16)(12,16)(12,32)(0,32)
Polygon:
(0,0)(2,0)(2,3)(0,3)
Polygon:
(0,0)(18,0)(18,5)(0,5)
Polygon:
(0,0)(6,0)(6,15)(0,15)
Polygon:
(0,0)(9,0)(9,5)(0,5)
Polygon:
(0,0)(28,0)(28,3)(15,3)(15,8)(0,8)
Polygon:
(0,0)(24,0)(24,6)(10,6)(10,16)(0,16)
Polygon:
(0,0)(5,0)(5,12)(0,12)
Polygon:
(0,0)(21,0)(21,10)(18,10)(18,13)(0,13)
Polygon:
(0,0)(13,0)(13,18)(0,18)
Polygon:
(0,0)(9,0)(9,4)(5,4)(5,17)(0,17)
Polygon:
(0,0)(21,0)(21,3)(9,3)(9,11)(0,11)
Polygon:
(0,0)(9,0)(9,15)(0,15)
Polygon:
(0,0)(8,0)(8,4)(0,4)
Polygon:
(0,0)(33,0)(33,12)(17,12)(17,9)(6,9)(6,11)(0,11)
Polygon:
(0,0)(21,0)(21,5)(12,5)(12,12)(0,12)
Polygon:
(0,0)(11,0)(11,16)(0,16)
Polygon:
(0,0)(3,0)(3,3)(0,3)
Polygon:
(0,0)(8,0)(8,12)(0,12)
Polygon:
(0,0)(12,0)(12,17)(0,17)
Polygon:
(0,0)(15,0)(15,17)(13,17)(13,34)(0,34)
Polygon:
(0,0)(11,0)(11,8)(5,8)(5,16)(0,16)
Polygon:
(0,0)(35,0)(35,29)(18,29)(18,11)(12,11)(12,15)(0,15)
Polygon:
(0,0)(35,0)(35,11)(28,11)(28,7)(13,7)(13,17)(0,17)
Polygon:
(0,0)(25,0)(25,9)(12,9)(12,1)(1,1)(1,8)(0,8)
Polygon:
(0,0)(17,0)(17,8)(0,8)
Polygon:
(0,0)(39,0)(39,11)(26,11)(26,3)(13,3)(13,8)(0,8)
Polygon:
(0,0)(18,0)(18,23)(16,23)(16,5)(3,5)(3,6)(0,6)
Polygon:
(0,0)(4,0)(4,1)(0,1)
Polygon:
(0,0)(9,0)(9,15)(0,15)
Polygon:
(0,0)(11,0)(11,1)(0,1)
Polygon:
(0,0)(32,0)(32,11)(19,11)(19,10)(15,10)(15,13)(0,13)
Polygon:
(0,0)(21,0)(21,12)(11,12)(11,20)(0,20)
Polygon:
(0,0)(8,0)(8,6)(0,6)
Polygon:
(0,0)(10,0)(10,16)(0,16)
Polygon:
(0,0)(31,0)(31,12)(18,12)(18,25)(0,25)
Polygon:
(0,0)(1,0)(1,18)(0,18)
Polygon:
(0,0)(24,0)(24,13)(13,13)(13,29)(0,29)
Polygon:
(0,0)(12,0)(12,10)(4,10)(4,25)(0,25)
Polygon:
(0,0)(18,0)(18,1)(0,1)
Polygon:
(0,0)(8,0)(8,17)(0,17)
Polygon:
(0,0)(27,0)(27,12)(14,12)(14,17)(0,17)
Polygon:
(0,0)(18,0)(18,9)(0,9)
Polygon:
(0,0)(13,0)(13,4)(10,4)(10,5)(0,5)
Polygon:
(0,0)(39,0)(39,24)(24,24)(24,14)(11,14)(11,16)(0,16)
Polygon:
(0,0)(4,0)(4,10)(0,10)
Polygon:
(0,0)(17,0)(17,12)(11,12)(11,30)(0,30)
Polygon:
(0,0)(28,0)(28,17)(17,17)(17,18)(0,18)
Polygon:
(0,0)(1,0)(1,16)(0,16)
Polygon:
(0,0)(30,0)(30,1)(18,1)(18,8)(0,8)
Polygon:
(0,0)(2,0)(2,18)(0,18)
Polygon:
(0,0)(6,0)(6,8)(0,8)
Polygon:
(0,0)(3,0)(3,18)(0,18)
Polygon:
(0,0)(16,0)(16,17)(15,17)(15,24)(0,24)
Polygon:
(0,0)(12,0)(12,7)(0,7)
Polygon:
(0,0)(28,0)(28,16)(22,16)(22,5)(5,5)(5,13)(0,13)
Polygon:
(0,0)(17,0)(17,10)(0,10)
Polygon:
(0,0)(5,0)(5,4)(0,4)
Polygon:
(0,0)(11,0)(11,8)(6,8)(6,14)(0,14)
Polygon:
(0,0)(11,0)(11,4)(0,4)
Polygon:
(0,0)(3,0)(3,3)(0,3)
Polygon:
(0,0)(18,0)(18,6)(15,6)(15,1)(5,1)(5,13)(0,13)
Polygon:
(0,0)(19,0)(19,2)(6,2)(6,14)(0,14)
Polygon:
(0,0)(16,0)(16,4)(0,4)
Polygon:
(0,0)(17,0)(17,1)(15,1)(15,16)(0,16)
Polygon:
(0,0)(14,0)(14,16)(0,16)
Polygon:
(0,0)(2,0)(2,15)(0,15)
Polygon:
(0,0)(2,0)(2,16)(0,16)
Polygon:
(0,0)(8,0)(8,17)(0,17)
Polygon:
(0,0)(18,0)(18,13)(0,13)
Polygon:
(0,0)(18,0)(18,2)(0,2)
Polygon:
(0,0)(8,0)(8,3)(0,3)
Polygon:
(0,0)(15,0)(15,7)(5,7)(5,11)(0,11)
Polygon:
(0,0)(16,0)(16,6)(14,6)(14,22)(0,22)
Polygon:
(0,0)(30,0)(30,19)(29,19)(29,1)(16,1)(16,16)(0,16)
Polygon:
(0,0)(13,0)(13,10)(5,10)(5,16)(0,16)
Polygon:
(0,0)(25,0)(25,19)(20,19)(20,1)(11,1)(11,7)(0,7)
Polygon:
(0,0)(9,0)(9,9)(0,9)
Polygon:
(0,0)(12,0)(12,9)(0,9)
Polygon:
(0,0)(9,0)(9,15)(3,15)(3,19)(0,19)
Polygon:
(0,0)(33,0)(33,12)(20,12)(20,10)(2,10)(2,16)(0,16)
Polygon:
(0,0)(31,0)(31,5)(16,5)(16,20)(0,20)
Polygon:
(0,0)(22,0)(22,6)(8,6)(8,22)(0,22)
Polygon:
(0,0)(16,0)(16,18)(0,18)
Polygon:
(0,0)(18,0)(18,11)(0,11)
Polygon:
(0,0)(13,0)(13,18)(0,18)
Polygon:
(0,0)(36,0)(36,9)(34,9)(34,2)(18,2)(18,3)(0,3)
Polygon:
(0,0)(17,0)(17,17)(14,17)(14,25)(0,25)
Polygon:
(0,0)(7,0)(7,14)(0,14)
Polygon:
(0,0)(25,0)(25,27)(12,27)(12,10)(1,10)(1,14)(0,14)
Polygon:
(0,0)(18,0)(18,6)(0,6)
Polygon:
(0,0)(6,0)(6,18)(0,18)
Polygon:
(0,0)(20,0)(20,8)(17,8)(17,2)(15,2)(15,5)(0,5)
Polygon:
(0,0)(6,0)(6,18)(0,18)
Polygon:
(0,0)(7,0)(7,16)(0,16)
Polygon:
(0,0)(2,0)(2,11)(0,11)
Polygon:
(0,0)(5,0)(5,16)(0,16)
Polygon:
(0,0)(32,0)(32,2)(15,2)(15,20)(0,20)
Polygon:
(0,0)(21,0)(21,13)(7,13)(7,14)(0,14)
Polygon:
(0,0)(19,0)(19,1)(13,1)(13,14)(0,14)
Polygon:
(0,0)(10,0)(10,10)(0,10)
Polygon:
(0,0)(3,0)(3,15)(0,15)
Polygon:
(0,0)(4,0)(4,6)(0,6)
Polygon:
(0,0)(33,0)(33,11)(25,11)(25,2)(15,2)(15,8)(0,8)
Polygon:
(0,0)(14,0)(14,16)(13,16)(13,27)(0,27)
Polygon:
(0,0)(13,0)(13,9)(0,9)
Polygon:
(0,0)(14,0)(14,18)(0,18)
Polygon:
(0,0)(5,0)(5,8)(4,8)(4,9)(0,9)
Polygon:
(0,0)(16,0)(16,14)(4,14)(4,16)(0,16)
Polygon:
(0,0)(17,0)(17,16)(0,16)
Polygon:
(0,0)(12,0)(12,13)(0,13)
Polygon:
(0,0)(16,0)(16,1)(12,1)(12,7)(0,7)
Polygon:
(0,0)(3,0)(3,14)(0,14)
Polygon:
(0,0)(28,0)(28,18)(11,18)(11,22)(0,22)
Polygon:
(0,0)(2,0)(2,10)(0,10)
Polygon:
(0,0)(26,0)(26,4)(14,4)(14,21)(0,21)
Polygon:
(0,0)(7,0)(7,1)(0,1)
Polygon:
(0,0)(15,0)(15,2)(0,2)
Polygon:
(0,0)(12,0)(12,3)(0,3)
Polygon:
(0,0)(18,0)(18,13)(2,13)(2,21)(0,21)
Polygon:
(0,0)(3,0)(3,15)(0,15)
Polygon:
(0,0)(9,0)(9,11)(7,11)(7,14)(0,14)
Polygon:
(0,0)(22,0)(22,13)(6,13)(6,19)(0,19)
Polygon:
(0,0)(4,0)(4,15)(0,15)
Polygon:
(0,0)(18,0)(18,15)(0,15)
Polygon:
(0,0)(28,0)(28,17)(18,17)(18,19)(0,19)
Polygon:
(0,0)(29,0)(29,7)(26,7)(26,1)(17,1)(17,2)(0,2)
Polygon:
(0,0)(14,0)(14,15)(6,15)(6,31)(0,31)
Polygon:
(0,0)(21,0)(21,12)(13,12)(13,20)(0,20)
Polygon:
(0,0)(13,0)(13,12)(8,12)(8,27)(0,27)
Polygon:
(0,0)(14,0)(14,4)(4,4)(4,12)(0,12)
Polygon:
(0,0)(8,0)(8,10)(0,10)
Polygon:
(0,0)(16,0)(16,16)(3,16)(3,18)(0,18)
Polygon:
(0,0)(2,0)(2,7)(0,7)
Polygon:
(0,0)(47,0)(47,7)(31,7)(31,4)(13,4)(13,11)(0,11)
Polygon:
(0,0)(1,0)(1,11)(0,11)
Polygon:
(0,0)(3,0)(3,14)(2,14)(2,3)(1,3)(1,5)(0,5)
Polygon:
(0,0)(14,0)(14,12)(0,12)
Polygon:
(0,0)(9,0)(9,14)(2,14)(2,23)(0,23)
Polygon:
(0,0)(5,0)(5,6)(1,6)(1,20)(0,20)
Polygon:
(0,0)(14,0)(14,15)(0,15)
Polygon:
(0,0)(17,0)(17,6)(6,6)(6,19)(0,19)
Polygon:
(0,0)(33,0)(33,14)(16,14)(16,5)(2,5)(2,18)(0,18)
Polygon:
(0,0)(36,0)(36,9)(23,9)(23,2)(11,2)(11,7)(0,7)
Polygon:
(0,0)(42,0)(42,16)(26,16)(26,4)(13,4)(13,12)(0,12)
Polygon:
(0,0)(24,0)(24,5)(22,5)(22,3)(5,3)(5,13)(0,13)
Polygon:
(0,0)(1,0)(1,15)(0,15)
Polygon:
(0,0)(4,0)(4,6)(0,6)
Polygon:
(0,0)(23,0)(23,20)(20,20)(20,7)(13,7)(13,18)(0,18)
Polygon:
(0,0)(12,0)(12,6)(0,6)
Polygon:
(0,0)(20,0)(20,16)(3,16)(3,18)(0,18)
Polygon:
(0,0)(13,0)(13,7)(0,7)
Polygon:
(0,0)(17,0)(17,8)(12,8)(12,11)(0,11)
Polygon:
(0,0)(27,0)(27,2)(17,2)(17,13)(0,13)
Polygon:
(0,0)(1,0)(1,15)(0,15)
Polygon:
(0,0)(31,0)(31,3)(17,3)(17,15)(0,15)
Polygon:
(0,0)(21,0)(21,9)(8,9)(8,24)(0,24)
Polygon:
(0,0)(5,0)(5,8)(1,8)(1,19)(0,19)
Polygon:
(0,0)(1,0)(1,18)(0,18)
Polygon:
(0,0)(22,0)(22,10)(8,10)(8,21)(0,21)
Polygon:
(0,0)(11,0)(11,16)(0,16)
Polygon:
(0,0)(1,0)(1,12)(0,12)
Polygon:
(0,0)(17,0)(17,3)(0,3)
Polygon:
(0,0)(5,0)(5,15)(0,15)
Polygon:
(0,0)(7,0)(7,1)(0,1)
Polygon:
(0,0)(1,0)(1,9)(0,9)
Polygon:
(0,0)(1,0)(1,17)(0,17)
Polygon:
(0,0)(7,0)(7,17)(0,17)
Polygon:
(0,0)(23,0)(23,13)(11,13)(11,26)(0,26)
Polygon:
(0,0)(6,0)(6,17)(0,17)
Polygon:
(0,0)(27,0)(27,14)(13,14)(13,18)(0,18)
Polygon:
(0,0)(12,0)(12,4)(0,4)
Polygon:
(0,0)(23,0)(23,1)(11,1)(11,19)(0,19)
Polygon:
(0,0)(16,0)(16,16)(7,16)(7,26)(0,26)
Polygon:
(0,0)(18,0)(18,14)(0,14)
Polygon:
(0,0)(10,0)(10,1)(0,1)
Polygon:
(0,0)(26,0)(26,24)(25,24)(25,7)(9,7)(9,11)(0,11)
Polygon:
(0,0)(13,0)(13,14)(0,14)
Polygon:
(0,0)(4,0)(4,4)(0,4)
Polygon:
(0,0)(12,0)(12,14)(9,14)(9,19)(0,19)
Polygon:
(0,0)(15,0)(15,11)(0,11)
Polygon:
(0,0)(24,0)(24,28)(10,28)(10,11)(7,11)(7,18)(0,18)
Polygon:
(0,0)(17,0)(17,8)(0,8)
Polygon:
(0,0)(20,0)(20,8)(11,8)(11,9)(0,9)
Polygon:
(0,0)(15,0)(15,1)(0,1)
Polygon:
(0,0)(7,0)(7,7)(0,7)
Polygon:
(0,0)(26,0)(26,23)(22,23)(22,12)(4,12)(4,17)(0,17)
Polygon:
(0,0)(24,0)(24,17)(13,17)(13,3)(7,3)(7,5)(0,5)
Polygon:
(0,0)(25,0)(25,15)(16,15)(16,6)(9,6)(9,10)(0,10)
Polygon:
(0,0)(13,0)(13,14)(0,14)
Polygon:
(0,0)(1,0)(1,18)(0,18)
Polygon:
(0,0)(17,0)(17,1)(0,1)
Polygon:
(0,0)(8,0)(8,9)(0,9)
Polygon:
(0,0)(16,0)(16,5)(0,5)
Polygon:
(0,0)(3,0)(3,5)(0,5)
Polygon:
(0,0)(15,0)(15,16)(12,16)(12,6)(10,6)(10,11)(0,11)
Polygon:
(0,0)(3,0)(3,18)(0,18)
Polygon:
(0,0)(7,0)(7,3)(5,3)(5,8)(0,8)
Polygon:
(0,0)(34,0)(34,6)(18,6)(18,12)(0,12)
Polygon:
(0,0)(3,0)(3,11)(0,11)
Polygon:
(0,0)(28,0)(28,22)(15,22)(15,9)(2,9)(2,17)(0,17)
Polygon:
(0,0)(10,0)(10,3)(0,3)
Polygon:
(0,0)(4,0)(4,15)(0,15)
Polygon:
(0,0)(4,0)(4,7)(0,7)
Polygon:
(0,0)(9,0)(9,18)(1,18)(1,22)(0,22)
Polygon:
(0,0)(24,0)(24,8)(11,8)(11,13)(0,13)
Polygon:
(0,0)(17,0)(17,4)(1,4)(1,12)(0,12)
Polygon:
(0,0)(10,0)(10,3)(0,3)
Polygon:
(0,0)(19,0)(19,1)(8,1)(8,2)(0,2)
Polygon:
(0,0)(29,0)(29,3)(17,3)(17,4)(0,4)
Polygon:
(0,0)(41,0)(41,21)(31,21)(31,6)(16,6)(16,11)(0,11)
Polygon:
(0,0)(13,0)(13,18)(0,18)
Polygon:
(0,0)(7,0)(7,18)(0,18)
Polygon:
(0,0)(18,0)(18,3)(0,3)
Polygon:
(0,0)(15,0)(15,11)(0,11)
Polygon:
(0,0)(27,0)(27,6)(11,6)(11,7)(0,7)
Polygon:
(0,0)(13,0)(13,12)(0,12)
Polygon:
(0,0)(47,0)(47,6)(30,6)(30,5)(18,5)(18,12)(0,12)
Polygon:
(0,0)(17,0)(17,8)(0,8)
Polygon:
(0,0)(36,0)(36,15)(29,15)(29,6)(15,6)(15,8)(0,8)
Polygon:
(0,0)(12,0)(12,6)(0,6)
Polygon:
(0,0)(24,0)(24,6)(8,6)(8,1)(7,1)(7,17)(0,17)
Polygon:
(0,0)(11,0)(11,18)(0,18)
Polygon:
(0,0)(33,0)(33,4)(17,4)(17,15)(0,15)
Polygon:
(0,0)(14,0)(14,2)(0,2)
Polygon:
(0,0)(18,0)(18,17)(6,17)(6,22)(0,22)
Polygon:
(0,0)(5,0)(5,12)(0,12)
Polygon:
(0,0)(2,0)(2,3)(0,3)
Polygon:
(0,0)(8,0)(8,5)(3,5)(3,22)(0,22)
Polygon:
(0,0)(11,0)(11,13)(0,13)
Polygon:
(0,0)(6,0)(6,16)(0,16)
Polygon:
(0,0)(15,0)(15,5)(0,5)
Polygon:
(0,0)(3,0)(3,16)(0,16)
Polygon:
(0,0)(38,0)(38,15)(30,15)(30,2)(12,2)(12,8)(0,8)
Polygon:
(0,0)(18,0)(18,9)(0,9)
Polygon:
(0,0)(12,0)(12,3)(4,3)(4,4)(0,4)
Polygon:
(0,0)(32,0)(32,4)(17,4)(17,18)(0,18)
Polygon:
(0,0)(5,0)(5,14)(0,14)
Polygon:
(0,0)(16,0)(16,10)(0,10)
Polygon:
(0,0)(23,0)(23,11)(18,11)(18,20)(0,20)
Polygon:
(0,0)(11,0)(11,12)(0,12)
Polygon:
(0,0)(10,0)(10,3)(0,3)
Polygon:
(0,0)(5,0)(5,16)(0,16)
Polygon:
(0,0)(30,0)(30,3)(12,3)(12,9)(0,9)
Polygon:
(0,0)(3,0)(3,16)(0,16)
Polygon:
(0,0)(17,0)(17,14)(12,14)(12,3)(4,3)(4,9)(0,9)
Polygon:
(0,0)(14,0)(14,10)(0,10)
Polygon:
(0,0)(14,0)(14,17)(11,17)(11,21)(0,21)
Polygon:
(0,0)(14,0)(14,5)(0,5)
Polygon:
(0,0)(26,0)(26,19)(21,19)(21,1)(6,1)(6,16)(0,16)
Polygon:
(0,0)(14,0)(14,11)(13,11)(13,19)(0,19)
Polygon:
(0,0)(5,0)(5,2)(0,2)
Polygon:
(0,0)(12,0)(12,7)(0,7)
Polygon:
(0,0)(16,0)(16,11)(0,11)
Polygon:
(0,0)(16,0)(16,2)(1,2)(1,17)(0,17)
Polygon:
(0,0)(8,0)(8,12)(0,12)
Polygon:
(0,0)(1,0)(1,3)(0,3)
Polygon:
(0,0)(28,0)(28,7)(15,7)(15,20)(0,20)
Polygon:
(0,0)(25,0)(25,14)(10,14)(10,29)(0,29)
Polygon:
(0,0)(2,0)(2,16)(0,16)
Polygon:
(0,0)(2,0)(2,7)(0,7)
Polygon:
(0,0)(20,0)(20,5)(14,5)(14,8)(0,8)
Polygon:
(0,0)(6,0)(6,1)(0,1)
Polygon:
(0,0)(25,0)(25,4)(12,4)(12,16)(0,16)
Polygon:
(0,0)(9,0)(9,11)(0,11)
Polygon:
(0,0)(28,0)(28,13)(15,13)(15,25)(0,25)
Polygon:
(0,0)(15,0)(15,2)(0,2)
Polygon:
(0,0)(7,0)(7,7)(0,7)
Polygon:
(0,0)(19,0)(19,16)(14,16)(14,1)(5,1)(5,14)(0,14)
Polygon:
(0,0)(43,0)(43,15)(29,15)(29,3)(11,3)(11,6)(0,6)
