Polygon:
(0,0)(7,0)(7,18)(0,18)
Polygon:
(0,0)(18,0)(18,16)(0,16)
Polygon:
(0,0)(11,0)(11,3)(0,3)
Polygon:
(0,0)(14,0)(14,9)(0,9)
Polygon:
(0,0)(34,0)(34,11)(17,11)(17,4)(15,4)(15,7)(0,7)
Polygon:
(0,0)(8,0)(8,13)(4,13)(4,20)(0,20)
Polygon:
(0,0)(25,0)(25,10)(16,10)(16,20)(0,20)
Polygon:
(0,0)(3,0)(3,6)(0,6)
Polygon:
(0,0)(17,0)(17,18)(0,18)
Polygon:
(0,0)(9,0)(9,10)(0,10)
Polygon:
(0,0)(11,0)(11,13)(0,13)
Polygon:
(0,0)(28,0)(28,2)(17,2)(17,9)(0,9)
Polygon:
(0,0)(18,0)(18,16)(8,16)(8,1)(7,1)(7,16)(0,16)
Polygon:
(0,0)(11,0)(11,12)(0,12)
Polygon:
(0,0)(7,0)(7,3)(0,3)
Polygon:
(0,0)(22,0)(22,10)(15,10)(15,16)(0,16)
Polygon:
(0,0)(4,0)(4,12)(0,12)
Polygon:
(0,0)(35,0)(35,6)(18,6)(18,9)(0,9)
Polygon:
(0,0)(6,0)(6,13)(0,13)
Polygon:
(0,0)(4,0)(4,5)(0,5)
Polygon:
(0,0)(48,0)(48,8)(31,8)(31,1)(18,1)(18,12)(0,12)
Polygon:
(0,0)(2,0)(2,3)(0,3)
Polygon:
(0,0)(7,0)(7,5)(0,5)
Polygon:
(0,0)(9,0)(9,17)(0,17)
Polygon:
(0,0)(12,0)(12,7)(0,7)
Polygon:
(0,0)(5,0)(5,10)(0,10)
Polygon:
(0,0)(11,0)(11,18)(0,18)
Polygon:
(0,0)(13,0)(13,1)(0,1)
Polygon:
(0,0)(5,0)(5,10)(0,10)
Polygon:
(0,0)(31,0)(31,6)(16,6)(16,23)(0,23)
Polygon:
(0,0)(8,0)(8,18)(0,18)
Polygon:
(0,0)(20,0)(20,6)(17,6)(17,21)(0,21)
Polygon:
(0,0)(18,0)(18,11)(0,11)
Polygon:
(0,0)(12,0)(12,9)(8,9)(8,26)(0,26)
Polygon:
(0,0)(24,0)(24,3)(18,3)(18,12)(0,12)
Polygon:
(0,0)(8,0)(8,5)(1,5)(1,12)(0,12)
Polygon:
(0,0)(27,0)(27,21)(19,21)(19,5)(17,5)(17,7)(0,7)
Polygon:
(0,0)(8,0)(8,9)(0,9)
Polygon:
(0,0)(15,0)(15,15)(0,15)
Polygon:
(0,0)(32,0)(32,18)(18,18)(18,19)(0,19)
Polygon:
(0,0)(19,0)(19,9)(10,9)(10,20)(0,20)
Polygon:
(0,0)(11,0)(11,8)(0,8)
Polygon:
(0,0)(2,0)(2,6)(0,6)
Polygon:
(0,0)(20,0)(20,4)(4,4)(4,19)(0,19)
Polygon:
(0,0)(1,0)(1,6)(0,6)
Polygon:
(0,0)(20,0)(20,2)(10,2)(10,8)(0,8)
Polygon:
(0,0)(13,0)(13,15)(0,15)
Polygon:
(0,0)(18,0)(18,5)(0,5)
Polygon:
(0,0)(16,0)(16,15)(1,15)(1,27)(0,27)
Polygon:
(0,0)(12,0)(12,9)(0,9)
Polygon:
(0,0)(21,0)(21,3)(15,3)(15,6)(0,6)
Polygon:
(0,0)(16,0)(16,9)(4,9)(4,27)(0,27)
Polygon:
(0,0)(37,0)(37,18)(19,18)(19,5)(15,5)(15,8)(0,8)
Polygon:
(0,0)(9,0)(9,7)(0,7)
Polygon:
(0,0)(29,0)(29,18)(15,18)(15,26)(0,26)
Polygon:
(0,0)(8,0)(8,8)(0,8)
Polygon:
(0,0)(10,0)(10,14)(0,14)
Polygon:
(0,0)(29,0)(29,10)(12,10)(12,28)(0,28)
Polygon:
(0,0)(8,0)(8,8)(0,8)
Polygon:
(0,0)(31,0)(31,15)(26,15)(26,9)(13,9)(13,13)(0,13)
Polygon:
(0,0)(4,0)(4,17)(0,17)
Polygon:
(0,0)(14,0)(14,14)(0,14)
Polygon:
(0,0)(24,0)(24,13)(17,13)(17,18)(0,18)
Polygon:
(0,0)(13,0)(13,7)(0,7)
Polygon:
(0,0)(2,0)(2,3)(0,3)
Polygon:
(0,0)(38,0)(38,15)(20,15)(20,6)(11,6)(11,7)(0,7)
Polygon:
(0,0)(9,0)(9,18)(3,18)(3,29)(0,29)
Polygon:
(0,0)(34,0)(34,9)(17,9)(17,17)(0,17)
Polygon:
(0,0)(9,0)(9,5)(0,5)
Polygon:
(0,0)(6,0)(6,18)(0,18)
Polygon:
(0,0)(32,0)(32,5)(18,5)(18,19)(0,19)
Polygon:
(0,0)(17,0)(17,1)(16,1)(16,11)(0,11)
Polygon:
(0,0)(11,0)(11,7)(0,7)
Polygon:
(0,0)(30,0)(30,21)(22,21)(22,5)(17,5)(17,9)(0,9)
Polygon:
(0,0)(7,0)(7,9)(0,9)
Polygon:
(0,0)(7,0)(7,9)(0,9)
Polygon:
(0,0)(11,0)(11,18)(0,18)
Polygon:
(0,0)(9,0)(9,12)(0,12)
Polygon:
(0,0)(5,0)(5,11)(0,11)
Polygon:
(0,0)(9,0)(9,2)(7,2)(7,20)(0,20)
Polygon:
(0,0)(11,0)(11,18)(0,18)
Polygon:
(0,0)(12,0)(12,4)(0,4)
Polygon:
(0,0)(7,0)(7,17)(0,17)
Polygon:
(0,0)(16,0)(16,11)(8,11)(8,19)(0,19)
Polygon:
(0,0)(8,0)(8,3)(0,3)
Polygon:
(0,0)(14,0)(14,1)(10,1)(10,7)(0,7)
Polygon:
(0,0)(10,0)(10,3)(0,3)
Polygon:
(0,0)(17,0)(17,3)(0,3)
Polygon:
(0,0)(11,0)(11,12)(0,12)
Polygon:
(0,0)(2,0)(2,1)(0,1)
Polygon:
(0,0)(28,0)(28,4)(17,4)(17,2)(3,2)(3,9)(0,9)
Polygon:
(0,0)(4,0)(4,16)(0,16)
Polygon:
(0,0)(10,0)(10,18)(0,18)
Polygon:
(0,0)(7,0)(7,11)(0,11)
Polygon:
(0,0)(7,0)(7,13)(0,13)
Polygon:
(0,0)(30,0)(30,17)(18,17)(18,13)(14,13)(14,16)(0,16)
Polygon:
(0,0)(3,0)(3,18)(0,18)
Polygon:
(0,0)(33,0)(33,15)(23,15)(23,10)(14,10)(14,15)(0,15)
Polygon:
(0,0)(36,0)(36,10)(25,10)(25,3)(14,3)(14,16)(0,16)
Polygon:
(0,0)(1,0)(1,18)(0,18)
Polygon:
(0,0)(13,0)(13,6)(0,6)
Polygon:
(0,0)(7,0)(7,8)(0,8)
Polygon:
(0,0)(14,0)(14,11)(12,11)(12,25)(0,25)
Polygon:
(0,0)(30,0)(30,18)(26,18)(26,5)(16,5)(16,13)(0,13)
Polygon:
(0,0)(41,0)(41,24)(24,24)(24,12)(15,12)(15,14)(0,14)
Polygon:
(0,0)(13,0)(13,6)(0,6)
Polygon:
(0,0)(16,0)(16,16)(1,16)(1,34)(0,34)
Polygon:
(0,0)(8,0)(8,18)(0,18)
Polygon:
(0,0)(40,0)(40,24)(22,24)(22,6)(6,6)(6,13)(0,13)
Polygon:
(0,0)(9,0)(9,16)(0,16)
Polygon:
(0,0)(19,0)(19,24)(11,24)(11,9)(5,9)(5,11)(0,11)
Polygon:
(0,0)(17,0)(17,10)(0,10)
Polygon:
(0,0)(23,0)(23,17)(20,17)(20,5)(14,5)(14,11)(0,11)
Polygon:
(0,0)(14,0)(14,12)(13,12)(13,13)(0,13)
Polygon:
(0,0)(4,0)(4,5)(0,5)
Polygon:
(0,0)(18,0)(18,2)(9,2)(9,15)(0,15)
Polygon:
(0,0)(16,0)(16,9)(6,9)(6,16)(0,16)
Polygon:
(0,0)(30,0)(30,19)(16,19)(16,4)(14,4)(14,5)(0,5)
Polygon:
(0,0)(2,0)(2,1)(0,1)
Polygon:
(0,0)(7,0)(7,11)(0,11)
Polygon:
(0,0)(12,0)(12,1)(0,1)
Polygon:
(0,0)(9,0)(9,2)(0,2)
Polygon:
(0,0)(9,0)(9,5)(0,5)
Polygon:
(0,0)(12,0)(12,12)(0,12)
Polygon:
(0,0)(8,0)(8,17)(0,17)
Polygon:
(0,0)(26,0)(26,17)(8,17)(8,29)(0,29)
Polygon:
(0,0)(24,0)(24,6)(8,6)(8,11)(0,11)
Polygon:
(0,0)(25,0)(25,2)(17,2)(17,15)(0,15)
Polygon:
(0,0)(18,0)(18,15)(11,15)(11,2)(1,2)(1,11)(0,11)
Polygon:
(0,0)(18,0)(18,17)(0,17)
Polygon:
(0,0)(9,0)(9,2)(0,2)
Polygon:
(0,0)(13,0)(13,4)(7,4)(7,5)(0,5)
Polygon:
(0,0)(6,0)(6,9)(0,9)
Polygon:
(0,0)(1,0)(1,16)(0,16)
Polygon:
(0,0)(4,0)(4,8)(0,8)
Polygon:
(0,0)(7,0)(7,18)(0,18)
Polygon:
(0,0)(14,0)(14,16)(0,16)
Polygon:
(0,0)(30,0)(30,1)(12,1)(12,8)(0,8)
Polygon:
(0,0)(25,0)(25,1)(8,1)(8,2)(0,2)
Polygon:
(0,0)(15,0)(15,7)(0,7)
Polygon:
(0,0)(6,0)(6,6)(1,6)(1,23)(0,23)
Polygon:
(0,0)(24,0)(24,1)(6,1)(6,3)(0,3)
Polygon:
(0,0)(12,0)(12,8)(0,8)
Polygon:
(0,0)(15,0)(15,9)(0,9)
Polygon:
(0,0)(21,0)(21,16)(15,16)(15,27)(0,27)
Polygon:
(0,0)(9,0)(9,4)(0,4)
Polygon:
(0,0)(14,0)(14,6)(0,6)
Polygon:
(0,0)(12,0)(12,8)(0,8)
Polygon:
(0,0)(5,0)(5,9)(0,9)
Polygon:
(0,0)(6,0)(6,13)(0,13)
Polygon:
(0,0)(15,0)(15,18)(0,18)
Polygon:
(0,0)(13,0)(13,13)(0,13)
Polygon:
(0,0)(35,0)(35,13)(18,13)(18,19)(0,19)
Polygon:
(0,0)(15,0)(15,10)(0,10)
Polygon:
(0,0)(23,0)(23,7)(19,7)(19,3)(13,3)(13,5)(0,5)
Polygon:
(0,0)(8,0)(8,15)(0,15)
Polygon:
(0,0)(7,0)(7,5)(0,5)
Polygon:
(0,0)(5,0)(5,13)(0,13)
Polygon:
(0,0)(18,0)(18,13)(0,13)
Polygon:
(0,0)(43,0)(43,21)(28,21)(28,13)(17,13)(17,15)(0,15)
Polygon:
(0,0)(4,0)(4,11)(0,11)
Polygon:
(0,0)(3,0)(3,4)(0,4)
Polygon:
(0,0)(15,0)(15,13)(14,13)(14,8)(10,8)(10,13)(0,13)
Polygon:
(0,0)(31,0)(31,7)(19,7)(19,6)(15,6)(15,14)(0,14)
Polygon:
(0,0)(21,0)(21,2)(4,2)(4,18)(0,18)
Polygon:
(0,0)(4,0)(4,7)(0,7)
Polygon:
(0,0)(27,0)(27,20)(10,20)(10,12)(3,12)(3,13)(0,13)
Polygon:
(0,0)(2,0)(2,18)(0,18)
Polygon:
(0,0)(18,0)(18,1)(0,1)
Polygon:
(0,0)(16,0)(16,15)(0,15)
Polygon:
(0,0)(18,0)(18,26)(16,26)(16,11)(7,11)(7,16)(0,16)
Polygon:
(0,0)(35,0)(35,5)(18,5)(18,14)(0,14)
Polygon:
(0,0)(13,0)(13,2)(0,2)
Polygon:
(0,0)(5,0)(5,14)(0,14)
Polygon:
(0,0)(1,0)(1,3)(0,3)
Polygon:
(0,0)(24,0)(24,17)(18,17)(18,18)(0,18)
Polygon:
(0,0)(13,0)(13,9)(0,9)
Polygon:
(0,0)(12,0)(12,8)(0,8)
Polygon:
(0,0)(8,0)(8,4)(0,4)
Polygon:
(0,0)(38,0)(38,16)(24,16)(24,2)(9,2)(9,12)(0,12)
Polygon:
(0,0)(15,0)(15,8)(2,8)(2,6)(1,6)(1,17)(0,17)
Polygon:
(0,0)(13,0)(13,11)(0,11)
Polygon:
(0,0)(11,0)(11,11)(8,11)(8,18)(0,18)
Polygon:
(0,0)(8,0)(8,1)(0,1)
Polygon:
(0,0)(12,0)(12,10)(9,10)(9,8)(2,8)(2,10)(0,10)
Polygon:
(0,0)(26,0)(26,16)(11,16)(11,22)(0,22)
Polygon:
(0,0)(10,0)(10,6)(0,6)
Polygon:
(0,0)(9,0)(9,18)(0,18)
Polygon:
(0,0)(30,0)(30,23)(19,23)(19,10)(3,10)(3,17)(0,17)
Polygon:
(0,0)(2,0)(2,12)(0,12)
Polygon:
(0,0)(35,0)(35,16)(17,16)(17,11)(13,11)(13,15)(0,15)
Polygon:
(0,0)(4,0)(4,13)(0,13)
Polygon:
(0,0)(13,0)(13,13)(0,13)
Polygon:
(0,0)(13,0)(13,3)(0,3)
Polygon:
(0,0)(9,0)(9,6)(0,6)
Polygon:
(0,0)(9,0)(9,1)(0,1)
Polygon:
(0,0)(28,0)(28,10)(14,10)(14,11)(0,11)
Polygon:
(0,0)(31,0)(31,12)(15,12)(15,10)(14,10)(14,18)(0,18)
Polygon:
(0,0)(16,0)(16,8)(0,8)
Polygon:
(0,0)(6,0)(6,1)(3,1)(3,13)(0,13)
Polygon:
(0,0)(6,0)(6,10)(0,10)
Polygon:
(0,0)(11,0)(11,13)(0,13)
Polygon:
(0,0)(19,0)(19,7)(16,7)(16,4)(6,4)(6,15)(0,15)
Polygon:
(0,0)(15,0)(15,16)(2,16)(2,6)(1,6)(1,14)(0,14)
Polygon:
(0,0)(28,0)(28,6)(17,6)(17,20)(0,20)
Polygon:
(0,0)(2,0)(2,8)(0,8)
Polygon:
(0,0)(13,0)(13,1)(0,1)
Polygon:
(0,0)(23,0)(23,21)(13,21)(13,11)(1,11)(1,13)(0,13)
Polygon:
(0,0)(27,0)(27,3)(15,3)(15,6)(0,6)
Polygon:
(0,0)(36,0)(36,17)(21,17)(21,4)(7,4)(7,11)(0,11)
Polygon:
(0,0)(15,0)(15,9)(0,9)
Polygon:
(0,0)(7,0)(7,11)(0,11)
Polygon:
(0,0)(1,0)(1,17)(0,17)
Polygon:
(0,0)(15,0)(15,12)(0,12)
Polygon:
(0,0)(18,0)(18,1)(0,1)
Polygon:
(0,0)(20,0)(20,8)(6,8)(6,20)(0,20)
Polygon:
(0,0)(14,0)(14,14)(0,14)
Polygon:
(0,0)(35,0)(35,28)(19,28)(19,15)(18,15)(18,22)(0,22)
Polygon:
(0,0)(13,0)(13,7)(0,7)
Polygon:
(0,0)(14,0)(14,9)(1,9)(1,23)(0,23)
Polygon:
(0,0)(13,0)(13,10)(0,10)
Polygon:
(0,0)(16,0)(16,9)(8,9)(8,23)(0,23)
Polygon:
(0,0)(7,0)(7,13)(0,13)
Polygon:
(0,0)(3,0)(3,10)(0,10)
Polygon:
(0,0)(40,0)(40,17)(27,17)(27,9)(12,9)(12,13)(0,13)
Polygon:
(0,0)(14,0)(14,9)(4,9)(4,16)(0,16)
Polygon:
(0,0)(12,0)(12,13)(8,13)(8,19)(0,19)
Polygon:
(0,0)(4,0)(4,2)(0,2)
Polygon:
(0,0)(18,0)(18,13)(13,13)(13,21)(0,21)
Polygon:
(0,0)(1,0)(1,10)(0,10)
Polygon:
(0,0)(20,0)(20,16)(3,16)(3,30)(0,30)
Polygon:
(0,0)(28,0)(28,14)(12,14)(12,20)(0,20)
Polygon:
(0,0)(36,0)(36,11)(18,11)(18,26)(0,26)
Polygon:
(0,0)(30,0)(30,16)(15,16)(15,20)(0,20)
Polygon:
(0,0)(30,0)(30,16)(14,16)(14,28)(0,28)
Polygon:
(0,0)(15,0)(15,20)(6,20)(6,8)(2,8)(2,12)(0,12)
Polygon:
(0,0)(6,0)(6,15)(2,15)(2,20)(0,20)
Polygon:
(0,0)(28,0)(28,9)(15,9)(15,17)(0,17)
Polygon:
(0,0)(23,0)(23,9)(12,9)(12,23)(0,23)
Polygon:
(0,0)(2,0)(2,5)(0,5)
Polygon:
(0,0)(14,0)(14,6)(0,6)
Polygon:
(0,0)(13,0)(13,1)(0,1)
Polygon:
(0,0)(10,0)(10,3)(0,3)
Polygon:
(0,0)(5,0)(5,1)(0,1)
Polygon:
(0,0)(36,0)(36,16)(18,16)(18,27)(0,27)
Polygon:
(0,0)(21,0)(21,14)(5,14)(5,31)(0,31)
Polygon:
(0,0)(30,0)(30,5)(12,5)(12,7)(0,7)
Polygon:
(0,0)(12,0)(12,4)(0,4)
Polygon:
(0,0)(13,0)(13,1)(0,1)
Polygon:
(0,0)(10,0)(10,12)(0,12)
Polygon:
(0,0)(43,0)(43,19)(27,19)(27,12)(13,12)(13,18)(0,18)
Polygon:
(0,0)(5,0)(5,5)(0,5)
Polygon:
(0,0)(18,0)(18,5)(0,5)
Polygon:
(0,0)(34,0)(34,10)(18,10)(18,8)(11,8)(11,16)(0,16)
Polygon:
(0,0)(21,0)(21,16)(11,16)(11,27)(0,27)
Polygon:
(0,0)(11,0)(11,8)(0,8)
Polygon:
(0,0)(14,0)(14,7)(10,7)(10,10)(0,10)
Polygon:
(0,0)(11,0)(11,3)(0,3)
Polygon:
(0,0)(36,0)(36,27)(26,27)(26,10)(18,10)(18,17)(0,17)
Polygon:
(0,0)(1,0)(1,2)(0,2)
Polygon:
(0,0)(16,0)(16,12)(0,12)
Polygon:
(0,0)(4,0)(4,15)(0,15)
Polygon:
(0,0)(33,0)(33,11)(15,11)(15,12)(0,12)
Polygon:
(0,0)(21,0)(21,9)(3,9)(3,17)(0,17)
Polygon:
(0,0)(23,0)(23,5)(17,5)(17,21)(0,21)
Polygon:
(0,0)(7,0)(7,11)(0,11)
Polygon:
(0,0)(21,0)(21,7)(12,7)(12,17)(0,17)
Polygon:
(0,0)(4,0)(4,3)(0,3)
Polygon:
(0,0)(16,0)(16,11)(0,11)
Polygon:
(0,0)(29,0)(29,3)(11,3)(11,21)(0,21)
Polygon:
(0,0)(16,0)(16,7)(14,7)(14,1)(5,1)(5,8)(0,8)
Polygon:
(0,0)(25,0)(25,12)(19,12)(19,5)(11,5)(11,17)(0,17)
Polygon:
(0,0)(10,0)(10,14)(0,14)
Polygon:
(0,0)(23,0)(23,16)(5,16)(5,7)(4,7)(4,14)(0,14)
Polygon:
(0,0)(12,0)(12,3)(10,3)(10,12)(0,12)
Polygon:
(0,0)(15,0)(15,1)(7,1)(7,16)(0,16)
Polygon:
(0,0)(21,0)(21,5)(12,5)(12,17)(0,17)
Polygon:
(0,0)(9,0)(9,11)(0,11)
Polygon:
(0,0)(2,0)(2,1)(0,1)
Polygon:
(0,0)(14,0)(14,3)(0,3)
Polygon:
(0,0)(18,0)(18,12)(10,12)(10,17)(0,17)
Polygon:
(0,0)(23,0)(23,1)(9,1)(9,12)(0,12)
Polygon:
(0,0)(22,0)(22,8)(7,8)(7,10)(0,10)
Polygon:
(0,0)(15,0)(15,1)(0,1)
Polygon:
(0,0)(15,0)(15,10)(0,10)
Polygon:
(0,0)(14,0)(14,1)(13,1)(13,6)(0,6)
Polygon:
(0,0)(6,0)(6,2)(0,2)
Polygon:
(0,0)(17,0)(17,6)(0,6)
Polygon:
(0,0)(16,0)(16,11)(0,11)
Polygon:
(0,0)(31,0)(31,7)(21,7)(21,6)(13,6)(13,16)(0,16)
Polygon:
(0,0)(12,0)(12,2)(0,2)
Polygon:
(0,0)(24,0)(24,16)(6,16)(6,27)(0,27)
Polygon:
(0,0)(2,0)(2,10)(0,10)
Polygon:
(0,0)(10,0)(10,15)(4,15)(4,26)(0,26)
Polygon:
(0,0)(16,0)(16,18)(0,18)
Polygon:
(0,0)(18,0)(18,14)(16,14)(16,10)(6,10)(6,12)(0,12)
Polygon:
(0,0)(6,0)(6,10)(4,10)(4,28)(0,28)
Polygon:
(0,0)(9,0)(9,13)(0,13)
Polygon:
(0,0)(15,0)(15,4)(7,4)(7,5)(0,5)
Polygon:
(0,0)(8,0)(8,7)(0,7)
Polygon:
(0,0)(18,0)(18,15)(14,15)(14,21)(0,21)
Polygon:
(0,0)(26,0)(26,1)(12,1)(12,7)(0,7)
Polygon:
(0,0)(7,0)(7,13)(0,13)
Polygon:
(0,0)(11,0)(11,16)(0,16)
Polygon:
(0,0)(17,0)(17,10)(0,10)
Polygon:
(0,0)(28,0)(28,22)(22,22)(22,6)(7,6)(7,12)(0,12)
Polygon:
(0,0)(10,0)(10,10)(0,10)
Polygon:
(0,0)(22,0)(22,16)(18,16)(18,17)(0,17)
Polygon:
(0,0)(8,0)(8,13)(5,13)(5,15)(0,15)
Polygon:
(0,0)(27,0)(27,7)(12,7)(12,11)(0,11)
Polygon:
(0,0)(2,0)(2,4)(0,4)
Polygon:
(0,0)(7,0)(7,6)(0,6)
Polygon:
(0,0)(8,0)(8,14)(0,14)
Polygon:
(0,0)(9,0)(9,11)(0,11)
Polygon:
(0,0)(24,0)(24,6)(6,6)(6,22)(0,22)
Polygon:
(0,0)(17,0)(17,17)(16,17)(16,20)(0,20)
Polygon:
(0,0)(12,0)(12,8)(0,8)
Polygon:
(0,0)(32,0)(32,13)(17,13)(17,22)(0,22)
Polygon:
(0,0)(13,0)(13,3)(0,3)
Polygon:
(0,0)(4,0)(4,2)(0,2)
Polygon:
(0,0)(30,0)(30,17)(15,17)(15,33)(0,33)
Polygon:
(0,0)(16,0)(16,20)(14,20)(14,6)(6,6)(6,9)(0,9)
Polygon:
(0,0)(14,0)(14,3)(5,3)(5,10)(0,10)
Polygon:
(0,0)(9,0)(9,6)(0,6)
Polygon:
(0,0)(9,0)(9,15)(0,15)
Polygon:
(0,0)(20,0)(20,2)(15,2)(15,4)(0,4)
Polygon:
(0,0)(10,0)(10,1)(5,1)(5,4)(0,4)
Polygon:
(0,0)(8,0)(8,1)(0,1)
Polygon:
(0,0)(2,0)(2,9)(0,9)
Polygon:
(0,0)(14,0)(14,6)(0,6)
Polygon:
(0,0)(3,0)(3,8)(0,8)
Polygon:
(0,0)(17,0)(17,13)(0,13)
Polygon:
(0,0)(5,0)(5,3)(0,3)
Polygon:
(0,0)(11,0)(11,10)(0,10)
Polygon:
(0,0)(26,0)(26,12)(19,12)(19,6)(14,6)(14,11)(0,11)
Polygon:
(0,0)(11,0)(11,1)(0,1)
Polygon:
(0,0)(14,0)(14,2)(0,2)
Polygon:
(0,0)(11,0)(11,6)(0,6)
Polygon:
(0,0)(7,0)(7,15)(0,15)
Polygon:
(0,0)(7,0)(7,2)(0,2)
Polygon:
(0,0)(6,0)(6,7)(0,7)
Polygon:
(0,0)(26,0)(26,5)(9,5)(9,16)(0,16)
Polygon:
(0,0)(11,0)(11,7)(0,7)
Polygon:
(0,0)(10,0)(10,11)(4,11)(4,12)(0,12)
Polygon:
(0,0)(9,0)(9,4)(0,4)
Polygon:
(0,0)(16,0)(16,11)(0,11)
Polygon:
(0,0)(6,0)(6,14)(0,14)
Polygon:
(0,0)(14,0)(14,6)(0,6)
Polygon:
(0,0)(22,0)(22,19)(9,19)(9,3)(2,3)(2,15)(0,15)
Polygon:
(0,0)(34,0)(34,13)(22,13)(22,5)(18,5)(18,18)(0,18)
Polygon:
(0,0)(8,0)(8,8)(0,8)
Polygon:
(0,0)(6,0)(6,16)(0,16)
Polygon:
(0,0)(1,0)(1,2)(0,2)
Polygon:
(0,0)(26,0)(26,7)(14,7)(14,18)(0,18)
Polygon:
(0,0)(18,0)(18,18)(0,18)
Polygon:
(0,0)(25,0)(25,12)(16,12)(16,29)(0,29)
Polygon:
(0,0)(24,0)(24,20)(15,20)(15,6)(9,6)(9,17)(0,17)
Polygon:
(0,0)(16,0)(16,13)(0,13)
Polygon:
(0,0)(36,0)(36,9)(33,9)(33,2)(17,2)(17,3)(0,3)
Polygon:
(0,0)(28,0)(28,19)(16,19)(16,2)(6,2)(6,7)(0,7)
Polygon:
(0,0)(17,0)(17,14)(0,14)
Polygon:
(0,0)(17,0)(17,2)(0,2)
Polygon:
(0,0)(17,0)(17,13)(0,13)
Polygon:
(0,0)(13,0)(13,5)(0,5)
Polygon:
(0,0)(18,0)(18,9)(0,9)
Polygon:
(0,0)(8,0)(8,13)(0,13)
Polygon:
(0,0)(8,0)(8,12)(3,12)(3,22)(0,22)
Polygon:
(0,0)(18,0)(18,11)(0,11)
Polygon:
(0,0)(13,0)(13,7)(0,7)
Polygon:
(0,0)(13,0)(13,18)(0,18)
Polygon:
(0,0)(5,0)(5,12)(0,12)
Polygon:
(0,0)(21,0)(21,20)(7,20)(7,2)(4,2)(4,10)(0,10)
Polygon:
(0,0)(13,0)(13,7)(0,7)
Polygon:
(0,0)(23,0)(23,12)(13,12)(13,10)(5,10)(5,14)(0,14)
Polygon:
(0,0)(30,0)(30,8)(18,8)(18,18)(0,18)
Polygon:
(0,0)(21,0)(21,13)(9,13)(9,23)(0,23)
Polygon:
(0,0)(8,0)(8,11)(5,11)(5,25)(0,25)
Polygon:
(0,0)(18,0)(18,17)(0,17)
Polygon:
(0,0)(17,0)(17,14)(0,14)
Polygon:
(0,0)(34,0)(34,18)(24,18)(24,11)(14,11)(14,13)(0,13)
Polygon:
(0,0)(26,0)(26,12)(13,12)(13,18)(0,18)
Polygon:
(0,0)(20,0)(20,7)(15,7)(15,10)(0,10)
Polygon:
(0,0)(3,0)(3,17)(0,17)
Polygon:
(0,0)(33,0)(33,17)(18,17)(18,21)(0,21)
Polygon:
(0,0)(12,0)(12,12)(0,12)
Polygon:
(0,0)(2,0)(2,2)(0,2)
Polygon:
(0,0)(35,0)(35,17)(19,17)(19,5)(10,5)(10,10)(0,10)
Polygon:
(0,0)(18,0)(18,1)(0,1)
Polygon:
(0,0)(11,0)(11,8)(0,8)
Polygon:
(0,0)(10,0)(10,8)(3,8)(3,26)(0,26)
Polygon:
(0,0)(11,0)(11,9)(0,9)
Polygon:
(0,0)(2,0)(2,12)(0,12)
Polygon:
(0,0)(20,0)(20,12)(18,12)(18,16)(0,16)
Polygon:
(0,0)(1,0)(1,14)(0,14)
Polygon:
(0,0)(5,0)(5,9)(0,9)
Polygon:
(0,0)(19,0)(19,8)(4,8)(4,19)(0,19)
Polygon:
(0,0)(23,0)(23,18)(22,18)(22,3)(8,3)(8,11)(0,11)
Polygon:
(0,0)(22,0)(22,27)(19,27)(19,10)(1,10)(1,14)(0,14)
Polygon:
(0,0)(35,0)(35,8)(18,8)(18,25)(0,25)
Polygon:
(0,0)(17,0)(17,12)(14,12)(14,19)(0,19)
Polygon:
(0,0)(24,0)(24,15)(11,15)(11,27)(0,27)
Polygon:
(0,0)(10,0)(10,1)(3,1)(3,2)(0,2)
Polygon:
(0,0)(16,0)(16,6)(0,6)
Polygon:
(0,0)(8,0)(8,5)(0,5)
Polygon:
(0,0)(11,0)(11,17)(0,17)
Polygon:
(0,0)(1,0)(1,3)(0,3)
Polygon:
(0,0)(19,0)(19,17)(11,17)(11,33)(0,33)
Polygon:
(0,0)(30,0)(30,12)(13,12)(13,29)(0,29)
Polygon:
(0,0)(13,0)(13,9)(0,9)
Polygon:
(0,0)(2,0)(2,9)(0,9)
Polygon:
(0,0)(20,0)(20,13)(19,13)(19,6)(1,6)(1,12)(0,12)
Polygon:
(0,0)(18,0)(18,18)(7,18)(7,34)(0,34)
Polygon:
(0,0)(24,0)(24,10)(6,10)(6,21)(0,21)
Polygon:
(0,0)(2,0)(2,10)(0,10)
Polygon:
(0,0)(8,0)(8,18)(0,18)
Polygon:
(0,0)(18,0)(18,21)(13,21)(13,15)(2,15)(2,23)(0,23)
Polygon:
(0,0)(8,0)(8,9)(1,9)(1,12)(0,12)
Polygon:
(0,0)(14,0)(14,3)(0,3)
Polygon:
(0,0)(16,0)(16,8)(0,8)
Polygon:
(0,0)(17,0)(17,6)(2,6)(2,11)(0,11)
Polygon:
(0,0)(14,0)(14,2)(0,2)
Polygon:
(0,0)(18,0)(18,15)(0,15)
Polygon:
(0,0)(10,0)(10,9)(0,9)
Polygon:
(0,0)(6,0)(6,15)(0,15)
Polygon:
(0,0)(12,0)(12,1)(0,1)
Polygon:
(0,0)(16,0)(16,18)(7,18)(7,2)(1,2)(1,15)(0,15)
Polygon:
(0,0)(17,0)(17,2)(0,2)
Polygon:
(0,0)(3,0)(3,17)(0,17)
Polygon:
(0,0)(12,0)(12,3)(0,3)
Polygon:
(0,0)(23,0)(23,1)(6,1)(6,6)(0,6)
Polygon:
(0,0)(31,0)(31,28)(15,28)(15,12)(12,12)(12,15)(0,15)
Polygon:
(0,0)(6,0)(6,18)(0,18)
Polygon:
(0,0)(5,0)(5,14)(0,14)
Polygon:
(0,0)(6,0)(6,17)(0,17)
Polygon:
(0,0)(17,0)(17,8)(0,8)
Polygon:
(0,0)(47,0)(47,16)(34,16)(34,4)(17,4)(17,9)(0,9)
Polygon:
(0,0)(19,0)(19,13)(18,13)(18,4)(16,4)(16,9)(0,9)
Polygon:
(0,0)(25,0)(25,13)(18,13)(18,19)(0,19)
Polygon:
(0,0)(13,0)(13,1)(0,1)
Polygon:
(0,0)(18,0)(18,12)(0,12)
Polygon:
(0,0)(15,0)(15,11)(0,11)
Polygon:
(0,0)(6,0)(6,11)(1,11)(1,14)(0,14)
Polygon:
(0,0)(27,0)(27,13)(24,13)(24,4)(13,4)(13,17)(0,17)
Polygon:
(0,0)(30,0)(30,22)(15,22)(15,5)(10,5)(10,13)(0,13)
Polygon:
(0,0)(8,0)(8,14)(0,14)
Polygon:
(0,0)(1,0)(1,13)(0,13)
Polygon:
(0,0)(11,0)(11,8)(0,8)
Polygon:
(0,0)(19,0)(19,11)(1,11)(1,29)(0,29)
Polygon:
(0,0)(17,0)(17,2)(0,2)
Polygon:
(0,0)(30,0)(30,10)(12,10)(12,24)(0,24)
Polygon:
(0,0)(32,0)(32,16)(15,16)(15,9)(11,9)(11,12)(0,12)
Polygon:
(0,0)(17,0)(17,11)(13,11)(13,26)(0,26)
Polygon:
(0,0)(15,0)(15,1)(0,1)
Polygon:
(0,0)(12,0)(12,6)(9,6)(9,22)(0,22)
Polygon:
(0,0)(5,0)(5,1)(0,1)
Polygon:
(0,0)(25,0)(25,10)(9,10)(9,28)(0,28)
Polygon:
(0,0)(4,0)(4,9)(0,9)
Polygon:
(0,0)(9,0)(9,13)(0,13)
Polygon:
(0,0)(14,0)(14,5)(5,5)(5,12)(0,12)
Polygon:
(0,0)(14,0)(14,16)(0,16)
Polygon:
(0,0)(8,0)(8,6)(0,6)
Polygon:
(0,0)(18,0)(18,5)(0,5)
Polygon:
(0,0)(16,0)(16,18)(10,18)(10,7)(4,7)(4,12)(0,12)
Polygon:
(0,0)(21,0)(21,3)(12,3)(12,19)(0,19)
Polygon:
(0,0)(5,0)(5,10)(0,10)
Polygon:
(0,0)(22,0)(22,12)(18,12)(18,28)(0,28)
Polygon:
(0,0)(18,0)(18,9)(0,9)
Polygon:
(0,0)(10,0)(10,3)(0,3)
Polygon:
(0,0)(30,0)(30,24)(26,24)(26,8)(18,8)(18,17)(0,17)
Polygon:
(0,0)(19,0)(19,12)(7,12)(7,24)(0,24)
Polygon:
(0,0)(3,0)(3,15)(0,15)
Polygon:
(0,0)(11,0)(11,8)(0,8)
Polygon:
(0,0)(29,0)(29,7)(11,7)(11,2)(1,2)(1,6)(0,6)
Polygon:
(0,0)(18,0)(18,17)(0,17)
Polygon:
(0,0)(12,0)(12,3)(0,3)
Polygon:
(0,0)(2,0)(2,10)(0,10)
Polygon:
(0,0)(22,0)(22,18)(13,18)(13,12)(10,12)(10,15)(0,15)
Polygon:
(0,0)(13,0)(13,7)(0,7)
Polygon:
(0,0)(10,0)(10,10)(0,10)
Polygon:
(0,0)(34,0)(34,12)(17,12)(17,27)(0,27)
Polygon:
(0,0)(9,0)(9,11)(0,11)
Polygon:
(0,0)(43,0)(43,14)(32,14)(32,1)(16,1)(16,14)(0,14)
Polygon:
(0,0)(17,0)(17,4)(0,4)
Polygon:
(0,0)(16,0)(16,9)(0,9)
Polygon:
(0,0)(15,0)(15,1)(8,1)(8,5)(0,5)
Polygon:
(0,0)(7,0)(7,8)(0,8)
Polygon:
(0,0)(23,0)(23,29)(16,29)(16,12)(5,12)(5,14)(0,14)
Polygon:
(0,0)(36,0)(36,18)(29,18)(29,7)(12,7)(12,13)(0,13)
Polygon:
(0,0)(23,0)(23,18)(11,18)(11,33)(0,33)
Polygon:
(0,0)(35,0)(35,10)(18,10)(18,5)(8,5)(8,11)(0,11)
Polygon:
(0,0)(30,0)(30,11)(16,11)(16,27)(0,27)
Polygon:
(0,0)(32,0)(32,16)(16,16)(16,3)(4,3)(4,5)(0,5)
Polygon:
(0,0)(34,0)(34,15)(19,15)(19,9)(10,9)(10,14)(0,14)
Polygon:
(0,0)(35,0)(35,12)(17,12)(17,6)(13,6)(13,12)(0,12)
Polygon:
(0,0)(18,0)(18,1)(0,1)
Polygon:
(0,0)(25,0)(25,17)(11,17)(11,26)(0,26)
Polygon:
(0,0)(19,0)(19,12)(13,12)(13,18)(0,18)
Polygon:
(0,0)(9,0)(9,3)(0,3)
Polygon:
(0,0)(11,0)(11,3)(6,3)(6,18)(0,18)
Polygon:
(0,0)(15,0)(15,4)(14,4)(14,7)(0,7)
Polygon:
(0,0)(13,0)(13,18)(0,18)
Polygon:
(0,0)(3,0)(3,4)(0,4)
Polygon:
(0,0)(6,0)(6,9)(0,9)
Polygon:
(0,0)(9,0)(9,6)(0,6)
Polygon:
(0,0)(18,0)(18,9)(0,9)
Polygon:
(0,0)(5,0)(5,2)(0,2)
Polygon:
(0,0)(2,0)(2,10)(0,10)
Polygon:
(0,0)(17,0)(17,16)(15,16)(15,27)(0,27)
Polygon:
(0,0)(21,0)(21,9)(18,9)(18,21)(0,21)
Polygon:
(0,0)(9,0)(9,6)(0,6)
Polygon:
(0,0)(11,0)(11,12)(0,12)
Polygon:
(0,0)(17,0)(17,16)(16,16)(16,34)(0,34)
Polygon:
(0,0)(5,0)(5,15)(0,15)
Polygon:
(0,0)(12,0)(12,14)(0,14)
Polygon:
(0,0)(2,0)(2,3)(0,3)
Polygon:
(0,0)(25,0)(25,17)(7,17)(7,3)(3,3)(3,13)(0,13)
Polygon:
(0,0)(15,0)(15,14)(0,14)
Polygon:
(0,0)(9,0)(9,5)(0,5)
Polygon:
(0,0)(13,0)(13,8)(10,8)(10,17)(0,17)
Polygon:
(0,0)(35,0)(35,9)(20,9)(20,3)(2,3)(2,10)(0,10)
Polygon:
(0,0)(3,0)(3,10)(0,10)
Polygon:
(0,0)(29,0)(29,11)(15,11)(15,13)(0,13)
Polygon:
(0,0)(34,0)(34,14)(18,14)(18,19)(0,19)
Polygon:
(0,0)(45,0)(45,21)(28,21)(28,3)(16,3)(16,5)(0,5)
Polygon:
(0,0)(11,0)(11,6)(0,6)
Polygon:
(0,0)(23,0)(23,10)(19,10)(19,4)(11,4)(11,12)(0,12)
Polygon:
(0,0)(46,0)(46,14)(32,14)(32,1)(18,1)(18,12)(0,12)
Polygon:
(0,0)(29,0)(29,19)(26,19)(26,11)(17,11)(17,18)(0,18)
Polygon:
(0,0)(9,0)(9,7)(0,7)
Polygon:
(0,0)(10,0)(10,12)(0,12)
Polygon:
(0,0)(15,0)(15,7)(14,7)(14,15)(0,15)
Polygon:
(0,0)(8,0)(8,6)(0,6)
Polygon:
(0,0)(26,0)(26,2)(8,2)(8,17)(0,17)
Polygon:
(0,0)(13,0)(13,16)(4,16)(4,17)(0,17)
Polygon:
(0,0)(10,0)(10,2)(0,2)
Polygon:
(0,0)(12,0)(12,18)(8,18)(8,6)(5,6)(5,18)(0,18)
Polygon:
(0,0)(18,0)(18,10)(0,10)
Polygon:
(0,0)(4,0)(4,12)(0,12)
Polygon:
(0,0)(18,0)(18,12)(3,12)(3,28)(0,28)
Polygon:
(0,0)(11,0)(11,1)(0,1)
Polygon:
(0,0)(13,0)(13,5)(0,5)
Polygon:
(0,0)(14,0)(14,6)(0,6)
Polygon:
(0,0)(14,0)(14,15)(0,15)
Polygon:
(0,0)(8,0)(8,16)(0,16)
Polygon:
(0,0)(6,0)(6,16)(0,16)
Polygon:
(0,0)(41,0)(41,10)(24,10)(24,8)(8,8)(8,18)(0,18)
Polygon:
(0,0)(26,0)(26,3)(17,3)(17,12)(0,12)
Polygon:
(0,0)(18,0)(18,7)(11,7)(11,22)(0,22)
Polygon:
(0,0)(24,0)(24,5)(18,5)(18,11)(0,11)
Polygon:
(0,0)(11,0)(11,14)(0,14)
Polygon:
(0,0)(16,0)(16,14)(14,14)(14,6)(8,6)(8,11)(0,11)
Polygon:
(0,0)(6,0)(6,16)(4,16)(4,32)(0,32)
Polygon:
(0,0)(21,0)(21,16)(5,16)(5,23)(0,23)
Polygon:
(0,0)(22,0)(22,11)(13,11)(13,18)(0,18)
Polygon:
(0,0)(6,0)(6,1)(5,1)(5,15)(0,15)
Polygon:
(0,0)(32,0)(32,17)(16,17)(16,33)(0,33)
Polygon:
(0,0)(17,0)(17,11)(0,11)
Polygon:
(0,0)(10,0)(10,7)(0,7)
Polygon:
(0,0)(20,0)(20,3)(16,3)(16,10)(0,10)
Polygon:
(0,0)(10,0)(10,5)(3,5)(3,9)(0,9)
Polygon:
(0,0)(12,0)(12,1)(0,1)
Polygon:
(0,0)(15,0)(15,6)(0,6)
Polygon:
(0,0)(23,0)(23,2)(5,2)(5,7)(0,7)
Polygon:
(0,0)(9,0)(9,4)(7,4)(7,6)(0,6)
Polygon:
(0,0)(1,0)(1,6)(0,6)
Polygon:
(0,0)(27,0)(27,11)(11,11)(11,13)(0,13)
Polygon:
(0,0)(5,0)(5,13)(0,13)
Polygon:
(0,0)(8,0)(8,8)(0,8)
Polygon:
(0,0)(46,0)(46,13)(32,13)(32,1)(17,1)(17,17)(0,17)
Polygon:
(0,0)(5,0)(5,17)(0,17)
Polygon:
(0,0)(17,0)(17,2)(13,2)(13,17)(0,17)
Polygon:
(0,0)(11,0)(11,18)(0,18)
Polygon:
(0,0)(11,0)(11,17)(0,17)
Polygon:
(0,0)(7,0)(7,15)(0,15)
Polygon:
(0,0)(1,0)(1,2)(0,2)
Polygon:
(0,0)(6,0)(6,7)(0,7)
Polygon:
(0,0)(41,0)(41,23)(25,23)(25,8)(16,8)(16,17)(0,17)
Polygon:
(0,0)(18,0)(18,1)(0,1)
Polygon:
(0,0)(28,0)(28,23)(22,23)(22,12)(14,12)(14,13)(0,13)
Polygon:
(0,0)(17,0)(17,11)(0,11)
Polygon:
(0,0)(17,0)(17,11)(0,11)
Polygon:
(0,0)(8,0)(8,17)(0,17)
Polygon:
(0,0)(11,0)(11,18)(5,18)(5,25)(0,25)
Polygon:
(0,0)(18,0)(18,18)(0,18)
Polygon:
(0,0)(18,0)(18,14)(9,14)(9,19)(0,19)
Polygon:
(0,0)(3,0)(3,2)(0,2)
Polygon:
(0,0)(2,0)(2,2)(0,2)
Polygon:
(0,0)(17,0)(17,1)(6,1)(6,16)(0,16)
Polygon:
(0,0)(20,0)(20,2)(10,2)(10,18)(0,18)
Polygon:
(0,0)(25,0)(25,11)(23,11)(23,2)(15,2)(15,15)(0,15)
Polygon:
(0,0)(19,0)(19,18)(18,18)(18,29)(0,29)
Polygon:
(0,0)(9,0)(9,6)(0,6)
Polygon:
(0,0)(10,0)(10,7)(0,7)
Polygon:
(0,0)(25,0)(25,10)(9,10)(9,14)(0,14)
Polygon:
(0,0)(10,0)(10,3)(0,3)
Polygon:
(0,0)(33,0)(33,3)(15,3)(15,11)(0,11)
Polygon:
(0,0)(24,0)(24,13)(7,13)(7,2)(4,2)(4,3)(0,3)
Polygon:
(0,0)(13,0)(13,16)(0,16)
Polygon:
(0,0)(33,0)(33,16)(25,16)(25,7)(15,7)(15,8)(0,8)
Polygon:
(0,0)(5,0)(5,4)(0,4)
Polygon:
(0,0)(13,0)(13,5)(0,5)
Polygon:
(0,0)(7,0)(7,17)(0,17)
Polygon:
(0,0)(7,0)(7,9)(0,9)
Polygon:
(0,0)(7,0)(7,15)(0,15)
Polygon:
(0,0)(21,0)(21,9)(18,9)(18,17)(0,17)
Polygon:
(0,0)(44,0)(44,17)(26,17)(26,5)(13,5)(13,14)(0,14)
Polygon:
(0,0)(29,0)(29,11)(14,11)(14,4)(7,4)(7,9)(0,9)
Polygon:
(0,0)(4,0)(4,7)(0,7)
Polygon:
(0,0)(3,0)(3,6)(0,6)
Polygon:
(0,0)(28,0)(28,11)(18,11)(18,8)(2,8)(2,13)(0,13)
Polygon:
(0,0)(16,0)(16,9)(0,9)
Polygon:
(0,0)(8,0)(8,14)(0,14)
Polygon:
(0,0)(39,0)(39,15)(28,15)(28,11)(16,11)(16,18)(0,18)
Polygon:
(0,0)(9,0)(9,1)(3,1)(3,10)(0,10)
Polygon:
(0,0)(10,0)(10,13)(0,13)
Polygon:
(0,0)(15,0)(15,5)(0,5)
Polygon:
(0,0)(15,0)(15,3)(0,3)
Polygon:
(0,0)(13,0)(13,10)(0,10)
Polygon:
(0,0)(9,0)(9,3)(7,3)(7,2)(3,2)(3,16)(0,16)
Polygon:
(0,0)(17,0)(17,9)(3,9)(3,24)(0,24)
Polygon:
(0,0)(9,0)(9,14)(0,14)
Polygon:
(0,0)(8,0)(8,16)(0,16)
Polygon:
(0,0)(8,0)(8,13)(0,13)
Polygon:
(0,0)(13,0)(13,15)(12,15)(12,19)(0,19)
Polygon:
(0,0)(20,0)(20,1)(4,1)(4,9)(0,9)
Polygon:
(0,0)(16,0)(16,14)(0,14)
Polygon:
(0,0)(7,0)(7,5)(0,5)
Polygon:
(0,0)(7,0)(7,12)(0,12)
Polygon:
(0,0)(12,0)(12,12)(0,12)
Polygon:
(0,0)(19,0)(19,9)(5,9)(5,21)(0,21)
Polygon:
(0,0)(18,0)(18,7)(0,7)
Polygon:
(0,0)(22,0)(22,2)(13,2)(13,3)(0,3)
Polygon:
(0,0)(21,0)(21,7)(7,7)(7,11)(0,11)
Polygon:
(0,0)(9,0)(9,11)(8,11)(8,26)(0,26)
Polygon:
(0,0)(15,0)(15,12)(1,12)(1,29)(0,29)
Polygon:
(0,0)(9,0)(9,16)(0,16)
Polygon:
(0,0)(1,0)(1,17)(0,17)
Polygon:
(0,0)(10,0)(10,3)(8,3)(8,14)(0,14)
Polygon:
(0,0)(18,0)(18,17)(0,17)
Polygon:
(0,0)(1,0)(1,3)(0,3)
Polygon:
(0,0)(19,0)(19,14)(5,14)(5,30)(0,30)
Polygon:
(0,0)(4,0)(4,5)(0,5)
Polygon:
(0,0)(17,0)(17,8)(0,8)
Polygon:
(0,0)(12,0)(12,13)(6,13)(6,15)(0,15)
Polygon:
(0,0)(18,0)(18,17)(0,17)
Polygon:
(0,0)(28,0)(28,1)(11,1)(11,6)(0,6)
Polygon:
(0,0)(28,0)(28,18)(11,18)(11,33)(0,33)
Polygon:
(0,0)(17,0)(17,16)(0,16)
Polygon:
(0,0)(9,0)(9,7)(0,7)
Polygon:
(0,0)(12,0)(12,9)(0,9)
Polygon:
(0,0)(14,0)(14,18)(0,18)
Polygon:
(0,0)(17,0)(17,5)(0,5)
Polygon:
(0,0)(23,0)(23,8)(12,8)(12,23)(0,23)
Polygon:
(0,0)(3,0)(3,12)(1,12)(1,18)(0,18)
Polygon:
(0,0)(17,0)(17,4)(0,4)
Polygon:
(0,0)(28,0)(28,9)(12,9)(12,11)(0,11)
Polygon:
(0,0)(16,0)(16,2)(1,2)(1,9)(0,9)
Polygon:
(0,0)(4,0)(4,12)(0,12)
Polygon:
(0,0)(36,0)(36,17)(19,17)(19,11)(6,11)(6,16)(0,16)
Polygon:
(0,0)(11,0)(11,4)(5,4)(5,18)(0,18)
Polygon:
(0,0)(7,0)(7,16)(0,16)
Polygon:
(0,0)(12,0)(12,16)(0,16)
Polygon:
(0,0)(16,0)(16,13)(0,13)
Polygon:
(0,0)(20,0)(20,15)(13,15)(13,18)(0,18)
Polygon:
(0,0)(13,0)(13,6)(0,6)
Polygon:
(0,0)(18,0)(18,8)(16,8)(16,10)(0,10)
Polygon:
(0,0)(27,0)(27,28)(26,28)(26,13)(18,13)(18,31)(0,31)
Polygon:
(0,0)(15,0)(15,7)(0,7)
Polygon:
(0,0)(9,0)(9,12)(0,12)
Polygon:
(0,0)(13,0)(13,15)(0,15)
Polygon:
(0,0)(9,0)(9,9)(0,9)
Polygon:
(0,0)(11,0)(11,14)(7,14)(7,18)(0,18)
Polygon:
(0,0)(28,0)(28,4)(20,4)(20,1)(5,1)(5,4)(0,4)
Polygon:
(0,0)(9,0)(9,4)(5,4)(5,12)(0,12)
Polygon:
(0,0)(14,0)(14,7)(0,7)
Polygon:
(0,0)(12,0)(12,13)(0,13)
Polygon:
(0,0)(18,0)(18,11)(8,11)(8,6)(3,6)(3,10)(0,10)
Polygon:
(0,0)(28,0)(28,8)(18,8)(18,5)(8,5)(8,11)(0,11)
Polygon:
(0,0)(21,0)(21,6)(18,6)(18,16)(0,16)
Polygon:
(0,0)(1,0)(1,10)(0,10)
Polygon:
(0,0)(9,0)(9,4)(0,4)
Polygon:
(0,0)(6,0)(6,14)(0,14)
Polygon:
(0,0)(16,0)(16,2)(15,2)(15,19)(0,19)
Polygon:
(0,0)(16,0)(16,10)(0,10)
Polygon:
(0,0)(5,0)(5,13)(0,13)
Polygon:
(0,0)(18,0)(18,15)(7,15)(7,29)(0,29)
Polygon:
(0,0)(12,0)(12,2)(8,2)(8,4)(0,4)
Polygon:
(0,0)(16,0)(16,3)(10,3)(10,18)(0,18)
Polygon:
(0,0)(5,0)(5,17)(0,17)
Polygon:
(0,0)(12,0)(12,2)(0,2)
Polygon:
(0,0)(17,0)(17,16)(0,16)
Polygon:
(0,0)(38,0)(38,20)(25,20)(25,12)(17,12)(17,13)(0,13)
Polygon:
(0,0)(29,0)(29,17)(20,17)(20,9)(15,9)(15,16)(0,16)
Polygon:
(0,0)(6,0)(6,6)(0,6)
Polygon:
(0,0)(22,0)(22,16)(6,16)(6,28)(0,28)
Polygon:
(0,0)(3,0)(3,14)(0,14)
Polygon:
(0,0)(14,0)(14,3)(0,3)
Polygon:
(0,0)(17,0)(17,9)(6,9)(6,24)(0,24)
Polygon:
(0,0)(22,0)(22,19)(13,19)(13,2)(5,2)(5,12)(0,12)
Polygon:
(0,0)(6,0)(6,13)(0,13)
Polygon:
(0,0)(4,0)(4,12)(0,12)
Polygon:
(0,0)(17,0)(17,7)(8,7)(8,15)(0,15)
Polygon:
(0,0)(28,0)(28,18)(25,18)(25,7)(9,7)(9,17)(0,17)
Polygon:
(0,0)(8,0)(8,6)(0,6)
Polygon:
(0,0)(13,0)(13,1)(0,1)
Polygon:
(0,0)(20,0)(20,4)(14,4)(14,22)(0,22)
Polygon:
(0,0)(11,0)(11,13)(0,13)
Polygon:
(0,0)(12,0)(12,13)(0,13)
Polygon:
(0,0)(27,0)(27,4)(13,4)(13,3)(8,3)(8,7)(0,7)
Polygon:
(0,0)(4,0)(4,9)(0,9)
Polygon:
(0,0)(5,0)(5,2)(0,2)
Polygon:
(0,0)(5,0)(5,1)(0,1)
Polygon:
(0,0)(8,0)(8,8)(0,8)
Polygon:
(0,0)(14,0)(14,13)(7,13)(7,24)(0,24)
Polygon:
(0,0)(24,0)(24,13)(8,13)(8,31)(0,31)
Polygon:
(0,0)(31,0)(31,12)(16,12)(16,23)(0,23)
Polygon:
(0,0)(18,0)(18,6)(0,6)
Polygon:
(0,0)(22,0)(22,10)(10,10)(10,11)(0,11)
Polygon:
(0,0)(16,0)(16,6)(10,6)(10,19)(0,19)
Polygon:
(0,0)(7,0)(7,7)(4,7)(4,8)(0,8)
Polygon:
(0,0)(5,0)(5,9)(0,9)
Polygon:
(0,0)(18,0)(18,10)(0,10)
Polygon:
(0,0)(20,0)(20,4)(12,4)(12,17)(0,17)
Polygon:
(0,0)(16,0)(16,18)(7,18)(7,21)(0,21)
Polygon:
(0,0)(15,0)(15,5)(5,5)(5,8)(0,8)
Polygon:
(0,0)(4,0)(4,16)(0,16)
Polygon:
(0,0)(22,0)(22,8)(15,8)(15,16)(0,16)
Polygon:
(0,0)(6,0)(6,12)(0,12)
Polygon:
(0,0)(17,0)(17,11)(0,11)
Polygon:
(0,0)(5,0)(5,10)(0,10)
Polygon:
(0,0)(3,0)(3,16)(0,16)
Polygon:
(0,0)(18,0)(18,11)(0,11)
Polygon:
(0,0)(18,0)(18,5)(0,5)
Polygon:
(0,0)(1,0)(1,14)(0,14)
Polygon:
(0,0)(3,0)(3,5)(0,5)
Polygon:
(0,0)(18,0)(18,2)(0,2)
Polygon:
(0,0)(32,0)(32,18)(18,18)(18,9)(11,9)(11,12)(0,12)
Polygon:
(0,0)(4,0)(4,4)(0,4)
Polygon:
(0,0)(6,0)(6,6)(0,6)
Polygon:
(0,0)(2,0)(2,11)(0,11)
Polygon:
(0,0)(18,0)(18,10)(14,10)(14,3)(12,3)(12,14)(0,14)
Polygon:
(0,0)(18,0)(18,17)(17,17)(17,31)(0,31)
Polygon:
(0,0)(39,0)(39,15)(27,15)(27,5)(11,5)(11,9)(0,9)
Polygon:
(0,0)(4,0)(4,2)(2,2)(2,8)(0,8)
Polygon:
(0,0)(16,0)(16,13)(0,13)
Polygon:
(0,0)(18,0)(18,24)(16,24)(16,11)(9,11)(9,15)(0,15)
Polygon:
(0,0)(18,0)(18,13)(7,13)(7,2)(2,2)(2,18)(0,18)
Polygon:
(0,0)(15,0)(15,17)(0,17)
Polygon:
(0,0)(17,0)(17,2)(0,2)
Polygon:
(0,0)(1,0)(1,18)(0,18)
Polygon:
(0,0)(11,0)(11,12)(0,12)
Polygon:
(0,0)(23,0)(23,15)(16,15)(16,25)(0,25)
Polygon:
(0,0)(19,0)(19,5)(8,5)(8,15)(0,15)
Polygon:
(0,0)(6,0)(6,4)(0,4)
Polygon:
(0,0)(2,0)(2,17)(1,17)(1,34)(0,34)
Polygon:
(0,0)(3,0)(3,15)(0,15)
Polygon:
(0,0)(24,0)(24,10)(11,10)(11,20)(0,20)
Polygon:
(0,0)(31,0)(31,18)(13,18)(13,24)(0,24)
Polygon:
(0,0)(26,0)(26,11)(12,11)(12,13)(0,13)
Polygon:
(0,0)(17,0)(17,16)(6,16)(6,33)(0,33)
Polygon:
(0,0)(8,0)(8,12)(0,12)
Polygon:
(0,0)(1,0)(1,1)(0,1)
Polygon:
(0,0)(15,0)(15,3)(0,3)
Polygon:
(0,0)(26,0)(26,7)(13,7)(13,8)(0,8)
Polygon:
(0,0)(24,0)(24,2)(17,2)(17,5)(0,5)
Polygon:
(0,0)(12,0)(12,5)(0,5)
Polygon:
(0,0)(1,0)(1,15)(0,15)
Polygon:
(0,0)(9,0)(9,3)(0,3)
Polygon:
(0,0)(25,0)(25,8)(12,8)(12,14)(0,14)
Polygon:
(0,0)(17,0)(17,20)(15,20)(15,5)(1,5)(1,18)(0,18)
Polygon:
(0,0)(14,0)(14,15)(0,15)
Polygon:
(0,0)(33,0)(33,3)(18,3)(18,21)(0,21)
Polygon:
(0,0)(17,0)(17,12)(0,12)
Polygon:
(0,0)(3,0)(3,11)(0,11)
Polygon:
(0,0)(21,0)(21,16)(13,16)(13,2)(12,2)(12,12)(0,12)
Polygon:
(0,0)(5,0)(5,8)(0,8)
Polygon:
(0,0)(25,0)(25,24)(19,24)(19,10)(7,10)(7,11)(0,11)
Polygon:
(0,0)(17,0)(17,17)(14,17)(14,19)(0,19)
Polygon:
(0,0)(5,0)(5,11)(0,11)
Polygon:
(0,0)(5,0)(5,5)(0,5)
Polygon:
(0,0)(14,0)(14,11)(0,11)
Polygon:
(0,0)(1,0)(1,11)(0,11)
Polygon:
(0,0)(21,0)(21,13)(8,13)(8,1)(4,1)(4,13)(0,13)
Polygon:
(0,0)(15,0)(15,12)(1,12)(1,20)(0,20)
Polygon:
(0,0)(35,0)(35,16)(28,16)(28,2)(10,2)(10,6)(0,6)
Polygon:
(0,0)(14,0)(14,2)(12,2)(12,13)(0,13)
Polygon:
(0,0)(46,0)(46,8)(30,8)(30,4)(16,4)(16,16)(0,16)
Polygon:
(0,0)(20,0)(20,8)(8,8)(8,22)(0,22)
Polygon:
(0,0)(40,0)(40,9)(26,9)(26,4)(18,4)(18,9)(0,9)
Polygon:
(0,0)(18,0)(18,15)(12,15)(12,5)(4,5)(4,9)(0,9)
Polygon:
(0,0)(11,0)(11,12)(5,12)(5,20)(0,20)
Polygon:
(0,0)(9,0)(9,10)(0,10)
Polygon:
(0,0)(13,0)(13,16)(0,16)
Polygon:
(0,0)(27,0)(27,4)(17,4)(17,14)(0,14)
Polygon:
(0,0)(12,0)(12,11)(2,11)(2,26)(0,26)
Polygon:
(0,0)(21,0)(21,14)(8,14)(8,30)(0,30)
Polygon:
(0,0)(10,0)(10,4)(9,4)(9,15)(0,15)
Polygon:
(0,0)(12,0)(12,5)(0,5)
Polygon:
(0,0)(5,0)(5,12)(0,12)
Polygon:
(0,0)(16,0)(16,3)(0,3)
