Polygon:
(0,0)(47,0)(47,10)(33,10)(33,19)(17,19)(17,17)(0,17)
Polygon:
(0,0)(37,0)(37,4)(19,4)(19,18)(8,18)(8,1)(0,1)
Polygon:
(0,0)(28,0)(28,24)(23,24)(23,29)(16,29)(16,16)(0,16)
Polygon:
(0,0)(25,0)(25,8)(7,8)(7,11)(3,11)(3,4)(0,4)
Polygon:
(0,0)(24,0)(24,12)(15,12)(15,24)(8,24)(8,12)(0,12)
Polygon:
(0,0)(37,0)(37,10)(21,10)(21,14)(6,14)(6,2)(0,2)
Polygon:
(0,0)(26,0)(26,14)(8,14)(8,24)(5,24)(5,6)(0,6)
Polygon:
(0,0)(41,0)(41,20)(25,20)(25,24)(17,24)(17,14)(0,14)
Polygon:
(0,0)(16,0)(16,16)(7,16)(7,19)(5,19)(5,16)(0,16)
Polygon:
(0,0)(32,0)(32,25)(17,25)(17,29)(8,29)(8,11)(0,11)
Polygon:
(0,0)(38,0)(38,16)(22,16)(22,21)(18,21)(18,15)(0,15)
Polygon:
(0,0)(21,0)(21,14)(12,14)(12,27)(2,27)(2,15)(0,15)
Polygon:
(0,0)(19,0)(19,25)(15,25)(15,29)(9,29)(9,17)(0,17)
Polygon:
(0,0)(27,0)(27,21)(20,21)(20,22)(11,22)(11,11)(0,11)
Polygon:
(0,0)(16,0)(16,19)(6,19)(6,24)(3,24)(3,7)(0,7)
Polygon:
(0,0)(33,0)(33,25)(26,25)(26,26)(11,26)(11,15)(0,15)
Polygon:
(0,0)(38,0)(38,9)(20,9)(20,12)(6,12)(6,3)(0,3)
Polygon:
(0,0)(31,0)(31,6)(14,6)(14,11)(8,11)(8,1)(0,1)
Polygon:
(0,0)(29,0)(29,10)(27,10)(27,22)(17,22)(17,15)(0,15)
Polygon:
(0,0)(35,0)(35,7)(23,7)(23,20)(16,20)(16,4)(0,4)
Polygon:
(0,0)(36,0)(36,6)(20,6)(20,14)(14,14)(14,2)(0,2)
Polygon:
(0,0)(30,0)(30,15)(17,15)(17,17)(13,17)(13,6)(0,6)
Polygon:
(0,0)(30,0)(30,9)(17,9)(17,20)(14,20)(14,17)(0,17)
Polygon:
(0,0)(26,0)(26,8)(9,8)(9,21)(3,21)(3,4)(0,4)
Polygon:
(0,0)(27,0)(27,1)(21,1)(21,17)(9,17)(9,2)(0,2)
Polygon:
(0,0)(16,0)(16,5)(12,5)(12,12)(4,12)(4,2)(0,2)
Polygon:
(0,0)(25,0)(25,10)(19,10)(19,24)(4,24)(4,17)(0,17)
Polygon:
(0,0)(23,0)(23,27)(20,27)(20,34)(17,34)(17,18)(0,18)
Polygon:
(0,0)(24,0)(24,17)(15,17)(15,33)(2,33)(2,18)(0,18)
Polygon:
(0,0)(21,0)(21,5)(20,5)(20,22)(15,22)(15,13)(0,13)
Polygon:
(0,0)(23,0)(23,8)(14,8)(14,24)(7,24)(7,7)(0,7)
Polygon:
(0,0)(27,0)(27,2)(26,2)(26,13)(11,13)(11,4)(0,4)
Polygon:
(0,0)(33,0)(33,12)(20,12)(20,16)(15,16)(15,3)(0,3)
Polygon:
(0,0)(31,0)(31,20)(13,20)(13,24)(4,24)(4,9)(0,9)
Polygon:
(0,0)(24,0)(24,28)(6,28)(6,31)(1,31)(1,18)(0,18)
Polygon:
(0,0)(9,0)(9,9)(3,9)(3,10)(2,10)(2,5)(0,5)
Polygon:
(0,0)(20,0)(20,4)(15,4)(15,18)(5,18)(5,17)(0,17)
Polygon:
(0,0)(22,0)(22,16)(17,16)(17,22)(4,22)(4,7)(0,7)
Polygon:
(0,0)(34,0)(34,21)(17,21)(17,27)(1,27)(1,9)(0,9)
Polygon:
(0,0)(33,0)(33,16)(20,16)(20,29)(11,29)(11,13)(0,13)
Polygon:
(0,0)(27,0)(27,9)(21,9)(21,14)(12,14)(12,11)(0,11)
Polygon:
(0,0)(22,0)(22,29)(15,29)(15,36)(14,36)(14,18)(0,18)
Polygon:
(0,0)(21,0)(21,12)(18,12)(18,29)(8,29)(8,15)(0,15)
Polygon:
(0,0)(44,0)(44,13)(26,13)(26,15)(9,15)(9,13)(0,13)
Polygon:
(0,0)(12,0)(12,17)(3,17)(3,24)(2,24)(2,6)(0,6)
Polygon:
(0,0)(35,0)(35,6)(24,6)(24,22)(10,22)(10,16)(0,16)
Polygon:
(0,0)(19,0)(19,18)(6,18)(6,19)(1,19)(1,6)(0,6)
Polygon:
(0,0)(23,0)(23,2)(20,2)(20,19)(11,19)(11,3)(0,3)
Polygon:
(0,0)(30,0)(30,16)(18,16)(18,22)(12,22)(12,7)(0,7)
Polygon:
(0,0)(51,0)(51,9)(36,9)(36,14)(18,14)(18,2)(0,2)
Polygon:
(0,0)(25,0)(25,28)(18,28)(18,36)(11,36)(11,18)(0,18)
Polygon:
(0,0)(27,0)(27,5)(24,5)(24,18)(8,18)(8,3)(0,3)
Polygon:
(0,0)(33,0)(33,13)(19,13)(19,28)(15,28)(15,10)(0,10)
Polygon:
(0,0)(38,0)(38,9)(21,9)(21,13)(5,13)(5,3)(0,3)
Polygon:
(0,0)(24,0)(24,7)(21,7)(21,13)(17,13)(17,4)(0,4)
Polygon:
(0,0)(21,0)(21,6)(13,6)(13,20)(4,20)(4,7)(0,7)
Polygon:
(0,0)(27,0)(27,14)(10,14)(10,28)(9,28)(9,18)(0,18)
Polygon:
(0,0)(30,0)(30,29)(14,29)(14,33)(9,33)(9,18)(0,18)
Polygon:
(0,0)(41,0)(41,8)(26,8)(26,17)(9,17)(9,2)(0,2)
Polygon:
(0,0)(24,0)(24,15)(9,15)(9,17)(3,17)(3,14)(0,14)
Polygon:
(0,0)(30,0)(30,13)(16,13)(16,19)(1,19)(1,18)(0,18)
Polygon:
(0,0)(29,0)(29,5)(20,5)(20,14)(4,14)(4,2)(0,2)
Polygon:
(0,0)(34,0)(34,6)(26,6)(26,13)(9,13)(9,12)(0,12)
Polygon:
(0,0)(30,0)(30,7)(26,7)(26,12)(16,12)(16,10)(0,10)
Polygon:
(0,0)(47,0)(47,23)(29,23)(29,26)(15,26)(15,15)(0,15)
Polygon:
(0,0)(21,0)(21,10)(10,10)(10,28)(1,28)(1,11)(0,11)
Polygon:
(0,0)(16,0)(16,4)(8,4)(8,8)(6,8)(6,3)(0,3)
Polygon:
(0,0)(31,0)(31,15)(18,15)(18,26)(10,26)(10,13)(0,13)
Polygon:
(0,0)(44,0)(44,9)(29,9)(29,19)(14,19)(14,17)(0,17)
Polygon:
(0,0)(35,0)(35,6)(20,6)(20,15)(7,15)(7,13)(0,13)
Polygon:
(0,0)(18,0)(18,18)(15,18)(15,20)(1,20)(1,8)(0,8)
Polygon:
(0,0)(32,0)(32,2)(14,2)(14,12)(9,12)(9,4)(0,4)
Polygon:
(0,0)(28,0)(28,7)(25,7)(25,18)(14,18)(14,14)(0,14)
Polygon:
(0,0)(43,0)(43,6)(27,6)(27,19)(11,19)(11,15)(0,15)
Polygon:
(0,0)(14,0)(14,17)(13,17)(13,31)(5,31)(5,13)(0,13)
Polygon:
(0,0)(30,0)(30,2)(15,2)(15,18)(2,18)(2,17)(0,17)
Polygon:
(0,0)(24,0)(24,18)(18,18)(18,19)(1,19)(1,8)(0,8)
Polygon:
(0,0)(42,0)(42,17)(33,17)(33,32)(15,32)(15,18)(0,18)
Polygon:
(0,0)(29,0)(29,10)(14,10)(14,11)(13,11)(13,7)(0,7)
Polygon:
(0,0)(43,0)(43,7)(31,7)(31,16)(14,16)(14,10)(0,10)
Polygon:
(0,0)(20,0)(20,15)(10,15)(10,31)(3,31)(3,13)(0,13)
Polygon:
(0,0)(44,0)(44,5)(33,5)(33,17)(16,17)(16,4)(0,4)
Polygon:
(0,0)(23,0)(23,3)(11,3)(11,19)(4,19)(4,18)(0,18)
Polygon:
(0,0)(24,0)(24,27)(9,27)(9,28)(8,28)(8,13)(0,13)
Polygon:
(0,0)(41,0)(41,18)(31,18)(31,28)(18,28)(18,11)(0,11)
Polygon:
(0,0)(33,0)(33,10)(20,10)(20,22)(13,22)(13,11)(0,11)
Polygon:
(0,0)(22,0)(22,6)(9,6)(9,15)(6,15)(6,2)(0,2)
Polygon:
(0,0)(30,0)(30,7)(23,7)(23,20)(17,20)(17,4)(0,4)
Polygon:
(0,0)(36,0)(36,29)(33,29)(33,31)(18,31)(18,14)(0,14)
Polygon:
(0,0)(34,0)(34,15)(32,15)(32,16)(18,16)(18,12)(0,12)
Polygon:
(0,0)(24,0)(24,17)(19,17)(19,18)(14,18)(14,13)(0,13)
Polygon:
(0,0)(36,0)(36,15)(30,15)(30,31)(17,31)(17,16)(0,16)
Polygon:
(0,0)(25,0)(25,2)(21,2)(21,14)(12,14)(12,10)(0,10)
Polygon:
(0,0)(27,0)(27,7)(11,7)(11,14)(10,14)(10,1)(0,1)
Polygon:
(0,0)(29,0)(29,8)(22,8)(22,19)(14,19)(14,18)(0,18)
Polygon:
(0,0)(42,0)(42,6)(26,6)(26,13)(11,13)(11,6)(0,6)
Polygon:
(0,0)(36,0)(36,5)(19,5)(19,21)(8,21)(8,8)(0,8)
Polygon:
(0,0)(27,0)(27,8)(16,8)(16,25)(15,25)(15,15)(0,15)
Polygon:
(0,0)(26,0)(26,4)(16,4)(16,7)(13,7)(13,4)(0,4)
Polygon:
(0,0)(37,0)(37,5)(29,5)(29,21)(12,21)(12,9)(0,9)
Polygon:
(0,0)(23,0)(23,2)(16,2)(16,14)(4,14)(4,4)(0,4)
Polygon:
(0,0)(25,0)(25,20)(23,20)(23,22)(10,22)(10,8)(0,8)
Polygon:
(0,0)(28,0)(28,12)(20,12)(20,14)(9,14)(9,8)(0,8)
Polygon:
(0,0)(28,0)(28,13)(20,13)(20,15)(17,15)(17,14)(0,14)
Polygon:
(0,0)(16,0)(16,5)(15,5)(15,20)(11,20)(11,15)(0,15)
Polygon:
(0,0)(21,0)(21,14)(20,14)(20,19)(17,19)(17,8)(0,8)
Polygon:
(0,0)(19,0)(19,15)(18,15)(18,33)(1,33)(1,16)(0,16)
Polygon:
(0,0)(35,0)(35,6)(21,6)(21,15)(5,15)(5,2)(0,2)
Polygon:
(0,0)(26,0)(26,15)(14,15)(14,18)(7,18)(7,4)(0,4)
Polygon:
(0,0)(31,0)(31,1)(13,1)(13,13)(2,13)(2,12)(0,12)
Polygon:
(0,0)(22,0)(22,21)(14,21)(14,25)(6,25)(6,9)(0,9)
Polygon:
(0,0)(40,0)(40,9)(25,9)(25,17)(15,17)(15,8)(0,8)
Polygon:
(0,0)(27,0)(27,6)(22,6)(22,20)(6,20)(6,4)(0,4)
Polygon:
(0,0)(42,0)(42,8)(26,8)(26,17)(15,17)(15,7)(0,7)
Polygon:
(0,0)(26,0)(26,15)(9,15)(9,20)(6,20)(6,16)(0,16)
Polygon:
(0,0)(31,0)(31,9)(16,9)(16,14)(15,14)(15,2)(0,2)
Polygon:
(0,0)(39,0)(39,11)(25,11)(25,21)(16,21)(16,6)(0,6)
Polygon:
(0,0)(29,0)(29,8)(19,8)(19,16)(6,16)(6,8)(0,8)
Polygon:
(0,0)(21,0)(21,13)(9,13)(9,15)(7,15)(7,5)(0,5)
Polygon:
(0,0)(27,0)(27,17)(13,17)(13,23)(8,23)(8,13)(0,13)
Polygon:
(0,0)(19,0)(19,5)(13,5)(13,17)(4,17)(4,1)(0,1)
Polygon:
(0,0)(37,0)(37,16)(20,16)(20,19)(16,19)(16,2)(0,2)
Polygon:
(0,0)(22,0)(22,14)(9,14)(9,23)(3,23)(3,15)(0,15)
Polygon:
(0,0)(28,0)(28,15)(19,15)(19,26)(18,26)(18,10)(0,10)
Polygon:
(0,0)(29,0)(29,18)(22,18)(22,25)(15,25)(15,13)(0,13)
Polygon:
(0,0)(31,0)(31,16)(26,16)(26,21)(17,21)(17,4)(0,4)
Polygon:
(0,0)(29,0)(29,18)(22,18)(22,27)(17,27)(17,18)(0,18)
Polygon:
(0,0)(14,0)(14,10)(5,10)(5,20)(4,20)(4,11)(0,11)
Polygon:
(0,0)(39,0)(39,7)(28,7)(28,17)(11,17)(11,9)(0,9)
Polygon:
(0,0)(12,0)(12,17)(4,17)(4,18)(2,18)(2,11)(0,11)
Polygon:
(0,0)(26,0)(26,4)(18,4)(18,22)(7,22)(7,18)(0,18)
Polygon:
(0,0)(24,0)(24,5)(15,5)(15,12)(4,12)(4,11)(0,11)
Polygon:
(0,0)(28,0)(28,6)(25,6)(25,20)(7,20)(7,7)(0,7)
Polygon:
(0,0)(27,0)(27,2)(13,2)(13,8)(10,8)(10,5)(0,5)
Polygon:
(0,0)(22,0)(22,19)(11,19)(11,26)(5,26)(5,9)(0,9)
Polygon:
(0,0)(46,0)(46,20)(29,20)(29,28)(15,28)(15,18)(0,18)
Polygon:
(0,0)(49,0)(49,13)(32,13)(32,16)(18,16)(18,6)(0,6)
Polygon:
(0,0)(26,0)(26,13)(13,13)(13,30)(1,30)(1,16)(0,16)
Polygon:
(0,0)(14,0)(14,16)(13,16)(13,30)(4,30)(4,18)(0,18)
Polygon:
(0,0)(37,0)(37,18)(33,18)(33,20)(17,20)(17,13)(0,13)
Polygon:
(0,0)(27,0)(27,2)(21,2)(21,17)(8,17)(8,3)(0,3)
Polygon:
(0,0)(27,0)(27,1)(26,1)(26,17)(14,17)(14,13)(0,13)
Polygon:
(0,0)(19,0)(19,21)(8,21)(8,31)(1,31)(1,14)(0,14)
Polygon:
(0,0)(35,0)(35,13)(33,13)(33,14)(17,14)(17,8)(0,8)
Polygon:
(0,0)(17,0)(17,22)(9,22)(9,33)(3,33)(3,17)(0,17)
Polygon:
(0,0)(44,0)(44,8)(36,8)(36,21)(18,21)(18,6)(0,6)
Polygon:
(0,0)(36,0)(36,13)(24,13)(24,30)(16,30)(16,12)(0,12)
Polygon:
(0,0)(40,0)(40,7)(27,7)(27,19)(11,19)(11,1)(0,1)
Polygon:
(0,0)(20,0)(20,7)(18,7)(18,23)(3,23)(3,18)(0,18)
Polygon:
(0,0)(29,0)(29,15)(21,15)(21,20)(9,20)(9,6)(0,6)
Polygon:
(0,0)(30,0)(30,1)(28,1)(28,11)(12,11)(12,9)(0,9)
Polygon:
(0,0)(36,0)(36,14)(23,14)(23,29)(10,29)(10,13)(0,13)
Polygon:
(0,0)(34,0)(34,8)(20,8)(20,13)(8,13)(8,12)(0,12)
Polygon:
(0,0)(40,0)(40,13)(31,13)(31,20)(17,20)(17,9)(0,9)
Polygon:
(0,0)(37,0)(37,3)(23,3)(23,18)(15,18)(15,3)(0,3)
Polygon:
(0,0)(26,0)(26,14)(16,14)(16,22)(12,22)(12,5)(0,5)
Polygon:
(0,0)(27,0)(27,32)(17,32)(17,33)(8,33)(8,18)(0,18)
Polygon:
(0,0)(29,0)(29,9)(13,9)(13,15)(5,15)(5,3)(0,3)
Polygon:
(0,0)(19,0)(19,22)(15,22)(15,26)(3,26)(3,10)(0,10)
Polygon:
(0,0)(31,0)(31,4)(20,4)(20,18)(18,18)(18,17)(0,17)
Polygon:
(0,0)(16,0)(16,3)(8,3)(8,19)(6,19)(6,1)(0,1)
Polygon:
(0,0)(24,0)(24,9)(18,9)(18,27)(11,27)(11,13)(0,13)
Polygon:
(0,0)(33,0)(33,8)(15,8)(15,23)(13,23)(13,9)(0,9)
Polygon:
(0,0)(29,0)(29,4)(20,4)(20,19)(2,19)(2,2)(0,2)
Polygon:
(0,0)(9,0)(9,2)(7,2)(7,20)(2,20)(2,6)(0,6)
Polygon:
(0,0)(19,0)(19,5)(17,5)(17,12)(12,12)(12,1)(0,1)
Polygon:
(0,0)(29,0)(29,5)(18,5)(18,21)(3,21)(3,10)(0,10)
Polygon:
(0,0)(38,0)(38,7)(24,7)(24,17)(15,17)(15,9)(0,9)
Polygon:
(0,0)(29,0)(29,14)(23,14)(23,20)(8,20)(8,2)(0,2)
Polygon:
(0,0)(37,0)(37,7)(19,7)(19,8)(12,8)(12,2)(0,2)
Polygon:
(0,0)(20,0)(20,2)(13,2)(13,16)(8,16)(8,5)(0,5)
Polygon:
(0,0)(15,0)(15,21)(9,21)(9,32)(7,32)(7,14)(0,14)
Polygon:
(0,0)(42,0)(42,19)(32,19)(32,20)(15,20)(15,5)(0,5)
Polygon:
(0,0)(38,0)(38,23)(22,23)(22,31)(12,31)(12,18)(0,18)
Polygon:
(0,0)(27,0)(27,10)(24,10)(24,28)(18,28)(18,14)(0,14)
Polygon:
(0,0)(22,0)(22,15)(16,15)(16,32)(9,32)(9,18)(0,18)
Polygon:
(0,0)(37,0)(37,2)(29,2)(29,7)(17,7)(17,2)(0,2)
Polygon:
(0,0)(24,0)(24,6)(6,6)(6,21)(2,21)(2,3)(0,3)
Polygon:
(0,0)(22,0)(22,17)(5,17)(5,18)(4,18)(4,10)(0,10)
Polygon:
(0,0)(22,0)(22,11)(18,11)(18,18)(6,18)(6,2)(0,2)
Polygon:
(0,0)(44,0)(44,17)(31,17)(31,21)(16,21)(16,18)(0,18)
Polygon:
(0,0)(45,0)(45,2)(27,2)(27,12)(14,12)(14,7)(0,7)
Polygon:
(0,0)(41,0)(41,6)(25,6)(25,21)(14,21)(14,4)(0,4)
Polygon:
(0,0)(19,0)(19,23)(18,23)(18,28)(4,28)(4,13)(0,13)
Polygon:
(0,0)(47,0)(47,19)(33,19)(33,22)(15,22)(15,8)(0,8)
Polygon:
(0,0)(38,0)(38,19)(27,19)(27,25)(10,25)(10,7)(0,7)
Polygon:
(0,0)(40,0)(40,6)(22,6)(22,18)(8,18)(8,2)(0,2)
Polygon:
(0,0)(38,0)(38,19)(20,19)(20,22)(7,22)(7,6)(0,6)
Polygon:
(0,0)(29,0)(29,6)(28,6)(28,21)(18,21)(18,6)(0,6)
Polygon:
(0,0)(35,0)(35,27)(17,27)(17,30)(15,30)(15,16)(0,16)
Polygon:
(0,0)(29,0)(29,16)(23,16)(23,18)(7,18)(7,2)(0,2)
Polygon:
(0,0)(35,0)(35,16)(34,16)(34,32)(17,32)(17,14)(0,14)
Polygon:
(0,0)(42,0)(42,5)(27,5)(27,19)(16,19)(16,15)(0,15)
Polygon:
(0,0)(22,0)(22,12)(11,12)(11,22)(10,22)(10,4)(0,4)
Polygon:
(0,0)(16,0)(16,13)(9,13)(9,23)(5,23)(5,6)(0,6)
Polygon:
(0,0)(37,0)(37,12)(23,12)(23,18)(16,18)(16,7)(0,7)
Polygon:
(0,0)(30,0)(30,25)(24,25)(24,27)(7,27)(7,11)(0,11)
Polygon:
(0,0)(36,0)(36,23)(19,23)(19,26)(9,26)(9,17)(0,17)
Polygon:
(0,0)(27,0)(27,30)(12,30)(12,34)(9,34)(9,16)(0,16)
Polygon:
(0,0)(21,0)(21,1)(19,1)(19,17)(12,17)(12,15)(0,15)
Polygon:
(0,0)(24,0)(24,10)(20,10)(20,20)(17,20)(17,11)(0,11)
Polygon:
(0,0)(25,0)(25,16)(13,16)(13,31)(3,31)(3,14)(0,14)
Polygon:
(0,0)(12,0)(12,21)(11,21)(11,30)(1,30)(1,16)(0,16)
Polygon:
(0,0)(10,0)(10,15)(4,15)(4,18)(3,18)(3,7)(0,7)
Polygon:
(0,0)(11,0)(11,6)(9,6)(9,19)(8,19)(8,3)(0,3)
Polygon:
(0,0)(22,0)(22,13)(11,13)(11,28)(6,28)(6,15)(0,15)
Polygon:
(0,0)(27,0)(27,2)(18,2)(18,17)(9,17)(9,1)(0,1)
Polygon:
(0,0)(30,0)(30,1)(16,1)(16,14)(3,14)(3,3)(0,3)
Polygon:
(0,0)(29,0)(29,24)(14,24)(14,27)(8,27)(8,11)(0,11)
Polygon:
(0,0)(31,0)(31,7)(30,7)(30,14)(12,14)(12,2)(0,2)
Polygon:
(0,0)(37,0)(37,11)(19,11)(19,13)(12,13)(12,4)(0,4)
Polygon:
(0,0)(35,0)(35,11)(26,11)(26,14)(16,14)(16,11)(0,11)
Polygon:
(0,0)(30,0)(30,3)(13,3)(13,18)(2,18)(2,13)(0,13)
Polygon:
(0,0)(40,0)(40,18)(28,18)(28,27)(10,27)(10,13)(0,13)
Polygon:
(0,0)(32,0)(32,7)(19,7)(19,12)(5,12)(5,3)(0,3)
Polygon:
(0,0)(35,0)(35,7)(21,7)(21,12)(9,12)(9,4)(0,4)
Polygon:
(0,0)(30,0)(30,14)(21,14)(21,15)(11,15)(11,2)(0,2)
Polygon:
(0,0)(26,0)(26,12)(18,12)(18,15)(16,15)(16,6)(0,6)
Polygon:
(0,0)(25,0)(25,22)(19,22)(19,28)(18,28)(18,11)(0,11)
Polygon:
(0,0)(28,0)(28,26)(24,26)(24,27)(7,27)(7,18)(0,18)
Polygon:
(0,0)(21,0)(21,11)(14,11)(14,20)(10,20)(10,3)(0,3)
Polygon:
(0,0)(24,0)(24,15)(21,15)(21,19)(11,19)(11,18)(0,18)
Polygon:
(0,0)(29,0)(29,4)(22,4)(22,8)(18,8)(18,4)(0,4)
Polygon:
(0,0)(21,0)(21,17)(17,17)(17,33)(15,33)(15,18)(0,18)
Polygon:
(0,0)(29,0)(29,20)(22,20)(22,26)(8,26)(8,11)(0,11)
Polygon:
(0,0)(31,0)(31,18)(25,18)(25,30)(13,30)(13,13)(0,13)
Polygon:
(0,0)(41,0)(41,8)(24,8)(24,13)(7,13)(7,8)(0,8)
Polygon:
(0,0)(35,0)(35,3)(25,3)(25,20)(13,20)(13,16)(0,16)
Polygon:
(0,0)(29,0)(29,18)(18,18)(18,25)(11,25)(11,10)(0,10)
Polygon:
(0,0)(33,0)(33,6)(30,6)(30,22)(17,22)(17,6)(0,6)
Polygon:
(0,0)(11,0)(11,11)(3,11)(3,19)(2,19)(2,2)(0,2)
Polygon:
(0,0)(38,0)(38,26)(30,26)(30,30)(14,30)(14,13)(0,13)
Polygon:
(0,0)(41,0)(41,16)(23,16)(23,23)(9,23)(9,8)(0,8)
Polygon:
(0,0)(28,0)(28,30)(14,30)(14,32)(2,32)(2,17)(0,17)
Polygon:
(0,0)(37,0)(37,17)(20,17)(20,23)(4,23)(4,8)(0,8)
Polygon:
(0,0)(38,0)(38,12)(23,12)(23,13)(8,13)(8,1)(0,1)
Polygon:
(0,0)(30,0)(30,12)(21,12)(21,17)(8,17)(8,1)(0,1)
Polygon:
(0,0)(24,0)(24,22)(22,22)(22,31)(17,31)(17,16)(0,16)
Polygon:
(0,0)(29,0)(29,12)(18,12)(18,25)(14,25)(14,17)(0,17)
Polygon:
(0,0)(25,0)(25,14)(17,14)(17,16)(3,16)(3,7)(0,7)
Polygon:
(0,0)(20,0)(20,20)(18,20)(18,25)(6,25)(6,17)(0,17)
Polygon:
(0,0)(25,0)(25,15)(16,15)(16,18)(9,18)(9,5)(0,5)
Polygon:
(0,0)(17,0)(17,9)(10,9)(10,14)(8,14)(8,4)(0,4)
Polygon:
(0,0)(27,0)(27,21)(15,21)(15,22)(10,22)(10,7)(0,7)
Polygon:
(0,0)(32,0)(32,9)(27,9)(27,18)(15,18)(15,1)(0,1)
Polygon:
(0,0)(33,0)(33,3)(28,3)(28,4)(14,4)(14,3)(0,3)
Polygon:
(0,0)(26,0)(26,18)(15,18)(15,20)(9,20)(9,8)(0,8)
Polygon:
(0,0)(28,0)(28,22)(20,22)(20,25)(13,25)(13,8)(0,8)
Polygon:
(0,0)(23,0)(23,21)(18,21)(18,22)(6,22)(6,9)(0,9)
Polygon:
(0,0)(30,0)(30,18)(13,18)(13,21)(8,21)(8,17)(0,17)
Polygon:
(0,0)(33,0)(33,7)(23,7)(23,20)(8,20)(8,7)(0,7)
Polygon:
(0,0)(40,0)(40,17)(22,17)(22,24)(6,24)(6,12)(0,12)
Polygon:
(0,0)(40,0)(40,9)(30,9)(30,17)(16,17)(16,8)(0,8)
Polygon:
(0,0)(19,0)(19,15)(8,15)(8,21)(1,21)(1,12)(0,12)
Polygon:
(0,0)(20,0)(20,17)(19,17)(19,19)(13,19)(13,8)(0,8)
Polygon:
(0,0)(29,0)(29,5)(19,5)(19,8)(9,8)(9,3)(0,3)
Polygon:
(0,0)(27,0)(27,13)(9,13)(9,25)(4,25)(4,15)(0,15)
Polygon:
(0,0)(25,0)(25,27)(20,27)(20,29)(17,29)(17,18)(0,18)
Polygon:
(0,0)(34,0)(34,1)(24,1)(24,18)(17,18)(17,1)(0,1)
Polygon:
(0,0)(26,0)(26,9)(24,9)(24,25)(8,25)(8,18)(0,18)
Polygon:
(0,0)(44,0)(44,10)(27,10)(27,12)(17,12)(17,5)(0,5)
Polygon:
(0,0)(31,0)(31,12)(20,12)(20,23)(10,23)(10,18)(0,18)
Polygon:
(0,0)(43,0)(43,20)(26,20)(26,32)(8,32)(8,14)(0,14)
Polygon:
(0,0)(20,0)(20,12)(15,12)(15,27)(12,27)(12,10)(0,10)
Polygon:
(0,0)(38,0)(38,23)(25,23)(25,33)(18,33)(18,17)(0,17)
Polygon:
(0,0)(10,0)(10,16)(7,16)(7,29)(1,29)(1,13)(0,13)
Polygon:
(0,0)(24,0)(24,9)(13,9)(13,16)(7,16)(7,11)(0,11)
Polygon:
(0,0)(32,0)(32,7)(21,7)(21,21)(10,21)(10,13)(0,13)
Polygon:
(0,0)(18,0)(18,1)(17,1)(17,17)(5,17)(5,14)(0,14)
Polygon:
(0,0)(17,0)(17,8)(10,8)(10,16)(1,16)(1,11)(0,11)
Polygon:
(0,0)(37,0)(37,9)(33,9)(33,23)(17,23)(17,9)(0,9)
Polygon:
(0,0)(40,0)(40,8)(29,8)(29,18)(11,18)(11,3)(0,3)
Polygon:
(0,0)(15,0)(15,17)(5,17)(5,20)(1,20)(1,4)(0,4)
Polygon:
(0,0)(22,0)(22,16)(13,16)(13,19)(7,19)(7,3)(0,3)
Polygon:
(0,0)(42,0)(42,7)(25,7)(25,8)(8,8)(8,4)(0,4)
Polygon:
(0,0)(34,0)(34,2)(16,2)(16,8)(14,8)(14,1)(0,1)
Polygon:
(0,0)(43,0)(43,14)(27,14)(27,22)(13,22)(13,6)(0,6)
Polygon:
(0,0)(44,0)(44,20)(31,20)(31,21)(14,21)(14,3)(0,3)
Polygon:
(0,0)(37,0)(37,12)(19,12)(19,21)(15,21)(15,11)(0,11)
Polygon:
(0,0)(37,0)(37,8)(20,8)(20,14)(15,14)(15,2)(0,2)
Polygon:
(0,0)(17,0)(17,10)(16,10)(16,17)(14,17)(14,3)(0,3)
Polygon:
(0,0)(36,0)(36,2)(28,2)(28,19)(17,19)(17,1)(0,1)
Polygon:
(0,0)(33,0)(33,24)(24,24)(24,31)(8,31)(8,16)(0,16)
Polygon:
(0,0)(28,0)(28,9)(24,9)(24,27)(15,27)(15,11)(0,11)
Polygon:
(0,0)(20,0)(20,7)(14,7)(14,18)(7,18)(7,14)(0,14)
Polygon:
(0,0)(14,0)(14,7)(13,7)(13,16)(10,16)(10,1)(0,1)
Polygon:
(0,0)(51,0)(51,19)(33,19)(33,26)(16,26)(16,18)(0,18)
Polygon:
(0,0)(19,0)(19,4)(13,4)(13,18)(1,18)(1,17)(0,17)
Polygon:
(0,0)(25,0)(25,27)(17,27)(17,30)(11,30)(11,13)(0,13)
Polygon:
(0,0)(33,0)(33,16)(15,16)(15,21)(10,21)(10,4)(0,4)
Polygon:
(0,0)(26,0)(26,3)(24,3)(24,15)(6,15)(6,5)(0,5)
Polygon:
(0,0)(39,0)(39,11)(23,11)(23,27)(18,27)(18,11)(0,11)
Polygon:
(0,0)(23,0)(23,6)(13,6)(13,15)(7,15)(7,14)(0,14)
Polygon:
(0,0)(36,0)(36,5)(19,5)(19,19)(3,19)(3,1)(0,1)
Polygon:
(0,0)(28,0)(28,4)(17,4)(17,16)(4,16)(4,6)(0,6)
Polygon:
(0,0)(29,0)(29,4)(18,4)(18,18)(13,18)(13,14)(0,14)
Polygon:
(0,0)(23,0)(23,10)(18,10)(18,25)(16,25)(16,17)(0,17)
Polygon:
(0,0)(25,0)(25,3)(19,3)(19,6)(3,6)(3,4)(0,4)
Polygon:
(0,0)(43,0)(43,14)(26,14)(26,27)(14,27)(14,9)(0,9)
Polygon:
(0,0)(26,0)(26,14)(8,14)(8,23)(5,23)(5,18)(0,18)
Polygon:
(0,0)(28,0)(28,22)(18,22)(18,27)(8,27)(8,17)(0,17)
Polygon:
(0,0)(14,0)(14,12)(12,12)(12,27)(3,27)(3,18)(0,18)
Polygon:
(0,0)(29,0)(29,13)(17,13)(17,15)(10,15)(10,2)(0,2)
Polygon:
(0,0)(49,0)(49,8)(32,8)(32,16)(15,16)(15,12)(0,12)
Polygon:
(0,0)(35,0)(35,2)(19,2)(19,12)(4,12)(4,8)(0,8)
Polygon:
(0,0)(15,0)(15,28)(11,28)(11,29)(9,29)(9,14)(0,14)
Polygon:
(0,0)(31,0)(31,15)(21,15)(21,33)(17,33)(17,18)(0,18)
Polygon:
(0,0)(41,0)(41,16)(24,16)(24,30)(16,30)(16,13)(0,13)
Polygon:
(0,0)(24,0)(24,9)(21,9)(21,14)(12,14)(12,1)(0,1)
Polygon:
(0,0)(23,0)(23,11)(10,11)(10,27)(5,27)(5,12)(0,12)
Polygon:
(0,0)(44,0)(44,14)(30,14)(30,24)(18,24)(18,15)(0,15)
Polygon:
(0,0)(30,0)(30,12)(26,12)(26,23)(18,23)(18,16)(0,16)
Polygon:
(0,0)(10,0)(10,12)(5,12)(5,26)(2,26)(2,12)(0,12)
Polygon:
(0,0)(34,0)(34,6)(32,6)(32,13)(14,13)(14,12)(0,12)
Polygon:
(0,0)(39,0)(39,19)(29,19)(29,27)(15,27)(15,17)(0,17)
Polygon:
(0,0)(24,0)(24,8)(18,8)(18,12)(13,12)(13,3)(0,3)
Polygon:
(0,0)(25,0)(25,8)(22,8)(22,19)(13,19)(13,14)(0,14)
Polygon:
(0,0)(34,0)(34,2)(17,2)(17,9)(15,9)(15,7)(0,7)
Polygon:
(0,0)(26,0)(26,5)(8,5)(8,21)(6,21)(6,4)(0,4)
Polygon:
(0,0)(48,0)(48,17)(32,17)(32,20)(16,20)(16,7)(0,7)
Polygon:
(0,0)(24,0)(24,13)(22,13)(22,25)(17,25)(17,18)(0,18)
Polygon:
(0,0)(29,0)(29,14)(19,14)(19,26)(1,26)(1,18)(0,18)
Polygon:
(0,0)(25,0)(25,18)(18,18)(18,23)(14,23)(14,5)(0,5)
Polygon:
(0,0)(33,0)(33,22)(20,22)(20,23)(3,23)(3,5)(0,5)
Polygon:
(0,0)(29,0)(29,23)(23,23)(23,24)(6,24)(6,7)(0,7)
Polygon:
(0,0)(26,0)(26,9)(14,9)(14,13)(2,13)(2,6)(0,6)
Polygon:
(0,0)(26,0)(26,7)(20,7)(20,13)(17,13)(17,4)(0,4)
Polygon:
(0,0)(18,0)(18,13)(15,13)(15,23)(13,23)(13,16)(0,16)
Polygon:
(0,0)(33,0)(33,18)(15,18)(15,19)(4,19)(4,9)(0,9)
Polygon:
(0,0)(14,0)(14,19)(7,19)(7,21)(1,21)(1,9)(0,9)
Polygon:
(0,0)(34,0)(34,13)(16,13)(16,23)(5,23)(5,5)(0,5)
Polygon:
(0,0)(30,0)(30,18)(16,18)(16,20)(5,20)(5,6)(0,6)
Polygon:
(0,0)(32,0)(32,2)(21,2)(21,8)(16,8)(16,3)(0,3)
Polygon:
(0,0)(34,0)(34,13)(24,13)(24,17)(6,17)(6,6)(0,6)
Polygon:
(0,0)(31,0)(31,10)(22,10)(22,26)(8,26)(8,18)(0,18)
Polygon:
(0,0)(35,0)(35,8)(30,8)(30,16)(16,16)(16,6)(0,6)
Polygon:
(0,0)(16,0)(16,7)(15,7)(15,17)(6,17)(6,11)(0,11)
Polygon:
(0,0)(19,0)(19,22)(17,22)(17,32)(14,32)(14,16)(0,16)
Polygon:
(0,0)(31,0)(31,11)(20,11)(20,20)(5,20)(5,9)(0,9)
Polygon:
(0,0)(34,0)(34,4)(25,4)(25,9)(12,9)(12,1)(0,1)
Polygon:
(0,0)(23,0)(23,8)(18,8)(18,10)(16,10)(16,1)(0,1)
Polygon:
(0,0)(38,0)(38,22)(26,22)(26,26)(9,26)(9,14)(0,14)
Polygon:
(0,0)(16,0)(16,15)(6,15)(6,21)(2,21)(2,6)(0,6)
Polygon:
(0,0)(27,0)(27,17)(25,17)(25,21)(15,21)(15,13)(0,13)
Polygon:
(0,0)(41,0)(41,4)(32,4)(32,19)(18,19)(18,14)(0,14)
Polygon:
(0,0)(19,0)(19,3)(13,3)(13,19)(1,19)(1,6)(0,6)
Polygon:
(0,0)(32,0)(32,5)(21,5)(21,10)(12,10)(12,1)(0,1)
Polygon:
(0,0)(36,0)(36,16)(26,16)(26,23)(17,23)(17,8)(0,8)
Polygon:
(0,0)(31,0)(31,5)(26,5)(26,14)(8,14)(8,1)(0,1)
Polygon:
(0,0)(34,0)(34,15)(19,15)(19,16)(7,16)(7,7)(0,7)
Polygon:
(0,0)(42,0)(42,7)(27,7)(27,10)(11,10)(11,4)(0,4)
Polygon:
(0,0)(20,0)(20,5)(8,5)(8,21)(4,21)(4,4)(0,4)
Polygon:
(0,0)(18,0)(18,17)(5,17)(5,18)(3,18)(3,3)(0,3)
Polygon:
(0,0)(30,0)(30,5)(12,5)(12,21)(8,21)(8,14)(0,14)
Polygon:
(0,0)(19,0)(19,23)(10,23)(10,26)(4,26)(4,11)(0,11)
Polygon:
(0,0)(45,0)(45,18)(34,18)(34,19)(17,19)(17,9)(0,9)
Polygon:
(0,0)(23,0)(23,17)(15,17)(15,23)(10,23)(10,7)(0,7)
Polygon:
(0,0)(24,0)(24,7)(10,7)(10,18)(2,18)(2,14)(0,14)
Polygon:
(0,0)(41,0)(41,9)(25,9)(25,20)(9,20)(9,13)(0,13)
Polygon:
(0,0)(36,0)(36,11)(22,11)(22,16)(16,16)(16,5)(0,5)
Polygon:
(0,0)(26,0)(26,3)(14,3)(14,7)(10,7)(10,5)(0,5)
Polygon:
(0,0)(23,0)(23,16)(16,16)(16,19)(2,19)(2,10)(0,10)
Polygon:
(0,0)(13,0)(13,15)(12,15)(12,21)(8,21)(8,10)(0,10)
Polygon:
(0,0)(37,0)(37,10)(28,10)(28,12)(17,12)(17,3)(0,3)
Polygon:
(0,0)(12,0)(12,12)(10,12)(10,19)(2,19)(2,6)(0,6)
Polygon:
(0,0)(23,0)(23,10)(18,10)(18,20)(15,20)(15,10)(0,10)
Polygon:
(0,0)(19,0)(19,5)(16,5)(16,12)(14,12)(14,6)(0,6)
Polygon:
(0,0)(21,0)(21,14)(5,14)(5,19)(2,19)(2,2)(0,2)
Polygon:
(0,0)(17,0)(17,7)(7,7)(7,12)(6,12)(6,1)(0,1)
Polygon:
(0,0)(36,0)(36,11)(22,11)(22,29)(12,29)(12,18)(0,18)
Polygon:
(0,0)(15,0)(15,1)(11,1)(11,13)(9,13)(9,7)(0,7)
Polygon:
(0,0)(28,0)(28,17)(14,17)(14,26)(5,26)(5,18)(0,18)
Polygon:
(0,0)(25,0)(25,9)(10,9)(10,21)(6,21)(6,12)(0,12)
Polygon:
(0,0)(45,0)(45,22)(34,22)(34,25)(16,25)(16,7)(0,7)
Polygon:
(0,0)(39,0)(39,1)(23,1)(23,16)(15,16)(15,15)(0,15)
Polygon:
(0,0)(32,0)(32,17)(26,17)(26,33)(8,33)(8,16)(0,16)
Polygon:
(0,0)(45,0)(45,8)(27,8)(27,18)(14,18)(14,15)(0,15)
Polygon:
(0,0)(44,0)(44,13)(31,13)(31,16)(18,16)(18,7)(0,7)
Polygon:
(0,0)(30,0)(30,9)(23,9)(23,14)(10,14)(10,8)(0,8)
Polygon:
(0,0)(20,0)(20,16)(16,16)(16,31)(9,31)(9,17)(0,17)
Polygon:
(0,0)(40,0)(40,5)(23,5)(23,15)(5,15)(5,3)(0,3)
Polygon:
(0,0)(41,0)(41,9)(26,9)(26,15)(11,15)(11,3)(0,3)
Polygon:
(0,0)(29,0)(29,16)(19,16)(19,17)(18,17)(18,2)(0,2)
Polygon:
(0,0)(35,0)(35,16)(24,16)(24,18)(17,18)(17,2)(0,2)
Polygon:
(0,0)(39,0)(39,9)(35,9)(35,24)(18,24)(18,11)(0,11)
Polygon:
(0,0)(27,0)(27,11)(25,11)(25,17)(17,17)(17,9)(0,9)
Polygon:
(0,0)(27,0)(27,10)(25,10)(25,17)(17,17)(17,2)(0,2)
Polygon:
(0,0)(26,0)(26,11)(16,11)(16,21)(6,21)(6,3)(0,3)
Polygon:
(0,0)(22,0)(22,16)(8,16)(8,19)(5,19)(5,16)(0,16)
Polygon:
(0,0)(23,0)(23,5)(22,5)(22,9)(11,9)(11,4)(0,4)
Polygon:
(0,0)(23,0)(23,4)(14,4)(14,22)(8,22)(8,9)(0,9)
Polygon:
(0,0)(35,0)(35,8)(22,8)(22,9)(8,9)(8,3)(0,3)
Polygon:
(0,0)(35,0)(35,24)(34,24)(34,27)(16,27)(16,11)(0,11)
Polygon:
(0,0)(26,0)(26,3)(21,3)(21,10)(15,10)(15,4)(0,4)
Polygon:
(0,0)(45,0)(45,15)(29,15)(29,30)(17,30)(17,16)(0,16)
Polygon:
(0,0)(10,0)(10,9)(7,9)(7,16)(6,16)(6,15)(0,15)
Polygon:
(0,0)(49,0)(49,20)(32,20)(32,22)(16,22)(16,9)(0,9)
Polygon:
(0,0)(21,0)(21,34)(13,34)(13,35)(12,35)(12,18)(0,18)
Polygon:
(0,0)(16,0)(16,17)(4,17)(4,29)(2,29)(2,14)(0,14)
Polygon:
(0,0)(24,0)(24,7)(22,7)(22,16)(16,16)(16,10)(0,10)
Polygon:
(0,0)(17,0)(17,15)(12,15)(12,17)(5,17)(5,3)(0,3)
Polygon:
(0,0)(15,0)(15,3)(7,3)(7,19)(6,19)(6,10)(0,10)
Polygon:
(0,0)(18,0)(18,4)(17,4)(17,18)(10,18)(10,12)(0,12)
Polygon:
(0,0)(26,0)(26,9)(19,9)(19,19)(11,19)(11,10)(0,10)
Polygon:
(0,0)(34,0)(34,2)(21,2)(21,13)(17,13)(17,6)(0,6)
Polygon:
(0,0)(28,0)(28,17)(24,17)(24,30)(6,30)(6,18)(0,18)
Polygon:
(0,0)(34,0)(34,9)(16,9)(16,18)(15,18)(15,1)(0,1)
Polygon:
(0,0)(25,0)(25,21)(16,21)(16,30)(8,30)(8,15)(0,15)
Polygon:
(0,0)(44,0)(44,26)(31,26)(31,31)(17,31)(17,14)(0,14)
Polygon:
(0,0)(29,0)(29,27)(28,27)(28,30)(13,30)(13,14)(0,14)
Polygon:
(0,0)(19,0)(19,14)(7,14)(7,16)(6,16)(6,9)(0,9)
Polygon:
(0,0)(27,0)(27,32)(10,32)(10,36)(2,36)(2,18)(0,18)
Polygon:
(0,0)(28,0)(28,3)(19,3)(19,19)(16,19)(16,4)(0,4)
Polygon:
(0,0)(25,0)(25,12)(22,12)(22,28)(12,28)(12,11)(0,11)
Polygon:
(0,0)(29,0)(29,9)(25,9)(25,21)(10,21)(10,7)(0,7)
Polygon:
(0,0)(22,0)(22,15)(21,15)(21,17)(4,17)(4,14)(0,14)
Polygon:
(0,0)(40,0)(40,14)(22,14)(22,22)(9,22)(9,8)(0,8)
Polygon:
(0,0)(18,0)(18,26)(14,26)(14,29)(4,29)(4,13)(0,13)
Polygon:
(0,0)(35,0)(35,6)(26,6)(26,16)(11,16)(11,4)(0,4)
Polygon:
(0,0)(32,0)(32,8)(19,8)(19,26)(3,26)(3,16)(0,16)
Polygon:
(0,0)(26,0)(26,17)(13,17)(13,21)(8,21)(8,18)(0,18)
Polygon:
(0,0)(52,0)(52,8)(35,8)(35,11)(18,11)(18,5)(0,5)
Polygon:
(0,0)(25,0)(25,16)(20,16)(20,19)(15,19)(15,18)(0,18)
Polygon:
(0,0)(34,0)(34,3)(33,3)(33,21)(18,21)(18,14)(0,14)
Polygon:
(0,0)(20,0)(20,10)(15,10)(15,20)(6,20)(6,3)(0,3)
Polygon:
(0,0)(32,0)(32,8)(15,8)(15,25)(3,25)(3,18)(0,18)
Polygon:
(0,0)(30,0)(30,21)(21,21)(21,23)(11,23)(11,7)(0,7)
Polygon:
(0,0)(23,0)(23,21)(12,21)(12,22)(3,22)(3,14)(0,14)
Polygon:
(0,0)(10,0)(10,21)(9,21)(9,30)(2,30)(2,14)(0,14)
Polygon:
(0,0)(27,0)(27,11)(16,11)(16,14)(5,14)(5,3)(0,3)
Polygon:
(0,0)(9,0)(9,4)(6,4)(6,14)(4,14)(4,1)(0,1)
Polygon:
(0,0)(20,0)(20,11)(19,11)(19,16)(1,16)(1,15)(0,15)
Polygon:
(0,0)(11,0)(11,4)(7,4)(7,9)(6,9)(6,1)(0,1)
Polygon:
(0,0)(21,0)(21,1)(8,1)(8,18)(3,18)(3,6)(0,6)
Polygon:
(0,0)(15,0)(15,4)(6,4)(6,18)(5,18)(5,13)(0,13)
Polygon:
(0,0)(44,0)(44,18)(27,18)(27,33)(14,33)(14,18)(0,18)
Polygon:
(0,0)(14,0)(14,5)(5,5)(5,22)(3,22)(3,17)(0,17)
Polygon:
(0,0)(28,0)(28,7)(17,7)(17,8)(12,8)(12,6)(0,6)
Polygon:
(0,0)(21,0)(21,7)(18,7)(18,19)(2,19)(2,16)(0,16)
Polygon:
(0,0)(26,0)(26,5)(19,5)(19,17)(7,17)(7,16)(0,16)
Polygon:
(0,0)(47,0)(47,11)(29,11)(29,24)(13,24)(13,7)(0,7)
Polygon:
(0,0)(27,0)(27,16)(25,16)(25,18)(7,18)(7,2)(0,2)
Polygon:
(0,0)(45,0)(45,18)(33,18)(33,22)(15,22)(15,8)(0,8)
Polygon:
(0,0)(31,0)(31,11)(26,11)(26,24)(16,24)(16,12)(0,12)
Polygon:
(0,0)(35,0)(35,4)(19,4)(19,22)(8,22)(8,5)(0,5)
Polygon:
(0,0)(28,0)(28,21)(11,21)(11,28)(1,28)(1,10)(0,10)
Polygon:
(0,0)(22,0)(22,7)(15,7)(15,19)(4,19)(4,1)(0,1)
Polygon:
(0,0)(25,0)(25,13)(13,13)(13,20)(6,20)(6,14)(0,14)
Polygon:
(0,0)(35,0)(35,3)(32,3)(32,17)(18,17)(18,11)(0,11)
Polygon:
(0,0)(18,0)(18,17)(10,17)(10,21)(7,21)(7,8)(0,8)
Polygon:
(0,0)(28,0)(28,11)(10,11)(10,15)(9,15)(9,1)(0,1)
Polygon:
(0,0)(24,0)(24,11)(17,11)(17,19)(1,19)(1,17)(0,17)
Polygon:
(0,0)(43,0)(43,22)(28,22)(28,24)(14,24)(14,11)(0,11)
Polygon:
(0,0)(34,0)(34,4)(25,4)(25,7)(15,7)(15,1)(0,1)
Polygon:
(0,0)(28,0)(28,17)(18,17)(18,24)(10,24)(10,16)(0,16)
Polygon:
(0,0)(50,0)(50,13)(35,13)(35,18)(17,18)(17,8)(0,8)
Polygon:
(0,0)(19,0)(19,10)(6,10)(6,20)(2,20)(2,4)(0,4)
Polygon:
(0,0)(23,0)(23,7)(12,7)(12,21)(8,21)(8,10)(0,10)
Polygon:
(0,0)(34,0)(34,18)(28,18)(28,23)(18,23)(18,5)(0,5)
Polygon:
(0,0)(22,0)(22,6)(11,6)(11,15)(3,15)(3,9)(0,9)
Polygon:
(0,0)(29,0)(29,11)(17,11)(17,27)(13,27)(13,15)(0,15)
Polygon:
(0,0)(35,0)(35,9)(20,9)(20,14)(10,14)(10,1)(0,1)
Polygon:
(0,0)(5,0)(5,13)(2,13)(2,14)(1,14)(1,4)(0,4)
Polygon:
(0,0)(36,0)(36,10)(22,10)(22,12)(8,12)(8,7)(0,7)
Polygon:
(0,0)(19,0)(19,23)(16,23)(16,31)(10,31)(10,14)(0,14)
Polygon:
(0,0)(19,0)(19,24)(17,24)(17,26)(14,26)(14,11)(0,11)
Polygon:
(0,0)(43,0)(43,11)(31,11)(31,15)(17,15)(17,8)(0,8)
Polygon:
(0,0)(40,0)(40,14)(27,14)(27,27)(16,27)(16,16)(0,16)
Polygon:
(0,0)(14,0)(14,1)(13,1)(13,14)(11,14)(11,8)(0,8)
Polygon:
(0,0)(36,0)(36,19)(18,19)(18,30)(16,30)(16,15)(0,15)
Polygon:
(0,0)(36,0)(36,5)(24,5)(24,23)(16,23)(16,6)(0,6)
Polygon:
(0,0)(12,0)(12,19)(6,19)(6,26)(2,26)(2,9)(0,9)
Polygon:
(0,0)(30,0)(30,8)(22,8)(22,9)(11,9)(11,3)(0,3)
Polygon:
(0,0)(38,0)(38,22)(23,22)(23,31)(10,31)(10,13)(0,13)
Polygon:
(0,0)(22,0)(22,12)(12,12)(12,25)(2,25)(2,18)(0,18)
Polygon:
(0,0)(26,0)(26,11)(24,11)(24,29)(9,29)(9,18)(0,18)
Polygon:
(0,0)(13,0)(13,5)(10,5)(10,14)(9,14)(9,12)(0,12)
Polygon:
(0,0)(42,0)(42,3)(28,3)(28,14)(12,14)(12,3)(0,3)
Polygon:
(0,0)(24,0)(24,2)(18,2)(18,12)(2,12)(2,4)(0,4)
Polygon:
(0,0)(8,0)(8,7)(6,7)(6,10)(4,10)(4,4)(0,4)
Polygon:
(0,0)(40,0)(40,19)(22,19)(22,1)(15,1)(15,15)(0,15)
Polygon:
(0,0)(33,0)(33,17)(18,17)(18,30)(0,30)
Polygon:
(0,0)(7,0)(7,15)(0,15)
Polygon:
(0,0)(18,0)(18,3)(5,3)(5,9)(0,9)
Polygon:
(0,0)(27,0)(27,15)(9,15)(9,25)(0,25)
Polygon:
(0,0)(4,0)(4,18)(0,18)
Polygon:
(0,0)(32,0)(32,12)(16,12)(16,17)(0,17)
Polygon:
(0,0)(14,0)(14,5)(0,5)
Polygon:
(0,0)(11,0)(11,11)(1,11)(1,18)(0,18)
Polygon:
(0,0)(2,0)(2,5)(0,5)
Polygon:
(0,0)(21,0)(21,18)(5,18)(5,27)(0,27)
Polygon:
(0,0)(10,0)(10,6)(0,6)
Polygon:
(0,0)(10,0)(10,18)(0,18)
Polygon:
(0,0)(4,0)(4,7)(0,7)
Polygon:
(0,0)(1,0)(1,15)(0,15)
Polygon:
(0,0)(26,0)(26,22)(17,22)(17,12)(11,12)(11,16)(0,16)
Polygon:
(0,0)(18,0)(18,5)(0,5)
Polygon:
(0,0)(1,0)(1,16)(0,16)
Polygon:
(0,0)(6,0)(6,11)(0,11)
Polygon:
(0,0)(9,0)(9,9)(0,9)
Polygon:
(0,0)(27,0)(27,13)(14,13)(14,30)(0,30)
Polygon:
(0,0)(6,0)(6,3)(0,3)
Polygon:
(0,0)(10,0)(10,2)(0,2)
Polygon:
(0,0)(7,0)(7,18)(1,18)(1,33)(0,33)
Polygon:
(0,0)(39,0)(39,20)(24,20)(24,4)(10,4)(10,10)(0,10)
Polygon:
(0,0)(21,0)(21,2)(17,2)(17,3)(0,3)
Polygon:
(0,0)(8,0)(8,3)(0,3)
Polygon:
(0,0)(15,0)(15,10)(0,10)
Polygon:
(0,0)(12,0)(12,11)(9,11)(9,15)(0,15)
Polygon:
(0,0)(5,0)(5,13)(1,13)(1,28)(0,28)
Polygon:
(0,0)(8,0)(8,1)(6,1)(6,12)(0,12)
Polygon:
(0,0)(24,0)(24,6)(19,6)(19,2)(4,2)(4,6)(0,6)
Polygon:
(0,0)(1,0)(1,1)(0,1)
Polygon:
(0,0)(3,0)(3,2)(0,2)
Polygon:
(0,0)(17,0)(17,10)(15,10)(15,22)(0,22)
Polygon:
(0,0)(27,0)(27,13)(18,13)(18,1)(7,1)(7,7)(0,7)
Polygon:
(0,0)(12,0)(12,1)(0,1)
Polygon:
(0,0)(4,0)(4,4)(0,4)
Polygon:
(0,0)(21,0)(21,26)(16,26)(16,11)(3,11)(3,16)(0,16)
Polygon:
(0,0)(2,0)(2,2)(0,2)
Polygon:
(0,0)(18,0)(18,8)(0,8)
Polygon:
(0,0)(17,0)(17,12)(0,12)
Polygon:
(0,0)(30,0)(30,12)(29,12)(29,10)(16,10)(16,13)(0,13)
Polygon:
(0,0)(18,0)(18,10)(0,10)
Polygon:
(0,0)(18,0)(18,2)(0,2)
Polygon:
(0,0)(10,0)(10,4)(0,4)
Polygon:
(0,0)(4,0)(4,15)(0,15)
Polygon:
(0,0)(22,0)(22,13)(13,13)(13,21)(0,21)
Polygon:
(0,0)(4,0)(4,9)(0,9)
Polygon:
(0,0)(35,0)(35,13)(22,13)(22,1)(14,1)(14,6)(0,6)
Polygon:
(0,0)(17,0)(17,10)(10,10)(10,25)(0,25)
Polygon:
(0,0)(30,0)(30,4)(16,4)(16,15)(0,15)
Polygon:
(0,0)(9,0)(9,8)(0,8)
Polygon:
(0,0)(2,0)(2,1)(0,1)
Polygon:
(0,0)(15,0)(15,5)(0,5)
Polygon:
(0,0)(20,0)(20,12)(8,12)(8,3)(3,3)(3,16)(0,16)
Polygon:
(0,0)(9,0)(9,15)(7,15)(7,32)(0,32)
Polygon:
(0,0)(9,0)(9,3)(0,3)
Polygon:
(0,0)(18,0)(18,7)(0,7)
Polygon:
(0,0)(6,0)(6,7)(0,7)
Polygon:
(0,0)(28,0)(28,17)(19,17)(19,1)(13,1)(13,12)(0,12)
Polygon:
(0,0)(25,0)(25,12)(11,12)(11,19)(0,19)
Polygon:
(0,0)(4,0)(4,16)(0,16)
Polygon:
(0,0)(27,0)(27,5)(13,5)(13,15)(0,15)
Polygon:
(0,0)(34,0)(34,22)(23,22)(23,8)(6,8)(6,9)(0,9)
Polygon:
(0,0)(28,0)(28,3)(15,3)(15,21)(0,21)
Polygon:
(0,0)(10,0)(10,16)(0,16)
Polygon:
(0,0)(18,0)(18,16)(0,16)
Polygon:
(0,0)(13,0)(13,1)(0,1)
Polygon:
(0,0)(4,0)(4,8)(0,8)
Polygon:
(0,0)(1,0)(1,11)(0,11)
Polygon:
(0,0)(12,0)(12,4)(0,4)
Polygon:
(0,0)(2,0)(2,15)(0,15)
Polygon:
(0,0)(6,0)(6,5)(0,5)
Polygon:
(0,0)(26,0)(26,12)(11,12)(11,18)(0,18)
Polygon:
(0,0)(31,0)(31,17)(20,17)(20,5)(4,5)(4,8)(0,8)
Polygon:
(0,0)(16,0)(16,4)(8,4)(8,5)(0,5)
Polygon:
(0,0)(14,0)(14,8)(0,8)
Polygon:
(0,0)(1,0)(1,15)(0,15)
Polygon:
(0,0)(15,0)(15,2)(0,2)
Polygon:
(0,0)(27,0)(27,12)(17,12)(17,7)(15,7)(15,13)(0,13)
Polygon:
(0,0)(23,0)(23,3)(6,3)(6,21)(0,21)
Polygon:
(0,0)(10,0)(10,13)(7,13)(7,14)(0,14)
Polygon:
(0,0)(23,0)(23,15)(9,15)(9,30)(0,30)
Polygon:
(0,0)(50,0)(50,3)(32,3)(32,1)(18,1)(18,13)(0,13)
Polygon:
(0,0)(7,0)(7,15)(0,15)
Polygon:
(0,0)(16,0)(16,34)(11,34)(11,16)(9,16)(9,17)(0,17)
Polygon:
(0,0)(7,0)(7,5)(0,5)
Polygon:
(0,0)(3,0)(3,13)(0,13)
Polygon:
(0,0)(21,0)(21,3)(4,3)(4,9)(0,9)
Polygon:
(0,0)(5,0)(5,9)(0,9)
Polygon:
(0,0)(7,0)(7,6)(0,6)
Polygon:
(0,0)(11,0)(11,8)(0,8)
Polygon:
(0,0)(8,0)(8,17)(5,17)(5,24)(0,24)
Polygon:
(0,0)(30,0)(30,17)(16,17)(16,18)(0,18)
Polygon:
(0,0)(16,0)(16,10)(0,10)
Polygon:
(0,0)(25,0)(25,12)(10,12)(10,19)(0,19)
Polygon:
(0,0)(25,0)(25,16)(13,16)(13,17)(0,17)
Polygon:
(0,0)(8,0)(8,7)(0,7)
Polygon:
(0,0)(18,0)(18,17)(0,17)
Polygon:
(0,0)(33,0)(33,20)(30,20)(30,2)(18,2)(18,6)(0,6)
Polygon:
(0,0)(6,0)(6,18)(0,18)
Polygon:
(0,0)(8,0)(8,6)(5,6)(5,7)(0,7)
Polygon:
(0,0)(2,0)(2,17)(0,17)
Polygon:
(0,0)(16,0)(16,8)(0,8)
Polygon:
(0,0)(9,0)(9,12)(0,12)
Polygon:
(0,0)(13,0)(13,3)(0,3)
Polygon:
(0,0)(15,0)(15,1)(0,1)
Polygon:
(0,0)(5,0)(5,6)(0,6)
Polygon:
(0,0)(12,0)(12,3)(0,3)
Polygon:
(0,0)(9,0)(9,17)(0,17)
Polygon:
(0,0)(11,0)(11,11)(0,11)
Polygon:
(0,0)(16,0)(16,1)(0,1)
Polygon:
(0,0)(19,0)(19,5)(13,5)(13,10)(0,10)
Polygon:
(0,0)(17,0)(17,8)(0,8)
Polygon:
(0,0)(15,0)(15,14)(11,14)(11,30)(0,30)
Polygon:
(0,0)(9,0)(9,15)(0,15)
Polygon:
(0,0)(7,0)(7,7)(0,7)
Polygon:
(0,0)(17,0)(17,8)(0,8)
Polygon:
(0,0)(29,0)(29,10)(18,10)(18,6)(9,6)(9,9)(0,9)
Polygon:
(0,0)(9,0)(9,10)(0,10)
Polygon:
(0,0)(11,0)(11,17)(7,17)(7,31)(0,31)
Polygon:
(0,0)(3,0)(3,7)(0,7)
Polygon:
(0,0)(16,0)(16,3)(0,3)
Polygon:
(0,0)(15,0)(15,4)(8,4)(8,12)(0,12)
Polygon:
(0,0)(33,0)(33,1)(18,1)(18,8)(0,8)
Polygon:
(0,0)(44,0)(44,13)(26,13)(26,11)(12,11)(12,17)(0,17)
Polygon:
(0,0)(13,0)(13,14)(11,14)(11,1)(3,1)(3,11)(0,11)
Polygon:
(0,0)(24,0)(24,7)(9,7)(9,23)(0,23)
Polygon:
(0,0)(2,0)(2,5)(0,5)
Polygon:
(0,0)(13,0)(13,13)(0,13)
Polygon:
(0,0)(28,0)(28,16)(13,16)(13,32)(0,32)
Polygon:
(0,0)(2,0)(2,14)(0,14)
Polygon:
(0,0)(23,0)(23,4)(14,4)(14,12)(0,12)
Polygon:
(0,0)(11,0)(11,1)(0,1)
Polygon:
(0,0)(12,0)(12,18)(0,18)
Polygon:
(0,0)(26,0)(26,15)(9,15)(9,31)(0,31)
Polygon:
(0,0)(28,0)(28,18)(18,18)(18,11)(5,11)(5,16)(0,16)
Polygon:
(0,0)(41,0)(41,16)(25,16)(25,6)(18,6)(18,9)(0,9)
Polygon:
(0,0)(6,0)(6,9)(0,9)
Polygon:
(0,0)(27,0)(27,16)(10,16)(10,3)(1,3)(1,10)(0,10)
Polygon:
(0,0)(12,0)(12,4)(0,4)
Polygon:
(0,0)(9,0)(9,17)(1,17)(1,27)(0,27)
Polygon:
(0,0)(16,0)(16,23)(12,23)(12,8)(4,8)(4,14)(0,14)
Polygon:
(0,0)(11,0)(11,12)(0,12)
Polygon:
(0,0)(20,0)(20,10)(7,10)(7,11)(0,11)
Polygon:
(0,0)(15,0)(15,9)(6,9)(6,16)(0,16)
Polygon:
(0,0)(18,0)(18,3)(0,3)
Polygon:
(0,0)(16,0)(16,13)(14,13)(14,25)(0,25)
Polygon:
(0,0)(3,0)(3,18)(0,18)
Polygon:
(0,0)(17,0)(17,15)(0,15)
Polygon:
(0,0)(16,0)(16,6)(0,6)
Polygon:
(0,0)(6,0)(6,14)(0,14)
Polygon:
(0,0)(19,0)(19,13)(18,13)(18,5)(15,5)(15,7)(0,7)
Polygon:
(0,0)(8,0)(8,16)(6,16)(6,21)(0,21)
Polygon:
(0,0)(8,0)(8,15)(0,15)
Polygon:
(0,0)(2,0)(2,1)(0,1)
Polygon:
(0,0)(10,0)(10,6)(0,6)
Polygon:
(0,0)(29,0)(29,7)(23,7)(23,5)(12,5)(12,15)(0,15)
Polygon:
(0,0)(8,0)(8,1)(3,1)(3,3)(0,3)
Polygon:
(0,0)(38,0)(38,14)(30,14)(30,2)(12,2)(12,19)(0,19)
Polygon:
(0,0)(8,0)(8,16)(0,16)
Polygon:
(0,0)(27,0)(27,9)(12,9)(12,11)(0,11)
Polygon:
(0,0)(16,0)(16,6)(0,6)
Polygon:
(0,0)(16,0)(16,3)(3,3)(3,14)(0,14)
Polygon:
(0,0)(13,0)(13,9)(0,9)
Polygon:
(0,0)(10,0)(10,8)(0,8)
Polygon:
(0,0)(18,0)(18,12)(0,12)
Polygon:
(0,0)(10,0)(10,2)(0,2)
Polygon:
(0,0)(11,0)(11,16)(0,16)
Polygon:
(0,0)(25,0)(25,23)(15,23)(15,8)(8,8)(8,15)(0,15)
Polygon:
(0,0)(11,0)(11,18)(0,18)
Polygon:
(0,0)(10,0)(10,17)(0,17)
Polygon:
(0,0)(3,0)(3,3)(0,3)
Polygon:
(0,0)(14,0)(14,18)(0,18)
Polygon:
(0,0)(13,0)(13,10)(0,10)
Polygon:
(0,0)(6,0)(6,9)(0,9)
Polygon:
(0,0)(12,0)(12,18)(0,18)
Polygon:
(0,0)(19,0)(19,2)(12,2)(12,5)(0,5)
Polygon:
(0,0)(16,0)(16,4)(0,4)
Polygon:
(0,0)(3,0)(3,13)(0,13)
Polygon:
(0,0)(16,0)(16,18)(9,18)(9,20)(0,20)
Polygon:
(0,0)(15,0)(15,1)(0,1)
Polygon:
(0,0)(22,0)(22,2)(6,2)(6,15)(0,15)
Polygon:
(0,0)(2,0)(2,16)(0,16)
Polygon:
(0,0)(6,0)(6,12)(0,12)
Polygon:
(0,0)(10,0)(10,1)(0,1)
Polygon:
(0,0)(3,0)(3,5)(0,5)
Polygon:
(0,0)(6,0)(6,12)(0,12)
Polygon:
(0,0)(1,0)(1,1)(0,1)
Polygon:
(0,0)(13,0)(13,11)(0,11)
Polygon:
(0,0)(6,0)(6,16)(0,16)
Polygon:
(0,0)(17,0)(17,8)(4,8)(4,13)(0,13)
Polygon:
(0,0)(14,0)(14,3)(0,3)
Polygon:
(0,0)(13,0)(13,12)(0,12)
Polygon:
(0,0)(12,0)(12,11)(0,11)
Polygon:
(0,0)(10,0)(10,7)(0,7)
Polygon:
(0,0)(22,0)(22,2)(6,2)(6,3)(0,3)
Polygon:
(0,0)(26,0)(26,13)(13,13)(13,19)(0,19)
Polygon:
(0,0)(1,0)(1,12)(0,12)
Polygon:
(0,0)(26,0)(26,16)(13,16)(13,26)(0,26)
Polygon:
(0,0)(23,0)(23,18)(8,18)(8,35)(0,35)
Polygon:
(0,0)(7,0)(7,3)(0,3)
Polygon:
(0,0)(7,0)(7,17)(0,17)
Polygon:
(0,0)(17,0)(17,12)(11,12)(11,21)(0,21)
Polygon:
(0,0)(13,0)(13,13)(0,13)
Polygon:
(0,0)(15,0)(15,10)(0,10)
Polygon:
(0,0)(9,0)(9,3)(0,3)
Polygon:
(0,0)(26,0)(26,10)(14,10)(14,20)(0,20)
Polygon:
(0,0)(14,0)(14,14)(7,14)(7,29)(0,29)
Polygon:
(0,0)(6,0)(6,16)(0,16)
Polygon:
(0,0)(10,0)(10,12)(8,12)(8,16)(0,16)
Polygon:
(0,0)(14,0)(14,7)(0,7)
Polygon:
(0,0)(14,0)(14,12)(7,12)(7,21)(0,21)
Polygon:
(0,0)(7,0)(7,12)(0,12)
Polygon:
(0,0)(27,0)(27,8)(17,8)(17,16)(0,16)
Polygon:
(0,0)(11,0)(11,1)(4,1)(4,6)(0,6)
Polygon:
(0,0)(17,0)(17,8)(0,8)
Polygon:
(0,0)(10,0)(10,11)(0,11)
Polygon:
(0,0)(11,0)(11,9)(0,9)
Polygon:
(0,0)(11,0)(11,4)(0,4)
Polygon:
(0,0)(3,0)(3,5)(0,5)
Polygon:
(0,0)(7,0)(7,11)(0,11)
Polygon:
(0,0)(5,0)(5,9)(0,9)
Polygon:
(0,0)(15,0)(15,16)(0,16)
Polygon:
(0,0)(12,0)(12,12)(0,12)
Polygon:
(0,0)(42,0)(42,30)(26,30)(26,12)(9,12)(9,16)(0,16)
Polygon:
(0,0)(6,0)(6,3)(3,3)(3,20)(0,20)
Polygon:
(0,0)(17,0)(17,3)(3,3)(3,19)(0,19)
Polygon:
(0,0)(29,0)(29,8)(14,8)(14,11)(0,11)
Polygon:
(0,0)(48,0)(48,20)(32,20)(32,9)(18,9)(18,18)(0,18)
Polygon:
(0,0)(12,0)(12,14)(0,14)
Polygon:
(0,0)(16,0)(16,17)(7,17)(7,2)(3,2)(3,14)(0,14)
Polygon:
(0,0)(12,0)(12,7)(1,7)(1,25)(0,25)
Polygon:
(0,0)(35,0)(35,11)(28,11)(28,4)(13,4)(13,14)(0,14)
Polygon:
(0,0)(15,0)(15,13)(0,13)
Polygon:
(0,0)(3,0)(3,13)(0,13)
Polygon:
(0,0)(12,0)(12,1)(0,1)
Polygon:
(0,0)(23,0)(23,6)(13,6)(13,4)(1,4)(1,13)(0,13)
Polygon:
(0,0)(28,0)(28,17)(18,17)(18,1)(10,1)(10,13)(0,13)
Polygon:
(0,0)(13,0)(13,7)(0,7)
Polygon:
(0,0)(10,0)(10,12)(0,12)
Polygon:
(0,0)(4,0)(4,7)(2,7)(2,14)(0,14)
Polygon:
(0,0)(13,0)(13,8)(0,8)
Polygon:
(0,0)(17,0)(17,4)(0,4)
Polygon:
(0,0)(10,0)(10,1)(8,1)(8,12)(0,12)
Polygon:
(0,0)(8,0)(8,9)(0,9)
Polygon:
(0,0)(10,0)(10,6)(0,6)
Polygon:
(0,0)(4,0)(4,1)(0,1)
Polygon:
(0,0)(12,0)(12,5)(0,5)
Polygon:
(0,0)(12,0)(12,18)(0,18)
Polygon:
(0,0)(11,0)(11,10)(0,10)
Polygon:
(0,0)(6,0)(6,17)(0,17)
Polygon:
(0,0)(29,0)(29,8)(18,8)(18,4)(5,4)(5,9)(0,9)
Polygon:
(0,0)(1,0)(1,6)(0,6)
Polygon:
(0,0)(15,0)(15,5)(0,5)
Polygon:
(0,0)(2,0)(2,6)(0,6)
Polygon:
(0,0)(2,0)(2,8)(0,8)
Polygon:
(0,0)(14,0)(14,3)(11,3)(11,11)(0,11)
Polygon:
(0,0)(4,0)(4,12)(0,12)
Polygon:
(0,0)(1,0)(1,7)(0,7)
Polygon:
(0,0)(15,0)(15,7)(12,7)(12,10)(0,10)
Polygon:
(0,0)(15,0)(15,8)(0,8)
Polygon:
(0,0)(22,0)(22,3)(6,3)(6,4)(0,4)
Polygon:
(0,0)(28,0)(28,2)(16,2)(16,5)(0,5)
Polygon:
(0,0)(7,0)(7,12)(0,12)
Polygon:
(0,0)(4,0)(4,16)(0,16)
Polygon:
(0,0)(17,0)(17,9)(0,9)
Polygon:
(0,0)(30,0)(30,10)(17,10)(17,14)(0,14)
Polygon:
(0,0)(3,0)(3,6)(0,6)
Polygon:
(0,0)(21,0)(21,7)(11,7)(11,23)(0,23)
Polygon:
(0,0)(12,0)(12,12)(0,12)
Polygon:
(0,0)(8,0)(8,15)(0,15)
Polygon:
(0,0)(17,0)(17,17)(0,17)
Polygon:
(0,0)(25,0)(25,33)(20,33)(20,16)(14,16)(14,17)(0,17)
Polygon:
(0,0)(14,0)(14,18)(2,18)(2,24)(0,24)
Polygon:
(0,0)(10,0)(10,9)(0,9)
Polygon:
(0,0)(2,0)(2,18)(0,18)
Polygon:
(0,0)(27,0)(27,1)(17,1)(17,6)(0,6)
Polygon:
(0,0)(29,0)(29,2)(18,2)(18,8)(0,8)
Polygon:
(0,0)(10,0)(10,13)(0,13)
Polygon:
(0,0)(17,0)(17,9)(0,9)
Polygon:
(0,0)(9,0)(9,1)(0,1)
Polygon:
(0,0)(12,0)(12,1)(0,1)
Polygon:
(0,0)(18,0)(18,8)(7,8)(7,1)(4,1)(4,4)(0,4)
Polygon:
(0,0)(5,0)(5,17)(0,17)
Polygon:
(0,0)(14,0)(14,6)(11,6)(11,9)(0,9)
Polygon:
(0,0)(18,0)(18,11)(0,11)
Polygon:
(0,0)(7,0)(7,17)(2,17)(2,34)(0,34)
Polygon:
(0,0)(8,0)(8,15)(0,15)
Polygon:
(0,0)(17,0)(17,14)(0,14)
Polygon:
(0,0)(5,0)(5,11)(0,11)
Polygon:
(0,0)(17,0)(17,12)(16,12)(16,4)(6,4)(6,6)(0,6)
Polygon:
(0,0)(19,0)(19,16)(16,16)(16,31)(0,31)
Polygon:
(0,0)(15,0)(15,3)(0,3)
Polygon:
(0,0)(13,0)(13,8)(0,8)
Polygon:
(0,0)(5,0)(5,16)(0,16)
Polygon:
(0,0)(21,0)(21,9)(3,9)(3,21)(0,21)
Polygon:
(0,0)(31,0)(31,17)(13,17)(13,23)(0,23)
Polygon:
(0,0)(9,0)(9,2)(0,2)
Polygon:
(0,0)(46,0)(46,12)(36,12)(36,6)(18,6)(18,9)(0,9)
Polygon:
(0,0)(2,0)(2,10)(0,10)
Polygon:
(0,0)(27,0)(27,1)(16,1)(16,17)(0,17)
Polygon:
(0,0)(17,0)(17,1)(7,1)(7,6)(0,6)
Polygon:
(0,0)(27,0)(27,17)(17,17)(17,20)(0,20)
Polygon:
(0,0)(41,0)(41,16)(29,16)(29,7)(17,7)(17,11)(0,11)
Polygon:
(0,0)(33,0)(33,8)(16,8)(16,18)(0,18)
Polygon:
(0,0)(13,0)(13,18)(0,18)
Polygon:
(0,0)(18,0)(18,12)(0,12)
Polygon:
(0,0)(17,0)(17,9)(0,9)
Polygon:
(0,0)(9,0)(9,11)(7,11)(7,15)(0,15)
Polygon:
(0,0)(17,0)(17,5)(0,5)
Polygon:
(0,0)(9,0)(9,7)(0,7)
Polygon:
(0,0)(8,0)(8,11)(5,11)(5,17)(0,17)
Polygon:
(0,0)(40,0)(40,18)(30,18)(30,9)(18,9)(18,12)(0,12)
Polygon:
(0,0)(12,0)(12,18)(0,18)
Polygon:
(0,0)(14,0)(14,17)(0,17)
Polygon:
(0,0)(1,0)(1,12)(0,12)
Polygon:
(0,0)(3,0)(3,3)(1,3)(1,6)(0,6)
Polygon:
(0,0)(12,0)(12,7)(3,7)(3,15)(0,15)
