Polygon:
(0,0)(21,0)(21,13)(6,13)(6,31)(4,31)(4,18)(0,18)
Polygon:
(0,0)(20,0)(20,15)(17,15)(17,22)(3,22)(3,7)(0,7)
Polygon:
(0,0)(28,0)(28,14)(12,14)(12,23)(6,23)(6,5)(0,5)
Polygon:
(0,0)(30,0)(30,1)(26,1)(26,9)(8,9)(8,3)(0,3)
Polygon:
(0,0)(37,0)(37,16)(23,16)(23,21)(7,21)(7,13)(0,13)
Polygon:
(0,0)(30,0)(30,16)(12,16)(12,17)(11,17)(11,8)(0,8)
Polygon:
(0,0)(30,0)(30,7)(12,7)(12,8)(9,8)(9,2)(0,2)
Polygon:
(0,0)(43,0)(43,12)(29,12)(29,13)(17,13)(17,2)(0,2)
Polygon:
(0,0)(47,0)(47,10)(32,10)(32,23)(16,23)(16,18)(0,18)
Polygon:
(0,0)(23,0)(23,22)(14,22)(14,35)(6,35)(6,18)(0,18)
Polygon:
(0,0)(36,0)(36,5)(19,5)(19,14)(6,14)(6,9)(0,9)
Polygon:
(0,0)(25,0)(25,23)(17,23)(17,24)(13,24)(13,8)(0,8)
Polygon:
(0,0)(31,0)(31,13)(28,13)(28,16)(14,16)(14,1)(0,1)
Polygon:
(0,0)(23,0)(23,7)(19,7)(19,16)(18,16)(18,5)(0,5)
Polygon:
(0,0)(25,0)(25,6)(22,6)(22,18)(11,18)(11,14)(0,14)
Polygon:
(0,0)(45,0)(45,22)(31,22)(31,24)(17,24)(17,10)(0,10)
Polygon:
(0,0)(43,0)(43,13)(28,13)(28,18)(16,18)(16,2)(0,2)
Polygon:
(0,0)(26,0)(26,23)(18,23)(18,26)(10,26)(10,18)(0,18)
Polygon:
(0,0)(31,0)(31,8)(15,8)(15,19)(3,19)(3,12)(0,12)
Polygon:
(0,0)(31,0)(31,25)(24,25)(24,28)(8,28)(8,12)(0,12)
Polygon:
(0,0)(26,0)(26,18)(19,18)(19,32)(15,32)(15,17)(0,17)
Polygon:
(0,0)(26,0)(26,11)(14,11)(14,18)(4,18)(4,7)(0,7)
Polygon:
(0,0)(27,0)(27,5)(14,5)(14,22)(8,22)(8,5)(0,5)
Polygon:
(0,0)(29,0)(29,15)(22,15)(22,18)(12,18)(12,8)(0,8)
Polygon:
(0,0)(26,0)(26,10)(18,10)(18,18)(15,18)(15,6)(0,6)
Polygon:
(0,0)(15,0)(15,9)(6,9)(6,11)(4,11)(4,3)(0,3)
Polygon:
(0,0)(44,0)(44,10)(26,10)(26,13)(9,13)(9,9)(0,9)
Polygon:
(0,0)(28,0)(28,9)(14,9)(14,10)(11,10)(11,2)(0,2)
Polygon:
(0,0)(31,0)(31,11)(22,11)(22,15)(4,15)(4,10)(0,10)
Polygon:
(0,0)(20,0)(20,3)(18,3)(18,16)(4,16)(4,1)(0,1)
Polygon:
(0,0)(31,0)(31,10)(18,10)(18,20)(14,20)(14,14)(0,14)
Polygon:
(0,0)(23,0)(23,15)(22,15)(22,28)(15,28)(15,10)(0,10)
Polygon:
(0,0)(29,0)(29,13)(27,13)(27,19)(10,19)(10,17)(0,17)
Polygon:
(0,0)(35,0)(35,16)(22,16)(22,17)(9,17)(9,7)(0,7)
Polygon:
(0,0)(36,0)(36,16)(25,16)(25,23)(9,23)(9,6)(0,6)
Polygon:
(0,0)(21,0)(21,2)(20,2)(20,17)(7,17)(7,4)(0,4)
Polygon:
(0,0)(16,0)(16,26)(7,26)(7,28)(6,28)(6,13)(0,13)
Polygon:
(0,0)(30,0)(30,8)(20,8)(20,15)(4,15)(4,10)(0,10)
Polygon:
(0,0)(19,0)(19,10)(6,10)(6,22)(4,22)(4,11)(0,11)
Polygon:
(0,0)(41,0)(41,2)(26,2)(26,9)(18,9)(18,5)(0,5)
Polygon:
(0,0)(41,0)(41,3)(23,3)(23,21)(18,21)(18,13)(0,13)
Polygon:
(0,0)(33,0)(33,7)(29,7)(29,15)(15,15)(15,9)(0,9)
Polygon:
(0,0)(35,0)(35,1)(27,1)(27,9)(9,9)(9,1)(0,1)
Polygon:
(0,0)(18,0)(18,11)(15,11)(15,21)(2,21)(2,16)(0,16)
Polygon:
(0,0)(28,0)(28,7)(14,7)(14,21)(9,21)(9,3)(0,3)
Polygon:
(0,0)(30,0)(30,13)(14,13)(14,27)(1,27)(1,10)(0,10)
Polygon:
(0,0)(30,0)(30,10)(22,10)(22,17)(8,17)(8,4)(0,4)
Polygon:
(0,0)(31,0)(31,1)(26,1)(26,13)(17,13)(17,1)(0,1)
Polygon:
(0,0)(39,0)(39,19)(24,19)(24,30)(12,30)(12,17)(0,17)
Polygon:
(0,0)(24,0)(24,15)(17,15)(17,21)(14,21)(14,7)(0,7)
Polygon:
(0,0)(19,0)(19,13)(11,13)(11,22)(7,22)(7,5)(0,5)
Polygon:
(0,0)(21,0)(21,7)(20,7)(20,15)(7,15)(7,9)(0,9)
Polygon:
(0,0)(32,0)(32,12)(14,12)(14,23)(11,23)(11,15)(0,15)
Polygon:
(0,0)(35,0)(35,9)(23,9)(23,17)(16,17)(16,3)(0,3)
Polygon:
(0,0)(28,0)(28,6)(13,6)(13,9)(11,9)(11,3)(0,3)
Polygon:
(0,0)(29,0)(29,28)(13,28)(13,31)(9,31)(9,14)(0,14)
Polygon:
(0,0)(30,0)(30,14)(24,14)(24,22)(6,22)(6,11)(0,11)
Polygon:
(0,0)(25,0)(25,25)(16,25)(16,35)(3,35)(3,17)(0,17)
Polygon:
(0,0)(30,0)(30,1)(14,1)(14,15)(2,15)(2,11)(0,11)
Polygon:
(0,0)(49,0)(49,5)(32,5)(32,6)(15,6)(15,1)(0,1)
Polygon:
(0,0)(24,0)(24,6)(13,6)(13,7)(5,7)(5,3)(0,3)
Polygon:
(0,0)(34,0)(34,24)(26,24)(26,36)(8,36)(8,18)(0,18)
Polygon:
(0,0)(16,0)(16,19)(4,19)(4,20)(3,20)(3,5)(0,5)
Polygon:
(0,0)(33,0)(33,5)(21,5)(21,22)(11,22)(11,18)(0,18)
Polygon:
(0,0)(34,0)(34,3)(18,3)(18,21)(13,21)(13,15)(0,15)
Polygon:
(0,0)(18,0)(18,14)(16,14)(16,18)(5,18)(5,7)(0,7)
Polygon:
(0,0)(23,0)(23,3)(15,3)(15,7)(2,7)(2,3)(0,3)
Polygon:
(0,0)(21,0)(21,21)(19,21)(19,30)(14,30)(14,12)(0,12)
Polygon:
(0,0)(37,0)(37,5)(20,5)(20,11)(2,11)(2,5)(0,5)
Polygon:
(0,0)(23,0)(23,22)(18,22)(18,25)(3,25)(3,8)(0,8)
Polygon:
(0,0)(39,0)(39,6)(29,6)(29,18)(15,18)(15,10)(0,10)
Polygon:
(0,0)(12,0)(12,9)(8,9)(8,13)(2,13)(2,11)(0,11)
Polygon:
(0,0)(21,0)(21,5)(20,5)(20,19)(12,19)(12,14)(0,14)
Polygon:
(0,0)(38,0)(38,10)(21,10)(21,14)(14,14)(14,2)(0,2)
Polygon:
(0,0)(28,0)(28,11)(16,11)(16,21)(4,21)(4,4)(0,4)
Polygon:
(0,0)(18,0)(18,11)(9,11)(9,28)(3,28)(3,17)(0,17)
Polygon:
(0,0)(37,0)(37,1)(28,1)(28,16)(11,16)(11,15)(0,15)
Polygon:
(0,0)(36,0)(36,8)(20,8)(20,15)(11,15)(11,10)(0,10)
Polygon:
(0,0)(21,0)(21,10)(8,10)(8,26)(3,26)(3,17)(0,17)
Polygon:
(0,0)(23,0)(23,27)(22,27)(22,36)(14,36)(14,18)(0,18)
Polygon:
(0,0)(29,0)(29,2)(16,2)(16,17)(9,17)(9,13)(0,13)
Polygon:
(0,0)(34,0)(34,18)(18,18)(18,24)(9,24)(9,13)(0,13)
Polygon:
(0,0)(41,0)(41,5)(27,5)(27,11)(14,11)(14,3)(0,3)
Polygon:
(0,0)(13,0)(13,10)(12,10)(12,18)(11,18)(11,6)(0,6)
Polygon:
(0,0)(20,0)(20,14)(14,14)(14,16)(10,16)(10,4)(0,4)
Polygon:
(0,0)(19,0)(19,14)(12,14)(12,19)(9,19)(9,12)(0,12)
Polygon:
(0,0)(8,0)(8,9)(4,9)(4,27)(3,27)(3,10)(0,10)
Polygon:
(0,0)(11,0)(11,21)(8,21)(8,30)(2,30)(2,14)(0,14)
Polygon:
(0,0)(29,0)(29,20)(22,20)(22,29)(7,29)(7,18)(0,18)
Polygon:
(0,0)(24,0)(24,12)(18,12)(18,24)(2,24)(2,9)(0,9)
Polygon:
(0,0)(30,0)(30,1)(14,1)(14,18)(9,18)(9,11)(0,11)
Polygon:
(0,0)(46,0)(46,3)(31,3)(31,8)(18,8)(18,4)(0,4)
Polygon:
(0,0)(23,0)(23,3)(18,3)(18,16)(3,16)(3,11)(0,11)
Polygon:
(0,0)(31,0)(31,16)(24,16)(24,24)(18,24)(18,8)(0,8)
Polygon:
(0,0)(17,0)(17,22)(13,22)(13,23)(1,23)(1,18)(0,18)
Polygon:
(0,0)(36,0)(36,21)(22,21)(22,25)(11,25)(11,18)(0,18)
Polygon:
(0,0)(44,0)(44,12)(34,12)(34,29)(17,29)(17,16)(0,16)
Polygon:
(0,0)(31,0)(31,4)(17,4)(17,15)(2,15)(2,6)(0,6)
Polygon:
(0,0)(22,0)(22,10)(4,10)(4,20)(2,20)(2,15)(0,15)
Polygon:
(0,0)(11,0)(11,11)(3,11)(3,24)(2,24)(2,12)(0,12)
Polygon:
(0,0)(45,0)(45,7)(32,7)(32,15)(14,15)(14,10)(0,10)
Polygon:
(0,0)(28,0)(28,5)(15,5)(15,22)(12,22)(12,18)(0,18)
Polygon:
(0,0)(35,0)(35,11)(18,11)(18,19)(2,19)(2,3)(0,3)
Polygon:
(0,0)(17,0)(17,3)(4,3)(4,17)(2,17)(2,5)(0,5)
Polygon:
(0,0)(28,0)(28,14)(20,14)(20,19)(6,19)(6,2)(0,2)
Polygon:
(0,0)(13,0)(13,9)(9,9)(9,16)(8,16)(8,7)(0,7)
Polygon:
(0,0)(20,0)(20,9)(13,9)(13,13)(5,13)(5,12)(0,12)
Polygon:
(0,0)(16,0)(16,9)(10,9)(10,20)(6,20)(6,9)(0,9)
Polygon:
(0,0)(23,0)(23,10)(14,10)(14,25)(2,25)(2,10)(0,10)
Polygon:
(0,0)(21,0)(21,16)(13,16)(13,22)(12,22)(12,10)(0,10)
Polygon:
(0,0)(41,0)(41,5)(30,5)(30,8)(14,8)(14,6)(0,6)
Polygon:
(0,0)(34,0)(34,12)(16,12)(16,27)(6,27)(6,17)(0,17)
Polygon:
(0,0)(20,0)(20,11)(19,11)(19,21)(14,21)(14,9)(0,9)
Polygon:
(0,0)(11,0)(11,17)(9,17)(9,18)(3,18)(3,1)(0,1)
Polygon:
(0,0)(31,0)(31,12)(23,12)(23,24)(8,24)(8,6)(0,6)
Polygon:
(0,0)(27,0)(27,19)(26,19)(26,29)(13,29)(13,15)(0,15)
Polygon:
(0,0)(27,0)(27,15)(16,15)(16,32)(1,32)(1,14)(0,14)
Polygon:
(0,0)(13,0)(13,20)(7,20)(7,22)(2,22)(2,13)(0,13)
Polygon:
(0,0)(38,0)(38,7)(34,7)(34,25)(17,25)(17,11)(0,11)
Polygon:
(0,0)(23,0)(23,15)(20,15)(20,25)(18,25)(18,17)(0,17)
Polygon:
(0,0)(19,0)(19,4)(10,4)(10,21)(7,21)(7,3)(0,3)
Polygon:
(0,0)(31,0)(31,15)(19,15)(19,22)(6,22)(6,13)(0,13)
Polygon:
(0,0)(41,0)(41,15)(25,15)(25,20)(15,20)(15,8)(0,8)
Polygon:
(0,0)(30,0)(30,2)(29,2)(29,14)(13,14)(13,10)(0,10)
Polygon:
(0,0)(29,0)(29,25)(24,25)(24,27)(18,27)(18,14)(0,14)
Polygon:
(0,0)(14,0)(14,27)(13,27)(13,30)(8,30)(8,12)(0,12)
Polygon:
(0,0)(41,0)(41,13)(27,13)(27,21)(11,21)(11,4)(0,4)
Polygon:
(0,0)(44,0)(44,21)(34,21)(34,27)(17,27)(17,13)(0,13)
Polygon:
(0,0)(35,0)(35,17)(29,17)(29,26)(16,26)(16,10)(0,10)
Polygon:
(0,0)(30,0)(30,13)(21,13)(21,23)(16,23)(16,12)(0,12)
Polygon:
(0,0)(27,0)(27,12)(25,12)(25,24)(18,24)(18,6)(0,6)
Polygon:
(0,0)(42,0)(42,16)(26,16)(26,26)(14,26)(14,17)(0,17)
Polygon:
(0,0)(30,0)(30,14)(15,14)(15,24)(4,24)(4,8)(0,8)
Polygon:
(0,0)(24,0)(24,19)(9,19)(9,24)(8,24)(8,6)(0,6)
Polygon:
(0,0)(43,0)(43,1)(29,1)(29,12)(16,12)(16,5)(0,5)
Polygon:
(0,0)(35,0)(35,5)(32,5)(32,18)(15,18)(15,5)(0,5)
Polygon:
(0,0)(23,0)(23,5)(10,5)(10,18)(3,18)(3,4)(0,4)
Polygon:
(0,0)(29,0)(29,11)(19,11)(19,13)(13,13)(13,5)(0,5)
Polygon:
(0,0)(31,0)(31,19)(20,19)(20,22)(17,22)(17,6)(0,6)
Polygon:
(0,0)(13,0)(13,19)(5,19)(5,25)(4,25)(4,8)(0,8)
Polygon:
(0,0)(18,0)(18,15)(17,15)(17,21)(6,21)(6,6)(0,6)
Polygon:
(0,0)(34,0)(34,16)(16,16)(16,29)(7,29)(7,12)(0,12)
Polygon:
(0,0)(24,0)(24,13)(23,13)(23,17)(5,17)(5,5)(0,5)
Polygon:
(0,0)(25,0)(25,4)(17,4)(17,17)(5,17)(5,8)(0,8)
Polygon:
(0,0)(30,0)(30,14)(12,14)(12,20)(7,20)(7,3)(0,3)
Polygon:
(0,0)(34,0)(34,5)(18,5)(18,14)(15,14)(15,5)(0,5)
Polygon:
(0,0)(29,0)(29,10)(22,10)(22,22)(4,22)(4,13)(0,13)
Polygon:
(0,0)(25,0)(25,31)(18,31)(18,32)(6,32)(6,14)(0,14)
Polygon:
(0,0)(20,0)(20,13)(14,13)(14,22)(1,22)(1,11)(0,11)
Polygon:
(0,0)(37,0)(37,17)(30,17)(30,24)(16,24)(16,16)(0,16)
Polygon:
(0,0)(41,0)(41,5)(26,5)(26,18)(15,18)(15,12)(0,12)
Polygon:
(0,0)(20,0)(20,6)(18,6)(18,19)(11,19)(11,9)(0,9)
Polygon:
(0,0)(31,0)(31,7)(18,7)(18,24)(12,24)(12,7)(0,7)
Polygon:
(0,0)(23,0)(23,27)(19,27)(19,30)(6,30)(6,13)(0,13)
Polygon:
(0,0)(31,0)(31,32)(22,32)(22,34)(14,34)(14,16)(0,16)
Polygon:
(0,0)(11,0)(11,12)(8,12)(8,19)(5,19)(5,15)(0,15)
Polygon:
(0,0)(10,0)(10,3)(8,3)(8,5)(2,5)(2,1)(0,1)
Polygon:
(0,0)(27,0)(27,23)(17,23)(17,35)(8,35)(8,17)(0,17)
Polygon:
(0,0)(50,0)(50,4)(36,4)(36,16)(18,16)(18,1)(0,1)
Polygon:
(0,0)(36,0)(36,17)(20,17)(20,22)(16,22)(16,17)(0,17)
Polygon:
(0,0)(5,0)(5,7)(0,7)
Polygon:
(0,0)(6,0)(6,1)(0,1)
Polygon:
(0,0)(11,0)(11,12)(0,12)
Polygon:
(0,0)(17,0)(17,9)(6,9)(6,2)(1,2)(1,8)(0,8)
Polygon:
(0,0)(19,0)(19,34)(17,34)(17,16)(5,16)(5,17)(0,17)
Polygon:
(0,0)(14,0)(14,11)(13,11)(13,25)(0,25)
Polygon:
(0,0)(11,0)(11,14)(0,14)
Polygon:
(0,0)(24,0)(24,14)(14,14)(14,19)(0,19)
Polygon:
(0,0)(24,0)(24,15)(12,15)(12,31)(0,31)
Polygon:
(0,0)(19,0)(19,3)(2,3)(2,8)(0,8)
Polygon:
(0,0)(21,0)(21,11)(6,11)(6,26)(0,26)
Polygon:
(0,0)(19,0)(19,15)(2,15)(2,25)(0,25)
Polygon:
(0,0)(7,0)(7,7)(0,7)
Polygon:
(0,0)(23,0)(23,16)(15,16)(15,17)(0,17)
Polygon:
(0,0)(38,0)(38,19)(26,19)(26,2)(16,2)(16,5)(0,5)
Polygon:
(0,0)(26,0)(26,15)(10,15)(10,30)(0,30)
Polygon:
(0,0)(16,0)(16,14)(0,14)
Polygon:
(0,0)(25,0)(25,2)(13,2)(13,12)(0,12)
Polygon:
(0,0)(8,0)(8,16)(6,16)(6,25)(0,25)
Polygon:
(0,0)(20,0)(20,13)(18,13)(18,25)(0,25)
Polygon:
(0,0)(8,0)(8,15)(0,15)
Polygon:
(0,0)(10,0)(10,9)(0,9)
Polygon:
(0,0)(13,0)(13,6)(10,6)(10,16)(0,16)
Polygon:
(0,0)(7,0)(7,5)(0,5)
Polygon:
(0,0)(16,0)(16,13)(0,13)
Polygon:
(0,0)(4,0)(4,15)(0,15)
Polygon:
(0,0)(11,0)(11,7)(0,7)
Polygon:
(0,0)(18,0)(18,4)(0,4)
Polygon:
(0,0)(6,0)(6,9)(2,9)(2,14)(0,14)
Polygon:
(0,0)(17,0)(17,15)(0,15)
Polygon:
(0,0)(1,0)(1,9)(0,9)
Polygon:
(0,0)(10,0)(10,3)(0,3)
Polygon:
(0,0)(7,0)(7,14)(0,14)
Polygon:
(0,0)(3,0)(3,17)(0,17)
Polygon:
(0,0)(11,0)(11,9)(0,9)
Polygon:
(0,0)(18,0)(18,13)(11,13)(11,5)(7,5)(7,10)(0,10)
Polygon:
(0,0)(12,0)(12,18)(0,18)
Polygon:
(0,0)(40,0)(40,8)(28,8)(28,7)(10,7)(10,9)(0,9)
Polygon:
(0,0)(22,0)(22,20)(11,20)(11,11)(2,11)(2,16)(0,16)
Polygon:
(0,0)(24,0)(24,12)(11,12)(11,16)(0,16)
Polygon:
(0,0)(14,0)(14,14)(0,14)
Polygon:
(0,0)(23,0)(23,10)(5,10)(5,27)(0,27)
Polygon:
(0,0)(4,0)(4,15)(0,15)
Polygon:
(0,0)(11,0)(11,6)(0,6)
Polygon:
(0,0)(12,0)(12,6)(8,6)(8,4)(1,4)(1,5)(0,5)
Polygon:
(0,0)(15,0)(15,4)(0,4)
Polygon:
(0,0)(5,0)(5,4)(0,4)
Polygon:
(0,0)(7,0)(7,18)(0,18)
Polygon:
(0,0)(25,0)(25,13)(11,13)(11,5)(2,5)(2,13)(0,13)
Polygon:
(0,0)(25,0)(25,9)(14,9)(14,15)(0,15)
Polygon:
(0,0)(7,0)(7,16)(2,16)(2,20)(0,20)
Polygon:
(0,0)(16,0)(16,13)(8,13)(8,20)(0,20)
Polygon:
(0,0)(17,0)(17,16)(0,16)
Polygon:
(0,0)(23,0)(23,18)(14,18)(14,25)(0,25)
Polygon:
(0,0)(29,0)(29,3)(14,3)(14,1)(6,1)(6,3)(0,3)
Polygon:
(0,0)(8,0)(8,18)(0,18)
Polygon:
(0,0)(30,0)(30,13)(16,13)(16,23)(0,23)
Polygon:
(0,0)(13,0)(13,2)(0,2)
Polygon:
(0,0)(3,0)(3,6)(0,6)
Polygon:
(0,0)(37,0)(37,2)(20,2)(20,1)(18,1)(18,11)(0,11)
Polygon:
(0,0)(11,0)(11,4)(0,4)
Polygon:
(0,0)(18,0)(18,26)(7,26)(7,9)(4,9)(4,14)(0,14)
Polygon:
(0,0)(6,0)(6,13)(0,13)
Polygon:
(0,0)(15,0)(15,5)(0,5)
Polygon:
(0,0)(16,0)(16,3)(0,3)
Polygon:
(0,0)(26,0)(26,16)(19,16)(19,1)(4,1)(4,9)(0,9)
Polygon:
(0,0)(8,0)(8,18)(0,18)
Polygon:
(0,0)(18,0)(18,14)(0,14)
Polygon:
(0,0)(11,0)(11,2)(3,2)(3,13)(0,13)
Polygon:
(0,0)(8,0)(8,7)(0,7)
Polygon:
(0,0)(18,0)(18,18)(13,18)(13,25)(0,25)
Polygon:
(0,0)(12,0)(12,12)(3,12)(3,20)(0,20)
Polygon:
(0,0)(38,0)(38,21)(26,21)(26,4)(8,4)(8,13)(0,13)
Polygon:
(0,0)(21,0)(21,15)(15,15)(15,9)(6,9)(6,16)(0,16)
Polygon:
(0,0)(5,0)(5,6)(0,6)
Polygon:
(0,0)(12,0)(12,17)(0,17)
Polygon:
(0,0)(24,0)(24,19)(16,19)(16,9)(10,9)(10,10)(0,10)
Polygon:
(0,0)(16,0)(16,14)(1,14)(1,21)(0,21)
Polygon:
(0,0)(18,0)(18,9)(0,9)
Polygon:
(0,0)(8,0)(8,13)(0,13)
Polygon:
(0,0)(29,0)(29,11)(17,11)(17,10)(11,10)(11,18)(0,18)
Polygon:
(0,0)(27,0)(27,15)(24,15)(24,3)(14,3)(14,10)(0,10)
Polygon:
(0,0)(13,0)(13,15)(0,15)
Polygon:
(0,0)(15,0)(15,5)(0,5)
Polygon:
(0,0)(13,0)(13,2)(0,2)
Polygon:
(0,0)(23,0)(23,7)(21,7)(21,1)(18,1)(18,8)(0,8)
Polygon:
(0,0)(3,0)(3,8)(0,8)
Polygon:
(0,0)(13,0)(13,16)(10,16)(10,33)(0,33)
Polygon:
(0,0)(18,0)(18,15)(2,15)(2,33)(0,33)
Polygon:
(0,0)(15,0)(15,2)(0,2)
Polygon:
(0,0)(11,0)(11,3)(0,3)
Polygon:
(0,0)(17,0)(17,18)(0,18)
Polygon:
(0,0)(3,0)(3,16)(0,16)
Polygon:
(0,0)(12,0)(12,3)(6,3)(6,8)(0,8)
Polygon:
(0,0)(24,0)(24,20)(8,20)(8,6)(6,6)(6,11)(0,11)
Polygon:
(0,0)(4,0)(4,14)(1,14)(1,24)(0,24)
Polygon:
(0,0)(13,0)(13,2)(0,2)
Polygon:
(0,0)(15,0)(15,11)(0,11)
Polygon:
(0,0)(18,0)(18,18)(0,18)
Polygon:
(0,0)(15,0)(15,13)(0,13)
Polygon:
(0,0)(30,0)(30,18)(18,18)(18,34)(0,34)
Polygon:
(0,0)(6,0)(6,11)(5,11)(5,19)(0,19)
Polygon:
(0,0)(9,0)(9,17)(1,17)(1,18)(0,18)
Polygon:
(0,0)(6,0)(6,3)(0,3)
Polygon:
(0,0)(13,0)(13,2)(0,2)
Polygon:
(0,0)(6,0)(6,1)(0,1)
Polygon:
(0,0)(6,0)(6,13)(0,13)
Polygon:
(0,0)(14,0)(14,9)(0,9)
Polygon:
(0,0)(19,0)(19,3)(5,3)(5,14)(0,14)
Polygon:
(0,0)(1,0)(1,16)(0,16)
Polygon:
(0,0)(11,0)(11,15)(0,15)
Polygon:
(0,0)(15,0)(15,8)(5,8)(5,26)(0,26)
Polygon:
(0,0)(9,0)(9,8)(0,8)
Polygon:
(0,0)(4,0)(4,13)(0,13)
Polygon:
(0,0)(26,0)(26,9)(17,9)(17,21)(0,21)
Polygon:
(0,0)(17,0)(17,6)(2,6)(2,9)(0,9)
Polygon:
(0,0)(22,0)(22,3)(9,3)(9,11)(0,11)
Polygon:
(0,0)(3,0)(3,4)(0,4)
Polygon:
(0,0)(6,0)(6,13)(0,13)
Polygon:
(0,0)(21,0)(21,15)(8,15)(8,31)(0,31)
Polygon:
(0,0)(18,0)(18,8)(0,8)
Polygon:
(0,0)(14,0)(14,11)(0,11)
Polygon:
(0,0)(7,0)(7,6)(0,6)
Polygon:
(0,0)(16,0)(16,4)(0,4)
Polygon:
(0,0)(39,0)(39,18)(29,18)(29,6)(14,6)(14,8)(0,8)
Polygon:
(0,0)(26,0)(26,17)(14,17)(14,20)(0,20)
Polygon:
(0,0)(14,0)(14,17)(0,17)
Polygon:
(0,0)(22,0)(22,7)(8,7)(8,19)(0,19)
Polygon:
(0,0)(16,0)(16,4)(6,4)(6,21)(0,21)
Polygon:
(0,0)(34,0)(34,17)(16,17)(16,33)(0,33)
Polygon:
(0,0)(6,0)(6,7)(4,7)(4,20)(0,20)
Polygon:
(0,0)(17,0)(17,9)(0,9)
Polygon:
(0,0)(30,0)(30,10)(12,10)(12,18)(0,18)
Polygon:
(0,0)(12,0)(12,7)(8,7)(8,23)(0,23)
Polygon:
(0,0)(14,0)(14,17)(0,17)
Polygon:
(0,0)(1,0)(1,9)(0,9)
Polygon:
(0,0)(21,0)(21,9)(8,9)(8,17)(0,17)
Polygon:
(0,0)(1,0)(1,13)(0,13)
Polygon:
(0,0)(2,0)(2,18)(0,18)
Polygon:
(0,0)(15,0)(15,2)(14,2)(14,5)(0,5)
Polygon:
(0,0)(18,0)(18,7)(0,7)
Polygon:
(0,0)(4,0)(4,4)(0,4)
Polygon:
(0,0)(13,0)(13,7)(0,7)
Polygon:
(0,0)(15,0)(15,15)(13,15)(13,29)(0,29)
Polygon:
(0,0)(14,0)(14,8)(0,8)
Polygon:
(0,0)(25,0)(25,18)(11,18)(11,33)(0,33)
Polygon:
(0,0)(15,0)(15,9)(0,9)
Polygon:
(0,0)(16,0)(16,2)(0,2)
Polygon:
(0,0)(35,0)(35,4)(25,4)(25,1)(16,1)(16,18)(0,18)
Polygon:
(0,0)(24,0)(24,16)(15,16)(15,12)(4,12)(4,14)(0,14)
Polygon:
(0,0)(4,0)(4,13)(0,13)
Polygon:
(0,0)(24,0)(24,16)(20,16)(20,2)(18,2)(18,18)(0,18)
Polygon:
(0,0)(13,0)(13,17)(1,17)(1,25)(0,25)
Polygon:
(0,0)(14,0)(14,5)(13,5)(13,6)(0,6)
Polygon:
(0,0)(9,0)(9,14)(2,14)(2,19)(0,19)
Polygon:
(0,0)(8,0)(8,14)(0,14)
Polygon:
(0,0)(3,0)(3,2)(0,2)
Polygon:
(0,0)(3,0)(3,9)(0,9)
Polygon:
(0,0)(30,0)(30,8)(18,8)(18,2)(6,2)(6,13)(0,13)
Polygon:
(0,0)(18,0)(18,13)(9,13)(9,15)(0,15)
Polygon:
(0,0)(4,0)(4,6)(0,6)
Polygon:
(0,0)(26,0)(26,10)(12,10)(12,12)(0,12)
Polygon:
(0,0)(4,0)(4,11)(0,11)
Polygon:
(0,0)(21,0)(21,16)(5,16)(5,31)(0,31)
Polygon:
(0,0)(2,0)(2,17)(0,17)
Polygon:
(0,0)(9,0)(9,13)(0,13)
Polygon:
(0,0)(4,0)(4,16)(0,16)
Polygon:
(0,0)(23,0)(23,11)(7,11)(7,20)(0,20)
Polygon:
(0,0)(34,0)(34,16)(31,16)(31,1)(16,1)(16,10)(0,10)
Polygon:
(0,0)(27,0)(27,7)(22,7)(22,3)(5,3)(5,10)(0,10)
Polygon:
(0,0)(17,0)(17,3)(0,3)
Polygon:
(0,0)(38,0)(38,16)(28,16)(28,2)(17,2)(17,17)(0,17)
Polygon:
(0,0)(18,0)(18,11)(1,11)(1,22)(0,22)
Polygon:
(0,0)(37,0)(37,13)(20,13)(20,9)(7,9)(7,15)(0,15)
Polygon:
(0,0)(22,0)(22,18)(21,18)(21,13)(14,13)(14,14)(0,14)
Polygon:
(0,0)(3,0)(3,12)(0,12)
Polygon:
(0,0)(8,0)(8,3)(0,3)
Polygon:
(0,0)(33,0)(33,15)(17,15)(17,20)(0,20)
Polygon:
(0,0)(3,0)(3,15)(0,15)
Polygon:
(0,0)(4,0)(4,9)(0,9)
Polygon:
(0,0)(4,0)(4,1)(0,1)
Polygon:
(0,0)(20,0)(20,12)(15,12)(15,22)(0,22)
Polygon:
(0,0)(10,0)(10,4)(0,4)
Polygon:
(0,0)(15,0)(15,10)(7,10)(7,14)(0,14)
Polygon:
(0,0)(27,0)(27,5)(14,5)(14,19)(0,19)
Polygon:
(0,0)(26,0)(26,3)(11,3)(11,12)(0,12)
Polygon:
(0,0)(10,0)(10,5)(0,5)
Polygon:
(0,0)(22,0)(22,1)(9,1)(9,16)(0,16)
Polygon:
(0,0)(4,0)(4,18)(0,18)
Polygon:
(0,0)(13,0)(13,5)(1,5)(1,15)(0,15)
Polygon:
(0,0)(15,0)(15,3)(0,3)
Polygon:
(0,0)(6,0)(6,13)(0,13)
Polygon:
(0,0)(14,0)(14,11)(1,11)(1,19)(0,19)
Polygon:
(0,0)(3,0)(3,5)(0,5)
Polygon:
(0,0)(12,0)(12,9)(3,9)(3,17)(0,17)
Polygon:
(0,0)(6,0)(6,7)(0,7)
Polygon:
(0,0)(10,0)(10,9)(1,9)(1,16)(0,16)
Polygon:
(0,0)(12,0)(12,15)(0,15)
Polygon:
(0,0)(8,0)(8,17)(0,17)
Polygon:
(0,0)(39,0)(39,13)(21,13)(21,6)(17,6)(17,12)(0,12)
Polygon:
(0,0)(2,0)(2,18)(0,18)
Polygon:
(0,0)(31,0)(31,11)(25,11)(25,7)(8,7)(8,11)(0,11)
Polygon:
(0,0)(15,0)(15,6)(0,6)
Polygon:
(0,0)(2,0)(2,18)(0,18)
Polygon:
(0,0)(18,0)(18,11)(0,11)
Polygon:
(0,0)(20,0)(20,2)(15,2)(15,14)(0,14)
Polygon:
(0,0)(12,0)(12,17)(0,17)
Polygon:
(0,0)(10,0)(10,5)(0,5)
Polygon:
(0,0)(20,0)(20,10)(17,10)(17,13)(0,13)
Polygon:
(0,0)(2,0)(2,6)(0,6)
Polygon:
(0,0)(14,0)(14,4)(0,4)
Polygon:
(0,0)(14,0)(14,18)(11,18)(11,28)(0,28)
Polygon:
(0,0)(14,0)(14,5)(0,5)
Polygon:
(0,0)(15,0)(15,18)(0,18)
Polygon:
(0,0)(7,0)(7,12)(0,12)
Polygon:
(0,0)(8,0)(8,4)(0,4)
Polygon:
(0,0)(16,0)(16,3)(10,3)(10,18)(0,18)
Polygon:
(0,0)(16,0)(16,11)(0,11)
Polygon:
(0,0)(23,0)(23,9)(7,9)(7,21)(0,21)
Polygon:
(0,0)(2,0)(2,3)(0,3)
Polygon:
(0,0)(18,0)(18,1)(15,1)(15,12)(0,12)
Polygon:
(0,0)(5,0)(5,6)(0,6)
Polygon:
(0,0)(35,0)(35,14)(25,14)(25,10)(10,10)(10,18)(0,18)
Polygon:
(0,0)(9,0)(9,13)(1,13)(1,19)(0,19)
Polygon:
(0,0)(6,0)(6,13)(0,13)
Polygon:
(0,0)(12,0)(12,15)(1,15)(1,27)(0,27)
Polygon:
(0,0)(36,0)(36,20)(31,20)(31,11)(16,11)(16,17)(0,17)
Polygon:
(0,0)(4,0)(4,16)(0,16)
Polygon:
(0,0)(8,0)(8,8)(0,8)
Polygon:
(0,0)(14,0)(14,2)(0,2)
Polygon:
(0,0)(18,0)(18,16)(12,16)(12,30)(0,30)
Polygon:
(0,0)(21,0)(21,7)(11,7)(11,2)(8,2)(8,11)(0,11)
Polygon:
(0,0)(7,0)(7,1)(0,1)
Polygon:
(0,0)(11,0)(11,10)(0,10)
Polygon:
(0,0)(14,0)(14,12)(0,12)
Polygon:
(0,0)(1,0)(1,10)(0,10)
Polygon:
(0,0)(15,0)(15,6)(0,6)
Polygon:
(0,0)(6,0)(6,10)(0,10)
Polygon:
(0,0)(3,0)(3,16)(1,16)(1,32)(0,32)
Polygon:
(0,0)(18,0)(18,10)(0,10)
Polygon:
(0,0)(5,0)(5,18)(0,18)
Polygon:
(0,0)(6,0)(6,2)(0,2)
Polygon:
(0,0)(11,0)(11,15)(0,15)
Polygon:
(0,0)(39,0)(39,19)(34,19)(34,2)(16,2)(16,10)(0,10)
Polygon:
(0,0)(17,0)(17,2)(0,2)
Polygon:
(0,0)(15,0)(15,12)(2,12)(2,17)(0,17)
Polygon:
(0,0)(31,0)(31,7)(15,7)(15,8)(0,8)
Polygon:
(0,0)(15,0)(15,10)(7,10)(7,2)(6,2)(6,16)(0,16)
Polygon:
(0,0)(39,0)(39,13)(33,13)(33,6)(16,6)(16,16)(0,16)
Polygon:
(0,0)(42,0)(42,7)(29,7)(29,3)(17,3)(17,15)(0,15)
Polygon:
(0,0)(19,0)(19,10)(16,10)(16,11)(0,11)
Polygon:
(0,0)(3,0)(3,5)(0,5)
Polygon:
(0,0)(17,0)(17,5)(10,5)(10,22)(0,22)
Polygon:
(0,0)(8,0)(8,18)(6,18)(6,16)(2,16)(2,18)(0,18)
Polygon:
(0,0)(28,0)(28,12)(18,12)(18,18)(0,18)
Polygon:
(0,0)(13,0)(13,8)(0,8)
Polygon:
(0,0)(11,0)(11,13)(0,13)
Polygon:
(0,0)(17,0)(17,14)(0,14)
Polygon:
(0,0)(25,0)(25,9)(18,9)(18,16)(0,16)
Polygon:
(0,0)(9,0)(9,2)(0,2)
Polygon:
(0,0)(27,0)(27,14)(24,14)(24,1)(9,1)(9,15)(0,15)
Polygon:
(0,0)(35,0)(35,11)(26,11)(26,1)(13,1)(13,12)(0,12)
Polygon:
(0,0)(31,0)(31,14)(19,14)(19,1)(16,1)(16,11)(0,11)
Polygon:
(0,0)(9,0)(9,1)(0,1)
Polygon:
(0,0)(3,0)(3,16)(0,16)
Polygon:
(0,0)(3,0)(3,6)(0,6)
Polygon:
(0,0)(15,0)(15,17)(7,17)(7,30)(0,30)
Polygon:
(0,0)(29,0)(29,8)(14,8)(14,12)(0,12)
Polygon:
(0,0)(12,0)(12,15)(0,15)
Polygon:
(0,0)(27,0)(27,2)(10,2)(10,17)(0,17)
Polygon:
(0,0)(3,0)(3,16)(0,16)
Polygon:
(0,0)(1,0)(1,15)(0,15)
Polygon:
(0,0)(17,0)(17,9)(0,9)
Polygon:
(0,0)(7,0)(7,6)(0,6)
Polygon:
(0,0)(18,0)(18,14)(0,14)
Polygon:
(0,0)(11,0)(11,16)(0,16)
Polygon:
(0,0)(2,0)(2,12)(0,12)
Polygon:
(0,0)(4,0)(4,10)(0,10)
Polygon:
(0,0)(12,0)(12,15)(0,15)
Polygon:
(0,0)(15,0)(15,13)(0,13)
Polygon:
(0,0)(6,0)(6,17)(1,17)(1,20)(0,20)
Polygon:
(0,0)(13,0)(13,1)(0,1)
Polygon:
(0,0)(17,0)(17,13)(3,13)(3,17)(0,17)
Polygon:
(0,0)(9,0)(9,10)(0,10)
Polygon:
(0,0)(10,0)(10,3)(0,3)
Polygon:
(0,0)(5,0)(5,11)(0,11)
Polygon:
(0,0)(17,0)(17,11)(0,11)
Polygon:
(0,0)(15,0)(15,11)(0,11)
Polygon:
(0,0)(22,0)(22,18)(7,18)(7,30)(0,30)
Polygon:
(0,0)(2,0)(2,14)(0,14)
Polygon:
(0,0)(15,0)(15,6)(0,6)
Polygon:
(0,0)(23,0)(23,15)(14,15)(14,33)(0,33)
Polygon:
(0,0)(18,0)(18,17)(17,17)(17,20)(0,20)
Polygon:
(0,0)(18,0)(18,16)(0,16)
Polygon:
(0,0)(18,0)(18,16)(0,16)
Polygon:
(0,0)(18,0)(18,9)(0,9)
Polygon:
(0,0)(15,0)(15,14)(0,14)
Polygon:
(0,0)(37,0)(37,11)(21,11)(21,2)(15,2)(15,3)(0,3)
Polygon:
(0,0)(10,0)(10,13)(0,13)
Polygon:
(0,0)(18,0)(18,10)(13,10)(13,28)(0,28)
Polygon:
(0,0)(13,0)(13,1)(0,1)
Polygon:
(0,0)(17,0)(17,11)(0,11)
Polygon:
(0,0)(16,0)(16,5)(5,5)(5,20)(0,20)
Polygon:
(0,0)(4,0)(4,8)(0,8)
Polygon:
(0,0)(5,0)(5,13)(0,13)
Polygon:
(0,0)(15,0)(15,2)(0,2)
Polygon:
(0,0)(34,0)(34,12)(19,12)(19,6)(8,6)(8,14)(0,14)
Polygon:
(0,0)(1,0)(1,4)(0,4)
Polygon:
(0,0)(10,0)(10,18)(0,18)
Polygon:
(0,0)(24,0)(24,14)(16,14)(16,25)(0,25)
Polygon:
(0,0)(2,0)(2,16)(0,16)
Polygon:
(0,0)(22,0)(22,14)(14,14)(14,31)(0,31)
Polygon:
(0,0)(1,0)(1,4)(0,4)
Polygon:
(0,0)(3,0)(3,17)(0,17)
Polygon:
(0,0)(21,0)(21,18)(14,18)(14,31)(0,31)
Polygon:
(0,0)(25,0)(25,14)(10,14)(10,17)(0,17)
Polygon:
(0,0)(13,0)(13,5)(0,5)
Polygon:
(0,0)(13,0)(13,18)(12,18)(12,19)(0,19)
Polygon:
(0,0)(10,0)(10,16)(0,16)
Polygon:
(0,0)(15,0)(15,8)(0,8)
Polygon:
(0,0)(16,0)(16,15)(0,15)
Polygon:
(0,0)(18,0)(18,13)(0,13)
Polygon:
(0,0)(22,0)(22,7)(10,7)(10,8)(0,8)
Polygon:
(0,0)(30,0)(30,14)(16,14)(16,19)(0,19)
Polygon:
(0,0)(2,0)(2,2)(0,2)
Polygon:
(0,0)(33,0)(33,15)(26,15)(26,8)(14,8)(14,17)(0,17)
Polygon:
(0,0)(11,0)(11,10)(0,10)
Polygon:
(0,0)(28,0)(28,17)(12,17)(12,28)(0,28)
Polygon:
(0,0)(4,0)(4,1)(0,1)
Polygon:
(0,0)(12,0)(12,2)(0,2)
Polygon:
(0,0)(17,0)(17,5)(0,5)
Polygon:
(0,0)(5,0)(5,5)(0,5)
Polygon:
(0,0)(29,0)(29,1)(17,1)(17,12)(0,12)
Polygon:
(0,0)(14,0)(14,12)(0,12)
Polygon:
(0,0)(9,0)(9,10)(0,10)
Polygon:
(0,0)(7,0)(7,5)(0,5)
Polygon:
(0,0)(10,0)(10,9)(0,9)
Polygon:
(0,0)(32,0)(32,22)(30,22)(30,6)(18,6)(18,15)(0,15)
Polygon:
(0,0)(10,0)(10,4)(6,4)(6,20)(0,20)
Polygon:
(0,0)(12,0)(12,5)(0,5)
Polygon:
(0,0)(15,0)(15,15)(7,15)(7,13)(3,13)(3,15)(0,15)
Polygon:
(0,0)(14,0)(14,11)(0,11)
Polygon:
(0,0)(9,0)(9,7)(0,7)
Polygon:
(0,0)(22,0)(22,29)(16,29)(16,15)(6,15)(6,18)(0,18)
Polygon:
(0,0)(7,0)(7,7)(0,7)
Polygon:
(0,0)(6,0)(6,13)(0,13)
Polygon:
(0,0)(14,0)(14,6)(9,6)(9,18)(0,18)
Polygon:
(0,0)(13,0)(13,7)(0,7)
Polygon:
(0,0)(12,0)(12,5)(11,5)(11,4)(10,4)(10,10)(0,10)
Polygon:
(0,0)(8,0)(8,10)(0,10)
Polygon:
(0,0)(3,0)(3,14)(1,14)(1,25)(0,25)
Polygon:
(0,0)(19,0)(19,16)(17,16)(17,22)(0,22)
Polygon:
(0,0)(4,0)(4,8)(0,8)
Polygon:
(0,0)(22,0)(22,1)(10,1)(10,16)(0,16)
Polygon:
(0,0)(15,0)(15,1)(0,1)
Polygon:
(0,0)(11,0)(11,10)(2,10)(2,12)(0,12)
Polygon:
(0,0)(12,0)(12,13)(2,13)(2,18)(0,18)
Polygon:
(0,0)(27,0)(27,16)(11,16)(11,7)(3,7)(3,14)(0,14)
Polygon:
(0,0)(4,0)(4,5)(0,5)
Polygon:
(0,0)(11,0)(11,1)(0,1)
Polygon:
(0,0)(9,0)(9,15)(0,15)
Polygon:
(0,0)(7,0)(7,11)(0,11)
Polygon:
(0,0)(25,0)(25,23)(18,23)(18,9)(4,9)(4,10)(0,10)
Polygon:
(0,0)(6,0)(6,4)(0,4)
Polygon:
(0,0)(3,0)(3,7)(0,7)
Polygon:
(0,0)(16,0)(16,4)(0,4)
Polygon:
(0,0)(18,0)(18,9)(0,9)
Polygon:
(0,0)(15,0)(15,2)(9,2)(9,4)(0,4)
Polygon:
(0,0)(7,0)(7,6)(0,6)
Polygon:
(0,0)(20,0)(20,8)(9,8)(9,15)(0,15)
Polygon:
(0,0)(25,0)(25,3)(10,3)(10,18)(0,18)
Polygon:
(0,0)(23,0)(23,18)(18,18)(18,21)(0,21)
Polygon:
(0,0)(26,0)(26,4)(12,4)(12,14)(0,14)
Polygon:
(0,0)(7,0)(7,1)(0,1)
Polygon:
(0,0)(9,0)(9,9)(0,9)
Polygon:
(0,0)(14,0)(14,28)(13,28)(13,12)(1,12)(1,16)(0,16)
Polygon:
(0,0)(24,0)(24,3)(15,3)(15,17)(0,17)
Polygon:
(0,0)(38,0)(38,23)(25,23)(25,8)(18,8)(18,18)(0,18)
Polygon:
(0,0)(1,0)(1,12)(0,12)
Polygon:
(0,0)(7,0)(7,11)(0,11)
Polygon:
(0,0)(40,0)(40,22)(28,22)(28,14)(16,14)(16,16)(0,16)
Polygon:
(0,0)(29,0)(29,3)(18,3)(18,13)(0,13)
Polygon:
(0,0)(16,0)(16,18)(0,18)
Polygon:
(0,0)(31,0)(31,13)(28,13)(28,6)(14,6)(14,10)(0,10)
Polygon:
(0,0)(26,0)(26,9)(12,9)(12,21)(0,21)
Polygon:
(0,0)(29,0)(29,13)(18,13)(18,17)(0,17)
Polygon:
(0,0)(10,0)(10,17)(3,17)(3,32)(0,32)
Polygon:
(0,0)(12,0)(12,8)(0,8)
Polygon:
(0,0)(36,0)(36,9)(27,9)(27,3)(14,3)(14,6)(0,6)
Polygon:
(0,0)(7,0)(7,18)(0,18)
Polygon:
(0,0)(28,0)(28,13)(12,13)(12,25)(0,25)
Polygon:
(0,0)(35,0)(35,18)(18,18)(18,9)(3,9)(3,13)(0,13)
Polygon:
(0,0)(13,0)(13,3)(0,3)
Polygon:
(0,0)(16,0)(16,9)(0,9)
Polygon:
(0,0)(7,0)(7,10)(0,10)
Polygon:
(0,0)(16,0)(16,8)(0,8)
Polygon:
(0,0)(15,0)(15,7)(0,7)
Polygon:
(0,0)(16,0)(16,15)(0,15)
Polygon:
(0,0)(5,0)(5,1)(0,1)
Polygon:
(0,0)(10,0)(10,7)(0,7)
Polygon:
(0,0)(18,0)(18,15)(0,15)
Polygon:
(0,0)(10,0)(10,11)(0,11)
Polygon:
(0,0)(28,0)(28,18)(14,18)(14,32)(0,32)
Polygon:
(0,0)(26,0)(26,14)(15,14)(15,18)(0,18)
Polygon:
(0,0)(18,0)(18,22)(8,22)(8,5)(7,5)(7,15)(0,15)
Polygon:
(0,0)(14,0)(14,10)(0,10)
Polygon:
(0,0)(17,0)(17,11)(6,11)(6,5)(2,5)(2,17)(0,17)
Polygon:
(0,0)(9,0)(9,18)(0,18)
Polygon:
(0,0)(16,0)(16,9)(12,9)(12,12)(0,12)
Polygon:
(0,0)(35,0)(35,19)(21,19)(21,16)(7,16)(7,22)(0,22)
Polygon:
(0,0)(30,0)(30,10)(14,10)(14,26)(0,26)
Polygon:
(0,0)(32,0)(32,4)(15,4)(15,19)(0,19)
Polygon:
(0,0)(34,0)(34,19)(31,19)(31,11)(16,11)(16,12)(0,12)
Polygon:
(0,0)(12,0)(12,10)(0,10)
Polygon:
(0,0)(23,0)(23,21)(10,21)(10,10)(4,10)(4,17)(0,17)
Polygon:
(0,0)(14,0)(14,7)(3,7)(3,20)(0,20)
Polygon:
(0,0)(7,0)(7,8)(0,8)
Polygon:
(0,0)(1,0)(1,1)(0,1)
Polygon:
(0,0)(3,0)(3,5)(0,5)
Polygon:
(0,0)(2,0)(2,2)(0,2)
Polygon:
(0,0)(16,0)(16,16)(0,16)
Polygon:
(0,0)(18,0)(18,8)(2,8)(2,15)(0,15)
Polygon:
(0,0)(29,0)(29,17)(28,17)(28,15)(11,15)(11,18)(0,18)
Polygon:
(0,0)(2,0)(2,18)(0,18)
Polygon:
(0,0)(7,0)(7,8)(2,8)(2,9)(0,9)
Polygon:
(0,0)(27,0)(27,20)(19,20)(19,6)(3,6)(3,8)(0,8)
Polygon:
(0,0)(16,0)(16,14)(0,14)
Polygon:
(0,0)(36,0)(36,2)(18,2)(18,5)(0,5)
Polygon:
(0,0)(4,0)(4,4)(0,4)
Polygon:
(0,0)(1,0)(1,14)(0,14)
Polygon:
(0,0)(4,0)(4,1)(0,1)
Polygon:
(0,0)(4,0)(4,10)(0,10)
Polygon:
(0,0)(18,0)(18,7)(8,7)(8,24)(0,24)
Polygon:
(0,0)(8,0)(8,12)(0,12)
Polygon:
(0,0)(11,0)(11,16)(0,16)
Polygon:
(0,0)(14,0)(14,17)(0,17)
Polygon:
(0,0)(16,0)(16,14)(9,14)(9,1)(6,1)(6,8)(0,8)
Polygon:
(0,0)(13,0)(13,10)(4,10)(4,17)(0,17)
Polygon:
(0,0)(27,0)(27,10)(13,10)(13,26)(0,26)
Polygon:
(0,0)(3,0)(3,16)(0,16)
Polygon:
(0,0)(11,0)(11,1)(0,1)
Polygon:
(0,0)(21,0)(21,15)(13,15)(13,27)(0,27)
Polygon:
(0,0)(13,0)(13,8)(0,8)
Polygon:
(0,0)(20,0)(20,16)(14,16)(14,30)(0,30)
Polygon:
(0,0)(22,0)(22,18)(10,18)(10,21)(0,21)
Polygon:
(0,0)(19,0)(19,13)(14,13)(14,17)(0,17)
Polygon:
(0,0)(23,0)(23,9)(17,9)(17,11)(0,11)
Polygon:
(0,0)(3,0)(3,13)(0,13)
Polygon:
(0,0)(9,0)(9,14)(3,14)(3,32)(0,32)
Polygon:
(0,0)(23,0)(23,10)(15,10)(15,23)(0,23)
Polygon:
(0,0)(14,0)(14,9)(0,9)
Polygon:
(0,0)(9,0)(9,14)(0,14)
Polygon:
(0,0)(3,0)(3,2)(0,2)
Polygon:
(0,0)(17,0)(17,13)(0,13)
Polygon:
(0,0)(10,0)(10,4)(0,4)
Polygon:
(0,0)(33,0)(33,8)(15,8)(15,4)(10,4)(10,18)(0,18)
Polygon:
(0,0)(5,0)(5,5)(0,5)
Polygon:
(0,0)(12,0)(12,18)(0,18)
Polygon:
(0,0)(3,0)(3,18)(0,18)
Polygon:
(0,0)(29,0)(29,25)(27,25)(27,15)(18,15)(18,17)(0,17)
Polygon:
(0,0)(17,0)(17,2)(16,2)(16,19)(0,19)
Polygon:
(0,0)(20,0)(20,11)(3,11)(3,25)(0,25)
Polygon:
(0,0)(14,0)(14,13)(0,13)
Polygon:
(0,0)(16,0)(16,13)(6,13)(6,16)(0,16)
Polygon:
(0,0)(33,0)(33,18)(24,18)(24,9)(14,9)(14,14)(0,14)
Polygon:
(0,0)(9,0)(9,9)(0,9)
Polygon:
(0,0)(4,0)(4,3)(0,3)
Polygon:
(0,0)(18,0)(18,4)(0,4)
Polygon:
(0,0)(15,0)(15,8)(12,8)(12,14)(0,14)
Polygon:
(0,0)(13,0)(13,6)(0,6)
Polygon:
(0,0)(8,0)(8,16)(0,16)
Polygon:
(0,0)(20,0)(20,12)(15,12)(15,30)(0,30)
Polygon:
(0,0)(9,0)(9,15)(0,15)
Polygon:
(0,0)(5,0)(5,16)(0,16)
Polygon:
(0,0)(32,0)(32,4)(14,4)(14,11)(0,11)
Polygon:
(0,0)(17,0)(17,4)(0,4)
Polygon:
(0,0)(11,0)(11,8)(0,8)
Polygon:
(0,0)(2,0)(2,15)(0,15)
Polygon:
(0,0)(16,0)(16,8)(1,8)(1,22)(0,22)
Polygon:
(0,0)(13,0)(13,18)(0,18)
Polygon:
(0,0)(17,0)(17,5)(0,5)
Polygon:
(0,0)(10,0)(10,4)(1,4)(1,12)(0,12)
Polygon:
(0,0)(15,0)(15,2)(0,2)
Polygon:
(0,0)(17,0)(17,1)(0,1)
Polygon:
(0,0)(8,0)(8,1)(0,1)
Polygon:
(0,0)(9,0)(9,18)(0,18)
Polygon:
(0,0)(39,0)(39,33)(29,33)(29,15)(16,15)(16,17)(0,17)
Polygon:
(0,0)(3,0)(3,14)(0,14)
Polygon:
(0,0)(6,0)(6,5)(0,5)
Polygon:
(0,0)(8,0)(8,14)(0,14)
Polygon:
(0,0)(17,0)(17,8)(0,8)
Polygon:
(0,0)(28,0)(28,15)(24,15)(24,12)(14,12)(14,13)(0,13)
Polygon:
(0,0)(32,0)(32,26)(27,26)(27,11)(9,11)(9,17)(0,17)
Polygon:
(0,0)(3,0)(3,13)(0,13)
Polygon:
(0,0)(1,0)(1,6)(0,6)
Polygon:
(0,0)(13,0)(13,8)(7,8)(7,14)(0,14)
Polygon:
(0,0)(5,0)(5,16)(0,16)
Polygon:
(0,0)(3,0)(3,15)(0,15)
Polygon:
(0,0)(9,0)(9,3)(3,3)(3,14)(0,14)
Polygon:
(0,0)(3,0)(3,5)(1,5)(1,15)(0,15)
Polygon:
(0,0)(3,0)(3,3)(0,3)
Polygon:
(0,0)(18,0)(18,3)(0,3)
Polygon:
(0,0)(14,0)(14,2)(0,2)
Polygon:
(0,0)(29,0)(29,22)(19,22)(19,4)(13,4)(13,10)(0,10)
Polygon:
(0,0)(11,0)(11,14)(9,14)(9,17)(0,17)
Polygon:
(0,0)(43,0)(43,24)(25,24)(25,8)(8,8)(8,12)(0,12)
Polygon:
(0,0)(16,0)(16,17)(0,17)
Polygon:
(0,0)(20,0)(20,8)(11,8)(11,12)(0,12)
Polygon:
(0,0)(10,0)(10,4)(0,4)
Polygon:
(0,0)(8,0)(8,11)(0,11)
Polygon:
(0,0)(6,0)(6,3)(5,3)(5,10)(0,10)
Polygon:
(0,0)(24,0)(24,15)(8,15)(8,17)(0,17)
Polygon:
(0,0)(17,0)(17,8)(3,8)(3,16)(0,16)
Polygon:
(0,0)(18,0)(18,4)(7,4)(7,13)(0,13)
Polygon:
(0,0)(2,0)(2,16)(0,16)
Polygon:
(0,0)(10,0)(10,6)(0,6)
Polygon:
(0,0)(23,0)(23,1)(9,1)(9,18)(0,18)
Polygon:
(0,0)(35,0)(35,4)(23,4)(23,3)(18,3)(18,16)(0,16)
Polygon:
(0,0)(21,0)(21,3)(4,3)(4,7)(0,7)
Polygon:
(0,0)(14,0)(14,8)(0,8)
Polygon:
(0,0)(13,0)(13,7)(0,7)
Polygon:
(0,0)(18,0)(18,4)(9,4)(9,14)(0,14)
Polygon:
(0,0)(11,0)(11,11)(0,11)
Polygon:
(0,0)(10,0)(10,8)(0,8)
Polygon:
(0,0)(7,0)(7,13)(0,13)
Polygon:
(0,0)(15,0)(15,15)(2,15)(2,29)(0,29)
Polygon:
(0,0)(1,0)(1,15)(0,15)
Polygon:
(0,0)(16,0)(16,14)(0,14)
Polygon:
(0,0)(5,0)(5,2)(0,2)
Polygon:
(0,0)(20,0)(20,3)(6,3)(6,16)(0,16)
Polygon:
(0,0)(33,0)(33,21)(18,21)(18,7)(5,7)(5,13)(0,13)
Polygon:
(0,0)(15,0)(15,13)(0,13)
Polygon:
(0,0)(18,0)(18,7)(0,7)
Polygon:
(0,0)(29,0)(29,9)(19,9)(19,4)(15,4)(15,17)(0,17)
Polygon:
(0,0)(13,0)(13,3)(0,3)
Polygon:
(0,0)(7,0)(7,13)(0,13)
Polygon:
(0,0)(8,0)(8,8)(0,8)
Polygon:
(0,0)(18,0)(18,1)(0,1)
Polygon:
(0,0)(18,0)(18,6)(15,6)(15,11)(0,11)
Polygon:
(0,0)(7,0)(7,2)(0,2)
Polygon:
(0,0)(4,0)(4,10)(0,10)
Polygon:
(0,0)(33,0)(33,16)(19,16)(19,2)(7,2)(7,9)(0,9)
Polygon:
(0,0)(14,0)(14,13)(0,13)
Polygon:
(0,0)(10,0)(10,13)(0,13)
Polygon:
(0,0)(28,0)(28,16)(18,16)(18,31)(0,31)
Polygon:
(0,0)(11,0)(11,6)(2,6)(2,16)(0,16)
Polygon:
(0,0)(13,0)(13,6)(11,6)(11,17)(0,17)
Polygon:
(0,0)(30,0)(30,10)(25,10)(25,2)(11,2)(11,9)(0,9)
Polygon:
(0,0)(41,0)(41,13)(24,13)(24,2)(7,2)(7,7)(0,7)
Polygon:
(0,0)(12,0)(12,5)(4,5)(4,6)(0,6)
Polygon:
(0,0)(44,0)(44,13)(29,13)(29,11)(11,11)(11,14)(0,14)
Polygon:
(0,0)(19,0)(19,4)(1,4)(1,21)(0,21)
Polygon:
(0,0)(2,0)(2,5)(0,5)
Polygon:
(0,0)(3,0)(3,9)(0,9)
Polygon:
(0,0)(31,0)(31,19)(18,19)(18,3)(13,3)(13,11)(0,11)
Polygon:
(0,0)(11,0)(11,5)(0,5)
Polygon:
(0,0)(2,0)(2,9)(1,9)(1,23)(0,23)
Polygon:
(0,0)(18,0)(18,9)(14,9)(14,25)(0,25)
Polygon:
(0,0)(3,0)(3,1)(0,1)
Polygon:
(0,0)(18,0)(18,3)(0,3)
Polygon:
(0,0)(24,0)(24,4)(12,4)(12,9)(0,9)
Polygon:
(0,0)(6,0)(6,12)(0,12)
Polygon:
(0,0)(5,0)(5,8)(0,8)
Polygon:
(0,0)(14,0)(14,6)(0,6)
Polygon:
(0,0)(4,0)(4,4)(0,4)
Polygon:
(0,0)(16,0)(16,4)(8,4)(8,18)(0,18)
Polygon:
(0,0)(22,0)(22,12)(19,12)(19,4)(4,4)(4,13)(0,13)
Polygon:
(0,0)(1,0)(1,3)(0,3)
Polygon:
(0,0)(16,0)(16,8)(0,8)
Polygon:
(0,0)(3,0)(3,12)(0,12)
Polygon:
(0,0)(16,0)(16,4)(14,4)(14,5)(0,5)
Polygon:
(0,0)(12,0)(12,9)(0,9)
Polygon:
(0,0)(16,0)(16,17)(0,17)
Polygon:
(0,0)(6,0)(6,8)(0,8)
Polygon:
(0,0)(6,0)(6,4)(0,4)
Polygon:
(0,0)(1,0)(1,2)(0,2)
Polygon:
(0,0)(11,0)(11,18)(0,18)
Polygon:
(0,0)(6,0)(6,4)(0,4)
Polygon:
(0,0)(38,0)(38,7)(26,7)(26,4)(16,4)(16,7)(0,7)
Polygon:
(0,0)(8,0)(8,14)(0,14)
Polygon:
(0,0)(1,0)(1,3)(0,3)
Polygon:
(0,0)(5,0)(5,3)(3,3)(3,14)(0,14)
Polygon:
(0,0)(7,0)(7,5)(0,5)
Polygon:
(0,0)(5,0)(5,14)(0,14)
Polygon:
(0,0)(16,0)(16,5)(0,5)
Polygon:
(0,0)(1,0)(1,5)(0,5)
Polygon:
(0,0)(10,0)(10,11)(2,11)(2,19)(0,19)
Polygon:
(0,0)(34,0)(34,24)(32,24)(32,13)(16,13)(16,18)(0,18)
Polygon:
(0,0)(14,0)(14,11)(0,11)
Polygon:
(0,0)(3,0)(3,7)(0,7)
Polygon:
(0,0)(20,0)(20,16)(3,16)(3,29)(0,29)
Polygon:
(0,0)(14,0)(14,2)(0,2)
Polygon:
(0,0)(15,0)(15,4)(11,4)(11,7)(0,7)
Polygon:
(0,0)(2,0)(2,9)(0,9)
Polygon:
(0,0)(9,0)(9,11)(0,11)
Polygon:
(0,0)(10,0)(10,1)(3,1)(3,18)(0,18)
Polygon:
(0,0)(14,0)(14,14)(7,14)(7,23)(0,23)
Polygon:
(0,0)(12,0)(12,15)(0,15)
Polygon:
(0,0)(33,0)(33,11)(18,11)(18,16)(0,16)
Polygon:
(0,0)(38,0)(38,22)(33,22)(33,4)(18,4)(18,17)(0,17)
Polygon:
(0,0)(17,0)(17,6)(14,6)(14,22)(0,22)
Polygon:
(0,0)(3,0)(3,11)(0,11)
Polygon:
(0,0)(19,0)(19,5)(18,5)(18,23)(0,23)
Polygon:
(0,0)(4,0)(4,17)(0,17)
Polygon:
(0,0)(39,0)(39,4)(21,4)(21,3)(11,3)(11,16)(0,16)
Polygon:
(0,0)(24,0)(24,20)(19,20)(19,8)(4,8)(4,11)(0,11)
Polygon:
(0,0)(17,0)(17,15)(0,15)
Polygon:
(0,0)(9,0)(9,5)(0,5)
Polygon:
(0,0)(10,0)(10,9)(0,9)
Polygon:
(0,0)(9,0)(9,10)(0,10)
Polygon:
(0,0)(7,0)(7,9)(0,9)
Polygon:
(0,0)(11,0)(11,13)(0,13)
Polygon:
(0,0)(3,0)(3,17)(0,17)
Polygon:
(0,0)(14,0)(14,10)(0,10)
Polygon:
(0,0)(13,0)(13,5)(0,5)
Polygon:
(0,0)(15,0)(15,10)(0,10)
Polygon:
(0,0)(24,0)(24,11)(17,11)(17,4)(9,4)(9,20)(0,20)
Polygon:
(0,0)(16,0)(16,12)(13,12)(13,20)(0,20)
Polygon:
(0,0)(26,0)(26,2)(21,2)(21,1)(14,1)(14,10)(0,10)
Polygon:
(0,0)(9,0)(9,9)(0,9)
Polygon:
(0,0)(3,0)(3,13)(0,13)
Polygon:
(0,0)(43,0)(43,14)(25,14)(25,6)(7,6)(7,16)(0,16)
Polygon:
(0,0)(26,0)(26,8)(15,8)(15,19)(0,19)
Polygon:
(0,0)(7,0)(7,10)(0,10)
Polygon:
(0,0)(10,0)(10,9)(0,9)
Polygon:
(0,0)(16,0)(16,16)(0,16)
Polygon:
(0,0)(31,0)(31,9)(17,9)(17,27)(0,27)
Polygon:
(0,0)(20,0)(20,3)(3,3)(3,14)(0,14)
Polygon:
(0,0)(18,0)(18,8)(0,8)
Polygon:
(0,0)(8,0)(8,12)(3,12)(3,14)(0,14)
Polygon:
(0,0)(17,0)(17,14)(0,14)
Polygon:
(0,0)(7,0)(7,5)(0,5)
Polygon:
(0,0)(24,0)(24,6)(17,6)(17,3)(6,3)(6,11)(0,11)
Polygon:
(0,0)(2,0)(2,16)(0,16)
Polygon:
(0,0)(15,0)(15,11)(0,11)
Polygon:
(0,0)(25,0)(25,17)(13,17)(13,29)(0,29)
Polygon:
(0,0)(1,0)(1,13)(0,13)
Polygon:
(0,0)(27,0)(27,17)(14,17)(14,19)(0,19)
Polygon:
(0,0)(21,0)(21,3)(9,3)(9,8)(0,8)
Polygon:
(0,0)(8,0)(8,7)(0,7)
