Polygon:
(0,0)(35,0)(35,9)(26,9)(26,20)(18,20)(18,5)(0,5)
Polygon:
(0,0)(20,0)(20,23)(19,23)(19,27)(15,27)(15,10)(0,10)
Polygon:
(0,0)(30,0)(30,21)(25,21)(25,25)(8,25)(8,9)(0,9)
Polygon:
(0,0)(39,0)(39,1)(25,1)(25,10)(18,10)(18,8)(0,8)
Polygon:
(0,0)(15,0)(15,13)(11,13)(11,22)(6,22)(6,18)(0,18)
Polygon:
(0,0)(44,0)(44,17)(29,17)(29,25)(14,25)(14,14)(0,14)
Polygon:
(0,0)(39,0)(39,12)(27,12)(27,20)(15,20)(15,18)(0,18)
Polygon:
(0,0)(44,0)(44,3)(29,3)(29,7)(18,7)(18,5)(0,5)
Polygon:
(0,0)(38,0)(38,3)(21,3)(21,20)(10,20)(10,14)(0,14)
Polygon:
(0,0)(11,0)(11,21)(8,21)(8,26)(7,26)(7,11)(0,11)
Polygon:
(0,0)(33,0)(33,12)(20,12)(20,22)(17,22)(17,4)(0,4)
Polygon:
(0,0)(37,0)(37,12)(22,12)(22,22)(9,22)(9,8)(0,8)
Polygon:
(0,0)(25,0)(25,17)(19,17)(19,32)(3,32)(3,16)(0,16)
Polygon:
(0,0)(42,0)(42,11)(27,11)(27,17)(13,17)(13,1)(0,1)
Polygon:
(0,0)(34,0)(34,1)(21,1)(21,15)(3,15)(3,12)(0,12)
Polygon:
(0,0)(31,0)(31,11)(14,11)(14,16)(6,16)(6,9)(0,9)
Polygon:
(0,0)(28,0)(28,6)(13,6)(13,15)(5,15)(5,2)(0,2)
Polygon:
(0,0)(28,0)(28,10)(25,10)(25,21)(10,21)(10,12)(0,12)
Polygon:
(0,0)(48,0)(48,1)(30,1)(30,12)(16,12)(16,10)(0,10)
Polygon:
(0,0)(28,0)(28,14)(17,14)(17,15)(7,15)(7,12)(0,12)
Polygon:
(0,0)(34,0)(34,15)(23,15)(23,23)(18,23)(18,18)(0,18)
Polygon:
(0,0)(25,0)(25,14)(11,14)(11,28)(5,28)(5,18)(0,18)
Polygon:
(0,0)(30,0)(30,26)(27,26)(27,34)(15,34)(15,17)(0,17)
Polygon:
(0,0)(35,0)(35,19)(29,19)(29,28)(15,28)(15,14)(0,14)
Polygon:
(0,0)(21,0)(21,6)(18,6)(18,22)(10,22)(10,13)(0,13)
Polygon:
(0,0)(15,0)(15,9)(4,9)(4,20)(3,20)(3,4)(0,4)
Polygon:
(0,0)(32,0)(32,14)(26,14)(26,22)(11,22)(11,6)(0,6)
Polygon:
(0,0)(19,0)(19,7)(10,7)(10,21)(8,21)(8,9)(0,9)
Polygon:
(0,0)(17,0)(17,19)(12,19)(12,22)(5,22)(5,10)(0,10)
Polygon:
(0,0)(38,0)(38,14)(29,14)(29,24)(17,24)(17,12)(0,12)
Polygon:
(0,0)(41,0)(41,8)(32,8)(32,15)(17,15)(17,3)(0,3)
Polygon:
(0,0)(28,0)(28,10)(21,10)(21,26)(8,26)(8,12)(0,12)
Polygon:
(0,0)(32,0)(32,20)(17,20)(17,32)(12,32)(12,17)(0,17)
Polygon:
(0,0)(27,0)(27,7)(15,7)(15,17)(8,17)(8,13)(0,13)
Polygon:
(0,0)(22,0)(22,24)(12,24)(12,25)(5,25)(5,14)(0,14)
Polygon:
(0,0)(17,0)(17,4)(14,4)(14,13)(5,13)(5,3)(0,3)
Polygon:
(0,0)(32,0)(32,9)(21,9)(21,22)(4,22)(4,18)(0,18)
Polygon:
(0,0)(20,0)(20,12)(17,12)(17,18)(16,18)(16,14)(0,14)
Polygon:
(0,0)(41,0)(41,18)(29,18)(29,30)(17,30)(17,15)(0,15)
Polygon:
(0,0)(14,0)(14,13)(7,13)(7,20)(1,20)(1,3)(0,3)
Polygon:
(0,0)(20,0)(20,16)(19,16)(19,26)(8,26)(8,10)(0,10)
Polygon:
(0,0)(18,0)(18,31)(14,31)(14,32)(11,32)(11,14)(0,14)
Polygon:
(0,0)(19,0)(19,17)(15,17)(15,20)(10,20)(10,14)(0,14)
Polygon:
(0,0)(28,0)(28,16)(15,16)(15,21)(13,21)(13,13)(0,13)
Polygon:
(0,0)(23,0)(23,2)(18,2)(18,16)(8,16)(8,5)(0,5)
Polygon:
(0,0)(27,0)(27,11)(17,11)(17,18)(12,18)(12,4)(0,4)
Polygon:
(0,0)(26,0)(26,14)(13,14)(13,16)(8,16)(8,3)(0,3)
Polygon:
(0,0)(36,0)(36,8)(19,8)(19,19)(13,19)(13,1)(0,1)
Polygon:
(0,0)(25,0)(25,4)(21,4)(21,17)(14,17)(14,8)(0,8)
Polygon:
(0,0)(25,0)(25,8)(18,8)(18,24)(17,24)(17,18)(0,18)
Polygon:
(0,0)(15,0)(15,22)(4,22)(4,25)(3,25)(3,17)(0,17)
Polygon:
(0,0)(18,0)(18,29)(15,29)(15,32)(5,32)(5,17)(0,17)
Polygon:
(0,0)(22,0)(22,5)(19,5)(19,15)(4,15)(4,9)(0,9)
Polygon:
(0,0)(36,0)(36,10)(30,10)(30,17)(13,17)(13,4)(0,4)
Polygon:
(0,0)(47,0)(47,8)(35,8)(35,20)(17,20)(17,8)(0,8)
Polygon:
(0,0)(23,0)(23,6)(9,6)(9,20)(3,20)(3,13)(0,13)
Polygon:
(0,0)(34,0)(34,14)(19,14)(19,30)(4,30)(4,15)(0,15)
Polygon:
(0,0)(23,0)(23,19)(17,19)(17,21)(10,21)(10,3)(0,3)
Polygon:
(0,0)(37,0)(37,18)(19,18)(19,31)(15,31)(15,18)(0,18)
Polygon:
(0,0)(47,0)(47,24)(32,24)(32,28)(16,28)(16,12)(0,12)
Polygon:
(0,0)(26,0)(26,8)(13,8)(13,9)(5,9)(5,7)(0,7)
Polygon:
(0,0)(22,0)(22,18)(19,18)(19,25)(11,25)(11,7)(0,7)
Polygon:
(0,0)(41,0)(41,27)(33,27)(33,30)(18,30)(18,12)(0,12)
Polygon:
(0,0)(33,0)(33,16)(27,16)(27,20)(14,20)(14,17)(0,17)
Polygon:
(0,0)(34,0)(34,23)(18,23)(18,29)(14,29)(14,17)(0,17)
Polygon:
(0,0)(32,0)(32,9)(30,9)(30,12)(15,12)(15,2)(0,2)
Polygon:
(0,0)(32,0)(32,23)(28,23)(28,33)(15,33)(15,16)(0,16)
Polygon:
(0,0)(41,0)(41,13)(27,13)(27,27)(13,27)(13,9)(0,9)
Polygon:
(0,0)(27,0)(27,12)(11,12)(11,19)(10,19)(10,8)(0,8)
Polygon:
(0,0)(19,0)(19,3)(15,3)(15,16)(1,16)(1,12)(0,12)
Polygon:
(0,0)(19,0)(19,28)(10,28)(10,29)(3,29)(3,18)(0,18)
Polygon:
(0,0)(39,0)(39,16)(21,16)(21,17)(12,17)(12,4)(0,4)
Polygon:
(0,0)(34,0)(34,13)(20,13)(20,19)(7,19)(7,4)(0,4)
Polygon:
(0,0)(32,0)(32,11)(22,11)(22,27)(17,27)(17,18)(0,18)
Polygon:
(0,0)(37,0)(37,14)(34,14)(34,25)(16,25)(16,11)(0,11)
Polygon:
(0,0)(19,0)(19,18)(18,18)(18,19)(16,19)(16,11)(0,11)
Polygon:
(0,0)(16,0)(16,13)(11,13)(11,22)(5,22)(5,17)(0,17)
Polygon:
(0,0)(35,0)(35,12)(18,12)(18,21)(4,21)(4,13)(0,13)
Polygon:
(0,0)(20,0)(20,16)(10,16)(10,20)(4,20)(4,13)(0,13)
Polygon:
(0,0)(23,0)(23,23)(15,23)(15,26)(8,26)(8,8)(0,8)
Polygon:
(0,0)(17,0)(17,24)(15,24)(15,26)(4,26)(4,8)(0,8)
Polygon:
(0,0)(14,0)(14,8)(7,8)(7,16)(1,16)(1,4)(0,4)
Polygon:
(0,0)(29,0)(29,9)(21,9)(21,15)(14,15)(14,5)(0,5)
Polygon:
(0,0)(16,0)(16,12)(13,12)(13,24)(11,24)(11,12)(0,12)
Polygon:
(0,0)(6,0)(6,21)(3,21)(3,30)(1,30)(1,13)(0,13)
Polygon:
(0,0)(28,0)(28,9)(18,9)(18,14)(10,14)(10,3)(0,3)
Polygon:
(0,0)(45,0)(45,3)(34,3)(34,20)(18,20)(18,14)(0,14)
Polygon:
(0,0)(42,0)(42,15)(32,15)(32,23)(18,23)(18,15)(0,15)
Polygon:
(0,0)(24,0)(24,1)(17,1)(17,10)(2,10)(2,6)(0,6)
Polygon:
(0,0)(27,0)(27,4)(22,4)(22,11)(10,11)(10,5)(0,5)
Polygon:
(0,0)(26,0)(26,19)(15,19)(15,20)(8,20)(8,2)(0,2)
Polygon:
(0,0)(24,0)(24,17)(11,17)(11,29)(3,29)(3,16)(0,16)
Polygon:
(0,0)(22,0)(22,29)(10,29)(10,34)(8,34)(8,18)(0,18)
Polygon:
(0,0)(19,0)(19,31)(15,31)(15,33)(3,33)(3,17)(0,17)
Polygon:
(0,0)(23,0)(23,21)(11,21)(11,31)(8,31)(8,16)(0,16)
Polygon:
(0,0)(36,0)(36,4)(18,4)(18,18)(15,18)(15,16)(0,16)
Polygon:
(0,0)(6,0)(6,2)(4,2)(4,13)(3,13)(3,6)(0,6)
Polygon:
(0,0)(30,0)(30,9)(27,9)(27,23)(18,23)(18,16)(0,16)
Polygon:
(0,0)(38,0)(38,21)(25,21)(25,28)(18,28)(18,16)(0,16)
Polygon:
(0,0)(40,0)(40,9)(29,9)(29,12)(18,12)(18,4)(0,4)
Polygon:
(0,0)(36,0)(36,14)(22,14)(22,22)(10,22)(10,4)(0,4)
Polygon:
(0,0)(20,0)(20,7)(10,7)(10,8)(7,8)(7,7)(0,7)
Polygon:
(0,0)(26,0)(26,4)(8,4)(8,9)(6,9)(6,4)(0,4)
Polygon:
(0,0)(24,0)(24,5)(18,5)(18,15)(4,15)(4,2)(0,2)
Polygon:
(0,0)(23,0)(23,9)(19,9)(19,26)(8,26)(8,8)(0,8)
Polygon:
(0,0)(36,0)(36,13)(22,13)(22,20)(18,20)(18,15)(0,15)
Polygon:
(0,0)(3,0)(3,14)(2,14)(2,20)(1,20)(1,5)(0,5)
Polygon:
(0,0)(39,0)(39,12)(34,12)(34,17)(16,17)(16,16)(0,16)
Polygon:
(0,0)(39,0)(39,23)(22,23)(22,24)(7,24)(7,15)(0,15)
Polygon:
(0,0)(40,0)(40,22)(29,22)(29,29)(13,29)(13,13)(0,13)
Polygon:
(0,0)(28,0)(28,6)(22,6)(22,19)(5,19)(5,10)(0,10)
Polygon:
(0,0)(38,0)(38,13)(27,13)(27,18)(15,18)(15,1)(0,1)
Polygon:
(0,0)(28,0)(28,18)(22,18)(22,23)(5,23)(5,7)(0,7)
Polygon:
(0,0)(16,0)(16,12)(15,12)(15,27)(4,27)(4,11)(0,11)
Polygon:
(0,0)(22,0)(22,27)(11,27)(11,32)(9,32)(9,15)(0,15)
Polygon:
(0,0)(18,0)(18,11)(13,11)(13,17)(3,17)(3,4)(0,4)
Polygon:
(0,0)(22,0)(22,12)(20,12)(20,25)(17,25)(17,11)(0,11)
Polygon:
(0,0)(16,0)(16,3)(12,3)(12,4)(7,4)(7,2)(0,2)
Polygon:
(0,0)(18,0)(18,11)(14,11)(14,22)(13,22)(13,5)(0,5)
Polygon:
(0,0)(31,0)(31,3)(25,3)(25,21)(17,21)(17,14)(0,14)
Polygon:
(0,0)(24,0)(24,9)(23,9)(23,13)(15,13)(15,9)(0,9)
Polygon:
(0,0)(27,0)(27,14)(13,14)(13,25)(3,25)(3,8)(0,8)
Polygon:
(0,0)(32,0)(32,7)(21,7)(21,18)(15,18)(15,4)(0,4)
Polygon:
(0,0)(29,0)(29,11)(18,11)(18,18)(6,18)(6,10)(0,10)
Polygon:
(0,0)(16,0)(16,13)(12,13)(12,14)(6,14)(6,12)(0,12)
Polygon:
(0,0)(35,0)(35,8)(19,8)(19,19)(7,19)(7,9)(0,9)
Polygon:
(0,0)(21,0)(21,13)(4,13)(4,20)(2,20)(2,5)(0,5)
Polygon:
(0,0)(16,0)(16,2)(11,2)(11,4)(1,4)(1,1)(0,1)
Polygon:
(0,0)(30,0)(30,9)(20,9)(20,15)(5,15)(5,1)(0,1)
Polygon:
(0,0)(43,0)(43,1)(32,1)(32,15)(17,15)(17,7)(0,7)
Polygon:
(0,0)(34,0)(34,21)(19,21)(19,27)(4,27)(4,9)(0,9)
Polygon:
(0,0)(25,0)(25,3)(20,3)(20,14)(2,14)(2,3)(0,3)
Polygon:
(0,0)(28,0)(28,15)(23,15)(23,23)(10,23)(10,5)(0,5)
Polygon:
(0,0)(34,0)(34,3)(21,3)(21,21)(7,21)(7,13)(0,13)
Polygon:
(0,0)(34,0)(34,11)(29,11)(29,17)(11,17)(11,4)(0,4)
Polygon:
(0,0)(31,0)(31,19)(22,19)(22,30)(4,30)(4,16)(0,16)
Polygon:
(0,0)(25,0)(25,1)(15,1)(15,19)(12,19)(12,9)(0,9)
Polygon:
(0,0)(35,0)(35,4)(33,4)(33,8)(16,8)(16,1)(0,1)
Polygon:
(0,0)(45,0)(45,14)(29,14)(29,32)(15,32)(15,14)(0,14)
Polygon:
(0,0)(33,0)(33,20)(16,20)(16,30)(13,30)(13,16)(0,16)
Polygon:
(0,0)(29,0)(29,12)(24,12)(24,26)(18,26)(18,10)(0,10)
Polygon:
(0,0)(23,0)(23,11)(8,11)(8,12)(3,12)(3,8)(0,8)
Polygon:
(0,0)(26,0)(26,3)(15,3)(15,21)(5,21)(5,10)(0,10)
Polygon:
(0,0)(9,0)(9,11)(8,11)(8,16)(5,16)(5,9)(0,9)
Polygon:
(0,0)(12,0)(12,8)(9,8)(9,14)(5,14)(5,11)(0,11)
Polygon:
(0,0)(42,0)(42,17)(31,17)(31,19)(13,19)(13,16)(0,16)
Polygon:
(0,0)(23,0)(23,3)(16,3)(16,14)(15,14)(15,3)(0,3)
Polygon:
(0,0)(36,0)(36,6)(30,6)(30,14)(18,14)(18,12)(0,12)
Polygon:
(0,0)(30,0)(30,6)(15,6)(15,18)(3,18)(3,1)(0,1)
Polygon:
(0,0)(24,0)(24,16)(21,16)(21,22)(3,22)(3,6)(0,6)
Polygon:
(0,0)(32,0)(32,3)(16,3)(16,14)(14,14)(14,7)(0,7)
Polygon:
(0,0)(42,0)(42,13)(26,13)(26,27)(13,27)(13,18)(0,18)
Polygon:
(0,0)(28,0)(28,14)(20,14)(20,28)(17,28)(17,14)(0,14)
Polygon:
(0,0)(32,0)(32,5)(14,5)(14,10)(9,10)(9,1)(0,1)
Polygon:
(0,0)(23,0)(23,8)(20,8)(20,19)(18,19)(18,9)(0,9)
Polygon:
(0,0)(50,0)(50,13)(33,13)(33,16)(18,16)(18,9)(0,9)
Polygon:
(0,0)(35,0)(35,25)(23,25)(23,32)(5,32)(5,14)(0,14)
Polygon:
(0,0)(39,0)(39,9)(29,9)(29,21)(11,21)(11,6)(0,6)
Polygon:
(0,0)(23,0)(23,13)(22,13)(22,14)(18,14)(18,7)(0,7)
Polygon:
(0,0)(18,0)(18,10)(16,10)(16,11)(8,11)(8,7)(0,7)
Polygon:
(0,0)(39,0)(39,18)(28,18)(28,20)(11,20)(11,3)(0,3)
Polygon:
(0,0)(33,0)(33,11)(29,11)(29,20)(14,20)(14,14)(0,14)
Polygon:
(0,0)(30,0)(30,7)(15,7)(15,13)(14,13)(14,4)(0,4)
Polygon:
(0,0)(35,0)(35,20)(23,20)(23,24)(12,24)(12,6)(0,6)
Polygon:
(0,0)(15,0)(15,12)(12,12)(12,15)(1,15)(1,6)(0,6)
Polygon:
(0,0)(37,0)(37,23)(23,23)(23,27)(12,27)(12,12)(0,12)
Polygon:
(0,0)(39,0)(39,7)(22,7)(22,12)(15,12)(15,7)(0,7)
Polygon:
(0,0)(41,0)(41,9)(30,9)(30,16)(16,16)(16,11)(0,11)
Polygon:
(0,0)(43,0)(43,7)(26,7)(26,20)(11,20)(11,2)(0,2)
Polygon:
(0,0)(21,0)(21,21)(13,21)(13,27)(10,27)(10,10)(0,10)
Polygon:
(0,0)(29,0)(29,20)(25,20)(25,28)(12,28)(12,13)(0,13)
Polygon:
(0,0)(19,0)(19,16)(9,16)(9,20)(3,20)(3,15)(0,15)
Polygon:
(0,0)(47,0)(47,13)(32,13)(32,21)(18,21)(18,18)(0,18)
Polygon:
(0,0)(30,0)(30,20)(14,20)(14,26)(8,26)(8,16)(0,16)
Polygon:
(0,0)(14,0)(14,12)(4,12)(4,29)(1,29)(1,13)(0,13)
Polygon:
(0,0)(22,0)(22,8)(13,8)(13,24)(5,24)(5,8)(0,8)
Polygon:
(0,0)(47,0)(47,17)(29,17)(29,30)(17,30)(17,18)(0,18)
Polygon:
(0,0)(17,0)(17,21)(8,21)(8,23)(2,23)(2,18)(0,18)
Polygon:
(0,0)(18,0)(18,15)(5,15)(5,22)(1,22)(1,6)(0,6)
Polygon:
(0,0)(13,0)(13,6)(10,6)(10,15)(1,15)(1,7)(0,7)
Polygon:
(0,0)(20,0)(20,16)(16,16)(16,20)(4,20)(4,5)(0,5)
Polygon:
(0,0)(22,0)(22,17)(12,17)(12,20)(11,20)(11,13)(0,13)
Polygon:
(0,0)(48,0)(48,15)(34,15)(34,17)(18,17)(18,3)(0,3)
Polygon:
(0,0)(24,0)(24,9)(15,9)(15,14)(3,14)(3,8)(0,8)
Polygon:
(0,0)(20,0)(20,11)(10,11)(10,27)(2,27)(2,10)(0,10)
Polygon:
(0,0)(29,0)(29,12)(20,12)(20,23)(11,23)(11,16)(0,16)
Polygon:
(0,0)(27,0)(27,24)(20,24)(20,28)(10,28)(10,17)(0,17)
Polygon:
(0,0)(33,0)(33,8)(25,8)(25,10)(12,10)(12,6)(0,6)
Polygon:
(0,0)(38,0)(38,7)(25,7)(25,11)(12,11)(12,4)(0,4)
Polygon:
(0,0)(35,0)(35,5)(28,5)(28,15)(12,15)(12,2)(0,2)
Polygon:
(0,0)(43,0)(43,18)(26,18)(26,24)(17,24)(17,9)(0,9)
Polygon:
(0,0)(22,0)(22,17)(20,17)(20,29)(9,29)(9,14)(0,14)
Polygon:
(0,0)(20,0)(20,17)(19,17)(19,22)(9,22)(9,6)(0,6)
Polygon:
(0,0)(39,0)(39,17)(28,17)(28,19)(14,19)(14,9)(0,9)
Polygon:
(0,0)(24,0)(24,26)(12,26)(12,28)(6,28)(6,15)(0,15)
Polygon:
(0,0)(32,0)(32,14)(18,14)(18,18)(4,18)(4,5)(0,5)
Polygon:
(0,0)(41,0)(41,3)(30,3)(30,15)(14,15)(14,9)(0,9)
Polygon:
(0,0)(43,0)(43,10)(25,10)(25,24)(10,24)(10,10)(0,10)
Polygon:
(0,0)(32,0)(32,23)(23,23)(23,33)(9,33)(9,17)(0,17)
Polygon:
(0,0)(18,0)(18,2)(16,2)(16,19)(15,19)(15,6)(0,6)
Polygon:
(0,0)(46,0)(46,16)(36,16)(36,26)(18,26)(18,8)(0,8)
Polygon:
(0,0)(27,0)(27,3)(12,3)(12,11)(10,11)(10,4)(0,4)
Polygon:
(0,0)(26,0)(26,22)(13,22)(13,27)(4,27)(4,10)(0,10)
Polygon:
(0,0)(17,0)(17,20)(16,20)(16,28)(10,28)(10,18)(0,18)
Polygon:
(0,0)(25,0)(25,4)(17,4)(17,22)(3,22)(3,18)(0,18)
Polygon:
(0,0)(24,0)(24,7)(23,7)(23,15)(6,15)(6,13)(0,13)
Polygon:
(0,0)(33,0)(33,25)(27,25)(27,26)(16,26)(16,10)(0,10)
Polygon:
(0,0)(6,0)(6,1)(3,1)(3,18)(2,18)(2,13)(0,13)
Polygon:
(0,0)(24,0)(24,16)(21,16)(21,19)(5,19)(5,15)(0,15)
Polygon:
(0,0)(29,0)(29,15)(14,15)(14,18)(8,18)(8,5)(0,5)
Polygon:
(0,0)(24,0)(24,5)(14,5)(14,15)(1,15)(1,7)(0,7)
Polygon:
(0,0)(34,0)(34,12)(22,12)(22,15)(9,15)(9,10)(0,10)
Polygon:
(0,0)(11,0)(11,7)(3,7)(3,21)(1,21)(1,8)(0,8)
Polygon:
(0,0)(24,0)(24,20)(20,20)(20,26)(2,26)(2,15)(0,15)
Polygon:
(0,0)(24,0)(24,24)(15,24)(15,28)(1,28)(1,10)(0,10)
Polygon:
(0,0)(45,0)(45,19)(30,19)(30,26)(15,26)(15,13)(0,13)
Polygon:
(0,0)(19,0)(19,16)(13,16)(13,19)(10,19)(10,2)(0,2)
Polygon:
(0,0)(27,0)(27,28)(19,28)(19,29)(16,29)(16,11)(0,11)
Polygon:
(0,0)(26,0)(26,21)(9,21)(9,22)(3,22)(3,9)(0,9)
Polygon:
(0,0)(33,0)(33,17)(21,17)(21,31)(5,31)(5,18)(0,18)
Polygon:
(0,0)(25,0)(25,10)(21,10)(21,14)(11,14)(11,4)(0,4)
Polygon:
(0,0)(16,0)(16,5)(11,5)(11,10)(3,10)(3,8)(0,8)
Polygon:
(0,0)(26,0)(26,20)(24,20)(24,31)(10,31)(10,16)(0,16)
Polygon:
(0,0)(26,0)(26,10)(14,10)(14,22)(6,22)(6,5)(0,5)
Polygon:
(0,0)(11,0)(11,20)(8,20)(8,25)(1,25)(1,8)(0,8)
Polygon:
(0,0)(29,0)(29,20)(12,20)(12,24)(4,24)(4,14)(0,14)
Polygon:
(0,0)(26,0)(26,4)(24,4)(24,20)(16,20)(16,7)(0,7)
Polygon:
(0,0)(31,0)(31,7)(16,7)(16,15)(10,15)(10,12)(0,12)
Polygon:
(0,0)(29,0)(29,23)(21,23)(21,27)(18,27)(18,11)(0,11)
Polygon:
(0,0)(24,0)(24,6)(12,6)(12,18)(4,18)(4,7)(0,7)
Polygon:
(0,0)(33,0)(33,6)(26,6)(26,23)(18,23)(18,17)(0,17)
Polygon:
(0,0)(24,0)(24,29)(15,29)(15,30)(10,30)(10,12)(0,12)
Polygon:
(0,0)(22,0)(22,3)(16,3)(16,10)(2,10)(2,5)(0,5)
Polygon:
(0,0)(23,0)(23,27)(19,27)(19,30)(18,30)(18,17)(0,17)
Polygon:
(0,0)(32,0)(32,20)(18,20)(18,21)(9,21)(9,17)(0,17)
Polygon:
(0,0)(35,0)(35,8)(21,8)(21,13)(10,13)(10,2)(0,2)
Polygon:
(0,0)(40,0)(40,25)(25,25)(25,27)(18,27)(18,17)(0,17)
Polygon:
(0,0)(27,0)(27,14)(20,14)(20,19)(10,19)(10,11)(0,11)
Polygon:
(0,0)(7,0)(7,13)(5,13)(5,17)(2,17)(2,2)(0,2)
Polygon:
(0,0)(15,0)(15,16)(7,16)(7,20)(4,20)(4,7)(0,7)
Polygon:
(0,0)(47,0)(47,21)(29,21)(29,24)(12,24)(12,18)(0,18)
Polygon:
(0,0)(20,0)(20,21)(11,21)(11,25)(5,25)(5,7)(0,7)
Polygon:
(0,0)(21,0)(21,9)(18,9)(18,22)(13,22)(13,8)(0,8)
Polygon:
(0,0)(43,0)(43,19)(32,19)(32,24)(18,24)(18,15)(0,15)
Polygon:
(0,0)(14,0)(14,9)(13,9)(13,26)(10,26)(10,13)(0,13)
Polygon:
(0,0)(30,0)(30,9)(26,9)(26,11)(15,11)(15,5)(0,5)
Polygon:
(0,0)(23,0)(23,20)(17,20)(17,21)(10,21)(10,3)(0,3)
Polygon:
(0,0)(12,0)(12,1)(9,1)(9,11)(8,11)(8,8)(0,8)
Polygon:
(0,0)(40,0)(40,7)(23,7)(23,22)(11,22)(11,13)(0,13)
Polygon:
(0,0)(25,0)(25,4)(11,4)(11,5)(2,5)(2,1)(0,1)
Polygon:
(0,0)(32,0)(32,3)(17,3)(17,20)(8,20)(8,11)(0,11)
Polygon:
(0,0)(20,0)(20,7)(6,7)(6,23)(5,23)(5,16)(0,16)
Polygon:
(0,0)(22,0)(22,17)(13,17)(13,18)(2,18)(2,1)(0,1)
Polygon:
(0,0)(25,0)(25,16)(18,16)(18,31)(15,31)(15,15)(0,15)
Polygon:
(0,0)(31,0)(31,11)(17,11)(17,24)(4,24)(4,18)(0,18)
Polygon:
(0,0)(25,0)(25,19)(11,19)(11,25)(6,25)(6,14)(0,14)
Polygon:
(0,0)(45,0)(45,16)(29,16)(29,23)(18,23)(18,13)(0,13)
Polygon:
(0,0)(26,0)(26,11)(18,11)(18,25)(6,25)(6,13)(0,13)
Polygon:
(0,0)(18,0)(18,11)(11,11)(11,13)(3,13)(3,9)(0,9)
Polygon:
(0,0)(31,0)(31,13)(20,13)(20,29)(6,29)(6,12)(0,12)
Polygon:
(0,0)(31,0)(31,9)(24,9)(24,16)(16,16)(16,6)(0,6)
Polygon:
(0,0)(33,0)(33,2)(26,2)(26,11)(11,11)(11,3)(0,3)
Polygon:
(0,0)(26,0)(26,20)(18,20)(18,28)(13,28)(13,10)(0,10)
Polygon:
(0,0)(15,0)(15,7)(13,7)(13,19)(5,19)(5,4)(0,4)
Polygon:
(0,0)(20,0)(20,9)(19,9)(19,13)(18,13)(18,6)(0,6)
Polygon:
(0,0)(37,0)(37,12)(19,12)(19,27)(8,27)(8,12)(0,12)
Polygon:
(0,0)(31,0)(31,2)(23,2)(23,14)(7,14)(7,7)(0,7)
Polygon:
(0,0)(16,0)(16,21)(13,21)(13,23)(9,23)(9,8)(0,8)
Polygon:
(0,0)(42,0)(42,13)(26,13)(26,18)(17,18)(17,4)(0,4)
Polygon:
(0,0)(8,0)(8,12)(4,12)(4,24)(2,24)(2,14)(0,14)
Polygon:
(0,0)(34,0)(34,8)(19,8)(19,19)(18,19)(18,1)(0,1)
Polygon:
(0,0)(20,0)(20,23)(8,23)(8,27)(2,27)(2,10)(0,10)
Polygon:
(0,0)(32,0)(32,6)(15,6)(15,22)(3,22)(3,18)(0,18)
Polygon:
(0,0)(32,0)(32,10)(23,10)(23,12)(11,12)(11,11)(0,11)
Polygon:
(0,0)(38,0)(38,16)(23,16)(23,23)(17,23)(17,7)(0,7)
Polygon:
(0,0)(42,0)(42,1)(28,1)(28,14)(17,14)(17,12)(0,12)
Polygon:
(0,0)(33,0)(33,16)(18,16)(18,19)(13,19)(13,3)(0,3)
Polygon:
(0,0)(14,0)(14,20)(2,20)(2,21)(1,21)(1,6)(0,6)
Polygon:
(0,0)(22,0)(22,21)(20,21)(20,24)(17,24)(17,18)(0,18)
Polygon:
(0,0)(15,0)(15,19)(11,19)(11,29)(2,29)(2,17)(0,17)
Polygon:
(0,0)(26,0)(26,7)(11,7)(11,11)(5,11)(5,3)(0,3)
Polygon:
(0,0)(31,0)(31,30)(28,30)(28,36)(15,36)(15,18)(0,18)
Polygon:
(0,0)(39,0)(39,7)(21,7)(21,9)(16,9)(16,8)(0,8)
Polygon:
(0,0)(15,0)(15,25)(10,25)(10,26)(7,26)(7,14)(0,14)
Polygon:
(0,0)(17,0)(17,13)(13,13)(13,18)(7,18)(7,1)(0,1)
Polygon:
(0,0)(36,0)(36,17)(29,17)(29,21)(11,21)(11,6)(0,6)
Polygon:
(0,0)(16,0)(16,3)(11,3)(11,11)(1,11)(1,1)(0,1)
Polygon:
(0,0)(14,0)(14,2)(13,2)(13,18)(7,18)(7,15)(0,15)
Polygon:
(0,0)(23,0)(23,10)(14,10)(14,18)(13,18)(13,17)(0,17)
Polygon:
(0,0)(35,0)(35,9)(20,9)(20,20)(6,20)(6,3)(0,3)
Polygon:
(0,0)(21,0)(21,4)(9,4)(9,7)(2,7)(2,3)(0,3)
Polygon:
(0,0)(35,0)(35,8)(21,8)(21,11)(6,11)(6,1)(0,1)
Polygon:
(0,0)(34,0)(34,6)(21,6)(21,24)(14,24)(14,6)(0,6)
Polygon:
(0,0)(17,0)(17,20)(9,20)(9,21)(5,21)(5,7)(0,7)
Polygon:
(0,0)(26,0)(26,15)(10,15)(10,31)(1,31)(1,13)(0,13)
Polygon:
(0,0)(15,0)(15,12)(11,12)(11,17)(10,17)(10,16)(0,16)
Polygon:
(0,0)(14,0)(14,23)(10,23)(10,27)(1,27)(1,16)(0,16)
Polygon:
(0,0)(30,0)(30,23)(13,23)(13,28)(7,28)(7,13)(0,13)
Polygon:
(0,0)(49,0)(49,26)(36,26)(36,28)(18,28)(18,13)(0,13)
Polygon:
(0,0)(27,0)(27,7)(9,7)(9,15)(3,15)(3,12)(0,12)
Polygon:
(0,0)(38,0)(38,5)(23,5)(23,19)(5,19)(5,17)(0,17)
Polygon:
(0,0)(41,0)(41,14)(23,14)(23,21)(14,21)(14,6)(0,6)
Polygon:
(0,0)(20,0)(20,11)(16,11)(16,26)(12,26)(12,17)(0,17)
Polygon:
(0,0)(37,0)(37,27)(29,27)(29,33)(12,33)(12,16)(0,16)
Polygon:
(0,0)(5,0)(5,24)(4,24)(4,32)(1,32)(1,18)(0,18)
Polygon:
(0,0)(30,0)(30,9)(16,9)(16,11)(13,11)(13,7)(0,7)
Polygon:
(0,0)(24,0)(24,2)(22,2)(22,12)(14,12)(14,9)(0,9)
Polygon:
(0,0)(27,0)(27,10)(18,10)(18,13)(1,13)(1,6)(0,6)
Polygon:
(0,0)(12,0)(12,19)(10,19)(10,22)(3,22)(3,15)(0,15)
Polygon:
(0,0)(46,0)(46,24)(31,24)(31,29)(15,29)(15,18)(0,18)
Polygon:
(0,0)(15,0)(15,12)(8,12)(8,16)(5,16)(5,2)(0,2)
Polygon:
(0,0)(21,0)(21,4)(17,4)(17,21)(9,21)(9,10)(0,10)
Polygon:
(0,0)(40,0)(40,6)(31,6)(31,9)(18,9)(18,1)(0,1)
Polygon:
(0,0)(24,0)(24,26)(20,26)(20,30)(15,30)(15,18)(0,18)
Polygon:
(0,0)(28,0)(28,2)(22,2)(22,9)(13,9)(13,1)(0,1)
Polygon:
(0,0)(24,0)(24,8)(22,8)(22,23)(9,23)(9,10)(0,10)
Polygon:
(0,0)(42,0)(42,13)(25,13)(25,15)(17,15)(17,2)(0,2)
Polygon:
(0,0)(6,0)(6,18)(4,18)(4,31)(3,31)(3,13)(0,13)
Polygon:
(0,0)(16,0)(16,8)(8,8)(8,11)(7,11)(7,4)(0,4)
Polygon:
(0,0)(18,0)(18,16)(9,16)(9,24)(8,24)(8,16)(0,16)
Polygon:
(0,0)(49,0)(49,17)(32,17)(32,18)(14,18)(14,3)(0,3)
Polygon:
(0,0)(18,0)(18,8)(17,8)(17,14)(2,14)(2,5)(0,5)
Polygon:
(0,0)(37,0)(37,3)(23,3)(23,20)(10,20)(10,10)(0,10)
Polygon:
(0,0)(34,0)(34,24)(23,24)(23,26)(10,26)(10,11)(0,11)
Polygon:
(0,0)(25,0)(25,15)(19,15)(19,26)(10,26)(10,11)(0,11)
Polygon:
(0,0)(36,0)(36,21)(21,21)(21,24)(11,24)(11,10)(0,10)
Polygon:
(0,0)(27,0)(27,14)(15,14)(15,24)(1,24)(1,11)(0,11)
Polygon:
(0,0)(22,0)(22,2)(21,2)(21,13)(15,13)(15,4)(0,4)
Polygon:
(0,0)(10,0)(10,11)(8,11)(8,29)(5,29)(5,17)(0,17)
Polygon:
(0,0)(32,0)(32,17)(27,17)(27,20)(17,20)(17,12)(0,12)
Polygon:
(0,0)(38,0)(38,16)(22,16)(22,23)(11,23)(11,12)(0,12)
Polygon:
(0,0)(32,0)(32,16)(28,16)(28,25)(10,25)(10,16)(0,16)
Polygon:
(0,0)(36,0)(36,6)(23,6)(23,14)(5,14)(5,1)(0,1)
Polygon:
(0,0)(21,0)(21,5)(9,5)(9,14)(1,14)(1,9)(0,9)
Polygon:
(0,0)(25,0)(25,10)(20,10)(20,14)(8,14)(8,6)(0,6)
Polygon:
(0,0)(27,0)(27,8)(13,8)(13,13)(1,13)(1,4)(0,4)
Polygon:
(0,0)(43,0)(43,8)(25,8)(25,17)(9,17)(9,1)(0,1)
Polygon:
(0,0)(24,0)(24,18)(15,18)(15,25)(13,25)(13,9)(0,9)
Polygon:
(0,0)(18,0)(18,14)(17,14)(17,17)(8,17)(8,2)(0,2)
Polygon:
(0,0)(22,0)(22,4)(13,4)(13,15)(7,15)(7,8)(0,8)
Polygon:
(0,0)(33,0)(33,5)(18,5)(18,9)(5,9)(5,6)(0,6)
Polygon:
(0,0)(34,0)(34,2)(20,2)(20,13)(4,13)(4,10)(0,10)
Polygon:
(0,0)(33,0)(33,15)(20,15)(20,33)(6,33)(6,18)(0,18)
Polygon:
(0,0)(17,0)(17,11)(7,11)(7,29)(4,29)(4,15)(0,15)
Polygon:
(0,0)(25,0)(25,4)(19,4)(19,16)(10,16)(10,7)(0,7)
Polygon:
(0,0)(24,0)(24,24)(17,24)(17,25)(6,25)(6,8)(0,8)
Polygon:
(0,0)(42,0)(42,23)(35,23)(35,29)(17,29)(17,17)(0,17)
Polygon:
(0,0)(23,0)(23,26)(8,26)(8,29)(3,29)(3,18)(0,18)
Polygon:
(0,0)(24,0)(24,12)(11,12)(11,21)(4,21)(4,6)(0,6)
Polygon:
(0,0)(37,0)(37,5)(19,5)(19,20)(9,20)(9,8)(0,8)
Polygon:
(0,0)(39,0)(39,6)(32,6)(32,8)(18,8)(18,2)(0,2)
Polygon:
(0,0)(26,0)(26,12)(15,12)(15,20)(11,20)(11,5)(0,5)
Polygon:
(0,0)(36,0)(36,24)(18,24)(18,29)(5,29)(5,11)(0,11)
Polygon:
(0,0)(25,0)(25,4)(21,4)(21,19)(9,19)(9,15)(0,15)
Polygon:
(0,0)(38,0)(38,10)(22,10)(22,12)(11,12)(11,6)(0,6)
Polygon:
(0,0)(23,0)(23,18)(8,18)(8,27)(5,27)(5,15)(0,15)
Polygon:
(0,0)(29,0)(29,11)(20,11)(20,17)(7,17)(7,5)(0,5)
Polygon:
(0,0)(24,0)(24,15)(17,15)(17,16)(5,16)(5,1)(0,1)
Polygon:
(0,0)(16,0)(16,16)(13,16)(13,24)(2,24)(2,11)(0,11)
Polygon:
(0,0)(36,0)(36,19)(31,19)(31,24)(18,24)(18,18)(0,18)
Polygon:
(0,0)(26,0)(26,26)(17,26)(17,28)(10,28)(10,15)(0,15)
Polygon:
(0,0)(16,0)(16,4)(15,4)(15,18)(4,18)(4,16)(0,16)
Polygon:
(0,0)(25,0)(25,13)(19,13)(19,17)(5,17)(5,3)(0,3)
Polygon:
(0,0)(23,0)(23,3)(13,3)(13,18)(5,18)(5,1)(0,1)
Polygon:
(0,0)(30,0)(30,2)(14,2)(14,16)(6,16)(6,13)(0,13)
Polygon:
(0,0)(27,0)(27,7)(13,7)(13,22)(10,22)(10,9)(0,9)
Polygon:
(0,0)(25,0)(25,2)(19,2)(19,17)(8,17)(8,13)(0,13)
Polygon:
(0,0)(33,0)(33,2)(19,2)(19,20)(10,20)(10,18)(0,18)
Polygon:
(0,0)(20,0)(20,18)(10,18)(10,21)(3,21)(3,3)(0,3)
Polygon:
(0,0)(35,0)(35,1)(19,1)(19,12)(12,12)(12,10)(0,10)
Polygon:
(0,0)(25,0)(25,19)(18,19)(18,23)(8,23)(8,5)(0,5)
Polygon:
(0,0)(36,0)(36,1)(26,1)(26,16)(15,16)(15,15)(0,15)
Polygon:
(0,0)(38,0)(38,15)(29,15)(29,18)(15,18)(15,1)(0,1)
Polygon:
(0,0)(33,0)(33,13)(23,13)(23,30)(13,30)(13,18)(0,18)
Polygon:
(0,0)(36,0)(36,15)(21,15)(21,30)(17,30)(17,13)(0,13)
Polygon:
(0,0)(29,0)(29,11)(19,11)(19,15)(6,15)(6,10)(0,10)
Polygon:
(0,0)(31,0)(31,5)(25,5)(25,18)(13,18)(13,12)(0,12)
Polygon:
(0,0)(14,0)(14,13)(12,13)(12,18)(7,18)(7,12)(0,12)
Polygon:
(0,0)(37,0)(37,1)(20,1)(20,11)(2,11)(2,10)(0,10)
Polygon:
(0,0)(30,0)(30,7)(15,7)(15,9)(12,9)(12,7)(0,7)
Polygon:
(0,0)(16,0)(16,15)(11,15)(11,16)(1,16)(1,6)(0,6)
Polygon:
(0,0)(27,0)(27,12)(12,12)(12,24)(2,24)(2,10)(0,10)
Polygon:
(0,0)(30,0)(30,15)(15,15)(15,16)(6,16)(6,4)(0,4)
Polygon:
(0,0)(19,0)(19,12)(11,12)(11,22)(5,22)(5,5)(0,5)
Polygon:
(0,0)(23,0)(23,31)(19,31)(19,32)(18,32)(18,17)(0,17)
Polygon:
(0,0)(30,0)(30,15)(25,15)(25,23)(9,23)(9,5)(0,5)
Polygon:
(0,0)(41,0)(41,7)(32,7)(32,21)(16,21)(16,15)(0,15)
Polygon:
(0,0)(21,0)(21,14)(18,14)(18,15)(10,15)(10,11)(0,11)
Polygon:
(0,0)(38,0)(38,3)(28,3)(28,21)(11,21)(11,6)(0,6)
Polygon:
(0,0)(31,0)(31,10)(19,10)(19,22)(11,22)(11,7)(0,7)
Polygon:
(0,0)(27,0)(27,18)(19,18)(19,24)(14,24)(14,7)(0,7)
Polygon:
(0,0)(27,0)(27,6)(15,6)(15,19)(11,19)(11,12)(0,12)
Polygon:
(0,0)(24,0)(24,9)(19,9)(19,27)(17,27)(17,16)(0,16)
Polygon:
(0,0)(38,0)(38,15)(20,15)(20,20)(2,20)(2,12)(0,12)
Polygon:
(0,0)(41,0)(41,21)(27,21)(27,22)(16,22)(16,16)(0,16)
Polygon:
(0,0)(13,0)(13,12)(6,12)(6,14)(1,14)(1,4)(0,4)
Polygon:
(0,0)(40,0)(40,31)(25,31)(25,33)(18,33)(18,18)(0,18)
Polygon:
(0,0)(30,0)(30,14)(23,14)(23,20)(18,20)(18,16)(0,16)
Polygon:
(0,0)(46,0)(46,20)(29,20)(29,22)(11,22)(11,6)(0,6)
Polygon:
(0,0)(24,0)(24,13)(17,13)(17,16)(16,16)(16,14)(0,14)
Polygon:
(0,0)(39,0)(39,8)(23,8)(23,20)(9,20)(9,4)(0,4)
Polygon:
(0,0)(38,0)(38,2)(28,2)(28,16)(16,16)(16,5)(0,5)
Polygon:
(0,0)(51,0)(51,26)(34,26)(34,30)(18,30)(18,15)(0,15)
Polygon:
(0,0)(21,0)(21,8)(9,8)(9,21)(2,21)(2,17)(0,17)
Polygon:
(0,0)(20,0)(20,2)(10,2)(10,20)(8,20)(8,5)(0,5)
Polygon:
(0,0)(38,0)(38,13)(20,13)(20,30)(5,30)(5,16)(0,16)
Polygon:
(0,0)(31,0)(31,14)(16,14)(16,27)(4,27)(4,18)(0,18)
Polygon:
(0,0)(26,0)(26,1)(17,1)(17,13)(12,13)(12,2)(0,2)
Polygon:
(0,0)(30,0)(30,5)(14,5)(14,22)(9,22)(9,10)(0,10)
Polygon:
(0,0)(22,0)(22,11)(17,11)(17,17)(2,17)(2,9)(0,9)
Polygon:
(0,0)(28,0)(28,14)(20,14)(20,16)(2,16)(2,13)(0,13)
Polygon:
(0,0)(21,0)(21,10)(16,10)(16,17)(4,17)(4,9)(0,9)
Polygon:
(0,0)(17,0)(17,4)(12,4)(12,13)(5,13)(5,3)(0,3)
Polygon:
(0,0)(16,0)(16,3)(14,3)(14,13)(1,13)(1,1)(0,1)
Polygon:
(0,0)(44,0)(44,9)(26,9)(26,14)(18,14)(18,7)(0,7)
Polygon:
(0,0)(28,0)(28,11)(13,11)(13,28)(3,28)(3,10)(0,10)
Polygon:
(0,0)(24,0)(24,17)(12,17)(12,27)(6,27)(6,17)(0,17)
Polygon:
(0,0)(21,0)(21,3)(19,3)(19,11)(7,11)(7,6)(0,6)
Polygon:
(0,0)(16,0)(16,8)(12,8)(12,16)(10,16)(10,15)(0,15)
Polygon:
(0,0)(27,0)(27,4)(16,4)(16,10)(11,10)(11,8)(0,8)
Polygon:
(0,0)(37,0)(37,9)(26,9)(26,22)(10,22)(10,8)(0,8)
Polygon:
(0,0)(15,0)(15,15)(13,15)(13,27)(9,27)(9,16)(0,16)
Polygon:
(0,0)(30,0)(30,3)(12,3)(12,16)(9,16)(9,12)(0,12)
Polygon:
(0,0)(33,0)(33,9)(24,9)(24,22)(8,22)(8,11)(0,11)
Polygon:
(0,0)(42,0)(42,11)(33,11)(33,15)(17,15)(17,1)(0,1)
Polygon:
(0,0)(38,0)(38,12)(31,12)(31,20)(15,20)(15,3)(0,3)
Polygon:
(0,0)(31,0)(31,15)(13,15)(13,28)(5,28)(5,11)(0,11)
Polygon:
(0,0)(35,0)(35,15)(29,15)(29,27)(18,27)(18,15)(0,15)
Polygon:
(0,0)(32,0)(32,32)(27,32)(27,34)(16,34)(16,18)(0,18)
Polygon:
(0,0)(28,0)(28,18)(19,18)(19,34)(11,34)(11,18)(0,18)
Polygon:
(0,0)(19,0)(19,6)(11,6)(11,20)(10,20)(10,16)(0,16)
Polygon:
(0,0)(44,0)(44,2)(26,2)(26,14)(15,14)(15,4)(0,4)
Polygon:
(0,0)(24,0)(24,11)(22,11)(22,13)(15,13)(15,1)(0,1)
Polygon:
(0,0)(21,0)(21,5)(3,5)(3,10)(1,10)(1,2)(0,2)
Polygon:
(0,0)(13,0)(13,3)(10,3)(10,21)(1,21)(1,4)(0,4)
Polygon:
(0,0)(22,0)(22,9)(17,9)(17,14)(1,14)(1,4)(0,4)
Polygon:
(0,0)(26,0)(26,7)(10,7)(10,24)(7,24)(7,18)(0,18)
Polygon:
(0,0)(26,0)(26,5)(11,5)(11,22)(1,22)(1,12)(0,12)
Polygon:
(0,0)(25,0)(25,4)(9,4)(9,20)(4,20)(4,13)(0,13)
Polygon:
(0,0)(35,0)(35,6)(22,6)(22,15)(4,15)(4,4)(0,4)
Polygon:
(0,0)(9,0)(9,7)(7,7)(7,22)(2,22)(2,18)(0,18)
Polygon:
(0,0)(33,0)(33,28)(22,28)(22,32)(7,32)(7,15)(0,15)
Polygon:
(0,0)(33,0)(33,1)(16,1)(16,9)(10,9)(10,1)(0,1)
Polygon:
(0,0)(18,0)(18,2)(5,2)(5,16)(4,16)(4,1)(0,1)
Polygon:
(0,0)(30,0)(30,15)(12,15)(12,20)(6,20)(6,3)(0,3)
Polygon:
(0,0)(30,0)(30,8)(19,8)(19,18)(11,18)(11,9)(0,9)
Polygon:
(0,0)(27,0)(27,10)(15,10)(15,14)(6,14)(6,4)(0,4)
Polygon:
(0,0)(30,0)(30,17)(27,17)(27,20)(11,20)(11,18)(0,18)
Polygon:
(0,0)(34,0)(34,11)(17,11)(17,20)(15,20)(15,6)(0,6)
Polygon:
(0,0)(20,0)(20,8)(11,8)(11,16)(9,16)(9,2)(0,2)
Polygon:
(0,0)(40,0)(40,16)(22,16)(22,18)(12,18)(12,10)(0,10)
Polygon:
(0,0)(40,0)(40,10)(29,10)(29,20)(12,20)(12,13)(0,13)
Polygon:
(0,0)(39,0)(39,9)(27,9)(27,26)(15,26)(15,10)(0,10)
Polygon:
(0,0)(29,0)(29,22)(19,22)(19,24)(5,24)(5,6)(0,6)
Polygon:
(0,0)(30,0)(30,23)(20,23)(20,24)(17,24)(17,6)(0,6)
Polygon:
(0,0)(18,0)(18,8)(17,8)(17,11)(6,11)(6,1)(0,1)
Polygon:
(0,0)(33,0)(33,9)(29,9)(29,18)(14,18)(14,11)(0,11)
Polygon:
(0,0)(29,0)(29,12)(21,12)(21,17)(13,17)(13,10)(0,10)
Polygon:
(0,0)(16,0)(16,18)(13,18)(13,23)(10,23)(10,8)(0,8)
Polygon:
(0,0)(14,0)(14,7)(4,7)(4,8)(3,8)(3,2)(0,2)
Polygon:
(0,0)(35,0)(35,5)(25,5)(25,18)(13,18)(13,5)(0,5)
Polygon:
(0,0)(41,0)(41,18)(27,18)(27,21)(15,21)(15,3)(0,3)
Polygon:
(0,0)(38,0)(38,18)(21,18)(21,28)(7,28)(7,16)(0,16)
Polygon:
(0,0)(35,0)(35,7)(26,7)(26,23)(14,23)(14,8)(0,8)
Polygon:
(0,0)(42,0)(42,17)(33,17)(33,26)(18,26)(18,18)(0,18)
Polygon:
(0,0)(17,0)(17,1)(11,1)(11,14)(4,14)(4,2)(0,2)
Polygon:
(0,0)(12,0)(12,18)(6,18)(6,27)(2,27)(2,17)(0,17)
Polygon:
(0,0)(22,0)(22,12)(14,12)(14,27)(2,27)(2,17)(0,17)
Polygon:
(0,0)(30,0)(30,4)(12,4)(12,10)(10,10)(10,1)(0,1)
Polygon:
(0,0)(23,0)(23,18)(10,18)(10,33)(2,33)(2,18)(0,18)
Polygon:
(0,0)(33,0)(33,16)(25,16)(25,19)(9,19)(9,10)(0,10)
Polygon:
(0,0)(26,0)(26,6)(24,6)(24,19)(14,19)(14,9)(0,9)
Polygon:
(0,0)(38,0)(38,7)(21,7)(21,19)(3,19)(3,8)(0,8)
Polygon:
(0,0)(30,0)(30,7)(12,7)(12,15)(8,15)(8,3)(0,3)
Polygon:
(0,0)(22,0)(22,23)(7,23)(7,33)(6,33)(6,18)(0,18)
Polygon:
(0,0)(23,0)(23,16)(16,16)(16,20)(13,20)(13,8)(0,8)
Polygon:
(0,0)(42,0)(42,9)(24,9)(24,20)(15,20)(15,3)(0,3)
Polygon:
(0,0)(29,0)(29,6)(19,6)(19,11)(11,11)(11,8)(0,8)
Polygon:
(0,0)(26,0)(26,18)(10,18)(10,19)(1,19)(1,7)(0,7)
Polygon:
(0,0)(23,0)(23,21)(22,21)(22,23)(14,23)(14,16)(0,16)
Polygon:
(0,0)(31,0)(31,14)(27,14)(27,17)(13,17)(13,2)(0,2)
Polygon:
(0,0)(34,0)(34,15)(16,15)(16,23)(3,23)(3,18)(0,18)
Polygon:
(0,0)(29,0)(29,11)(28,11)(28,18)(16,18)(16,6)(0,6)
Polygon:
(0,0)(13,0)(13,22)(5,22)(5,24)(3,24)(3,7)(0,7)
Polygon:
(0,0)(30,0)(30,8)(15,8)(15,19)(1,19)(1,13)(0,13)
Polygon:
(0,0)(29,0)(29,9)(25,9)(25,20)(18,20)(18,7)(0,7)
Polygon:
(0,0)(24,0)(24,19)(7,19)(7,23)(1,23)(1,16)(0,16)
Polygon:
(0,0)(22,0)(22,21)(10,21)(10,29)(4,29)(4,11)(0,11)
Polygon:
(0,0)(40,0)(40,16)(32,16)(32,18)(14,18)(14,4)(0,4)
Polygon:
(0,0)(12,0)(12,10)(7,10)(7,11)(4,11)(4,3)(0,3)
Polygon:
(0,0)(10,0)(10,13)(4,13)(4,31)(2,31)(2,17)(0,17)
Polygon:
(0,0)(38,0)(38,17)(30,17)(30,18)(13,18)(13,15)(0,15)
Polygon:
(0,0)(11,0)(11,21)(3,21)(3,22)(2,22)(2,7)(0,7)
Polygon:
(0,0)(27,0)(27,21)(16,21)(16,28)(7,28)(7,14)(0,14)
Polygon:
(0,0)(36,0)(36,5)(20,5)(20,14)(3,14)(3,12)(0,12)
Polygon:
(0,0)(28,0)(28,20)(14,20)(14,32)(8,32)(8,18)(0,18)
Polygon:
(0,0)(33,0)(33,12)(24,12)(24,22)(15,22)(15,8)(0,8)
Polygon:
(0,0)(28,0)(28,22)(21,22)(21,23)(11,23)(11,12)(0,12)
Polygon:
(0,0)(33,0)(33,2)(25,2)(25,3)(13,3)(13,1)(0,1)
Polygon:
(0,0)(32,0)(32,12)(25,12)(25,21)(16,21)(16,11)(0,11)
Polygon:
(0,0)(13,0)(13,15)(3,15)(3,24)(2,24)(2,6)(0,6)
Polygon:
(0,0)(47,0)(47,25)(29,25)(29,27)(16,27)(16,9)(0,9)
Polygon:
(0,0)(37,0)(37,23)(19,23)(19,24)(8,24)(8,11)(0,11)
Polygon:
(0,0)(24,0)(24,4)(15,4)(15,15)(4,15)(4,2)(0,2)
Polygon:
(0,0)(48,0)(48,3)(33,3)(33,15)(18,15)(18,4)(0,4)
Polygon:
(0,0)(38,0)(38,26)(32,26)(32,27)(14,27)(14,17)(0,17)
Polygon:
(0,0)(7,0)(7,11)(6,11)(6,27)(2,27)(2,14)(0,14)
Polygon:
(0,0)(29,0)(29,16)(18,16)(18,20)(2,20)(2,14)(0,14)
Polygon:
(0,0)(27,0)(27,11)(19,11)(19,20)(17,20)(17,15)(0,15)
Polygon:
(0,0)(18,0)(18,3)(17,3)(17,4)(13,4)(13,1)(0,1)
Polygon:
(0,0)(38,0)(38,8)(26,8)(26,25)(8,25)(8,18)(0,18)
Polygon:
(0,0)(45,0)(45,14)(29,14)(29,20)(17,20)(17,5)(0,5)
Polygon:
(0,0)(32,0)(32,6)(25,6)(25,21)(18,21)(18,9)(0,9)
Polygon:
(0,0)(22,0)(22,9)(19,9)(19,26)(5,26)(5,12)(0,12)
Polygon:
(0,0)(28,0)(28,13)(16,13)(16,23)(2,23)(2,12)(0,12)
Polygon:
(0,0)(22,0)(22,14)(14,14)(14,17)(5,17)(5,15)(0,15)
Polygon:
(0,0)(16,0)(16,10)(5,10)(5,27)(3,27)(3,16)(0,16)
Polygon:
(0,0)(34,0)(34,26)(16,26)(16,28)(12,28)(12,10)(0,10)
Polygon:
(0,0)(28,0)(28,8)(25,8)(25,15)(18,15)(18,9)(0,9)
Polygon:
(0,0)(21,0)(21,20)(17,20)(17,29)(16,29)(16,11)(0,11)
Polygon:
(0,0)(14,0)(14,2)(12,2)(12,15)(11,15)(11,5)(0,5)
Polygon:
(0,0)(16,0)(16,13)(13,13)(13,15)(9,15)(9,13)(0,13)
Polygon:
(0,0)(31,0)(31,10)(25,10)(25,12)(15,12)(15,1)(0,1)
Polygon:
(0,0)(19,0)(19,17)(16,17)(16,19)(8,19)(8,8)(0,8)
Polygon:
(0,0)(29,0)(29,17)(21,17)(21,18)(17,18)(17,8)(0,8)
Polygon:
(0,0)(37,0)(37,21)(22,21)(22,25)(11,25)(11,15)(0,15)
Polygon:
(0,0)(39,0)(39,11)(21,11)(21,18)(11,18)(11,4)(0,4)
Polygon:
(0,0)(23,0)(23,13)(19,13)(19,15)(11,15)(11,2)(0,2)
Polygon:
(0,0)(20,0)(20,2)(16,2)(16,12)(11,12)(11,10)(0,10)
Polygon:
(0,0)(29,0)(29,5)(25,5)(25,20)(16,20)(16,4)(0,4)
Polygon:
(0,0)(27,0)(27,15)(19,15)(19,18)(6,18)(6,6)(0,6)
Polygon:
(0,0)(24,0)(24,21)(7,21)(7,27)(2,27)(2,10)(0,10)
Polygon:
(0,0)(26,0)(26,6)(21,6)(21,19)(12,19)(12,17)(0,17)
Polygon:
(0,0)(39,0)(39,23)(24,23)(24,25)(15,25)(15,8)(0,8)
Polygon:
(0,0)(35,0)(35,11)(24,11)(24,13)(11,13)(11,10)(0,10)
Polygon:
(0,0)(26,0)(26,15)(14,15)(14,25)(11,25)(11,17)(0,17)
Polygon:
(0,0)(48,0)(48,1)(33,1)(33,6)(17,6)(17,4)(0,4)
Polygon:
(0,0)(44,0)(44,16)(26,16)(26,29)(12,29)(12,15)(0,15)
Polygon:
(0,0)(25,0)(25,1)(17,1)(17,15)(9,15)(9,13)(0,13)
Polygon:
(0,0)(30,0)(30,10)(17,10)(17,16)(14,16)(14,2)(0,2)
Polygon:
(0,0)(21,0)(21,4)(20,4)(20,20)(5,20)(5,11)(0,11)
Polygon:
(0,0)(27,0)(27,17)(16,17)(16,29)(9,29)(9,17)(0,17)
Polygon:
(0,0)(49,0)(49,14)(31,14)(31,32)(18,32)(18,14)(0,14)
Polygon:
(0,0)(19,0)(19,28)(12,28)(12,29)(7,29)(7,14)(0,14)
Polygon:
(0,0)(40,0)(40,22)(28,22)(28,30)(17,30)(17,12)(0,12)
Polygon:
(0,0)(29,0)(29,17)(24,17)(24,22)(10,22)(10,7)(0,7)
Polygon:
(0,0)(23,0)(23,11)(18,11)(18,13)(16,13)(16,11)(0,11)
Polygon:
(0,0)(26,0)(26,9)(24,9)(24,16)(16,16)(16,1)(0,1)
Polygon:
(0,0)(44,0)(44,8)(26,8)(26,17)(15,17)(15,16)(0,16)
Polygon:
(0,0)(31,0)(31,3)(18,3)(18,13)(11,13)(11,8)(0,8)
Polygon:
(0,0)(24,0)(24,9)(15,9)(15,24)(5,24)(5,11)(0,11)
Polygon:
(0,0)(36,0)(36,1)(30,1)(30,16)(13,16)(13,5)(0,5)
Polygon:
(0,0)(49,0)(49,16)(32,16)(32,21)(16,21)(16,5)(0,5)
Polygon:
(0,0)(35,0)(35,1)(29,1)(29,8)(14,8)(14,1)(0,1)
Polygon:
(0,0)(48,0)(48,1)(31,1)(31,15)(13,15)(13,6)(0,6)
Polygon:
(0,0)(31,0)(31,2)(15,2)(15,15)(3,15)(3,14)(0,14)
Polygon:
(0,0)(8,0)(8,16)(7,16)(7,27)(1,27)(1,9)(0,9)
Polygon:
(0,0)(20,0)(20,7)(17,7)(17,17)(16,17)(16,13)(0,13)
Polygon:
(0,0)(29,0)(29,2)(27,2)(27,17)(15,17)(15,1)(0,1)
Polygon:
(0,0)(39,0)(39,8)(34,8)(34,18)(17,18)(17,8)(0,8)
Polygon:
(0,0)(45,0)(45,22)(30,22)(30,34)(12,34)(12,16)(0,16)
Polygon:
(0,0)(48,0)(48,20)(31,20)(31,25)(13,25)(13,18)(0,18)
Polygon:
(0,0)(35,0)(35,12)(20,12)(20,17)(9,17)(9,3)(0,3)
Polygon:
(0,0)(28,0)(28,30)(27,30)(27,31)(11,31)(11,15)(0,15)
Polygon:
(0,0)(29,0)(29,12)(22,12)(22,24)(16,24)(16,6)(0,6)
Polygon:
(0,0)(33,0)(33,7)(18,7)(18,14)(13,14)(13,1)(0,1)
Polygon:
(0,0)(23,0)(23,15)(20,15)(20,20)(15,20)(15,3)(0,3)
Polygon:
(0,0)(26,0)(26,21)(15,21)(15,22)(12,22)(12,10)(0,10)
Polygon:
(0,0)(36,0)(36,16)(23,16)(23,30)(15,30)(15,14)(0,14)
Polygon:
(0,0)(20,0)(20,11)(14,11)(14,16)(13,16)(13,10)(0,10)
Polygon:
(0,0)(32,0)(32,19)(20,19)(20,21)(17,21)(17,13)(0,13)
Polygon:
(0,0)(8,0)(8,19)(7,19)(7,25)(6,25)(6,8)(0,8)
Polygon:
(0,0)(35,0)(35,14)(32,14)(32,20)(18,20)(18,6)(0,6)
Polygon:
(0,0)(46,0)(46,24)(28,24)(28,28)(18,28)(18,11)(0,11)
Polygon:
(0,0)(15,0)(15,7)(12,7)(12,9)(3,9)(3,1)(0,1)
Polygon:
(0,0)(29,0)(29,10)(12,10)(12,11)(1,11)(1,9)(0,9)
Polygon:
(0,0)(22,0)(22,8)(5,8)(5,18)(3,18)(3,11)(0,11)
Polygon:
(0,0)(9,0)(9,12)(7,12)(7,29)(4,29)(4,18)(0,18)
Polygon:
(0,0)(26,0)(26,18)(25,18)(25,22)(11,22)(11,8)(0,8)
Polygon:
(0,0)(21,0)(21,5)(20,5)(20,14)(16,14)(16,13)(0,13)
Polygon:
(0,0)(27,0)(27,19)(12,19)(12,29)(4,29)(4,16)(0,16)
Polygon:
(0,0)(23,0)(23,6)(18,6)(18,17)(3,17)(3,10)(0,10)
Polygon:
(0,0)(29,0)(29,10)(17,10)(17,14)(15,14)(15,4)(0,4)
Polygon:
(0,0)(12,0)(12,7)(10,7)(10,18)(2,18)(2,10)(0,10)
Polygon:
(0,0)(41,0)(41,17)(35,17)(35,20)(17,20)(17,6)(0,6)
Polygon:
(0,0)(9,0)(9,11)(4,11)(4,16)(3,16)(3,7)(0,7)
Polygon:
(0,0)(33,0)(33,5)(25,5)(25,14)(12,14)(12,6)(0,6)
Polygon:
(0,0)(25,0)(25,10)(12,10)(12,18)(1,18)(1,8)(0,8)
Polygon:
(0,0)(24,0)(24,13)(21,13)(21,25)(10,25)(10,8)(0,8)
Polygon:
(0,0)(23,0)(23,28)(14,28)(14,31)(10,31)(10,13)(0,13)
Polygon:
(0,0)(21,0)(21,11)(6,11)(6,21)(2,21)(2,6)(0,6)
Polygon:
(0,0)(34,0)(34,8)(26,8)(26,21)(10,21)(10,10)(0,10)
Polygon:
(0,0)(23,0)(23,11)(9,11)(9,17)(6,17)(6,5)(0,5)
Polygon:
(0,0)(33,0)(33,11)(22,11)(22,14)(14,14)(14,9)(0,9)
Polygon:
(0,0)(25,0)(25,4)(16,4)(16,20)(14,20)(14,2)(0,2)
Polygon:
(0,0)(8,0)(8,16)(4,16)(4,31)(3,31)(3,15)(0,15)
Polygon:
(0,0)(23,0)(23,6)(14,6)(14,24)(13,24)(13,10)(0,10)
Polygon:
(0,0)(34,0)(34,1)(21,1)(21,3)(16,3)(16,2)(0,2)
Polygon:
(0,0)(29,0)(29,12)(15,12)(15,19)(4,19)(4,5)(0,5)
Polygon:
(0,0)(37,0)(37,12)(26,12)(26,20)(13,20)(13,14)(0,14)
Polygon:
(0,0)(30,0)(30,11)(16,11)(16,19)(3,19)(3,16)(0,16)
Polygon:
(0,0)(19,0)(19,9)(15,9)(15,21)(1,21)(1,8)(0,8)
Polygon:
(0,0)(25,0)(25,5)(23,5)(23,15)(6,15)(6,1)(0,1)
Polygon:
(0,0)(23,0)(23,27)(19,27)(19,32)(9,32)(9,18)(0,18)
Polygon:
(0,0)(33,0)(33,3)(15,3)(15,17)(2,17)(2,10)(0,10)
Polygon:
(0,0)(19,0)(19,12)(15,12)(15,30)(13,30)(13,12)(0,12)
Polygon:
(0,0)(25,0)(25,11)(17,11)(17,13)(5,13)(5,2)(0,2)
Polygon:
(0,0)(24,0)(24,7)(12,7)(12,13)(4,13)(4,2)(0,2)
Polygon:
(0,0)(32,0)(32,4)(20,4)(20,20)(14,20)(14,3)(0,3)
Polygon:
(0,0)(29,0)(29,11)(25,11)(25,15)(8,15)(8,5)(0,5)
Polygon:
(0,0)(38,0)(38,2)(25,2)(25,11)(10,11)(10,5)(0,5)
Polygon:
(0,0)(12,0)(12,7)(11,7)(11,24)(3,24)(3,13)(0,13)
Polygon:
(0,0)(40,0)(40,13)(30,13)(30,17)(15,17)(15,8)(0,8)
Polygon:
(0,0)(16,0)(16,27)(14,27)(14,28)(4,28)(4,13)(0,13)
Polygon:
(0,0)(29,0)(29,2)(16,2)(16,12)(4,12)(4,5)(0,5)
Polygon:
(0,0)(26,0)(26,12)(18,12)(18,26)(13,26)(13,12)(0,12)
Polygon:
(0,0)(37,0)(37,25)(21,25)(21,30)(18,30)(18,15)(0,15)
Polygon:
(0,0)(30,0)(30,3)(28,3)(28,17)(17,17)(17,4)(0,4)
Polygon:
(0,0)(47,0)(47,13)(29,13)(29,20)(16,20)(16,6)(0,6)
Polygon:
(0,0)(24,0)(24,18)(12,18)(12,20)(9,20)(9,9)(0,9)
Polygon:
(0,0)(7,0)(7,7)(6,7)(6,25)(1,25)(1,16)(0,16)
Polygon:
(0,0)(37,0)(37,10)(20,10)(20,22)(8,22)(8,11)(0,11)
Polygon:
(0,0)(32,0)(32,23)(23,23)(23,26)(6,26)(6,9)(0,9)
Polygon:
(0,0)(48,0)(48,1)(35,1)(35,18)(18,18)(18,9)(0,9)
Polygon:
(0,0)(31,0)(31,3)(17,3)(17,16)(3,16)(3,10)(0,10)
Polygon:
(0,0)(30,0)(30,26)(22,26)(22,30)(7,30)(7,17)(0,17)
Polygon:
(0,0)(41,0)(41,4)(23,4)(23,13)(11,13)(11,4)(0,4)
Polygon:
(0,0)(31,0)(31,17)(28,17)(28,28)(10,28)(10,13)(0,13)
Polygon:
(0,0)(35,0)(35,6)(18,6)(18,23)(16,23)(16,10)(0,10)
Polygon:
(0,0)(16,0)(16,25)(12,25)(12,27)(5,27)(5,11)(0,11)
Polygon:
(0,0)(25,0)(25,7)(15,7)(15,24)(8,24)(8,11)(0,11)
Polygon:
(0,0)(37,0)(37,22)(29,22)(29,29)(11,29)(11,15)(0,15)
Polygon:
(0,0)(36,0)(36,32)(33,32)(33,34)(16,34)(16,16)(0,16)
Polygon:
(0,0)(13,0)(13,14)(9,14)(9,22)(1,22)(1,9)(0,9)
Polygon:
(0,0)(30,0)(30,8)(26,8)(26,11)(9,11)(9,4)(0,4)
Polygon:
(0,0)(40,0)(40,10)(24,10)(24,18)(13,18)(13,17)(0,17)
Polygon:
(0,0)(28,0)(28,4)(23,4)(23,8)(15,8)(15,2)(0,2)
Polygon:
(0,0)(21,0)(21,8)(4,8)(4,20)(2,20)(2,3)(0,3)
Polygon:
(0,0)(36,0)(36,4)(32,4)(32,19)(14,19)(14,18)(0,18)
Polygon:
(0,0)(23,0)(23,10)(10,10)(10,19)(3,19)(3,10)(0,10)
Polygon:
(0,0)(12,0)(12,12)(0,12)
Polygon:
(0,0)(6,0)(6,16)(0,16)
Polygon:
(0,0)(35,0)(35,13)(18,13)(18,7)(9,7)(9,8)(0,8)
Polygon:
(0,0)(11,0)(11,7)(0,7)
Polygon:
(0,0)(15,0)(15,14)(0,14)
Polygon:
(0,0)(15,0)(15,12)(0,12)
Polygon:
(0,0)(11,0)(11,10)(0,10)
Polygon:
(0,0)(5,0)(5,17)(0,17)
Polygon:
(0,0)(9,0)(9,2)(3,2)(3,11)(0,11)
Polygon:
(0,0)(14,0)(14,13)(0,13)
Polygon:
(0,0)(17,0)(17,3)(0,3)
Polygon:
(0,0)(24,0)(24,1)(10,1)(10,6)(0,6)
Polygon:
(0,0)(11,0)(11,17)(2,17)(2,30)(0,30)
Polygon:
(0,0)(14,0)(14,17)(0,17)
Polygon:
(0,0)(23,0)(23,13)(18,13)(18,15)(0,15)
Polygon:
(0,0)(3,0)(3,3)(0,3)
Polygon:
(0,0)(14,0)(14,9)(0,9)
Polygon:
(0,0)(27,0)(27,17)(18,17)(18,20)(0,20)
Polygon:
(0,0)(3,0)(3,17)(0,17)
Polygon:
(0,0)(25,0)(25,18)(14,18)(14,27)(0,27)
Polygon:
(0,0)(15,0)(15,11)(0,11)
Polygon:
(0,0)(2,0)(2,8)(0,8)
Polygon:
(0,0)(41,0)(41,19)(23,19)(23,3)(6,3)(6,14)(0,14)
Polygon:
(0,0)(5,0)(5,3)(0,3)
Polygon:
(0,0)(23,0)(23,6)(17,6)(17,2)(8,2)(8,3)(0,3)
Polygon:
(0,0)(25,0)(25,15)(17,15)(17,23)(0,23)
Polygon:
(0,0)(17,0)(17,12)(0,12)
Polygon:
(0,0)(3,0)(3,6)(0,6)
Polygon:
(0,0)(32,0)(32,14)(18,14)(18,22)(0,22)
Polygon:
(0,0)(20,0)(20,3)(10,3)(10,15)(0,15)
Polygon:
(0,0)(12,0)(12,5)(6,5)(6,14)(0,14)
Polygon:
(0,0)(13,0)(13,18)(2,18)(2,24)(0,24)
Polygon:
(0,0)(24,0)(24,4)(17,4)(17,19)(0,19)
Polygon:
(0,0)(38,0)(38,10)(23,10)(23,4)(9,4)(9,13)(0,13)
Polygon:
(0,0)(1,0)(1,1)(0,1)
Polygon:
(0,0)(36,0)(36,10)(25,10)(25,6)(18,6)(18,10)(0,10)
Polygon:
(0,0)(17,0)(17,2)(0,2)
Polygon:
(0,0)(32,0)(32,11)(29,11)(29,3)(12,3)(12,7)(0,7)
Polygon:
(0,0)(15,0)(15,6)(0,6)
Polygon:
(0,0)(2,0)(2,11)(0,11)
Polygon:
(0,0)(23,0)(23,6)(8,6)(8,17)(0,17)
Polygon:
(0,0)(4,0)(4,10)(0,10)
Polygon:
(0,0)(2,0)(2,4)(0,4)
Polygon:
(0,0)(21,0)(21,16)(16,16)(16,25)(0,25)
Polygon:
(0,0)(3,0)(3,16)(0,16)
Polygon:
(0,0)(25,0)(25,4)(22,4)(22,3)(13,3)(13,17)(0,17)
Polygon:
(0,0)(10,0)(10,9)(8,9)(8,18)(0,18)
Polygon:
(0,0)(4,0)(4,14)(0,14)
Polygon:
(0,0)(18,0)(18,10)(10,10)(10,28)(0,28)
Polygon:
(0,0)(28,0)(28,15)(23,15)(23,7)(7,7)(7,9)(0,9)
Polygon:
(0,0)(22,0)(22,8)(11,8)(11,17)(0,17)
Polygon:
(0,0)(15,0)(15,15)(2,15)(2,20)(0,20)
Polygon:
(0,0)(9,0)(9,16)(0,16)
Polygon:
(0,0)(7,0)(7,18)(6,18)(6,27)(0,27)
Polygon:
(0,0)(7,0)(7,10)(0,10)
Polygon:
(0,0)(16,0)(16,4)(0,4)
Polygon:
(0,0)(12,0)(12,15)(4,15)(4,29)(0,29)
Polygon:
(0,0)(8,0)(8,1)(0,1)
Polygon:
(0,0)(17,0)(17,2)(0,2)
Polygon:
(0,0)(18,0)(18,14)(0,14)
Polygon:
(0,0)(22,0)(22,4)(19,4)(19,2)(2,2)(2,9)(0,9)
Polygon:
(0,0)(6,0)(6,3)(0,3)
Polygon:
(0,0)(10,0)(10,12)(0,12)
Polygon:
(0,0)(18,0)(18,10)(16,10)(16,6)(7,6)(7,7)(0,7)
Polygon:
(0,0)(8,0)(8,7)(0,7)
Polygon:
(0,0)(13,0)(13,3)(7,3)(7,15)(0,15)
Polygon:
(0,0)(1,0)(1,11)(0,11)
Polygon:
(0,0)(10,0)(10,6)(0,6)
Polygon:
(0,0)(10,0)(10,17)(0,17)
Polygon:
(0,0)(10,0)(10,11)(0,11)
Polygon:
(0,0)(12,0)(12,1)(0,1)
Polygon:
(0,0)(15,0)(15,6)(13,6)(13,24)(0,24)
Polygon:
(0,0)(22,0)(22,13)(6,13)(6,15)(0,15)
Polygon:
(0,0)(14,0)(14,14)(0,14)
Polygon:
(0,0)(12,0)(12,6)(0,6)
Polygon:
(0,0)(5,0)(5,12)(0,12)
Polygon:
(0,0)(18,0)(18,16)(0,16)
Polygon:
(0,0)(1,0)(1,6)(0,6)
Polygon:
(0,0)(7,0)(7,3)(0,3)
Polygon:
(0,0)(8,0)(8,1)(0,1)
Polygon:
(0,0)(27,0)(27,10)(22,10)(22,4)(8,4)(8,8)(0,8)
Polygon:
(0,0)(14,0)(14,12)(6,12)(6,1)(2,1)(2,10)(0,10)
Polygon:
(0,0)(28,0)(28,6)(13,6)(13,10)(0,10)
Polygon:
(0,0)(10,0)(10,9)(0,9)
Polygon:
(0,0)(7,0)(7,15)(0,15)
Polygon:
(0,0)(6,0)(6,3)(0,3)
Polygon:
(0,0)(17,0)(17,17)(15,17)(15,24)(0,24)
Polygon:
(0,0)(31,0)(31,16)(17,16)(17,22)(0,22)
Polygon:
(0,0)(18,0)(18,10)(0,10)
Polygon:
(0,0)(10,0)(10,15)(0,15)
Polygon:
(0,0)(24,0)(24,3)(8,3)(8,11)(0,11)
Polygon:
(0,0)(4,0)(4,8)(0,8)
Polygon:
(0,0)(23,0)(23,7)(18,7)(18,24)(0,24)
Polygon:
(0,0)(10,0)(10,12)(0,12)
Polygon:
(0,0)(19,0)(19,8)(2,8)(2,12)(0,12)
Polygon:
(0,0)(33,0)(33,22)(15,22)(15,5)(6,5)(6,21)(0,21)
Polygon:
(0,0)(6,0)(6,9)(5,9)(5,21)(0,21)
Polygon:
(0,0)(7,0)(7,17)(0,17)
Polygon:
(0,0)(10,0)(10,15)(4,15)(4,32)(0,32)
Polygon:
(0,0)(1,0)(1,8)(0,8)
Polygon:
(0,0)(31,0)(31,11)(13,11)(13,22)(0,22)
Polygon:
(0,0)(15,0)(15,12)(2,12)(2,28)(0,28)
Polygon:
(0,0)(15,0)(15,13)(1,13)(1,17)(0,17)
Polygon:
(0,0)(17,0)(17,16)(15,16)(15,19)(0,19)
Polygon:
(0,0)(14,0)(14,15)(0,15)
Polygon:
(0,0)(29,0)(29,4)(15,4)(15,7)(0,7)
Polygon:
(0,0)(21,0)(21,18)(15,18)(15,19)(0,19)
Polygon:
(0,0)(20,0)(20,4)(16,4)(16,15)(0,15)
Polygon:
(0,0)(30,0)(30,10)(18,10)(18,23)(0,23)
Polygon:
(0,0)(2,0)(2,14)(0,14)
Polygon:
(0,0)(35,0)(35,7)(18,7)(18,24)(0,24)
Polygon:
(0,0)(1,0)(1,17)(0,17)
Polygon:
(0,0)(13,0)(13,13)(0,13)
Polygon:
(0,0)(5,0)(5,8)(0,8)
Polygon:
(0,0)(6,0)(6,4)(2,4)(2,7)(0,7)
Polygon:
(0,0)(31,0)(31,8)(20,8)(20,3)(9,3)(9,14)(0,14)
Polygon:
(0,0)(11,0)(11,7)(0,7)
Polygon:
(0,0)(7,0)(7,16)(0,16)
Polygon:
(0,0)(21,0)(21,14)(18,14)(18,32)(0,32)
Polygon:
(0,0)(9,0)(9,8)(0,8)
Polygon:
(0,0)(6,0)(6,17)(0,17)
Polygon:
(0,0)(37,0)(37,33)(26,33)(26,17)(13,17)(13,18)(0,18)
Polygon:
(0,0)(40,0)(40,18)(30,18)(30,1)(16,1)(16,8)(0,8)
Polygon:
(0,0)(35,0)(35,13)(23,13)(23,5)(17,5)(17,14)(0,14)
Polygon:
(0,0)(7,0)(7,4)(0,4)
Polygon:
(0,0)(17,0)(17,8)(0,8)
Polygon:
(0,0)(3,0)(3,10)(0,10)
Polygon:
(0,0)(18,0)(18,1)(0,1)
Polygon:
(0,0)(23,0)(23,20)(21,20)(21,4)(3,4)(3,12)(0,12)
Polygon:
(0,0)(10,0)(10,18)(0,18)
Polygon:
(0,0)(4,0)(4,13)(0,13)
Polygon:
(0,0)(5,0)(5,9)(0,9)
Polygon:
(0,0)(18,0)(18,8)(0,8)
Polygon:
(0,0)(2,0)(2,3)(0,3)
Polygon:
(0,0)(19,0)(19,15)(17,15)(17,33)(0,33)
Polygon:
(0,0)(13,0)(13,4)(0,4)
Polygon:
(0,0)(22,0)(22,33)(17,33)(17,18)(2,18)(2,19)(0,19)
Polygon:
(0,0)(19,0)(19,3)(9,3)(9,6)(0,6)
Polygon:
(0,0)(12,0)(12,10)(6,10)(6,15)(0,15)
Polygon:
(0,0)(7,0)(7,16)(0,16)
Polygon:
(0,0)(12,0)(12,18)(0,18)
Polygon:
(0,0)(16,0)(16,4)(0,4)
Polygon:
(0,0)(17,0)(17,13)(0,13)
Polygon:
(0,0)(17,0)(17,8)(0,8)
Polygon:
(0,0)(31,0)(31,7)(17,7)(17,25)(0,25)
Polygon:
(0,0)(19,0)(19,10)(13,10)(13,25)(0,25)
Polygon:
(0,0)(34,0)(34,14)(18,14)(18,10)(1,10)(1,16)(0,16)
Polygon:
(0,0)(16,0)(16,5)(0,5)
Polygon:
(0,0)(8,0)(8,16)(0,16)
Polygon:
(0,0)(21,0)(21,18)(12,18)(12,34)(0,34)
Polygon:
(0,0)(25,0)(25,8)(10,8)(10,18)(0,18)
Polygon:
(0,0)(1,0)(1,6)(0,6)
Polygon:
(0,0)(18,0)(18,3)(0,3)
Polygon:
(0,0)(26,0)(26,14)(14,14)(14,24)(0,24)
Polygon:
(0,0)(12,0)(12,10)(1,10)(1,26)(0,26)
Polygon:
(0,0)(1,0)(1,8)(0,8)
Polygon:
(0,0)(4,0)(4,9)(0,9)
Polygon:
(0,0)(4,0)(4,18)(0,18)
Polygon:
(0,0)(17,0)(17,17)(16,17)(16,34)(0,34)
Polygon:
(0,0)(10,0)(10,5)(9,5)(9,9)(0,9)
