Polygon:
(0,0)(23,0)(23,5)(16,5)(16,1)(12,1)(12,17)(0,17)
Polygon:
(0,0)(29,0)(29,18)(23,18)(23,4)(13,4)(13,9)(0,9)
Polygon:
(0,0)(17,0)(17,17)(14,17)(14,11)(4,11)(4,15)(0,15)
Polygon:
(0,0)(9,0)(9,17)(6,17)(6,4)(1,4)(1,13)(0,13)
Polygon:
(0,0)(25,0)(25,10)(22,10)(22,5)(4,5)(4,14)(0,14)
Polygon:
(0,0)(26,0)(26,4)(22,4)(22,2)(11,2)(11,3)(0,3)
Polygon:
(0,0)(30,0)(30,19)(15,19)(15,10)(14,10)(14,11)(0,11)
Polygon:
(0,0)(25,0)(25,17)(10,17)(10,9)(7,9)(7,13)(0,13)
Polygon:
(0,0)(29,0)(29,18)(22,18)(22,6)(10,6)(10,8)(0,8)
Polygon:
(0,0)(34,0)(34,25)(18,25)(18,16)(13,16)(13,32)(0,32)
Polygon:
(0,0)(38,0)(38,6)(33,6)(33,5)(16,5)(16,18)(0,18)
Polygon:
(0,0)(35,0)(35,25)(29,25)(29,16)(15,16)(15,17)(0,17)
Polygon:
(0,0)(41,0)(41,16)(30,16)(30,2)(15,2)(15,6)(0,6)
Polygon:
(0,0)(39,0)(39,18)(22,18)(22,9)(14,9)(14,17)(0,17)
Polygon:
(0,0)(36,0)(36,31)(22,31)(22,14)(7,14)(7,18)(0,18)
Polygon:
(0,0)(32,0)(32,27)(16,27)(16,9)(2,9)(2,11)(0,11)
Polygon:
(0,0)(16,0)(16,21)(15,21)(15,9)(14,9)(14,11)(0,11)
Polygon:
(0,0)(12,0)(12,13)(6,13)(6,2)(5,2)(5,3)(0,3)
Polygon:
(0,0)(37,0)(37,19)(20,19)(20,7)(8,7)(8,15)(0,15)
Polygon:
(0,0)(33,0)(33,12)(27,12)(27,2)(10,2)(10,15)(0,15)
Polygon:
(0,0)(15,0)(15,10)(9,10)(9,1)(8,1)(8,9)(0,9)
Polygon:
(0,0)(41,0)(41,16)(27,16)(27,8)(12,8)(12,13)(0,13)
Polygon:
(0,0)(21,0)(21,10)(11,10)(11,9)(3,9)(3,15)(0,15)
Polygon:
(0,0)(15,0)(15,24)(11,24)(11,13)(6,13)(6,18)(0,18)
Polygon:
(0,0)(34,0)(34,10)(21,10)(21,7)(3,7)(3,23)(0,23)
Polygon:
(0,0)(51,0)(51,23)(35,23)(35,5)(18,5)(18,7)(0,7)
Polygon:
(0,0)(27,0)(27,16)(20,16)(20,13)(18,13)(18,22)(0,22)
Polygon:
(0,0)(15,0)(15,18)(13,18)(13,3)(9,3)(9,13)(0,13)
Polygon:
(0,0)(43,0)(43,21)(28,21)(28,5)(13,5)(13,6)(0,6)
Polygon:
(0,0)(37,0)(37,27)(26,27)(26,15)(12,15)(12,17)(0,17)
Polygon:
(0,0)(24,0)(24,7)(16,7)(16,4)(10,4)(10,8)(0,8)
Polygon:
(0,0)(31,0)(31,21)(23,21)(23,3)(18,3)(18,4)(0,4)
Polygon:
(0,0)(40,0)(40,12)(23,12)(23,5)(17,5)(17,13)(0,13)
Polygon:
(0,0)(31,0)(31,16)(19,16)(19,2)(5,2)(5,5)(0,5)
Polygon:
(0,0)(37,0)(37,18)(24,18)(24,7)(17,7)(17,11)(0,11)
Polygon:
(0,0)(20,0)(20,9)(17,9)(17,7)(4,7)(4,15)(0,15)
Polygon:
(0,0)(24,0)(24,8)(22,8)(22,1)(7,1)(7,14)(0,14)
Polygon:
(0,0)(45,0)(45,9)(30,9)(30,7)(17,7)(17,8)(0,8)
Polygon:
(0,0)(49,0)(49,24)(34,24)(34,10)(18,10)(18,12)(0,12)
Polygon:
(0,0)(19,0)(19,13)(15,13)(15,3)(2,3)(2,13)(0,13)
Polygon:
(0,0)(30,0)(30,22)(12,22)(12,18)(3,18)(3,34)(0,34)
Polygon:
(0,0)(29,0)(29,3)(25,3)(25,2)(15,2)(15,12)(0,12)
Polygon:
(0,0)(29,0)(29,13)(20,13)(20,7)(3,7)(3,18)(0,18)
Polygon:
(0,0)(34,0)(34,25)(26,25)(26,14)(8,14)(8,16)(0,16)
Polygon:
(0,0)(27,0)(27,24)(18,24)(18,7)(15,7)(15,13)(0,13)
Polygon:
(0,0)(40,0)(40,5)(26,5)(26,4)(9,4)(9,7)(0,7)
Polygon:
(0,0)(30,0)(30,14)(23,14)(23,9)(15,9)(15,13)(0,13)
Polygon:
(0,0)(53,0)(53,5)(36,5)(36,1)(18,1)(18,18)(0,18)
Polygon:
(0,0)(16,0)(16,22)(14,22)(14,10)(6,10)(6,14)(0,14)
Polygon:
(0,0)(26,0)(26,6)(14,6)(14,3)(10,3)(10,9)(0,9)
Polygon:
(0,0)(10,0)(10,13)(5,13)(5,6)(1,6)(1,8)(0,8)
Polygon:
(0,0)(23,0)(23,13)(20,13)(20,5)(10,5)(10,9)(0,9)
Polygon:
(0,0)(22,0)(22,12)(14,12)(14,4)(9,4)(9,9)(0,9)
Polygon:
(0,0)(24,0)(24,16)(9,16)(9,1)(3,1)(3,10)(0,10)
Polygon:
(0,0)(39,0)(39,5)(28,5)(28,1)(18,1)(18,8)(0,8)
Polygon:
(0,0)(20,0)(20,14)(17,14)(17,6)(9,6)(9,18)(0,18)
Polygon:
(0,0)(39,0)(39,24)(34,24)(34,12)(16,12)(16,15)(0,15)
Polygon:
(0,0)(24,0)(24,11)(19,11)(19,1)(3,1)(3,16)(0,16)
Polygon:
(0,0)(37,0)(37,5)(19,5)(19,1)(4,1)(4,4)(0,4)
Polygon:
(0,0)(45,0)(45,27)(28,27)(28,10)(12,10)(12,14)(0,14)
Polygon:
(0,0)(30,0)(30,25)(19,25)(19,8)(17,8)(17,14)(0,14)
Polygon:
(0,0)(33,0)(33,10)(24,10)(24,4)(17,4)(17,10)(0,10)
Polygon:
(0,0)(28,0)(28,18)(17,18)(17,6)(2,6)(2,10)(0,10)
Polygon:
(0,0)(24,0)(24,14)(8,14)(8,5)(2,5)(2,10)(0,10)
Polygon:
(0,0)(38,0)(38,9)(23,9)(23,1)(11,1)(11,13)(0,13)
Polygon:
(0,0)(41,0)(41,19)(30,19)(30,3)(12,3)(12,17)(0,17)
Polygon:
(0,0)(26,0)(26,18)(9,18)(9,11)(8,11)(8,15)(0,15)
Polygon:
(0,0)(25,0)(25,22)(16,22)(16,8)(9,8)(9,13)(0,13)
Polygon:
(0,0)(35,0)(35,23)(17,23)(17,12)(10,12)(10,29)(0,29)
Polygon:
(0,0)(38,0)(38,5)(24,5)(24,1)(10,1)(10,7)(0,7)
Polygon:
(0,0)(24,0)(24,20)(12,20)(12,4)(10,4)(10,7)(0,7)
Polygon:
(0,0)(29,0)(29,27)(11,27)(11,11)(8,11)(8,17)(0,17)
Polygon:
(0,0)(25,0)(25,19)(10,19)(10,6)(5,6)(5,17)(0,17)
Polygon:
(0,0)(32,0)(32,21)(17,21)(17,12)(5,12)(5,14)(0,14)
Polygon:
(0,0)(31,0)(31,17)(29,17)(29,6)(18,6)(18,11)(0,11)
Polygon:
(0,0)(38,0)(38,14)(21,14)(21,4)(18,4)(18,6)(0,6)
Polygon:
(0,0)(37,0)(37,6)(31,6)(31,2)(18,2)(18,9)(0,9)
Polygon:
(0,0)(6,0)(6,16)(4,16)(4,4)(2,4)(2,6)(0,6)
Polygon:
(0,0)(42,0)(42,26)(34,26)(34,8)(17,8)(17,18)(0,18)
Polygon:
(0,0)(35,0)(35,29)(24,29)(24,11)(11,11)(11,14)(0,14)
Polygon:
(0,0)(14,0)(14,12)(12,12)(12,9)(11,9)(11,12)(0,12)
Polygon:
(0,0)(27,0)(27,17)(20,17)(20,4)(8,4)(8,6)(0,6)
Polygon:
(0,0)(41,0)(41,21)(26,21)(26,7)(12,7)(12,10)(0,10)
Polygon:
(0,0)(36,0)(36,27)(21,27)(21,12)(18,12)(18,17)(0,17)
Polygon:
(0,0)(26,0)(26,11)(19,11)(19,5)(17,5)(17,13)(0,13)
Polygon:
(0,0)(21,0)(21,24)(19,24)(19,15)(13,15)(13,16)(0,16)
Polygon:
(0,0)(19,0)(19,15)(2,15)(2,3)(1,3)(1,17)(0,17)
Polygon:
(0,0)(36,0)(36,10)(21,10)(21,2)(4,2)(4,11)(0,11)
Polygon:
(0,0)(28,0)(28,19)(19,19)(19,12)(5,12)(5,14)(0,14)
Polygon:
(0,0)(31,0)(31,6)(15,6)(15,1)(11,1)(11,15)(0,15)
Polygon:
(0,0)(37,0)(37,4)(21,4)(21,2)(6,2)(6,11)(0,11)
Polygon:
(0,0)(35,0)(35,6)(23,6)(23,1)(13,1)(13,9)(0,9)
Polygon:
(0,0)(15,0)(15,15)(14,15)(14,10)(5,10)(5,15)(0,15)
Polygon:
(0,0)(25,0)(25,10)(21,10)(21,6)(11,6)(11,12)(0,12)
Polygon:
(0,0)(43,0)(43,18)(27,18)(27,1)(17,1)(17,16)(0,16)
Polygon:
(0,0)(29,0)(29,9)(24,9)(24,3)(16,3)(16,14)(0,14)
Polygon:
(0,0)(44,0)(44,16)(30,16)(30,7)(18,7)(18,10)(0,10)
Polygon:
(0,0)(49,0)(49,18)(33,18)(33,6)(15,6)(15,7)(0,7)
Polygon:
(0,0)(19,0)(19,20)(16,20)(16,10)(11,10)(11,16)(0,16)
Polygon:
(0,0)(20,0)(20,12)(7,12)(7,4)(2,4)(2,17)(0,17)
Polygon:
(0,0)(30,0)(30,12)(25,12)(25,6)(18,6)(18,7)(0,7)
Polygon:
(0,0)(25,0)(25,24)(18,24)(18,6)(8,6)(8,11)(0,11)
Polygon:
(0,0)(23,0)(23,11)(7,11)(7,3)(3,3)(3,8)(0,8)
Polygon:
(0,0)(46,0)(46,11)(29,11)(29,6)(13,6)(13,7)(0,7)
Polygon:
(0,0)(32,0)(32,14)(16,14)(16,8)(5,8)(5,17)(0,17)
Polygon:
(0,0)(30,0)(30,15)(24,15)(24,6)(14,6)(14,14)(0,14)
Polygon:
(0,0)(34,0)(34,25)(24,25)(24,9)(12,9)(12,18)(0,18)
Polygon:
(0,0)(21,0)(21,16)(10,16)(10,1)(1,1)(1,13)(0,13)
Polygon:
(0,0)(12,0)(12,6)(7,6)(7,3)(1,3)(1,8)(0,8)
Polygon:
(0,0)(45,0)(45,3)(30,3)(30,2)(16,2)(16,6)(0,6)
Polygon:
(0,0)(52,0)(52,19)(36,19)(36,9)(18,9)(18,16)(0,16)
Polygon:
(0,0)(22,0)(22,19)(15,19)(15,1)(14,1)(14,9)(0,9)
Polygon:
(0,0)(32,0)(32,20)(26,20)(26,4)(16,4)(16,18)(0,18)
Polygon:
(0,0)(39,0)(39,6)(25,6)(25,5)(10,5)(10,16)(0,16)
Polygon:
(0,0)(37,0)(37,18)(21,18)(21,8)(3,8)(3,12)(0,12)
Polygon:
(0,0)(13,0)(13,14)(10,14)(10,10)(6,10)(6,12)(0,12)
Polygon:
(0,0)(36,0)(36,28)(18,28)(18,10)(13,10)(13,13)(0,13)
Polygon:
(0,0)(14,0)(14,22)(12,22)(12,10)(8,10)(8,18)(0,18)
Polygon:
(0,0)(22,0)(22,5)(16,5)(16,2)(14,2)(14,8)(0,8)
Polygon:
(0,0)(28,0)(28,14)(19,14)(19,10)(12,10)(12,14)(0,14)
Polygon:
(0,0)(12,0)(12,10)(8,10)(8,7)(6,7)(6,13)(0,13)
Polygon:
(0,0)(24,0)(24,14)(19,14)(19,11)(16,11)(16,18)(0,18)
Polygon:
(0,0)(22,0)(22,29)(17,29)(17,12)(5,12)(5,21)(0,21)
Polygon:
(0,0)(7,0)(7,19)(5,19)(5,12)(2,12)(2,17)(0,17)
Polygon:
(0,0)(23,0)(23,3)(13,3)(13,1)(10,1)(10,17)(0,17)
Polygon:
(0,0)(8,0)(8,19)(2,19)(2,15)(1,15)(1,17)(0,17)
Polygon:
(0,0)(30,0)(30,15)(24,15)(24,6)(17,6)(17,15)(0,15)
Polygon:
(0,0)(49,0)(49,13)(32,13)(32,4)(14,4)(14,21)(0,21)
Polygon:
(0,0)(17,0)(17,11)(15,11)(15,3)(8,3)(8,4)(0,4)
Polygon:
(0,0)(45,0)(45,13)(27,13)(27,10)(16,10)(16,15)(0,15)
Polygon:
(0,0)(19,0)(19,7)(16,7)(16,6)(13,6)(13,16)(0,16)
Polygon:
(0,0)(28,0)(28,17)(20,17)(20,1)(2,1)(2,7)(0,7)
Polygon:
(0,0)(29,0)(29,23)(17,23)(17,9)(11,9)(11,15)(0,15)
Polygon:
(0,0)(31,0)(31,14)(26,14)(26,6)(18,6)(18,17)(0,17)
Polygon:
(0,0)(28,0)(28,10)(18,10)(18,1)(14,1)(14,14)(0,14)
Polygon:
(0,0)(11,0)(11,5)(10,5)(10,3)(6,3)(6,12)(0,12)
Polygon:
(0,0)(39,0)(39,15)(22,15)(22,1)(18,1)(18,13)(0,13)
Polygon:
(0,0)(22,0)(22,14)(15,14)(15,2)(5,2)(5,18)(0,18)
Polygon:
(0,0)(20,0)(20,22)(18,22)(18,7)(5,7)(5,11)(0,11)
Polygon:
(0,0)(14,0)(14,16)(8,16)(8,6)(3,6)(3,9)(0,9)
Polygon:
(0,0)(30,0)(30,20)(18,20)(18,6)(9,6)(9,9)(0,9)
Polygon:
(0,0)(6,0)(6,23)(2,23)(2,7)(1,7)(1,18)(0,18)
Polygon:
(0,0)(19,0)(19,22)(18,22)(18,5)(17,5)(17,12)(0,12)
Polygon:
(0,0)(30,0)(30,29)(14,29)(14,14)(9,14)(9,32)(0,32)
Polygon:
(0,0)(23,0)(23,19)(5,19)(5,6)(1,6)(1,8)(0,8)
Polygon:
(0,0)(18,0)(18,20)(7,20)(7,2)(6,2)(6,18)(0,18)
Polygon:
(0,0)(31,0)(31,24)(26,24)(26,7)(12,7)(12,14)(0,14)
Polygon:
(0,0)(32,0)(32,19)(21,19)(21,16)(6,16)(6,18)(0,18)
Polygon:
(0,0)(30,0)(30,15)(16,15)(16,10)(9,10)(9,14)(0,14)
Polygon:
(0,0)(20,0)(20,18)(8,18)(8,12)(5,12)(5,13)(0,13)
Polygon:
(0,0)(36,0)(36,30)(25,30)(25,13)(13,13)(13,17)(0,17)
Polygon:
(0,0)(49,0)(49,8)(34,8)(34,2)(17,2)(17,11)(0,11)
Polygon:
(0,0)(35,0)(35,18)(31,18)(31,11)(14,11)(14,15)(0,15)
Polygon:
(0,0)(29,0)(29,27)(14,27)(14,14)(12,14)(12,16)(0,16)
Polygon:
(0,0)(34,0)(34,21)(17,21)(17,8)(6,8)(6,10)(0,10)
Polygon:
(0,0)(28,0)(28,21)(16,21)(16,13)(4,13)(4,14)(0,14)
Polygon:
(0,0)(23,0)(23,16)(18,16)(18,4)(4,4)(4,5)(0,5)
Polygon:
(0,0)(19,0)(19,9)(18,9)(18,1)(9,1)(9,11)(0,11)
Polygon:
(0,0)(36,0)(36,2)(28,2)(28,1)(14,1)(14,9)(0,9)
Polygon:
(0,0)(11,0)(11,7)(9,7)(9,2)(7,2)(7,10)(0,10)
Polygon:
(0,0)(19,0)(19,12)(16,12)(16,11)(3,11)(3,15)(0,15)
Polygon:
(0,0)(31,0)(31,20)(19,20)(19,2)(2,2)(2,18)(0,18)
Polygon:
(0,0)(32,0)(32,19)(21,19)(21,9)(11,9)(11,16)(0,16)
Polygon:
(0,0)(25,0)(25,17)(17,17)(17,7)(10,7)(10,10)(0,10)
Polygon:
(0,0)(14,0)(14,28)(12,28)(12,15)(2,15)(2,17)(0,17)
Polygon:
(0,0)(18,0)(18,23)(5,23)(5,10)(2,10)(2,15)(0,15)
Polygon:
(0,0)(39,0)(39,6)(30,6)(30,3)(16,3)(16,14)(0,14)
Polygon:
(0,0)(41,0)(41,10)(23,10)(23,1)(12,1)(12,16)(0,16)
Polygon:
(0,0)(27,0)(27,26)(19,26)(19,9)(11,9)(11,17)(0,17)
Polygon:
(0,0)(42,0)(42,17)(29,17)(29,9)(18,9)(18,10)(0,10)
Polygon:
(0,0)(38,0)(38,15)(22,15)(22,3)(11,3)(11,16)(0,16)
Polygon:
(0,0)(32,0)(32,19)(23,19)(23,6)(5,6)(5,16)(0,16)
Polygon:
(0,0)(21,0)(21,23)(14,23)(14,7)(11,7)(11,8)(0,8)
Polygon:
(0,0)(32,0)(32,13)(15,13)(15,1)(2,1)(2,2)(0,2)
Polygon:
(0,0)(26,0)(26,8)(22,8)(22,7)(5,7)(5,17)(0,17)
Polygon:
(0,0)(34,0)(34,12)(23,12)(23,3)(12,3)(12,8)(0,8)
Polygon:
(0,0)(28,0)(28,31)(17,31)(17,15)(8,15)(8,18)(0,18)
Polygon:
(0,0)(33,0)(33,14)(18,14)(18,6)(12,6)(12,14)(0,14)
Polygon:
(0,0)(32,0)(32,19)(21,19)(21,2)(16,2)(16,6)(0,6)
Polygon:
(0,0)(23,0)(23,17)(12,17)(12,5)(8,5)(8,10)(0,10)
Polygon:
(0,0)(30,0)(30,31)(18,31)(18,18)(5,18)(5,20)(0,20)
Polygon:
(0,0)(35,0)(35,21)(18,21)(18,7)(9,7)(9,8)(0,8)
Polygon:
(0,0)(39,0)(39,19)(26,19)(26,4)(17,4)(17,13)(0,13)
Polygon:
(0,0)(19,0)(19,12)(16,12)(16,2)(8,2)(8,4)(0,4)
Polygon:
(0,0)(29,0)(29,23)(23,23)(23,9)(13,9)(13,26)(0,26)
Polygon:
(0,0)(28,0)(28,21)(21,21)(21,3)(15,3)(15,12)(0,12)
Polygon:
(0,0)(36,0)(36,17)(20,17)(20,2)(4,2)(4,14)(0,14)
Polygon:
(0,0)(37,0)(37,7)(19,7)(19,5)(4,5)(4,17)(0,17)
Polygon:
(0,0)(37,0)(37,13)(29,13)(29,7)(16,7)(16,25)(0,25)
Polygon:
(0,0)(24,0)(24,19)(16,19)(16,4)(11,4)(11,18)(0,18)
Polygon:
(0,0)(25,0)(25,15)(13,15)(13,3)(2,3)(2,7)(0,7)
Polygon:
(0,0)(35,0)(35,14)(24,14)(24,7)(18,7)(18,17)(0,17)
Polygon:
(0,0)(29,0)(29,13)(21,13)(21,3)(14,3)(14,4)(0,4)
Polygon:
(0,0)(45,0)(45,9)(29,9)(29,1)(18,1)(18,12)(0,12)
Polygon:
(0,0)(18,0)(18,19)(15,19)(15,11)(12,11)(12,17)(0,17)
Polygon:
(0,0)(12,0)(12,21)(5,21)(5,4)(4,4)(4,12)(0,12)
Polygon:
(0,0)(29,0)(29,23)(14,23)(14,12)(7,12)(7,13)(0,13)
Polygon:
(0,0)(46,0)(46,15)(28,15)(28,2)(10,2)(10,16)(0,16)
Polygon:
(0,0)(37,0)(37,17)(29,17)(29,2)(12,2)(12,15)(0,15)
Polygon:
(0,0)(27,0)(27,17)(16,17)(16,6)(5,6)(5,20)(0,20)
Polygon:
(0,0)(8,0)(8,19)(4,19)(4,1)(2,1)(2,10)(0,10)
Polygon:
(0,0)(42,0)(42,16)(29,16)(29,9)(18,9)(18,17)(0,17)
Polygon:
(0,0)(13,0)(13,20)(5,20)(5,9)(3,9)(3,12)(0,12)
Polygon:
(0,0)(8,0)(8,16)(5,16)(5,5)(3,5)(3,16)(0,16)
Polygon:
(0,0)(28,0)(28,24)(22,24)(22,7)(18,7)(18,17)(0,17)
Polygon:
(0,0)(39,0)(39,13)(30,13)(30,5)(18,5)(18,7)(0,7)
Polygon:
(0,0)(22,0)(22,6)(15,6)(15,1)(7,1)(7,2)(0,2)
Polygon:
(0,0)(25,0)(25,15)(19,15)(19,10)(14,10)(14,14)(0,14)
Polygon:
(0,0)(38,0)(38,8)(23,8)(23,5)(15,5)(15,16)(0,16)
Polygon:
(0,0)(34,0)(34,4)(26,4)(26,1)(17,1)(17,11)(0,11)
Polygon:
(0,0)(27,0)(27,25)(17,25)(17,8)(3,8)(3,13)(0,13)
Polygon:
(0,0)(25,0)(25,22)(16,22)(16,13)(11,13)(11,23)(0,23)
Polygon:
(0,0)(38,0)(38,25)(27,25)(27,9)(17,9)(17,11)(0,11)
Polygon:
(0,0)(24,0)(24,6)(22,6)(22,4)(4,4)(4,15)(0,15)
Polygon:
(0,0)(18,0)(18,26)(17,26)(17,13)(8,13)(8,15)(0,15)
Polygon:
(0,0)(32,0)(32,33)(19,33)(19,15)(6,15)(6,16)(0,16)
Polygon:
(0,0)(35,0)(35,4)(17,4)(17,2)(16,2)(16,12)(0,12)
Polygon:
(0,0)(26,0)(26,15)(16,15)(16,1)(3,1)(3,5)(0,5)
Polygon:
(0,0)(39,0)(39,25)(21,25)(21,10)(18,10)(18,16)(0,16)
Polygon:
(0,0)(49,0)(49,15)(32,15)(32,1)(18,1)(18,16)(0,16)
Polygon:
(0,0)(40,0)(40,6)(23,6)(23,4)(14,4)(14,15)(0,15)
Polygon:
(0,0)(34,0)(34,17)(31,17)(31,7)(18,7)(18,13)(0,13)
Polygon:
(0,0)(26,0)(26,15)(14,15)(14,3)(1,3)(1,10)(0,10)
Polygon:
(0,0)(26,0)(26,18)(15,18)(15,14)(4,14)(4,30)(0,30)
Polygon:
(0,0)(18,0)(18,3)(15,3)(15,2)(5,2)(5,18)(0,18)
Polygon:
(0,0)(19,0)(19,17)(12,17)(12,6)(11,6)(11,8)(0,8)
Polygon:
(0,0)(28,0)(28,19)(13,19)(13,4)(7,4)(7,8)(0,8)
Polygon:
(0,0)(26,0)(26,15)(20,15)(20,10)(12,10)(12,15)(0,15)
Polygon:
(0,0)(28,0)(28,21)(25,21)(25,7)(12,7)(12,16)(0,16)
Polygon:
(0,0)(38,0)(38,20)(29,20)(29,3)(15,3)(15,7)(0,7)
Polygon:
(0,0)(28,0)(28,18)(10,18)(10,8)(8,8)(8,9)(0,9)
Polygon:
(0,0)(5,0)(5,22)(2,22)(2,16)(1,16)(1,18)(0,18)
Polygon:
(0,0)(25,0)(25,17)(12,17)(12,2)(6,2)(6,17)(0,17)
Polygon:
(0,0)(7,0)(7,23)(6,23)(6,5)(4,5)(4,8)(0,8)
Polygon:
(0,0)(26,0)(26,25)(23,25)(23,8)(14,8)(14,17)(0,17)
Polygon:
(0,0)(20,0)(20,20)(11,20)(11,11)(3,11)(3,13)(0,13)
Polygon:
(0,0)(33,0)(33,17)(18,17)(18,8)(7,8)(7,15)(0,15)
Polygon:
(0,0)(42,0)(42,6)(25,6)(25,3)(10,3)(10,4)(0,4)
Polygon:
(0,0)(34,0)(34,16)(18,16)(18,14)(6,14)(6,15)(0,15)
Polygon:
(0,0)(32,0)(32,15)(24,15)(24,4)(7,4)(7,17)(0,17)
Polygon:
(0,0)(28,0)(28,17)(25,17)(25,9)(18,9)(18,11)(0,11)
Polygon:
(0,0)(41,0)(41,7)(33,7)(33,4)(18,4)(18,18)(0,18)
Polygon:
(0,0)(19,0)(19,16)(10,16)(10,1)(3,1)(3,2)(0,2)
Polygon:
(0,0)(25,0)(25,11)(17,11)(17,10)(8,10)(8,17)(0,17)
Polygon:
(0,0)(32,0)(32,5)(17,5)(17,2)(4,2)(4,17)(0,17)
Polygon:
(0,0)(35,0)(35,16)(19,16)(19,11)(14,11)(14,15)(0,15)
Polygon:
(0,0)(34,0)(34,22)(27,22)(27,4)(15,4)(15,6)(0,6)
Polygon:
(0,0)(28,0)(28,10)(15,10)(15,3)(4,3)(4,14)(0,14)
Polygon:
(0,0)(34,0)(34,10)(20,10)(20,9)(13,9)(13,13)(0,13)
Polygon:
(0,0)(47,0)(47,27)(29,27)(29,10)(16,10)(16,13)(0,13)
Polygon:
(0,0)(26,0)(26,23)(24,23)(24,12)(10,12)(10,13)(0,13)
Polygon:
(0,0)(31,0)(31,13)(16,13)(16,6)(15,6)(15,17)(0,17)
Polygon:
(0,0)(13,0)(13,14)(12,14)(12,9)(9,9)(9,17)(0,17)
Polygon:
(0,0)(39,0)(39,10)(23,10)(23,2)(11,2)(11,12)(0,12)
Polygon:
(0,0)(22,0)(22,12)(17,12)(17,4)(8,4)(8,17)(0,17)
Polygon:
(0,0)(18,0)(18,16)(14,16)(14,13)(10,13)(10,14)(0,14)
Polygon:
(0,0)(30,0)(30,28)(12,28)(12,17)(10,17)(10,18)(0,18)
Polygon:
(0,0)(26,0)(26,26)(20,26)(20,16)(16,16)(16,17)(0,17)
Polygon:
(0,0)(31,0)(31,15)(17,15)(17,11)(4,11)(4,15)(0,15)
Polygon:
(0,0)(21,0)(21,25)(14,25)(14,11)(4,11)(4,13)(0,13)
Polygon:
(0,0)(12,0)(12,2)(7,2)(7,1)(2,1)(2,15)(0,15)
Polygon:
(0,0)(18,0)(18,9)(14,9)(14,5)(5,5)(5,10)(0,10)
Polygon:
(0,0)(9,0)(9,20)(5,20)(5,5)(1,5)(1,8)(0,8)
Polygon:
(0,0)(21,0)(21,27)(20,27)(20,9)(5,9)(5,13)(0,13)
Polygon:
(0,0)(45,0)(45,9)(33,9)(33,4)(16,4)(16,5)(0,5)
Polygon:
(0,0)(27,0)(27,18)(15,18)(15,1)(10,1)(10,2)(0,2)
Polygon:
(0,0)(31,0)(31,9)(28,9)(28,2)(16,2)(16,13)(0,13)
Polygon:
(0,0)(28,0)(28,22)(27,22)(27,12)(9,12)(9,17)(0,17)
Polygon:
(0,0)(12,0)(12,18)(11,18)(11,3)(9,3)(9,10)(0,10)
Polygon:
(0,0)(27,0)(27,20)(14,20)(14,6)(3,6)(3,10)(0,10)
Polygon:
(0,0)(9,0)(9,20)(8,20)(8,11)(4,11)(4,16)(0,16)
Polygon:
(0,0)(29,0)(29,27)(24,27)(24,12)(10,12)(10,17)(0,17)
Polygon:
(0,0)(36,0)(36,15)(24,15)(24,3)(15,3)(15,16)(0,16)
Polygon:
(0,0)(46,0)(46,30)(31,30)(31,14)(14,14)(14,16)(0,16)
Polygon:
(0,0)(40,0)(40,14)(29,14)(29,5)(11,5)(11,12)(0,12)
Polygon:
(0,0)(28,0)(28,19)(21,19)(21,1)(11,1)(11,6)(0,6)
Polygon:
(0,0)(24,0)(24,8)(12,8)(12,5)(8,5)(8,10)(0,10)
Polygon:
(0,0)(33,0)(33,11)(16,11)(16,10)(5,10)(5,13)(0,13)
Polygon:
(0,0)(23,0)(23,8)(20,8)(20,4)(17,4)(17,7)(0,7)
Polygon:
(0,0)(27,0)(27,22)(25,22)(25,9)(8,9)(8,15)(0,15)
Polygon:
(0,0)(32,0)(32,17)(19,17)(19,8)(9,8)(9,12)(0,12)
Polygon:
(0,0)(45,0)(45,4)(29,4)(29,1)(13,1)(13,13)(0,13)
Polygon:
(0,0)(34,0)(34,6)(19,6)(19,3)(14,3)(14,12)(0,12)
Polygon:
(0,0)(18,0)(18,16)(13,16)(13,13)(5,13)(5,16)(0,16)
Polygon:
(0,0)(20,0)(20,10)(12,10)(12,2)(5,2)(5,14)(0,14)
Polygon:
(0,0)(20,0)(20,12)(18,12)(18,3)(3,3)(3,5)(0,5)
Polygon:
(0,0)(40,0)(40,3)(25,3)(25,2)(10,2)(10,13)(0,13)
Polygon:
(0,0)(49,0)(49,14)(32,14)(32,2)(14,2)(14,3)(0,3)
Polygon:
(0,0)(20,0)(20,18)(6,18)(6,8)(5,8)(5,17)(0,17)
Polygon:
(0,0)(19,0)(19,23)(8,23)(8,6)(2,6)(2,15)(0,15)
Polygon:
(0,0)(38,0)(38,12)(21,12)(21,3)(7,3)(7,8)(0,8)
Polygon:
(0,0)(39,0)(39,4)(21,4)(21,1)(9,1)(9,7)(0,7)
Polygon:
(0,0)(45,0)(45,8)(31,8)(31,7)(14,7)(14,8)(0,8)
Polygon:
(0,0)(38,0)(38,15)(26,15)(26,5)(14,5)(14,17)(0,17)
Polygon:
(0,0)(35,0)(35,6)(22,6)(22,1)(16,1)(16,8)(0,8)
Polygon:
(0,0)(26,0)(26,15)(17,15)(17,8)(7,8)(7,14)(0,14)
Polygon:
(0,0)(34,0)(34,16)(21,16)(21,8)(14,8)(14,18)(0,18)
Polygon:
(0,0)(41,0)(41,20)(28,20)(28,4)(18,4)(18,15)(0,15)
Polygon:
(0,0)(40,0)(40,14)(25,14)(25,2)(9,2)(9,9)(0,9)
Polygon:
(0,0)(23,0)(23,17)(16,17)(16,4)(11,4)(11,6)(0,6)
Polygon:
(0,0)(26,0)(26,20)(20,20)(20,3)(8,3)(8,13)(0,13)
Polygon:
(0,0)(10,0)(10,18)(4,18)(4,8)(2,8)(2,18)(0,18)
Polygon:
(0,0)(28,0)(28,12)(24,12)(24,7)(18,7)(18,8)(0,8)
Polygon:
(0,0)(10,0)(10,24)(7,24)(7,7)(4,7)(4,10)(0,10)
Polygon:
(0,0)(41,0)(41,13)(25,13)(25,10)(11,10)(11,13)(0,13)
Polygon:
(0,0)(33,0)(33,22)(17,22)(17,13)(11,13)(11,18)(0,18)
Polygon:
(0,0)(9,0)(9,11)(6,11)(6,5)(2,5)(2,8)(0,8)
Polygon:
(0,0)(47,0)(47,5)(29,5)(29,4)(15,4)(15,10)(0,10)
Polygon:
(0,0)(45,0)(45,23)(27,23)(27,7)(9,7)(9,17)(0,17)
Polygon:
(0,0)(12,0)(12,8)(4,8)(4,2)(1,2)(1,7)(0,7)
Polygon:
(0,0)(27,0)(27,8)(26,8)(26,4)(14,4)(14,11)(0,11)
Polygon:
(0,0)(27,0)(27,28)(16,28)(16,13)(3,13)(3,15)(0,15)
Polygon:
(0,0)(16,0)(16,16)(13,16)(13,15)(5,15)(5,17)(0,17)
Polygon:
(0,0)(25,0)(25,19)(15,19)(15,7)(13,7)(13,10)(0,10)
Polygon:
(0,0)(15,0)(15,16)(8,16)(8,1)(4,1)(4,3)(0,3)
Polygon:
(0,0)(21,0)(21,12)(7,12)(7,4)(3,4)(3,17)(0,17)
Polygon:
(0,0)(27,0)(27,14)(21,14)(21,6)(8,6)(8,12)(0,12)
Polygon:
(0,0)(33,0)(33,4)(25,4)(25,1)(14,1)(14,9)(0,9)
Polygon:
(0,0)(28,0)(28,35)(26,35)(26,18)(8,18)(8,33)(0,33)
Polygon:
(0,0)(30,0)(30,7)(15,7)(15,3)(9,3)(9,7)(0,7)
Polygon:
(0,0)(7,0)(7,22)(5,22)(5,7)(2,7)(2,15)(0,15)
Polygon:
(0,0)(24,0)(24,6)(8,6)(8,2)(5,2)(5,15)(0,15)
Polygon:
(0,0)(36,0)(36,14)(20,14)(20,5)(13,5)(13,9)(0,9)
Polygon:
(0,0)(17,0)(17,23)(9,23)(9,11)(1,11)(1,15)(0,15)
Polygon:
(0,0)(22,0)(22,5)(17,5)(17,1)(14,1)(14,12)(0,12)
Polygon:
(0,0)(17,0)(17,12)(4,12)(4,1)(1,1)(1,9)(0,9)
Polygon:
(0,0)(30,0)(30,8)(29,8)(29,4)(16,4)(16,10)(0,10)
Polygon:
(0,0)(13,0)(13,13)(11,13)(11,11)(5,11)(5,28)(0,28)
Polygon:
(0,0)(39,0)(39,25)(25,25)(25,9)(16,9)(16,16)(0,16)
Polygon:
(0,0)(50,0)(50,9)(33,9)(33,1)(18,1)(18,18)(0,18)
Polygon:
(0,0)(22,0)(22,18)(15,18)(15,6)(10,6)(10,14)(0,14)
Polygon:
(0,0)(31,0)(31,17)(30,17)(30,15)(18,15)(18,17)(0,17)
Polygon:
(0,0)(39,0)(39,17)(31,17)(31,8)(18,8)(18,22)(0,22)
Polygon:
(0,0)(24,0)(24,14)(21,14)(21,2)(17,2)(17,6)(0,6)
Polygon:
(0,0)(32,0)(32,25)(15,25)(15,9)(1,9)(1,17)(0,17)
Polygon:
(0,0)(22,0)(22,27)(12,27)(12,10)(4,10)(4,16)(0,16)
Polygon:
(0,0)(23,0)(23,17)(16,17)(16,4)(14,4)(14,9)(0,9)
Polygon:
(0,0)(28,0)(28,20)(27,20)(27,15)(11,15)(11,17)(0,17)
Polygon:
(0,0)(42,0)(42,10)(31,10)(31,3)(16,3)(16,10)(0,10)
Polygon:
(0,0)(28,0)(28,9)(14,9)(14,7)(4,7)(4,16)(0,16)
Polygon:
(0,0)(25,0)(25,19)(9,19)(9,8)(2,8)(2,12)(0,12)
Polygon:
(0,0)(20,0)(20,10)(10,10)(10,4)(5,4)(5,5)(0,5)
Polygon:
(0,0)(39,0)(39,29)(32,29)(32,12)(16,12)(16,16)(0,16)
Polygon:
(0,0)(19,0)(19,6)(14,6)(14,1)(3,1)(3,5)(0,5)
Polygon:
(0,0)(39,0)(39,11)(32,11)(32,10)(14,10)(14,12)(0,12)
Polygon:
(0,0)(30,0)(30,26)(26,26)(26,8)(10,8)(10,11)(0,11)
Polygon:
(0,0)(8,0)(8,24)(4,24)(4,11)(2,11)(2,18)(0,18)
Polygon:
(0,0)(30,0)(30,16)(14,16)(14,3)(10,3)(10,17)(0,17)
Polygon:
(0,0)(25,0)(25,10)(19,10)(19,4)(6,4)(6,17)(0,17)
Polygon:
(0,0)(34,0)(34,16)(23,16)(23,1)(12,1)(12,14)(0,14)
Polygon:
(0,0)(25,0)(25,21)(18,21)(18,5)(5,5)(5,6)(0,6)
Polygon:
(0,0)(26,0)(26,32)(9,32)(9,17)(7,17)(7,18)(0,18)
Polygon:
(0,0)(25,0)(25,11)(22,11)(22,5)(16,5)(16,17)(0,17)
Polygon:
(0,0)(35,0)(35,26)(30,26)(30,17)(16,17)(16,32)(0,32)
Polygon:
(0,0)(26,0)(26,17)(22,17)(22,13)(9,13)(9,14)(0,14)
Polygon:
(0,0)(33,0)(33,26)(18,26)(18,12)(17,12)(17,16)(0,16)
Polygon:
(0,0)(33,0)(33,17)(24,17)(24,3)(12,3)(12,14)(0,14)
Polygon:
(0,0)(37,0)(37,9)(30,9)(30,2)(15,2)(15,10)(0,10)
Polygon:
(0,0)(39,0)(39,5)(27,5)(27,3)(11,3)(11,9)(0,9)
Polygon:
(0,0)(18,0)(18,6)(16,6)(16,3)(6,3)(6,11)(0,11)
Polygon:
(0,0)(25,0)(25,4)(15,4)(15,1)(7,1)(7,6)(0,6)
Polygon:
(0,0)(42,0)(42,17)(26,17)(26,6)(14,6)(14,16)(0,16)
Polygon:
(0,0)(43,0)(43,25)(27,25)(27,11)(16,11)(16,18)(0,18)
Polygon:
(0,0)(37,0)(37,7)(24,7)(24,6)(16,6)(16,13)(0,13)
Polygon:
(0,0)(27,0)(27,6)(17,6)(17,2)(2,2)(2,17)(0,17)
Polygon:
(0,0)(41,0)(41,21)(23,21)(23,4)(11,4)(11,6)(0,6)
Polygon:
(0,0)(30,0)(30,19)(26,19)(26,9)(9,9)(9,11)(0,11)
Polygon:
(0,0)(23,0)(23,13)(17,13)(17,12)(5,12)(5,17)(0,17)
Polygon:
(0,0)(30,0)(30,3)(19,3)(19,2)(9,2)(9,4)(0,4)
Polygon:
(0,0)(21,0)(21,12)(16,12)(16,2)(10,2)(10,9)(0,9)
Polygon:
(0,0)(24,0)(24,8)(14,8)(14,4)(4,4)(4,18)(0,18)
Polygon:
(0,0)(23,0)(23,23)(18,23)(18,6)(6,6)(6,17)(0,17)
Polygon:
(0,0)(33,0)(33,10)(16,10)(16,1)(14,1)(14,15)(0,15)
Polygon:
(0,0)(29,0)(29,21)(25,21)(25,6)(11,6)(11,20)(0,20)
Polygon:
(0,0)(22,0)(22,18)(11,18)(11,7)(7,7)(7,15)(0,15)
Polygon:
(0,0)(27,0)(27,31)(20,31)(20,14)(8,14)(8,17)(0,17)
Polygon:
(0,0)(21,0)(21,14)(12,14)(12,2)(9,2)(9,11)(0,11)
Polygon:
(0,0)(31,0)(31,11)(21,11)(21,2)(14,2)(14,6)(0,6)
Polygon:
(0,0)(8,0)(8,15)(2,15)(2,3)(1,3)(1,16)(0,16)
Polygon:
(0,0)(30,0)(30,9)(23,9)(23,6)(6,6)(6,18)(0,18)
Polygon:
(0,0)(18,0)(18,20)(13,20)(13,8)(10,8)(10,19)(0,19)
Polygon:
(0,0)(23,0)(23,6)(13,6)(13,1)(5,1)(5,13)(0,13)
Polygon:
(0,0)(41,0)(41,24)(23,24)(23,7)(12,7)(12,12)(0,12)
Polygon:
(0,0)(30,0)(30,15)(29,15)(29,9)(16,9)(16,14)(0,14)
Polygon:
(0,0)(9,0)(9,6)(5,6)(5,3)(1,3)(1,13)(0,13)
Polygon:
(0,0)(43,0)(43,14)(33,14)(33,7)(15,7)(15,15)(0,15)
Polygon:
(0,0)(26,0)(26,19)(21,19)(21,2)(4,2)(4,16)(0,16)
Polygon:
(0,0)(35,0)(35,11)(30,11)(30,7)(17,7)(17,8)(0,8)
Polygon:
(0,0)(49,0)(49,16)(32,16)(32,5)(14,5)(14,17)(0,17)
Polygon:
(0,0)(43,0)(43,25)(32,25)(32,8)(16,8)(16,15)(0,15)
Polygon:
(0,0)(30,0)(30,13)(15,13)(15,12)(11,12)(11,18)(0,18)
Polygon:
(0,0)(24,0)(24,26)(16,26)(16,9)(3,9)(3,17)(0,17)
Polygon:
(0,0)(34,0)(34,10)(18,10)(18,6)(12,6)(12,15)(0,15)
Polygon:
(0,0)(21,0)(21,14)(12,14)(12,11)(11,11)(11,16)(0,16)
Polygon:
(0,0)(27,0)(27,16)(15,16)(15,6)(1,6)(1,11)(0,11)
Polygon:
(0,0)(23,0)(23,11)(20,11)(20,4)(8,4)(8,13)(0,13)
Polygon:
(0,0)(12,0)(12,12)(8,12)(8,3)(1,3)(1,5)(0,5)
Polygon:
(0,0)(31,0)(31,23)(23,23)(23,9)(6,9)(6,10)(0,10)
Polygon:
(0,0)(47,0)(47,10)(30,10)(30,1)(15,1)(15,16)(0,16)
Polygon:
(0,0)(33,0)(33,17)(15,17)(15,11)(14,11)(14,13)(0,13)
Polygon:
(0,0)(31,0)(31,23)(29,23)(29,14)(12,14)(12,15)(0,15)
Polygon:
(0,0)(29,0)(29,22)(15,22)(15,7)(5,7)(5,15)(0,15)
Polygon:
(0,0)(25,0)(25,25)(20,25)(20,12)(11,12)(11,18)(0,18)
Polygon:
(0,0)(20,0)(20,4)(9,4)(9,2)(1,2)(1,15)(0,15)
Polygon:
(0,0)(29,0)(29,27)(22,27)(22,10)(15,10)(15,11)(0,11)
Polygon:
(0,0)(30,0)(30,5)(20,5)(20,2)(17,2)(17,9)(0,9)
Polygon:
(0,0)(34,0)(34,3)(31,3)(31,2)(14,2)(14,8)(0,8)
Polygon:
(0,0)(29,0)(29,16)(25,16)(25,8)(13,8)(13,11)(0,11)
Polygon:
(0,0)(43,0)(43,15)(33,15)(33,7)(17,7)(17,10)(0,10)
Polygon:
(0,0)(30,0)(30,15)(20,15)(20,2)(10,2)(10,8)(0,8)
Polygon:
(0,0)(32,0)(32,9)(22,9)(22,5)(18,5)(18,6)(0,6)
Polygon:
(0,0)(36,0)(36,14)(27,14)(27,7)(15,7)(15,16)(0,16)
Polygon:
(0,0)(25,0)(25,15)(8,15)(8,4)(2,4)(2,11)(0,11)
Polygon:
(0,0)(12,0)(12,4)(8,4)(8,3)(1,3)(1,18)(0,18)
Polygon:
(0,0)(24,0)(24,13)(23,13)(23,3)(18,3)(18,6)(0,6)
Polygon:
(0,0)(21,0)(21,15)(19,15)(19,8)(14,8)(14,13)(0,13)
Polygon:
(0,0)(32,0)(32,18)(28,18)(28,1)(16,1)(16,5)(0,5)
Polygon:
(0,0)(23,0)(23,19)(17,19)(17,6)(12,6)(12,9)(0,9)
Polygon:
(0,0)(34,0)(34,23)(29,23)(29,9)(15,9)(15,17)(0,17)
Polygon:
(0,0)(23,0)(23,8)(20,8)(20,6)(7,6)(7,14)(0,14)
Polygon:
(0,0)(33,0)(33,18)(20,18)(20,7)(3,7)(3,11)(0,11)
Polygon:
(0,0)(22,0)(22,24)(21,24)(21,10)(6,10)(6,14)(0,14)
Polygon:
(0,0)(32,0)(32,22)(21,22)(21,10)(4,10)(4,18)(0,18)
Polygon:
(0,0)(16,0)(16,17)(12,17)(12,12)(4,12)(4,14)(0,14)
Polygon:
(0,0)(32,0)(32,14)(14,14)(14,4)(5,4)(5,13)(0,13)
Polygon:
(0,0)(17,0)(17,26)(15,26)(15,10)(8,10)(8,17)(0,17)
Polygon:
(0,0)(20,0)(20,11)(18,11)(18,4)(16,4)(16,14)(0,14)
Polygon:
(0,0)(23,0)(23,13)(19,13)(19,7)(5,7)(5,14)(0,14)
Polygon:
(0,0)(22,0)(22,17)(14,17)(14,2)(3,2)(3,6)(0,6)
Polygon:
(0,0)(31,0)(31,4)(26,4)(26,2)(17,2)(17,13)(0,13)
Polygon:
(0,0)(45,0)(45,31)(30,31)(30,14)(15,14)(15,17)(0,17)
Polygon:
(0,0)(30,0)(30,20)(19,20)(19,12)(11,12)(11,15)(0,15)
Polygon:
(0,0)(29,0)(29,7)(17,7)(17,6)(10,6)(10,16)(0,16)
Polygon:
(0,0)(24,0)(24,22)(22,22)(22,7)(7,7)(7,18)(0,18)
Polygon:
(0,0)(27,0)(27,19)(14,19)(14,5)(6,5)(6,11)(0,11)
Polygon:
(0,0)(16,0)(16,19)(6,19)(6,15)(1,15)(1,16)(0,16)
Polygon:
(0,0)(20,0)(20,19)(19,19)(19,4)(17,4)(17,12)(0,12)
Polygon:
(0,0)(14,0)(14,11)(12,11)(12,1)(3,1)(3,8)(0,8)
Polygon:
(0,0)(36,0)(36,21)(18,21)(18,9)(8,9)(8,17)(0,17)
Polygon:
(0,0)(29,0)(29,24)(27,24)(27,13)(11,13)(11,16)(0,16)
Polygon:
(0,0)(18,0)(18,12)(12,12)(12,3)(10,3)(10,7)(0,7)
Polygon:
(0,0)(42,0)(42,10)(30,10)(30,5)(14,5)(14,15)(0,15)
Polygon:
(0,0)(13,0)(13,14)(10,14)(10,1)(2,1)(2,15)(0,15)
Polygon:
(0,0)(40,0)(40,19)(26,19)(26,13)(18,13)(18,16)(0,16)
Polygon:
(0,0)(18,0)(18,5)(12,5)(12,2)(9,2)(9,16)(0,16)
Polygon:
(0,0)(22,0)(22,12)(15,12)(15,7)(14,7)(14,16)(0,16)
Polygon:
(0,0)(43,0)(43,5)(27,5)(27,1)(13,1)(13,15)(0,15)
Polygon:
(0,0)(24,0)(24,23)(22,23)(22,11)(17,11)(17,17)(0,17)
Polygon:
(0,0)(41,0)(41,10)(29,10)(29,8)(11,8)(11,17)(0,17)
Polygon:
(0,0)(35,0)(35,22)(32,22)(32,5)(16,5)(16,17)(0,17)
Polygon:
(0,0)(43,0)(43,15)(27,15)(27,7)(10,7)(10,11)(0,11)
Polygon:
(0,0)(28,0)(28,22)(13,22)(13,12)(4,12)(4,16)(0,16)
Polygon:
(0,0)(33,0)(33,17)(19,17)(19,1)(17,1)(17,12)(0,12)
Polygon:
(0,0)(33,0)(33,17)(24,17)(24,7)(8,7)(8,23)(0,23)
Polygon:
(0,0)(37,0)(37,21)(19,21)(19,3)(4,3)(4,4)(0,4)
Polygon:
(0,0)(23,0)(23,18)(11,18)(11,7)(6,7)(6,11)(0,11)
Polygon:
(0,0)(29,0)(29,9)(22,9)(22,8)(6,8)(6,11)(0,11)
Polygon:
(0,0)(21,0)(21,19)(7,19)(7,11)(2,11)(2,17)(0,17)
Polygon:
(0,0)(26,0)(26,20)(11,20)(11,3)(10,3)(10,4)(0,4)
Polygon:
(0,0)(19,0)(19,4)(3,4)(3,2)(2,2)(2,18)(0,18)
Polygon:
(0,0)(20,0)(20,22)(16,22)(16,5)(15,5)(15,17)(0,17)
Polygon:
(0,0)(33,0)(33,7)(18,7)(18,3)(14,3)(14,14)(0,14)
Polygon:
(0,0)(34,0)(34,18)(26,18)(26,6)(17,6)(17,11)(0,11)
Polygon:
(0,0)(38,0)(38,7)(27,7)(27,1)(13,1)(13,2)(0,2)
Polygon:
(0,0)(52,0)(52,17)(35,17)(35,6)(18,6)(18,12)(0,12)
Polygon:
(0,0)(34,0)(34,3)(33,3)(33,1)(18,1)(18,12)(0,12)
Polygon:
(0,0)(21,0)(21,6)(16,6)(16,5)(2,5)(2,16)(0,16)
Polygon:
(0,0)(45,0)(45,8)(28,8)(28,6)(17,6)(17,10)(0,10)
Polygon:
(0,0)(20,0)(20,10)(14,10)(14,7)(4,7)(4,8)(0,8)
Polygon:
(0,0)(31,0)(31,16)(26,16)(26,10)(11,10)(11,11)(0,11)
Polygon:
(0,0)(15,0)(15,14)(14,14)(14,3)(1,3)(1,13)(0,13)
Polygon:
(0,0)(26,0)(26,25)(23,25)(23,16)(18,16)(18,17)(0,17)
Polygon:
(0,0)(15,0)(15,30)(14,30)(14,17)(5,17)(5,18)(0,18)
Polygon:
(0,0)(31,0)(31,3)(26,3)(26,1)(12,1)(12,5)(0,5)
Polygon:
(0,0)(21,0)(21,19)(14,19)(14,4)(10,4)(10,12)(0,12)
Polygon:
(0,0)(40,0)(40,26)(31,26)(31,12)(17,12)(17,17)(0,17)
Polygon:
(0,0)(45,0)(45,28)(27,28)(27,14)(12,14)(12,18)(0,18)
Polygon:
(0,0)(17,0)(17,10)(4,10)(4,8)(1,8)(1,16)(0,16)
Polygon:
(0,0)(31,0)(31,7)(18,7)(18,5)(16,5)(16,6)(0,6)
Polygon:
(0,0)(28,0)(28,18)(25,18)(25,9)(17,9)(17,11)(0,11)
Polygon:
(0,0)(47,0)(47,18)(33,18)(33,5)(17,5)(17,9)(0,9)
Polygon:
(0,0)(18,0)(18,12)(16,12)(16,1)(1,1)(1,3)(0,3)
Polygon:
(0,0)(42,0)(42,23)(24,23)(24,5)(8,5)(8,17)(0,17)
Polygon:
(0,0)(27,0)(27,5)(23,5)(23,3)(16,3)(16,16)(0,16)
Polygon:
(0,0)(31,0)(31,2)(22,2)(22,1)(5,1)(5,2)(0,2)
Polygon:
(0,0)(43,0)(43,17)(27,17)(27,4)(18,4)(18,14)(0,14)
Polygon:
(0,0)(31,0)(31,4)(23,4)(23,3)(16,3)(16,4)(0,4)
Polygon:
(0,0)(30,0)(30,17)(15,17)(15,3)(8,3)(8,10)(0,10)
Polygon:
(0,0)(9,0)(9,5)(6,5)(6,2)(5,2)(5,11)(0,11)
Polygon:
(0,0)(24,0)(24,22)(18,22)(18,4)(9,4)(9,14)(0,14)
Polygon:
(0,0)(17,0)(17,14)(14,14)(14,7)(9,7)(9,13)(0,13)
Polygon:
(0,0)(28,0)(28,23)(11,23)(11,5)(2,5)(2,9)(0,9)
Polygon:
(0,0)(46,0)(46,21)(33,21)(33,4)(15,4)(15,15)(0,15)
Polygon:
(0,0)(38,0)(38,25)(32,25)(32,8)(16,8)(16,12)(0,12)
Polygon:
(0,0)(27,0)(27,24)(22,24)(22,11)(6,11)(6,14)(0,14)
Polygon:
(0,0)(29,0)(29,13)(16,13)(16,10)(1,10)(1,11)(0,11)
Polygon:
(0,0)(38,0)(38,9)(26,9)(26,1)(11,1)(11,18)(0,18)
Polygon:
(0,0)(28,0)(28,7)(19,7)(19,2)(6,2)(6,8)(0,8)
Polygon:
(0,0)(22,0)(22,2)(14,2)(14,1)(5,1)(5,10)(0,10)
Polygon:
(0,0)(19,0)(19,23)(18,23)(18,6)(4,6)(4,17)(0,17)
Polygon:
(0,0)(42,0)(42,21)(24,21)(24,6)(11,6)(11,17)(0,17)
Polygon:
(0,0)(28,0)(28,18)(11,18)(11,15)(8,15)(8,20)(0,20)
Polygon:
(0,0)(38,0)(38,3)(21,3)(21,2)(11,2)(11,10)(0,10)
Polygon:
(0,0)(42,0)(42,17)(27,17)(27,8)(16,8)(16,14)(0,14)
Polygon:
(0,0)(36,0)(36,10)(24,10)(24,8)(11,8)(11,15)(0,15)
Polygon:
(0,0)(30,0)(30,17)(21,17)(21,2)(11,2)(11,18)(0,18)
Polygon:
(0,0)(37,0)(37,10)(27,10)(27,1)(15,1)(15,3)(0,3)
Polygon:
(0,0)(29,0)(29,19)(19,19)(19,14)(7,14)(7,16)(0,16)
Polygon:
(0,0)(32,0)(32,21)(18,21)(18,11)(1,11)(1,18)(0,18)
Polygon:
(0,0)(31,0)(31,19)(14,19)(14,2)(13,2)(13,11)(0,11)
Polygon:
(0,0)(33,0)(33,19)(18,19)(18,5)(10,5)(10,12)(0,12)
Polygon:
(0,0)(27,0)(27,7)(23,7)(23,6)(7,6)(7,16)(0,16)
Polygon:
(0,0)(18,0)(18,8)(14,8)(14,2)(6,2)(6,9)(0,9)
Polygon:
(0,0)(31,0)(31,17)(17,17)(17,9)(13,9)(13,14)(0,14)
Polygon:
(0,0)(43,0)(43,31)(35,31)(35,16)(17,16)(17,18)(0,18)
Polygon:
(0,0)(16,0)(16,14)(14,14)(14,6)(12,6)(12,12)(0,12)
Polygon:
(0,0)(35,0)(35,17)(19,17)(19,12)(14,12)(14,13)(0,13)
Polygon:
(0,0)(12,0)(12,21)(9,21)(9,12)(1,12)(1,17)(0,17)
Polygon:
(0,0)(35,0)(35,25)(18,25)(18,8)(4,8)(4,13)(0,13)
Polygon:
(0,0)(17,0)(17,5)(7,5)(7,2)(1,2)(1,13)(0,13)
Polygon:
(0,0)(30,0)(30,10)(16,10)(16,8)(11,8)(11,12)(0,12)
Polygon:
(0,0)(32,0)(32,27)(14,27)(14,10)(9,10)(9,15)(0,15)
Polygon:
(0,0)(33,0)(33,30)(21,30)(21,15)(5,15)(5,16)(0,16)
Polygon:
(0,0)(37,0)(37,11)(19,11)(19,9)(16,9)(16,10)(0,10)
Polygon:
(0,0)(38,0)(38,21)(21,21)(21,4)(8,4)(8,18)(0,18)
Polygon:
(0,0)(25,0)(25,21)(15,21)(15,10)(11,10)(11,14)(0,14)
Polygon:
(0,0)(39,0)(39,16)(23,16)(23,12)(18,12)(18,14)(0,14)
Polygon:
(0,0)(44,0)(44,11)(26,11)(26,8)(16,8)(16,17)(0,17)
Polygon:
(0,0)(28,0)(28,6)(16,6)(16,3)(4,3)(4,8)(0,8)
Polygon:
(0,0)(39,0)(39,22)(21,22)(21,5)(13,5)(13,12)(0,12)
Polygon:
(0,0)(24,0)(24,11)(7,11)(7,9)(4,9)(4,14)(0,14)
Polygon:
(0,0)(22,0)(22,20)(21,20)(21,4)(10,4)(10,18)(0,18)
Polygon:
(0,0)(25,0)(25,25)(22,25)(22,9)(15,9)(15,13)(0,13)
Polygon:
(0,0)(32,0)(32,19)(26,19)(26,6)(8,6)(8,7)(0,7)
Polygon:
(0,0)(32,0)(32,14)(23,14)(23,9)(10,9)(10,17)(0,17)
Polygon:
(0,0)(54,0)(54,15)(36,15)(36,1)(18,1)(18,4)(0,4)
Polygon:
(0,0)(34,0)(34,22)(20,22)(20,12)(13,12)(13,16)(0,16)
Polygon:
(0,0)(28,0)(28,13)(19,13)(19,5)(12,5)(12,8)(0,8)
Polygon:
(0,0)(43,0)(43,19)(30,19)(30,1)(17,1)(17,3)(0,3)
Polygon:
(0,0)(23,0)(23,8)(9,8)(9,6)(2,6)(2,13)(0,13)
Polygon:
(0,0)(38,0)(38,18)(30,18)(30,1)(16,1)(16,2)(0,2)
Polygon:
(0,0)(30,0)(30,6)(16,6)(16,1)(10,1)(10,11)(0,11)
Polygon:
(0,0)(38,0)(38,10)(21,10)(21,2)(12,2)(12,4)(0,4)
Polygon:
(0,0)(21,0)(21,7)(16,7)(16,4)(6,4)(6,9)(0,9)
Polygon:
(0,0)(11,0)(11,22)(6,22)(6,9)(4,9)(4,13)(0,13)
Polygon:
(0,0)(22,0)(22,7)(14,7)(14,6)(6,6)(6,12)(0,12)
Polygon:
(0,0)(33,0)(33,10)(15,10)(15,1)(10,1)(10,16)(0,16)
Polygon:
(0,0)(33,0)(33,18)(23,18)(23,4)(15,4)(15,12)(0,12)
Polygon:
(0,0)(32,0)(32,27)(25,27)(25,14)(11,14)(11,18)(0,18)
Polygon:
(0,0)(32,0)(32,18)(25,18)(25,6)(12,6)(12,14)(0,14)
Polygon:
(0,0)(31,0)(31,8)(20,8)(20,5)(7,5)(7,9)(0,9)
Polygon:
(0,0)(43,0)(43,17)(28,17)(28,6)(13,6)(13,12)(0,12)
Polygon:
(0,0)(46,0)(46,11)(30,11)(30,4)(18,4)(18,13)(0,13)
Polygon:
(0,0)(14,0)(14,6)(7,6)(7,1)(4,1)(4,14)(0,14)
Polygon:
(0,0)(34,0)(34,17)(26,17)(26,10)(15,10)(15,14)(0,14)
Polygon:
(0,0)(32,0)(32,20)(24,20)(24,15)(11,15)(11,18)(0,18)
Polygon:
(0,0)(42,0)(42,16)(24,16)(24,9)(18,9)(18,14)(0,14)
Polygon:
(0,0)(22,0)(22,25)(20,25)(20,8)(6,8)(6,11)(0,11)
Polygon:
(0,0)(24,0)(24,10)(22,10)(22,3)(12,3)(12,8)(0,8)
Polygon:
(0,0)(32,0)(32,4)(15,4)(15,2)(13,2)(13,12)(0,12)
Polygon:
(0,0)(16,0)(16,5)(10,5)(10,3)(2,3)(2,9)(0,9)
Polygon:
(0,0)(34,0)(34,22)(25,22)(25,10)(10,10)(10,14)(0,14)
Polygon:
(0,0)(34,0)(34,8)(19,8)(19,3)(4,3)(4,7)(0,7)
Polygon:
(0,0)(40,0)(40,16)(24,16)(24,11)(11,11)(11,21)(0,21)
Polygon:
(0,0)(42,0)(42,14)(29,14)(29,7)(15,7)(15,12)(0,12)
Polygon:
(0,0)(29,0)(29,11)(21,11)(21,2)(17,2)(17,18)(0,18)
Polygon:
(0,0)(26,0)(26,14)(18,14)(18,10)(7,10)(7,17)(0,17)
Polygon:
(0,0)(14,0)(14,12)(4,12)(4,2)(1,2)(1,9)(0,9)
Polygon:
(0,0)(28,0)(28,13)(19,13)(19,2)(13,2)(13,12)(0,12)
Polygon:
(0,0)(25,0)(25,19)(21,19)(21,16)(12,16)(12,17)(0,17)
Polygon:
(0,0)(39,0)(39,12)(27,12)(27,8)(9,8)(9,11)(0,11)
Polygon:
(0,0)(36,0)(36,17)(22,17)(22,10)(8,10)(8,17)(0,17)
Polygon:
(0,0)(33,0)(33,25)(16,25)(16,10)(12,10)(12,14)(0,14)
Polygon:
(0,0)(41,0)(41,20)(26,20)(26,7)(14,7)(14,17)(0,17)
Polygon:
(0,0)(27,0)(27,22)(21,22)(21,10)(16,10)(16,17)(0,17)
Polygon:
(0,0)(32,0)(32,6)(26,6)(26,3)(16,3)(16,18)(0,18)
Polygon:
(0,0)(24,0)(24,11)(18,11)(18,2)(8,2)(8,17)(0,17)
Polygon:
(0,0)(26,0)(26,20)(23,20)(23,11)(6,11)(6,12)(0,12)
Polygon:
(0,0)(20,0)(20,9)(16,9)(16,5)(11,5)(11,17)(0,17)
Polygon:
(0,0)(35,0)(35,30)(20,30)(20,15)(18,15)(18,16)(0,16)
Polygon:
(0,0)(25,0)(25,6)(8,6)(8,4)(6,4)(6,16)(0,16)
Polygon:
(0,0)(21,0)(21,15)(20,15)(20,4)(4,4)(4,12)(0,12)
Polygon:
(0,0)(40,0)(40,12)(24,12)(24,4)(13,4)(13,12)(0,12)
Polygon:
(0,0)(21,0)(21,19)(11,19)(11,1)(4,1)(4,6)(0,6)
Polygon:
(0,0)(18,0)(18,13)(4,13)(4,2)(1,2)(1,12)(0,12)
Polygon:
(0,0)(35,0)(35,19)(32,19)(32,8)(18,8)(18,14)(0,14)
Polygon:
(0,0)(24,0)(24,13)(16,13)(16,11)(5,11)(5,17)(0,17)
Polygon:
(0,0)(33,0)(33,23)(19,23)(19,15)(10,15)(10,29)(0,29)
Polygon:
(0,0)(33,0)(33,4)(24,4)(24,1)(8,1)(8,12)(0,12)
Polygon:
(0,0)(26,0)(26,10)(24,10)(24,5)(10,5)(10,14)(0,14)
Polygon:
(0,0)(21,0)(21,4)(18,4)(18,1)(16,1)(16,16)(0,16)
Polygon:
(0,0)(28,0)(28,5)(23,5)(23,1)(18,1)(18,14)(0,14)
Polygon:
(0,0)(25,0)(25,6)(19,6)(19,4)(11,4)(11,18)(0,18)
Polygon:
(0,0)(35,0)(35,25)(27,25)(27,17)(18,17)(18,18)(0,18)
Polygon:
(0,0)(36,0)(36,13)(28,13)(28,7)(12,7)(12,18)(0,18)
Polygon:
(0,0)(28,0)(28,6)(14,6)(14,4)(3,4)(3,7)(0,7)
Polygon:
(0,0)(26,0)(26,16)(25,16)(25,7)(13,7)(13,8)(0,8)
Polygon:
(0,0)(49,0)(49,19)(32,19)(32,1)(16,1)(16,3)(0,3)
Polygon:
(0,0)(18,0)(18,10)(11,10)(11,7)(7,7)(7,14)(0,14)
Polygon:
(0,0)(28,0)(28,26)(23,26)(23,9)(18,9)(18,13)(0,13)
Polygon:
(0,0)(20,0)(20,6)(18,6)(18,12)(4,12)(4,11)(0,11)
Polygon:
(0,0)(23,0)(23,16)(18,16)(18,17)(0,17)
Polygon:
(0,0)(9,0)(9,16)(5,16)(5,18)(0,18)
Polygon:
(0,0)(9,0)(9,3)(4,3)(4,7)(0,7)
Polygon:
(0,0)(28,0)(28,8)(18,8)(18,16)(7,16)(7,1)(0,1)
Polygon:
(0,0)(10,0)(10,12)(0,12)
Polygon:
(0,0)(10,0)(10,16)(8,16)(8,33)(0,33)
Polygon:
(0,0)(2,0)(2,10)(0,10)
Polygon:
(0,0)(34,0)(34,4)(20,4)(20,18)(5,18)(5,3)(0,3)
Polygon:
(0,0)(27,0)(27,5)(10,5)(10,7)(7,7)(7,2)(0,2)
Polygon:
(0,0)(36,0)(36,14)(27,14)(27,20)(15,20)(15,4)(0,4)
Polygon:
(0,0)(24,0)(24,6)(20,6)(20,22)(15,22)(15,11)(0,11)
Polygon:
(0,0)(28,0)(28,7)(15,7)(15,15)(0,15)
Polygon:
(0,0)(10,0)(10,16)(0,16)
Polygon:
(0,0)(19,0)(19,15)(14,15)(14,33)(0,33)
Polygon:
(0,0)(17,0)(17,9)(0,9)
Polygon:
(0,0)(5,0)(5,8)(0,8)
Polygon:
(0,0)(9,0)(9,8)(0,8)
Polygon:
(0,0)(12,0)(12,1)(0,1)
Polygon:
(0,0)(11,0)(11,4)(0,4)
Polygon:
(0,0)(33,0)(33,9)(15,9)(15,21)(0,21)
Polygon:
(0,0)(15,0)(15,12)(0,12)
Polygon:
(0,0)(5,0)(5,11)(4,11)(4,23)(0,23)
Polygon:
(0,0)(17,0)(17,6)(10,6)(10,18)(0,18)
Polygon:
(0,0)(18,0)(18,5)(8,5)(8,12)(0,12)
Polygon:
(0,0)(5,0)(5,15)(0,15)
Polygon:
(0,0)(22,0)(22,16)(6,16)(6,34)(0,34)
Polygon:
(0,0)(9,0)(9,9)(0,9)
Polygon:
(0,0)(29,0)(29,6)(14,6)(14,22)(0,22)
Polygon:
(0,0)(4,0)(4,2)(0,2)
Polygon:
(0,0)(5,0)(5,15)(0,15)
Polygon:
(0,0)(32,0)(32,12)(22,12)(22,26)(6,26)(6,15)(0,15)
Polygon:
(0,0)(10,0)(10,4)(0,4)
Polygon:
(0,0)(30,0)(30,9)(21,9)(21,20)(10,20)(10,2)(0,2)
Polygon:
(0,0)(18,0)(18,3)(0,3)
Polygon:
(0,0)(17,0)(17,5)(9,5)(9,9)(4,9)(4,7)(0,7)
Polygon:
(0,0)(15,0)(15,7)(0,7)
Polygon:
(0,0)(16,0)(16,5)(0,5)
Polygon:
(0,0)(19,0)(19,4)(13,4)(13,9)(10,9)(10,3)(0,3)
Polygon:
(0,0)(1,0)(1,8)(0,8)
Polygon:
(0,0)(36,0)(36,6)(22,6)(22,11)(7,11)(7,3)(0,3)
Polygon:
(0,0)(16,0)(16,4)(0,4)
Polygon:
(0,0)(7,0)(7,3)(0,3)
Polygon:
(0,0)(7,0)(7,10)(0,10)
Polygon:
(0,0)(26,0)(26,19)(20,19)(20,21)(13,21)(13,8)(0,8)
Polygon:
(0,0)(4,0)(4,1)(0,1)
Polygon:
(0,0)(2,0)(2,1)(0,1)
Polygon:
(0,0)(16,0)(16,12)(0,12)
Polygon:
(0,0)(15,0)(15,11)(0,11)
Polygon:
(0,0)(28,0)(28,5)(11,5)(11,15)(0,15)
Polygon:
(0,0)(16,0)(16,8)(0,8)
Polygon:
(0,0)(18,0)(18,13)(0,13)
Polygon:
(0,0)(4,0)(4,11)(3,11)(3,14)(0,14)
Polygon:
(0,0)(4,0)(4,13)(2,13)(2,17)(0,17)
Polygon:
(0,0)(14,0)(14,2)(2,2)(2,13)(0,13)
Polygon:
(0,0)(19,0)(19,18)(12,18)(12,20)(0,20)
Polygon:
(0,0)(11,0)(11,5)(0,5)
Polygon:
(0,0)(12,0)(12,3)(0,3)
Polygon:
(0,0)(30,0)(30,10)(19,10)(19,24)(15,24)(15,12)(0,12)
Polygon:
(0,0)(21,0)(21,8)(11,8)(11,15)(6,15)(6,10)(0,10)
Polygon:
(0,0)(29,0)(29,17)(13,17)(13,28)(4,28)(4,11)(0,11)
Polygon:
(0,0)(18,0)(18,17)(0,17)
Polygon:
(0,0)(11,0)(11,8)(8,8)(8,17)(0,17)
Polygon:
(0,0)(35,0)(35,13)(19,13)(19,24)(12,24)(12,17)(0,17)
Polygon:
(0,0)(8,0)(8,5)(6,5)(6,16)(5,16)(5,9)(0,9)
Polygon:
(0,0)(15,0)(15,17)(0,17)
Polygon:
(0,0)(40,0)(40,8)(31,8)(31,23)(16,23)(16,11)(0,11)
Polygon:
(0,0)(33,0)(33,3)(32,3)(32,11)(17,11)(17,9)(0,9)
Polygon:
(0,0)(28,0)(28,12)(17,12)(17,16)(0,16)
Polygon:
(0,0)(15,0)(15,18)(14,18)(14,19)(0,19)
Polygon:
(0,0)(5,0)(5,9)(0,9)
Polygon:
(0,0)(12,0)(12,16)(0,16)
Polygon:
(0,0)(4,0)(4,11)(0,11)
Polygon:
(0,0)(16,0)(16,18)(10,18)(10,26)(0,26)
Polygon:
(0,0)(3,0)(3,6)(0,6)
Polygon:
(0,0)(25,0)(25,3)(16,3)(16,11)(5,11)(5,7)(0,7)
Polygon:
(0,0)(41,0)(41,17)(26,17)(26,28)(17,28)(17,17)(0,17)
Polygon:
(0,0)(27,0)(27,6)(16,6)(16,22)(13,22)(13,5)(0,5)
Polygon:
(0,0)(8,0)(8,13)(0,13)
Polygon:
(0,0)(7,0)(7,8)(0,8)
Polygon:
(0,0)(24,0)(24,11)(10,11)(10,18)(0,18)
Polygon:
(0,0)(14,0)(14,15)(0,15)
Polygon:
(0,0)(6,0)(6,2)(0,2)
Polygon:
(0,0)(41,0)(41,11)(25,11)(25,12)(12,12)(12,2)(0,2)
Polygon:
(0,0)(13,0)(13,12)(10,12)(10,28)(0,28)
Polygon:
(0,0)(8,0)(8,12)(0,12)
Polygon:
(0,0)(20,0)(20,20)(14,20)(14,25)(7,25)(7,7)(0,7)
Polygon:
(0,0)(13,0)(13,18)(0,18)
Polygon:
(0,0)(40,0)(40,28)(33,28)(33,34)(18,34)(18,17)(0,17)
Polygon:
(0,0)(5,0)(5,12)(0,12)
Polygon:
(0,0)(12,0)(12,5)(0,5)
Polygon:
(0,0)(1,0)(1,4)(0,4)
Polygon:
(0,0)(18,0)(18,16)(0,16)
Polygon:
(0,0)(34,0)(34,7)(24,7)(24,11)(7,11)(7,5)(0,5)
Polygon:
(0,0)(17,0)(17,5)(0,5)
Polygon:
(0,0)(13,0)(13,11)(0,11)
Polygon:
(0,0)(16,0)(16,10)(0,10)
Polygon:
(0,0)(36,0)(36,26)(18,26)(18,31)(15,31)(15,13)(0,13)
Polygon:
(0,0)(18,0)(18,4)(9,4)(9,6)(0,6)
Polygon:
(0,0)(1,0)(1,1)(0,1)
Polygon:
(0,0)(14,0)(14,7)(9,7)(9,21)(0,21)
Polygon:
(0,0)(22,0)(22,16)(8,16)(8,17)(0,17)
Polygon:
(0,0)(16,0)(16,17)(0,17)
Polygon:
(0,0)(12,0)(12,14)(4,14)(4,21)(0,21)
Polygon:
(0,0)(1,0)(1,13)(0,13)
Polygon:
(0,0)(25,0)(25,7)(18,7)(18,15)(17,15)(17,3)(0,3)
Polygon:
(0,0)(21,0)(21,5)(18,5)(18,21)(7,21)(7,11)(0,11)
Polygon:
(0,0)(26,0)(26,11)(15,11)(15,19)(0,19)
Polygon:
(0,0)(10,0)(10,16)(0,16)
Polygon:
(0,0)(8,0)(8,16)(0,16)
Polygon:
(0,0)(31,0)(31,17)(21,17)(21,18)(5,18)(5,3)(0,3)
Polygon:
(0,0)(13,0)(13,5)(2,5)(2,22)(0,22)
Polygon:
(0,0)(20,0)(20,18)(19,18)(19,20)(18,20)(18,11)(0,11)
Polygon:
(0,0)(6,0)(6,3)(0,3)
Polygon:
(0,0)(15,0)(15,8)(0,8)
Polygon:
(0,0)(14,0)(14,3)(0,3)
Polygon:
(0,0)(28,0)(28,8)(11,8)(11,20)(0,20)
Polygon:
(0,0)(14,0)(14,14)(0,14)
Polygon:
(0,0)(11,0)(11,9)(9,9)(9,19)(0,19)
Polygon:
(0,0)(11,0)(11,12)(5,12)(5,19)(0,19)
Polygon:
(0,0)(37,0)(37,13)(32,13)(32,19)(17,19)(17,3)(0,3)
Polygon:
(0,0)(16,0)(16,6)(14,6)(14,21)(7,21)(7,8)(0,8)
Polygon:
(0,0)(10,0)(10,21)(6,21)(6,33)(1,33)(1,15)(0,15)
Polygon:
(0,0)(7,0)(7,9)(0,9)
Polygon:
(0,0)(9,0)(9,3)(0,3)
Polygon:
(0,0)(14,0)(14,16)(0,16)
Polygon:
(0,0)(2,0)(2,14)(0,14)
Polygon:
(0,0)(14,0)(14,4)(11,4)(11,12)(3,12)(3,8)(0,8)
Polygon:
(0,0)(16,0)(16,3)(11,3)(11,21)(0,21)
Polygon:
(0,0)(23,0)(23,11)(14,11)(14,12)(0,12)
Polygon:
(0,0)(19,0)(19,11)(11,11)(11,20)(6,20)(6,18)(0,18)
Polygon:
(0,0)(28,0)(28,16)(12,16)(12,21)(3,21)(3,14)(0,14)
Polygon:
(0,0)(16,0)(16,8)(0,8)
Polygon:
(0,0)(10,0)(10,10)(0,10)
Polygon:
(0,0)(24,0)(24,1)(15,1)(15,19)(12,19)(12,7)(0,7)
Polygon:
(0,0)(10,0)(10,16)(0,16)
Polygon:
(0,0)(26,0)(26,2)(14,2)(14,9)(0,9)
Polygon:
(0,0)(4,0)(4,15)(0,15)
Polygon:
(0,0)(19,0)(19,3)(8,3)(8,20)(0,20)
Polygon:
(0,0)(16,0)(16,5)(0,5)
Polygon:
(0,0)(20,0)(20,22)(12,22)(12,23)(11,23)(11,16)(0,16)
Polygon:
(0,0)(4,0)(4,10)(0,10)
Polygon:
(0,0)(13,0)(13,8)(0,8)
Polygon:
(0,0)(12,0)(12,13)(0,13)
Polygon:
(0,0)(12,0)(12,18)(0,18)
Polygon:
(0,0)(3,0)(3,18)(0,18)
Polygon:
(0,0)(18,0)(18,13)(0,13)
Polygon:
(0,0)(13,0)(13,2)(0,2)
Polygon:
(0,0)(4,0)(4,5)(0,5)
Polygon:
(0,0)(16,0)(16,1)(0,1)
Polygon:
(0,0)(6,0)(6,10)(0,10)
Polygon:
(0,0)(3,0)(3,11)(0,11)
Polygon:
(0,0)(16,0)(16,15)(3,15)(3,24)(0,24)
Polygon:
(0,0)(13,0)(13,17)(7,17)(7,21)(1,21)(1,4)(0,4)
Polygon:
(0,0)(14,0)(14,6)(3,6)(3,12)(0,12)
Polygon:
(0,0)(3,0)(3,13)(0,13)
Polygon:
(0,0)(18,0)(18,17)(0,17)
Polygon:
(0,0)(9,0)(9,1)(0,1)
Polygon:
(0,0)(5,0)(5,3)(0,3)
Polygon:
(0,0)(8,0)(8,15)(0,15)
Polygon:
(0,0)(22,0)(22,9)(16,9)(16,11)(0,11)
Polygon:
(0,0)(40,0)(40,25)(27,25)(27,29)(11,29)(11,12)(0,12)
Polygon:
(0,0)(3,0)(3,11)(2,11)(2,26)(0,26)
Polygon:
(0,0)(8,0)(8,2)(2,2)(2,12)(0,12)
Polygon:
(0,0)(7,0)(7,3)(0,3)
Polygon:
(0,0)(30,0)(30,28)(15,28)(15,31)(10,31)(10,13)(0,13)
Polygon:
(0,0)(17,0)(17,16)(0,16)
Polygon:
(0,0)(25,0)(25,6)(10,6)(10,11)(5,11)(5,3)(0,3)
Polygon:
(0,0)(14,0)(14,3)(0,3)
Polygon:
(0,0)(21,0)(21,13)(18,13)(18,18)(0,18)
Polygon:
(0,0)(19,0)(19,11)(15,11)(15,22)(0,22)
Polygon:
(0,0)(26,0)(26,13)(14,13)(14,28)(11,28)(11,10)(0,10)
Polygon:
(0,0)(31,0)(31,12)(15,12)(15,18)(4,18)(4,5)(0,5)
Polygon:
(0,0)(10,0)(10,6)(0,6)
Polygon:
(0,0)(8,0)(8,4)(6,4)(6,17)(0,17)
Polygon:
(0,0)(15,0)(15,8)(0,8)
Polygon:
(0,0)(3,0)(3,3)(0,3)
Polygon:
(0,0)(34,0)(34,10)(30,10)(30,21)(13,21)(13,5)(0,5)
Polygon:
(0,0)(34,0)(34,12)(26,12)(26,21)(10,21)(10,11)(0,11)
Polygon:
(0,0)(16,0)(16,6)(0,6)
Polygon:
(0,0)(10,0)(10,2)(3,2)(3,11)(0,11)
Polygon:
(0,0)(37,0)(37,12)(23,12)(23,27)(10,27)(10,12)(0,12)
Polygon:
(0,0)(5,0)(5,17)(1,17)(1,28)(0,28)
Polygon:
(0,0)(6,0)(6,18)(0,18)
Polygon:
(0,0)(13,0)(13,5)(0,5)
Polygon:
(0,0)(11,0)(11,16)(0,16)
Polygon:
(0,0)(23,0)(23,13)(5,13)(5,28)(4,28)(4,16)(0,16)
Polygon:
(0,0)(19,0)(19,12)(13,12)(13,15)(0,15)
Polygon:
(0,0)(5,0)(5,10)(0,10)
Polygon:
(0,0)(31,0)(31,23)(22,23)(22,28)(14,28)(14,18)(0,18)
Polygon:
(0,0)(31,0)(31,19)(25,19)(25,23)(14,23)(14,16)(0,16)
Polygon:
(0,0)(17,0)(17,1)(14,1)(14,16)(8,16)(8,13)(0,13)
Polygon:
(0,0)(4,0)(4,13)(0,13)
Polygon:
(0,0)(38,0)(38,15)(26,15)(26,21)(11,21)(11,9)(0,9)
Polygon:
(0,0)(10,0)(10,16)(0,16)
Polygon:
(0,0)(11,0)(11,12)(0,12)
Polygon:
(0,0)(8,0)(8,6)(0,6)
Polygon:
(0,0)(3,0)(3,7)(0,7)
Polygon:
(0,0)(16,0)(16,1)(0,1)
Polygon:
(0,0)(15,0)(15,5)(0,5)
Polygon:
(0,0)(7,0)(7,15)(0,15)
Polygon:
(0,0)(15,0)(15,5)(0,5)
Polygon:
(0,0)(2,0)(2,5)(0,5)
Polygon:
(0,0)(16,0)(16,11)(0,11)
Polygon:
(0,0)(13,0)(13,15)(0,15)
Polygon:
(0,0)(26,0)(26,4)(17,4)(17,14)(0,14)
Polygon:
(0,0)(13,0)(13,1)(7,1)(7,17)(0,17)
Polygon:
(0,0)(42,0)(42,5)(35,5)(35,12)(17,12)(17,3)(0,3)
Polygon:
(0,0)(2,0)(2,17)(0,17)
Polygon:
(0,0)(13,0)(13,12)(7,12)(7,21)(0,21)
Polygon:
(0,0)(15,0)(15,18)(0,18)
Polygon:
(0,0)(23,0)(23,6)(15,6)(15,15)(0,15)
Polygon:
(0,0)(18,0)(18,13)(12,13)(12,14)(5,14)(5,5)(0,5)
Polygon:
(0,0)(12,0)(12,15)(3,15)(3,32)(0,32)
Polygon:
(0,0)(40,0)(40,1)(33,1)(33,19)(15,19)(15,10)(0,10)
Polygon:
(0,0)(12,0)(12,4)(0,4)
Polygon:
(0,0)(3,0)(3,13)(1,13)(1,18)(0,18)
Polygon:
(0,0)(18,0)(18,15)(0,15)
Polygon:
(0,0)(6,0)(6,10)(0,10)
Polygon:
(0,0)(33,0)(33,14)(19,14)(19,16)(16,16)(16,3)(0,3)
Polygon:
(0,0)(4,0)(4,9)(1,9)(1,20)(0,20)
Polygon:
(0,0)(12,0)(12,1)(0,1)
Polygon:
(0,0)(18,0)(18,4)(15,4)(15,5)(11,5)(11,2)(0,2)
Polygon:
(0,0)(16,0)(16,9)(0,9)
Polygon:
(0,0)(11,0)(11,2)(10,2)(10,14)(0,14)
Polygon:
(0,0)(1,0)(1,8)(0,8)
Polygon:
(0,0)(11,0)(11,10)(0,10)
Polygon:
(0,0)(19,0)(19,10)(17,10)(17,18)(10,18)(10,8)(0,8)
Polygon:
(0,0)(41,0)(41,26)(28,26)(28,32)(17,32)(17,15)(0,15)
Polygon:
(0,0)(17,0)(17,6)(0,6)
Polygon:
(0,0)(6,0)(6,5)(0,5)
Polygon:
(0,0)(28,0)(28,3)(14,3)(14,4)(0,4)
Polygon:
(0,0)(34,0)(34,7)(21,7)(21,21)(7,21)(7,10)(0,10)
Polygon:
(0,0)(27,0)(27,16)(11,16)(11,23)(6,23)(6,14)(0,14)
Polygon:
(0,0)(1,0)(1,3)(0,3)
Polygon:
(0,0)(5,0)(5,8)(0,8)
Polygon:
(0,0)(23,0)(23,11)(12,11)(12,12)(0,12)
Polygon:
(0,0)(17,0)(17,13)(16,13)(16,19)(14,19)(14,9)(0,9)
Polygon:
(0,0)(12,0)(12,15)(0,15)
Polygon:
(0,0)(5,0)(5,4)(0,4)
Polygon:
(0,0)(34,0)(34,7)(18,7)(18,19)(10,19)(10,1)(0,1)
Polygon:
(0,0)(2,0)(2,5)(0,5)
Polygon:
(0,0)(15,0)(15,2)(0,2)
Polygon:
(0,0)(18,0)(18,18)(14,18)(14,35)(0,35)
Polygon:
(0,0)(23,0)(23,11)(16,11)(16,23)(6,23)(6,8)(0,8)
Polygon:
(0,0)(4,0)(4,12)(0,12)
Polygon:
(0,0)(20,0)(20,9)(5,9)(5,20)(0,20)
Polygon:
(0,0)(47,0)(47,17)(35,17)(35,23)(18,23)(18,17)(0,17)
Polygon:
(0,0)(16,0)(16,15)(0,15)
Polygon:
(0,0)(14,0)(14,4)(0,4)
Polygon:
(0,0)(8,0)(8,9)(6,9)(6,24)(0,24)
Polygon:
(0,0)(15,0)(15,11)(0,11)
Polygon:
(0,0)(16,0)(16,5)(0,5)
Polygon:
(0,0)(7,0)(7,9)(0,9)
Polygon:
(0,0)(32,0)(32,14)(29,14)(29,23)(17,23)(17,8)(0,8)
Polygon:
(0,0)(14,0)(14,18)(0,18)
Polygon:
(0,0)(13,0)(13,2)(0,2)
Polygon:
(0,0)(12,0)(12,7)(9,7)(9,24)(8,24)(8,12)(0,12)
Polygon:
(0,0)(5,0)(5,10)(0,10)
Polygon:
(0,0)(19,0)(19,8)(16,8)(16,25)(0,25)
Polygon:
(0,0)(41,0)(41,19)(29,19)(29,26)(13,26)(13,13)(0,13)
Polygon:
(0,0)(8,0)(8,18)(3,18)(3,29)(0,29)
Polygon:
(0,0)(6,0)(6,11)(0,11)
Polygon:
(0,0)(8,0)(8,7)(1,7)(1,20)(0,20)
Polygon:
(0,0)(35,0)(35,12)(20,12)(20,18)(7,18)(7,16)(0,16)
Polygon:
(0,0)(27,0)(27,11)(22,11)(22,21)(8,21)(8,15)(0,15)
Polygon:
(0,0)(25,0)(25,18)(8,18)(8,24)(0,24)
Polygon:
(0,0)(26,0)(26,2)(9,2)(9,9)(6,9)(6,6)(0,6)
Polygon:
(0,0)(20,0)(20,5)(7,5)(7,16)(0,16)
Polygon:
(0,0)(16,0)(16,2)(0,2)
Polygon:
(0,0)(31,0)(31,1)(17,1)(17,8)(0,8)
Polygon:
(0,0)(8,0)(8,3)(0,3)
Polygon:
(0,0)(15,0)(15,3)(0,3)
Polygon:
(0,0)(5,0)(5,6)(2,6)(2,22)(0,22)
Polygon:
(0,0)(33,0)(33,6)(18,6)(18,17)(12,17)(12,16)(0,16)
Polygon:
(0,0)(3,0)(3,12)(0,12)
Polygon:
(0,0)(25,0)(25,10)(13,10)(13,23)(0,23)
Polygon:
(0,0)(15,0)(15,7)(11,7)(11,12)(0,12)
Polygon:
(0,0)(34,0)(34,2)(26,2)(26,15)(10,15)(10,1)(0,1)
Polygon:
(0,0)(30,0)(30,16)(18,16)(18,22)(0,22)
Polygon:
(0,0)(31,0)(31,13)(21,13)(21,21)(17,21)(17,8)(0,8)
Polygon:
(0,0)(19,0)(19,12)(2,12)(2,22)(0,22)
Polygon:
(0,0)(3,0)(3,2)(0,2)
Polygon:
(0,0)(39,0)(39,20)(26,20)(26,31)(11,31)(11,15)(0,15)
Polygon:
(0,0)(17,0)(17,13)(7,13)(7,22)(0,22)
Polygon:
(0,0)(23,0)(23,13)(14,13)(14,31)(2,31)(2,17)(0,17)
Polygon:
(0,0)(36,0)(36,4)(33,4)(33,14)(17,14)(17,11)(0,11)
Polygon:
(0,0)(16,0)(16,3)(0,3)
Polygon:
(0,0)(36,0)(36,11)(18,11)(18,20)(8,20)(8,10)(0,10)
Polygon:
(0,0)(21,0)(21,18)(9,18)(9,20)(0,20)
Polygon:
(0,0)(14,0)(14,11)(0,11)
Polygon:
(0,0)(6,0)(6,7)(0,7)
Polygon:
(0,0)(14,0)(14,17)(0,17)
Polygon:
(0,0)(17,0)(17,6)(0,6)
Polygon:
(0,0)(10,0)(10,1)(2,1)(2,8)(0,8)
Polygon:
(0,0)(33,0)(33,2)(21,2)(21,14)(16,14)(16,13)(0,13)
Polygon:
(0,0)(6,0)(6,16)(0,16)
Polygon:
(0,0)(32,0)(32,16)(14,16)(14,20)(0,20)
Polygon:
(0,0)(7,0)(7,3)(0,3)
Polygon:
(0,0)(44,0)(44,12)(32,12)(32,16)(17,16)(17,15)(0,15)
Polygon:
(0,0)(16,0)(16,18)(6,18)(6,34)(0,34)
Polygon:
(0,0)(19,0)(19,13)(9,13)(9,30)(0,30)
Polygon:
(0,0)(14,0)(14,5)(0,5)
Polygon:
(0,0)(10,0)(10,3)(1,3)(1,18)(0,18)
Polygon:
(0,0)(21,0)(21,12)(14,12)(14,23)(0,23)
Polygon:
(0,0)(16,0)(16,16)(0,16)
Polygon:
(0,0)(12,0)(12,4)(0,4)
Polygon:
(0,0)(27,0)(27,5)(15,5)(15,8)(0,8)
Polygon:
(0,0)(6,0)(6,6)(0,6)
Polygon:
(0,0)(10,0)(10,10)(0,10)
Polygon:
(0,0)(14,0)(14,11)(0,11)
Polygon:
(0,0)(5,0)(5,17)(0,17)
Polygon:
(0,0)(7,0)(7,4)(4,4)(4,8)(0,8)
Polygon:
(0,0)(25,0)(25,14)(22,14)(22,27)(12,27)(12,10)(0,10)
Polygon:
(0,0)(49,0)(49,11)(32,11)(32,22)(15,22)(15,5)(0,5)
Polygon:
(0,0)(11,0)(11,15)(0,15)
Polygon:
(0,0)(18,0)(18,6)(0,6)
Polygon:
(0,0)(14,0)(14,19)(2,19)(2,27)(1,27)(1,9)(0,9)
Polygon:
(0,0)(8,0)(8,2)(0,2)
Polygon:
(0,0)(30,0)(30,7)(12,7)(12,23)(6,23)(6,8)(0,8)
Polygon:
(0,0)(23,0)(23,14)(12,14)(12,21)(0,21)
Polygon:
(0,0)(26,0)(26,11)(19,11)(19,26)(10,26)(10,13)(0,13)
Polygon:
(0,0)(8,0)(8,1)(0,1)
Polygon:
(0,0)(3,0)(3,15)(0,15)
Polygon:
(0,0)(13,0)(13,9)(0,9)
Polygon:
(0,0)(4,0)(4,17)(1,17)(1,23)(0,23)
Polygon:
(0,0)(35,0)(35,14)(29,14)(29,21)(14,21)(14,12)(0,12)
Polygon:
(0,0)(10,0)(10,8)(0,8)
Polygon:
(0,0)(2,0)(2,11)(0,11)
Polygon:
(0,0)(15,0)(15,17)(12,17)(12,22)(2,22)(2,11)(0,11)
Polygon:
(0,0)(22,0)(22,16)(12,16)(12,34)(0,34)
Polygon:
(0,0)(2,0)(2,13)(0,13)
Polygon:
(0,0)(12,0)(12,6)(1,6)(1,7)(0,7)
Polygon:
(0,0)(5,0)(5,11)(0,11)
Polygon:
(0,0)(16,0)(16,16)(0,16)
Polygon:
(0,0)(7,0)(7,14)(0,14)
Polygon:
(0,0)(10,0)(10,12)(8,12)(8,30)(0,30)
Polygon:
(0,0)(11,0)(11,2)(0,2)
Polygon:
(0,0)(26,0)(26,13)(17,13)(17,20)(0,20)
Polygon:
(0,0)(12,0)(12,13)(0,13)
Polygon:
(0,0)(10,0)(10,18)(2,18)(2,26)(0,26)
Polygon:
(0,0)(29,0)(29,17)(14,17)(14,31)(0,31)
Polygon:
(0,0)(17,0)(17,18)(0,18)
Polygon:
(0,0)(46,0)(46,4)(32,4)(32,15)(16,15)(16,8)(0,8)
Polygon:
(0,0)(2,0)(2,17)(0,17)
Polygon:
(0,0)(28,0)(28,18)(19,18)(19,20)(5,20)(5,3)(0,3)
Polygon:
(0,0)(17,0)(17,4)(1,4)(1,7)(0,7)
Polygon:
(0,0)(11,0)(11,13)(0,13)
Polygon:
(0,0)(42,0)(42,9)(27,9)(27,25)(14,25)(14,10)(0,10)
Polygon:
(0,0)(13,0)(13,6)(0,6)
Polygon:
(0,0)(7,0)(7,8)(0,8)
Polygon:
(0,0)(28,0)(28,5)(12,5)(12,10)(0,10)
Polygon:
(0,0)(24,0)(24,34)(14,34)(14,36)(13,36)(13,18)(0,18)
Polygon:
(0,0)(11,0)(11,11)(0,11)
Polygon:
(0,0)(26,0)(26,9)(9,9)(9,15)(0,15)
Polygon:
(0,0)(13,0)(13,17)(4,17)(4,31)(0,31)
Polygon:
(0,0)(12,0)(12,10)(0,10)
Polygon:
(0,0)(13,0)(13,17)(0,17)
Polygon:
(0,0)(8,0)(8,4)(0,4)
Polygon:
(0,0)(10,0)(10,18)(0,18)
Polygon:
(0,0)(16,0)(16,7)(0,7)
Polygon:
(0,0)(32,0)(32,13)(19,13)(19,24)(11,24)(11,9)(0,9)
Polygon:
(0,0)(29,0)(29,17)(13,17)(13,26)(1,26)(1,9)(0,9)
Polygon:
(0,0)(29,0)(29,13)(15,13)(15,29)(0,29)
Polygon:
(0,0)(18,0)(18,18)(0,18)
Polygon:
(0,0)(16,0)(16,2)(0,2)
Polygon:
(0,0)(14,0)(14,6)(1,6)(1,14)(0,14)
Polygon:
(0,0)(5,0)(5,4)(0,4)
Polygon:
(0,0)(12,0)(12,16)(0,16)
Polygon:
(0,0)(2,0)(2,9)(0,9)
Polygon:
(0,0)(20,0)(20,2)(8,2)(8,11)(0,11)
Polygon:
(0,0)(12,0)(12,4)(0,4)
Polygon:
(0,0)(14,0)(14,6)(0,6)
Polygon:
(0,0)(32,0)(32,5)(18,5)(18,21)(0,21)
Polygon:
(0,0)(40,0)(40,17)(22,17)(22,24)(9,24)(9,12)(0,12)
Polygon:
(0,0)(11,0)(11,6)(0,6)
Polygon:
(0,0)(34,0)(34,5)(28,5)(28,12)(13,12)(13,2)(0,2)
Polygon:
(0,0)(10,0)(10,18)(0,18)
Polygon:
(0,0)(2,0)(2,6)(0,6)
Polygon:
(0,0)(21,0)(21,2)(6,2)(6,8)(1,8)(1,6)(0,6)
Polygon:
(0,0)(11,0)(11,12)(0,12)
Polygon:
(0,0)(14,0)(14,6)(0,6)
Polygon:
(0,0)(12,0)(12,14)(8,14)(8,28)(0,28)
Polygon:
(0,0)(16,0)(16,10)(0,10)
Polygon:
(0,0)(9,0)(9,2)(6,2)(6,19)(1,19)(1,17)(0,17)
Polygon:
(0,0)(6,0)(6,5)(1,5)(1,13)(0,13)
Polygon:
(0,0)(13,0)(13,4)(0,4)
Polygon:
(0,0)(7,0)(7,9)(0,9)
Polygon:
(0,0)(8,0)(8,17)(0,17)
Polygon:
(0,0)(29,0)(29,1)(16,1)(16,8)(12,8)(12,1)(0,1)
Polygon:
(0,0)(5,0)(5,17)(3,17)(3,27)(0,27)
Polygon:
(0,0)(15,0)(15,18)(0,18)
Polygon:
(0,0)(12,0)(12,3)(0,3)
Polygon:
(0,0)(26,0)(26,24)(14,24)(14,26)(5,26)(5,10)(0,10)
Polygon:
(0,0)(7,0)(7,13)(0,13)
Polygon:
(0,0)(9,0)(9,8)(0,8)
Polygon:
(0,0)(4,0)(4,2)(0,2)
Polygon:
(0,0)(26,0)(26,8)(13,8)(13,10)(4,10)(4,7)(0,7)
Polygon:
(0,0)(7,0)(7,15)(0,15)
Polygon:
(0,0)(18,0)(18,7)(16,7)(16,22)(0,22)
