Polygon:
(0,0)(19,0)(19,21)(9,21)(9,3)(1,3)(1,17)(0,17)
Polygon:
(0,0)(41,0)(41,24)(27,24)(27,9)(9,9)(9,18)(0,18)
Polygon:
(0,0)(44,0)(44,28)(33,28)(33,14)(18,14)(18,17)(0,17)
Polygon:
(0,0)(21,0)(21,20)(6,20)(6,5)(3,5)(3,7)(0,7)
Polygon:
(0,0)(32,0)(32,28)(23,28)(23,10)(18,10)(18,16)(0,16)
Polygon:
(0,0)(28,0)(28,6)(19,6)(19,2)(10,2)(10,18)(0,18)
Polygon:
(0,0)(19,0)(19,17)(13,17)(13,3)(11,3)(11,15)(0,15)
Polygon:
(0,0)(17,0)(17,15)(11,15)(11,9)(6,9)(6,18)(0,18)
Polygon:
(0,0)(17,0)(17,14)(10,14)(10,2)(6,2)(6,4)(0,4)
Polygon:
(0,0)(33,0)(33,15)(23,15)(23,1)(12,1)(12,3)(0,3)
Polygon:
(0,0)(35,0)(35,27)(20,27)(20,15)(6,15)(6,16)(0,16)
Polygon:
(0,0)(31,0)(31,9)(18,9)(18,2)(5,2)(5,4)(0,4)
Polygon:
(0,0)(28,0)(28,22)(13,22)(13,4)(9,4)(9,9)(0,9)
Polygon:
(0,0)(31,0)(31,18)(23,18)(23,6)(7,6)(7,8)(0,8)
Polygon:
(0,0)(25,0)(25,9)(22,9)(22,3)(7,3)(7,18)(0,18)
Polygon:
(0,0)(24,0)(24,6)(20,6)(20,2)(14,2)(14,10)(0,10)
Polygon:
(0,0)(28,0)(28,3)(24,3)(24,1)(15,1)(15,17)(0,17)
Polygon:
(0,0)(39,0)(39,22)(30,22)(30,11)(17,11)(17,12)(0,12)
Polygon:
(0,0)(13,0)(13,27)(9,27)(9,15)(1,15)(1,16)(0,16)
Polygon:
(0,0)(28,0)(28,29)(26,29)(26,12)(13,12)(13,18)(0,18)
Polygon:
(0,0)(21,0)(21,7)(15,7)(15,6)(13,6)(13,17)(0,17)
Polygon:
(0,0)(21,0)(21,19)(15,19)(15,4)(9,4)(9,14)(0,14)
Polygon:
(0,0)(24,0)(24,8)(15,8)(15,1)(1,1)(1,17)(0,17)
Polygon:
(0,0)(24,0)(24,17)(16,17)(16,6)(3,6)(3,11)(0,11)
Polygon:
(0,0)(33,0)(33,9)(28,9)(28,6)(18,6)(18,21)(0,21)
Polygon:
(0,0)(41,0)(41,16)(31,16)(31,4)(13,4)(13,5)(0,5)
Polygon:
(0,0)(28,0)(28,7)(24,7)(24,5)(18,5)(18,8)(0,8)
Polygon:
(0,0)(44,0)(44,17)(33,17)(33,6)(15,6)(15,11)(0,11)
Polygon:
(0,0)(21,0)(21,15)(15,15)(15,13)(14,13)(14,16)(0,16)
Polygon:
(0,0)(35,0)(35,10)(22,10)(22,3)(9,3)(9,7)(0,7)
Polygon:
(0,0)(38,0)(38,7)(30,7)(30,2)(17,2)(17,14)(0,14)
Polygon:
(0,0)(30,0)(30,18)(12,18)(12,16)(5,16)(5,18)(0,18)
Polygon:
(0,0)(24,0)(24,15)(13,15)(13,1)(3,1)(3,17)(0,17)
Polygon:
(0,0)(26,0)(26,11)(15,11)(15,5)(6,5)(6,6)(0,6)
Polygon:
(0,0)(25,0)(25,12)(17,12)(17,7)(9,7)(9,10)(0,10)
Polygon:
(0,0)(46,0)(46,21)(31,21)(31,16)(15,16)(15,17)(0,17)
Polygon:
(0,0)(24,0)(24,6)(20,6)(20,4)(6,4)(6,15)(0,15)
Polygon:
(0,0)(31,0)(31,8)(19,8)(19,5)(2,5)(2,7)(0,7)
Polygon:
(0,0)(27,0)(27,21)(24,21)(24,9)(11,9)(11,14)(0,14)
Polygon:
(0,0)(23,0)(23,12)(16,12)(16,2)(5,2)(5,13)(0,13)
Polygon:
(0,0)(47,0)(47,20)(34,20)(34,5)(18,5)(18,10)(0,10)
Polygon:
(0,0)(13,0)(13,6)(10,6)(10,1)(7,1)(7,7)(0,7)
Polygon:
(0,0)(16,0)(16,10)(8,10)(8,6)(3,6)(3,17)(0,17)
Polygon:
(0,0)(32,0)(32,18)(21,18)(21,7)(9,7)(9,10)(0,10)
Polygon:
(0,0)(24,0)(24,9)(14,9)(14,8)(13,8)(13,13)(0,13)
Polygon:
(0,0)(22,0)(22,13)(21,13)(21,7)(10,7)(10,14)(0,14)
Polygon:
(0,0)(32,0)(32,13)(25,13)(25,5)(7,5)(7,9)(0,9)
Polygon:
(0,0)(33,0)(33,11)(23,11)(23,2)(14,2)(14,18)(0,18)
Polygon:
(0,0)(32,0)(32,23)(18,23)(18,9)(2,9)(2,11)(0,11)
Polygon:
(0,0)(29,0)(29,10)(27,10)(27,6)(10,6)(10,9)(0,9)
Polygon:
(0,0)(23,0)(23,9)(18,9)(18,1)(14,1)(14,13)(0,13)
Polygon:
(0,0)(41,0)(41,22)(25,22)(25,10)(16,10)(16,17)(0,17)
Polygon:
(0,0)(23,0)(23,15)(13,15)(13,2)(6,2)(6,4)(0,4)
Polygon:
(0,0)(21,0)(21,19)(14,19)(14,18)(11,18)(11,23)(0,23)
Polygon:
(0,0)(25,0)(25,12)(20,12)(20,4)(17,4)(17,17)(0,17)
Polygon:
(0,0)(14,0)(14,23)(11,23)(11,6)(3,6)(3,9)(0,9)
Polygon:
(0,0)(19,0)(19,16)(15,16)(15,11)(1,11)(1,15)(0,15)
Polygon:
(0,0)(25,0)(25,13)(14,13)(14,3)(13,3)(13,21)(0,21)
Polygon:
(0,0)(18,0)(18,6)(6,6)(6,3)(2,3)(2,18)(0,18)
Polygon:
(0,0)(45,0)(45,12)(32,12)(32,2)(14,2)(14,5)(0,5)
Polygon:
(0,0)(32,0)(32,12)(23,12)(23,3)(7,3)(7,8)(0,8)
Polygon:
(0,0)(13,0)(13,19)(7,19)(7,4)(4,4)(4,10)(0,10)
Polygon:
(0,0)(37,0)(37,19)(20,19)(20,5)(5,5)(5,10)(0,10)
Polygon:
(0,0)(24,0)(24,21)(21,21)(21,3)(13,3)(13,7)(0,7)
Polygon:
(0,0)(26,0)(26,24)(22,24)(22,13)(5,13)(5,15)(0,15)
Polygon:
(0,0)(35,0)(35,7)(17,7)(17,1)(5,1)(5,8)(0,8)
Polygon:
(0,0)(22,0)(22,23)(18,23)(18,12)(6,12)(6,15)(0,15)
Polygon:
(0,0)(23,0)(23,13)(11,13)(11,3)(2,3)(2,11)(0,11)
Polygon:
(0,0)(35,0)(35,28)(17,28)(17,15)(13,15)(13,17)(0,17)
Polygon:
(0,0)(23,0)(23,12)(11,12)(11,1)(5,1)(5,15)(0,15)
Polygon:
(0,0)(26,0)(26,26)(14,26)(14,11)(1,11)(1,12)(0,12)
Polygon:
(0,0)(38,0)(38,13)(22,13)(22,6)(8,6)(8,7)(0,7)
Polygon:
(0,0)(33,0)(33,15)(20,15)(20,3)(3,3)(3,5)(0,5)
Polygon:
(0,0)(24,0)(24,9)(23,9)(23,4)(15,4)(15,9)(0,9)
Polygon:
(0,0)(33,0)(33,15)(27,15)(27,3)(11,3)(11,13)(0,13)
Polygon:
(0,0)(33,0)(33,12)(16,12)(16,1)(12,1)(12,16)(0,16)
Polygon:
(0,0)(35,0)(35,18)(18,18)(18,16)(1,16)(1,17)(0,17)
Polygon:
(0,0)(29,0)(29,22)(24,22)(24,5)(16,5)(16,12)(0,12)
Polygon:
(0,0)(41,0)(41,19)(25,19)(25,2)(9,2)(9,15)(0,15)
Polygon:
(0,0)(34,0)(34,22)(23,22)(23,4)(6,4)(6,18)(0,18)
Polygon:
(0,0)(44,0)(44,17)(26,17)(26,8)(12,8)(12,16)(0,16)
Polygon:
(0,0)(28,0)(28,14)(11,14)(11,10)(2,10)(2,12)(0,12)
Polygon:
(0,0)(31,0)(31,8)(27,8)(27,2)(9,2)(9,4)(0,4)
Polygon:
(0,0)(13,0)(13,16)(11,16)(11,7)(1,7)(1,23)(0,23)
Polygon:
(0,0)(24,0)(24,15)(21,15)(21,7)(10,7)(10,15)(0,15)
Polygon:
(0,0)(39,0)(39,15)(21,15)(21,10)(4,10)(4,13)(0,13)
Polygon:
(0,0)(29,0)(29,25)(12,25)(12,8)(1,8)(1,13)(0,13)
Polygon:
(0,0)(34,0)(34,19)(21,19)(21,8)(15,8)(15,11)(0,11)
Polygon:
(0,0)(34,0)(34,24)(30,24)(30,10)(17,10)(17,15)(0,15)
Polygon:
(0,0)(18,0)(18,12)(13,12)(13,2)(12,2)(12,13)(0,13)
Polygon:
(0,0)(41,0)(41,15)(27,15)(27,1)(11,1)(11,2)(0,2)
Polygon:
(0,0)(12,0)(12,6)(11,6)(11,2)(2,2)(2,4)(0,4)
Polygon:
(0,0)(21,0)(21,17)(10,17)(10,7)(3,7)(3,13)(0,13)
Polygon:
(0,0)(21,0)(21,7)(17,7)(17,4)(16,4)(16,8)(0,8)
Polygon:
(0,0)(30,0)(30,11)(20,11)(20,1)(13,1)(13,9)(0,9)
Polygon:
(0,0)(18,0)(18,29)(7,29)(7,15)(6,15)(6,18)(0,18)
Polygon:
(0,0)(27,0)(27,11)(11,11)(11,4)(6,4)(6,15)(0,15)
Polygon:
(0,0)(27,0)(27,3)(12,3)(12,1)(11,1)(11,10)(0,10)
Polygon:
(0,0)(39,0)(39,17)(32,17)(32,13)(15,13)(15,27)(0,27)
Polygon:
(0,0)(20,0)(20,3)(17,3)(17,2)(7,2)(7,9)(0,9)
Polygon:
(0,0)(37,0)(37,28)(21,28)(21,11)(10,11)(10,16)(0,16)
Polygon:
(0,0)(27,0)(27,25)(26,25)(26,14)(13,14)(13,16)(0,16)
Polygon:
(0,0)(13,0)(13,3)(3,3)(3,2)(1,2)(1,3)(0,3)
Polygon:
(0,0)(25,0)(25,16)(24,16)(24,14)(8,14)(8,16)(0,16)
Polygon:
(0,0)(5,0)(5,10)(2,10)(2,3)(1,3)(1,9)(0,9)
Polygon:
(0,0)(31,0)(31,17)(20,17)(20,9)(18,9)(18,11)(0,11)
Polygon:
(0,0)(35,0)(35,6)(22,6)(22,1)(8,1)(8,4)(0,4)
Polygon:
(0,0)(16,0)(16,15)(10,15)(10,10)(8,10)(8,22)(0,22)
Polygon:
(0,0)(20,0)(20,18)(13,18)(13,11)(12,11)(12,17)(0,17)
Polygon:
(0,0)(39,0)(39,19)(23,19)(23,10)(9,10)(9,12)(0,12)
Polygon:
(0,0)(30,0)(30,22)(18,22)(18,4)(5,4)(5,8)(0,8)
Polygon:
(0,0)(40,0)(40,20)(23,20)(23,9)(12,9)(12,11)(0,11)
Polygon:
(0,0)(23,0)(23,19)(18,19)(18,1)(10,1)(10,16)(0,16)
Polygon:
(0,0)(41,0)(41,5)(29,5)(29,2)(15,2)(15,4)(0,4)
Polygon:
(0,0)(42,0)(42,14)(29,14)(29,7)(12,7)(12,18)(0,18)
Polygon:
(0,0)(43,0)(43,11)(27,11)(27,4)(15,4)(15,11)(0,11)
Polygon:
(0,0)(33,0)(33,8)(20,8)(20,7)(16,7)(16,9)(0,9)
Polygon:
(0,0)(35,0)(35,12)(19,12)(19,2)(17,2)(17,15)(0,15)
Polygon:
(0,0)(42,0)(42,21)(31,21)(31,11)(15,11)(15,16)(0,16)
Polygon:
(0,0)(29,0)(29,13)(20,13)(20,9)(16,9)(16,13)(0,13)
Polygon:
(0,0)(29,0)(29,13)(27,13)(27,5)(9,5)(9,12)(0,12)
Polygon:
(0,0)(21,0)(21,35)(7,35)(7,17)(5,17)(5,18)(0,18)
Polygon:
(0,0)(25,0)(25,12)(11,12)(11,7)(7,7)(7,13)(0,13)
Polygon:
(0,0)(21,0)(21,18)(18,18)(18,3)(3,3)(3,17)(0,17)
Polygon:
(0,0)(26,0)(26,15)(21,15)(21,2)(11,2)(11,16)(0,16)
Polygon:
(0,0)(28,0)(28,25)(10,25)(10,7)(2,7)(2,18)(0,18)
Polygon:
(0,0)(23,0)(23,21)(19,21)(19,4)(17,4)(17,18)(0,18)
Polygon:
(0,0)(27,0)(27,10)(10,10)(10,3)(5,3)(5,10)(0,10)
Polygon:
(0,0)(21,0)(21,18)(11,18)(11,3)(3,3)(3,8)(0,8)
Polygon:
(0,0)(29,0)(29,24)(20,24)(20,14)(18,14)(18,16)(0,16)
Polygon:
(0,0)(27,0)(27,20)(20,20)(20,5)(9,5)(9,9)(0,9)
Polygon:
(0,0)(15,0)(15,15)(13,15)(13,14)(1,14)(1,30)(0,30)
Polygon:
(0,0)(30,0)(30,15)(28,15)(28,4)(18,4)(18,16)(0,16)
Polygon:
(0,0)(22,0)(22,3)(20,3)(20,1)(6,1)(6,14)(0,14)
Polygon:
(0,0)(34,0)(34,15)(17,15)(17,4)(16,4)(16,8)(0,8)
Polygon:
(0,0)(36,0)(36,14)(19,14)(19,3)(18,3)(18,10)(0,10)
Polygon:
(0,0)(33,0)(33,21)(19,21)(19,11)(5,11)(5,18)(0,18)
Polygon:
(0,0)(22,0)(22,30)(17,30)(17,12)(13,12)(13,17)(0,17)
Polygon:
(0,0)(31,0)(31,21)(25,21)(25,16)(7,16)(7,18)(0,18)
Polygon:
(0,0)(18,0)(18,25)(13,25)(13,9)(2,9)(2,12)(0,12)
Polygon:
(0,0)(29,0)(29,8)(12,8)(12,5)(4,5)(4,6)(0,6)
Polygon:
(0,0)(27,0)(27,21)(19,21)(19,17)(6,17)(6,22)(0,22)
Polygon:
(0,0)(28,0)(28,9)(19,9)(19,3)(11,3)(11,9)(0,9)
Polygon:
(0,0)(33,0)(33,15)(29,15)(29,2)(17,2)(17,12)(0,12)
Polygon:
(0,0)(36,0)(36,8)(28,8)(28,2)(10,2)(10,4)(0,4)
Polygon:
(0,0)(36,0)(36,10)(28,10)(28,6)(14,6)(14,14)(0,14)
Polygon:
(0,0)(33,0)(33,3)(30,3)(30,2)(14,2)(14,7)(0,7)
Polygon:
(0,0)(24,0)(24,16)(20,16)(20,7)(5,7)(5,13)(0,13)
Polygon:
(0,0)(36,0)(36,22)(32,22)(32,9)(17,9)(17,16)(0,16)
Polygon:
(0,0)(11,0)(11,4)(8,4)(8,3)(5,3)(5,14)(0,14)
Polygon:
(0,0)(32,0)(32,19)(25,19)(25,9)(13,9)(13,16)(0,16)
Polygon:
(0,0)(32,0)(32,25)(22,25)(22,14)(7,14)(7,16)(0,16)
Polygon:
(0,0)(23,0)(23,16)(22,16)(22,1)(14,1)(14,16)(0,16)
Polygon:
(0,0)(18,0)(18,14)(12,14)(12,3)(1,3)(1,11)(0,11)
Polygon:
(0,0)(31,0)(31,19)(17,19)(17,14)(9,14)(9,18)(0,18)
Polygon:
(0,0)(28,0)(28,13)(17,13)(17,11)(1,11)(1,16)(0,16)
Polygon:
(0,0)(44,0)(44,10)(30,10)(30,6)(13,6)(13,8)(0,8)
Polygon:
(0,0)(11,0)(11,19)(10,19)(10,2)(3,2)(3,5)(0,5)
Polygon:
(0,0)(37,0)(37,24)(28,24)(28,13)(15,13)(15,16)(0,16)
Polygon:
(0,0)(30,0)(30,11)(14,11)(14,1)(1,1)(1,12)(0,12)
Polygon:
(0,0)(41,0)(41,21)(24,21)(24,11)(18,11)(18,14)(0,14)
Polygon:
(0,0)(33,0)(33,7)(22,7)(22,2)(16,2)(16,3)(0,3)
Polygon:
(0,0)(34,0)(34,10)(21,10)(21,6)(3,6)(3,7)(0,7)
Polygon:
(0,0)(39,0)(39,12)(30,12)(30,8)(16,8)(16,18)(0,18)
Polygon:
(0,0)(35,0)(35,18)(18,18)(18,4)(10,4)(10,9)(0,9)
Polygon:
(0,0)(39,0)(39,20)(33,20)(33,6)(15,6)(15,14)(0,14)
Polygon:
(0,0)(22,0)(22,12)(15,12)(15,2)(14,2)(14,18)(0,18)
Polygon:
(0,0)(31,0)(31,15)(18,15)(18,9)(11,9)(11,11)(0,11)
Polygon:
(0,0)(20,0)(20,6)(19,6)(19,2)(8,2)(8,8)(0,8)
Polygon:
(0,0)(30,0)(30,12)(14,12)(14,6)(12,6)(12,14)(0,14)
Polygon:
(0,0)(22,0)(22,9)(11,9)(11,6)(10,6)(10,7)(0,7)
Polygon:
(0,0)(42,0)(42,22)(30,22)(30,8)(16,8)(16,24)(0,24)
Polygon:
(0,0)(27,0)(27,22)(22,22)(22,9)(7,9)(7,17)(0,17)
Polygon:
(0,0)(46,0)(46,9)(31,9)(31,6)(13,6)(13,14)(0,14)
Polygon:
(0,0)(37,0)(37,4)(25,4)(25,2)(17,2)(17,10)(0,10)
Polygon:
(0,0)(22,0)(22,17)(11,17)(11,11)(9,11)(9,15)(0,15)
Polygon:
(0,0)(24,0)(24,21)(22,21)(22,4)(9,4)(9,12)(0,12)
Polygon:
(0,0)(25,0)(25,4)(21,4)(21,1)(4,1)(4,13)(0,13)
Polygon:
(0,0)(39,0)(39,19)(27,19)(27,5)(16,5)(16,6)(0,6)
Polygon:
(0,0)(27,0)(27,5)(20,5)(20,4)(6,4)(6,5)(0,5)
Polygon:
(0,0)(19,0)(19,17)(15,17)(15,1)(11,1)(11,13)(0,13)
Polygon:
(0,0)(25,0)(25,3)(19,3)(19,1)(18,1)(18,15)(0,15)
Polygon:
(0,0)(24,0)(24,27)(17,27)(17,13)(2,13)(2,18)(0,18)
Polygon:
(0,0)(21,0)(21,5)(12,5)(12,4)(5,4)(5,8)(0,8)
Polygon:
(0,0)(18,0)(18,20)(15,20)(15,9)(9,9)(9,14)(0,14)
Polygon:
(0,0)(21,0)(21,9)(11,9)(11,8)(9,8)(9,18)(0,18)
Polygon:
(0,0)(38,0)(38,22)(23,22)(23,14)(7,14)(7,16)(0,16)
Polygon:
(0,0)(41,0)(41,13)(26,13)(26,1)(16,1)(16,5)(0,5)
Polygon:
(0,0)(28,0)(28,16)(12,16)(12,9)(2,9)(2,12)(0,12)
Polygon:
(0,0)(22,0)(22,7)(21,7)(21,6)(6,6)(6,16)(0,16)
Polygon:
(0,0)(49,0)(49,10)(32,10)(32,6)(18,6)(18,14)(0,14)
Polygon:
(0,0)(32,0)(32,19)(15,19)(15,9)(9,9)(9,16)(0,16)
Polygon:
(0,0)(35,0)(35,32)(18,32)(18,15)(16,15)(16,17)(0,17)
Polygon:
(0,0)(21,0)(21,16)(12,16)(12,5)(4,5)(4,18)(0,18)
Polygon:
(0,0)(39,0)(39,19)(24,19)(24,3)(9,3)(9,12)(0,12)
Polygon:
(0,0)(19,0)(19,13)(5,13)(5,8)(1,8)(1,18)(0,18)
Polygon:
(0,0)(21,0)(21,9)(14,9)(14,1)(10,1)(10,7)(0,7)
Polygon:
(0,0)(25,0)(25,18)(15,18)(15,3)(10,3)(10,8)(0,8)
Polygon:
(0,0)(24,0)(24,9)(20,9)(20,2)(2,2)(2,17)(0,17)
Polygon:
(0,0)(13,0)(13,10)(2,10)(2,1)(1,1)(1,12)(0,12)
Polygon:
(0,0)(27,0)(27,14)(20,14)(20,8)(14,8)(14,13)(0,13)
Polygon:
(0,0)(23,0)(23,19)(14,19)(14,14)(11,14)(11,28)(0,28)
Polygon:
(0,0)(26,0)(26,17)(24,17)(24,3)(7,3)(7,4)(0,4)
Polygon:
(0,0)(42,0)(42,23)(35,23)(35,9)(17,9)(17,18)(0,18)
Polygon:
(0,0)(30,0)(30,4)(28,4)(28,1)(11,1)(11,12)(0,12)
Polygon:
(0,0)(26,0)(26,20)(13,20)(13,16)(12,16)(12,18)(0,18)
Polygon:
(0,0)(43,0)(43,25)(25,25)(25,10)(13,10)(13,15)(0,15)
Polygon:
(0,0)(41,0)(41,16)(26,16)(26,7)(15,7)(15,10)(0,10)
Polygon:
(0,0)(43,0)(43,4)(30,4)(30,2)(14,2)(14,12)(0,12)
Polygon:
(0,0)(30,0)(30,26)(21,26)(21,9)(15,9)(15,11)(0,11)
Polygon:
(0,0)(29,0)(29,21)(22,21)(22,12)(9,12)(9,14)(0,14)
Polygon:
(0,0)(27,0)(27,21)(19,21)(19,4)(1,4)(1,14)(0,14)
Polygon:
(0,0)(23,0)(23,12)(17,12)(17,8)(15,8)(15,15)(0,15)
Polygon:
(0,0)(32,0)(32,21)(24,21)(24,9)(14,9)(14,16)(0,16)
Polygon:
(0,0)(31,0)(31,10)(20,10)(20,1)(14,1)(14,2)(0,2)
Polygon:
(0,0)(23,0)(23,13)(10,13)(10,1)(2,1)(2,15)(0,15)
Polygon:
(0,0)(22,0)(22,15)(17,15)(17,13)(2,13)(2,17)(0,17)
Polygon:
(0,0)(37,0)(37,22)(20,22)(20,9)(6,9)(6,14)(0,14)
Polygon:
(0,0)(32,0)(32,13)(15,13)(15,7)(14,7)(14,12)(0,12)
Polygon:
(0,0)(43,0)(43,13)(28,13)(28,2)(15,2)(15,4)(0,4)
Polygon:
(0,0)(39,0)(39,17)(33,17)(33,4)(15,4)(15,9)(0,9)
Polygon:
(0,0)(26,0)(26,6)(14,6)(14,3)(10,3)(10,9)(0,9)
Polygon:
(0,0)(32,0)(32,17)(14,17)(14,1)(3,1)(3,8)(0,8)
Polygon:
(0,0)(46,0)(46,25)(32,25)(32,12)(18,12)(18,13)(0,13)
Polygon:
(0,0)(30,0)(30,13)(21,13)(21,8)(4,8)(4,12)(0,12)
Polygon:
(0,0)(28,0)(28,13)(18,13)(18,10)(8,10)(8,11)(0,11)
Polygon:
(0,0)(32,0)(32,15)(24,15)(24,13)(11,13)(11,15)(0,15)
Polygon:
(0,0)(29,0)(29,16)(26,16)(26,4)(13,4)(13,13)(0,13)
Polygon:
(0,0)(31,0)(31,21)(24,21)(24,15)(10,15)(10,17)(0,17)
Polygon:
(0,0)(26,0)(26,17)(12,17)(12,1)(3,1)(3,7)(0,7)
Polygon:
(0,0)(21,0)(21,9)(15,9)(15,3)(1,3)(1,18)(0,18)
Polygon:
(0,0)(40,0)(40,14)(22,14)(22,5)(7,5)(7,12)(0,12)
Polygon:
(0,0)(35,0)(35,23)(28,23)(28,5)(14,5)(14,13)(0,13)
Polygon:
(0,0)(32,0)(32,21)(23,21)(23,4)(12,4)(12,15)(0,15)
Polygon:
(0,0)(34,0)(34,14)(21,14)(21,9)(17,9)(17,14)(0,14)
Polygon:
(0,0)(30,0)(30,20)(26,20)(26,13)(13,13)(13,15)(0,15)
Polygon:
(0,0)(21,0)(21,21)(17,21)(17,7)(9,7)(9,14)(0,14)
Polygon:
(0,0)(15,0)(15,10)(10,10)(10,9)(3,9)(3,12)(0,12)
Polygon:
(0,0)(26,0)(26,21)(16,21)(16,3)(8,3)(8,5)(0,5)
Polygon:
(0,0)(26,0)(26,7)(23,7)(23,4)(11,4)(11,12)(0,12)
Polygon:
(0,0)(29,0)(29,13)(22,13)(22,7)(14,7)(14,17)(0,17)
Polygon:
(0,0)(32,0)(32,21)(17,21)(17,15)(5,15)(5,18)(0,18)
Polygon:
(0,0)(43,0)(43,15)(25,15)(25,6)(12,6)(12,16)(0,16)
Polygon:
(0,0)(28,0)(28,5)(16,5)(16,3)(13,3)(13,7)(0,7)
Polygon:
(0,0)(14,0)(14,4)(13,4)(13,2)(6,2)(6,5)(0,5)
Polygon:
(0,0)(26,0)(26,27)(17,27)(17,10)(8,10)(8,18)(0,18)
Polygon:
(0,0)(37,0)(37,23)(21,23)(21,8)(7,8)(7,15)(0,15)
Polygon:
(0,0)(24,0)(24,28)(6,28)(6,17)(4,17)(4,18)(0,18)
Polygon:
(0,0)(15,0)(15,13)(13,13)(13,8)(3,8)(3,11)(0,11)
Polygon:
(0,0)(22,0)(22,10)(15,10)(15,5)(2,5)(2,10)(0,10)
Polygon:
(0,0)(24,0)(24,15)(22,15)(22,6)(15,6)(15,8)(0,8)
Polygon:
(0,0)(31,0)(31,17)(28,17)(28,4)(11,4)(11,18)(0,18)
Polygon:
(0,0)(30,0)(30,12)(18,12)(18,10)(6,10)(6,14)(0,14)
Polygon:
(0,0)(36,0)(36,13)(21,13)(21,1)(12,1)(12,8)(0,8)
Polygon:
(0,0)(22,0)(22,23)(20,23)(20,8)(3,8)(3,17)(0,17)
Polygon:
(0,0)(35,0)(35,14)(18,14)(18,6)(4,6)(4,11)(0,11)
Polygon:
(0,0)(46,0)(46,25)(28,25)(28,12)(18,12)(18,15)(0,15)
Polygon:
(0,0)(19,0)(19,17)(17,17)(17,8)(14,8)(14,17)(0,17)
Polygon:
(0,0)(22,0)(22,8)(18,8)(18,3)(4,3)(4,4)(0,4)
Polygon:
(0,0)(21,0)(21,31)(11,31)(11,18)(2,18)(2,25)(0,25)
Polygon:
(0,0)(26,0)(26,28)(11,28)(11,16)(4,16)(4,18)(0,18)
Polygon:
(0,0)(18,0)(18,11)(12,11)(12,4)(2,4)(2,12)(0,12)
Polygon:
(0,0)(24,0)(24,29)(22,29)(22,11)(12,11)(12,13)(0,13)
Polygon:
(0,0)(35,0)(35,23)(30,23)(30,14)(14,14)(14,18)(0,18)
Polygon:
(0,0)(34,0)(34,18)(28,18)(28,2)(14,2)(14,6)(0,6)
Polygon:
(0,0)(41,0)(41,25)(30,25)(30,7)(14,7)(14,16)(0,16)
Polygon:
(0,0)(37,0)(37,18)(19,18)(19,3)(11,3)(11,12)(0,12)
Polygon:
(0,0)(44,0)(44,21)(26,21)(26,9)(9,9)(9,18)(0,18)
Polygon:
(0,0)(34,0)(34,12)(18,12)(18,11)(4,11)(4,14)(0,14)
Polygon:
(0,0)(20,0)(20,6)(8,6)(8,5)(2,5)(2,18)(0,18)
Polygon:
(0,0)(21,0)(21,16)(15,16)(15,8)(5,8)(5,12)(0,12)
Polygon:
(0,0)(26,0)(26,7)(12,7)(12,3)(5,3)(5,14)(0,14)
Polygon:
(0,0)(30,0)(30,10)(26,10)(26,2)(13,2)(13,9)(0,9)
Polygon:
(0,0)(35,0)(35,12)(21,12)(21,4)(5,4)(5,17)(0,17)
Polygon:
(0,0)(33,0)(33,12)(30,12)(30,2)(14,2)(14,15)(0,15)
Polygon:
(0,0)(38,0)(38,20)(23,20)(23,7)(5,7)(5,15)(0,15)
Polygon:
(0,0)(21,0)(21,20)(20,20)(20,8)(18,8)(18,14)(0,14)
Polygon:
(0,0)(38,0)(38,10)(28,10)(28,3)(18,3)(18,6)(0,6)
Polygon:
(0,0)(26,0)(26,17)(12,17)(12,3)(4,3)(4,8)(0,8)
Polygon:
(0,0)(16,0)(16,13)(10,13)(10,6)(6,6)(6,11)(0,11)
Polygon:
(0,0)(15,0)(15,10)(8,10)(8,7)(1,7)(1,18)(0,18)
Polygon:
(0,0)(22,0)(22,18)(21,18)(21,6)(17,6)(17,8)(0,8)
Polygon:
(0,0)(19,0)(19,7)(11,7)(11,5)(7,5)(7,13)(0,13)
Polygon:
(0,0)(35,0)(35,16)(19,16)(19,3)(15,3)(15,14)(0,14)
Polygon:
(0,0)(19,0)(19,13)(15,13)(15,7)(1,7)(1,17)(0,17)
Polygon:
(0,0)(26,0)(26,20)(9,20)(9,9)(5,9)(5,14)(0,14)
Polygon:
(0,0)(37,0)(37,11)(23,11)(23,9)(13,9)(13,17)(0,17)
Polygon:
(0,0)(29,0)(29,24)(25,24)(25,6)(7,6)(7,17)(0,17)
Polygon:
(0,0)(31,0)(31,13)(15,13)(15,9)(4,9)(4,12)(0,12)
Polygon:
(0,0)(28,0)(28,19)(17,19)(17,3)(9,3)(9,17)(0,17)
Polygon:
(0,0)(33,0)(33,8)(26,8)(26,4)(12,4)(12,16)(0,16)
Polygon:
(0,0)(43,0)(43,14)(34,14)(34,2)(18,2)(18,9)(0,9)
Polygon:
(0,0)(35,0)(35,15)(32,15)(32,5)(18,5)(18,8)(0,8)
Polygon:
(0,0)(38,0)(38,21)(22,21)(22,10)(17,10)(17,17)(0,17)
Polygon:
(0,0)(28,0)(28,29)(11,29)(11,14)(7,14)(7,25)(0,25)
Polygon:
(0,0)(34,0)(34,25)(24,25)(24,13)(13,13)(13,14)(0,14)
Polygon:
(0,0)(17,0)(17,16)(14,16)(14,6)(5,6)(5,11)(0,11)
Polygon:
(0,0)(31,0)(31,6)(28,6)(28,1)(12,1)(12,14)(0,14)
Polygon:
(0,0)(21,0)(21,35)(18,35)(18,17)(13,17)(13,18)(0,18)
Polygon:
(0,0)(25,0)(25,12)(19,12)(19,5)(10,5)(10,6)(0,6)
Polygon:
(0,0)(27,0)(27,14)(18,14)(18,13)(3,13)(3,17)(0,17)
Polygon:
(0,0)(27,0)(27,16)(19,16)(19,8)(9,8)(9,10)(0,10)
Polygon:
(0,0)(17,0)(17,19)(12,19)(12,13)(8,13)(8,16)(0,16)
Polygon:
(0,0)(22,0)(22,12)(19,12)(19,7)(7,7)(7,17)(0,17)
Polygon:
(0,0)(38,0)(38,21)(24,21)(24,4)(13,4)(13,5)(0,5)
Polygon:
(0,0)(15,0)(15,11)(9,11)(9,6)(8,6)(8,8)(0,8)
Polygon:
(0,0)(23,0)(23,12)(17,12)(17,1)(13,1)(13,15)(0,15)
Polygon:
(0,0)(19,0)(19,23)(5,23)(5,6)(3,6)(3,8)(0,8)
Polygon:
(0,0)(37,0)(37,19)(24,19)(24,5)(14,5)(14,6)(0,6)
Polygon:
(0,0)(10,0)(10,15)(8,15)(8,3)(6,3)(6,5)(0,5)
Polygon:
(0,0)(23,0)(23,26)(13,26)(13,8)(6,8)(6,10)(0,10)
Polygon:
(0,0)(25,0)(25,13)(16,13)(16,12)(13,12)(13,16)(0,16)
Polygon:
(0,0)(9,0)(9,21)(4,21)(4,3)(3,3)(3,16)(0,16)
Polygon:
(0,0)(33,0)(33,5)(30,5)(30,3)(18,3)(18,14)(0,14)
Polygon:
(0,0)(38,0)(38,17)(20,17)(20,10)(17,10)(17,11)(0,11)
Polygon:
(0,0)(49,0)(49,19)(34,19)(34,8)(16,8)(16,12)(0,12)
Polygon:
(0,0)(48,0)(48,17)(30,17)(30,15)(14,15)(14,16)(0,16)
Polygon:
(0,0)(36,0)(36,23)(21,23)(21,8)(10,8)(10,16)(0,16)
Polygon:
(0,0)(33,0)(33,23)(28,23)(28,7)(18,7)(18,10)(0,10)
Polygon:
(0,0)(13,0)(13,22)(5,22)(5,4)(3,4)(3,14)(0,14)
Polygon:
(0,0)(31,0)(31,13)(30,13)(30,4)(12,4)(12,17)(0,17)
Polygon:
(0,0)(42,0)(42,14)(30,14)(30,6)(15,6)(15,12)(0,12)
Polygon:
(0,0)(30,0)(30,11)(16,11)(16,7)(8,7)(8,12)(0,12)
Polygon:
(0,0)(34,0)(34,22)(20,22)(20,10)(4,10)(4,12)(0,12)
Polygon:
(0,0)(40,0)(40,15)(25,15)(25,12)(8,12)(8,14)(0,14)
Polygon:
(0,0)(33,0)(33,11)(15,11)(15,6)(8,6)(8,13)(0,13)
Polygon:
(0,0)(40,0)(40,6)(23,6)(23,5)(9,5)(9,14)(0,14)
Polygon:
(0,0)(22,0)(22,21)(13,21)(13,4)(1,4)(1,17)(0,17)
Polygon:
(0,0)(42,0)(42,11)(28,11)(28,2)(11,2)(11,10)(0,10)
Polygon:
(0,0)(36,0)(36,13)(32,13)(32,1)(18,1)(18,3)(0,3)
Polygon:
(0,0)(30,0)(30,10)(20,10)(20,1)(14,1)(14,9)(0,9)
Polygon:
(0,0)(22,0)(22,9)(13,9)(13,5)(12,5)(12,13)(0,13)
Polygon:
(0,0)(40,0)(40,19)(28,19)(28,4)(15,4)(15,13)(0,13)
Polygon:
(0,0)(31,0)(31,14)(20,14)(20,4)(3,4)(3,11)(0,11)
Polygon:
(0,0)(42,0)(42,19)(35,19)(35,2)(17,2)(17,6)(0,6)
Polygon:
(0,0)(21,0)(21,20)(12,20)(12,6)(7,6)(7,8)(0,8)
Polygon:
(0,0)(8,0)(8,26)(7,26)(7,10)(2,10)(2,11)(0,11)
Polygon:
(0,0)(22,0)(22,8)(15,8)(15,5)(4,5)(4,16)(0,16)
Polygon:
(0,0)(22,0)(22,8)(13,8)(13,1)(12,1)(12,16)(0,16)
Polygon:
(0,0)(20,0)(20,24)(19,24)(19,7)(1,7)(1,15)(0,15)
Polygon:
(0,0)(16,0)(16,14)(15,14)(15,9)(13,9)(13,14)(0,14)
Polygon:
(0,0)(26,0)(26,14)(19,14)(19,7)(5,7)(5,13)(0,13)
Polygon:
(0,0)(24,0)(24,21)(16,21)(16,7)(13,7)(13,14)(0,14)
Polygon:
(0,0)(33,0)(33,8)(25,8)(25,1)(16,1)(16,6)(0,6)
Polygon:
(0,0)(40,0)(40,31)(22,31)(22,13)(13,13)(13,18)(0,18)
Polygon:
(0,0)(23,0)(23,24)(18,24)(18,11)(1,11)(1,23)(0,23)
Polygon:
(0,0)(25,0)(25,16)(23,16)(23,6)(5,6)(5,10)(0,10)
Polygon:
(0,0)(23,0)(23,24)(19,24)(19,10)(2,10)(2,13)(0,13)
Polygon:
(0,0)(35,0)(35,22)(20,22)(20,12)(5,12)(5,18)(0,18)
Polygon:
(0,0)(24,0)(24,19)(18,19)(18,3)(8,3)(8,6)(0,6)
Polygon:
(0,0)(28,0)(28,15)(25,15)(25,7)(7,7)(7,14)(0,14)
Polygon:
(0,0)(25,0)(25,21)(13,21)(13,6)(9,6)(9,9)(0,9)
Polygon:
(0,0)(24,0)(24,29)(18,29)(18,14)(17,14)(17,26)(0,26)
Polygon:
(0,0)(19,0)(19,30)(14,30)(14,14)(6,14)(6,15)(0,15)
Polygon:
(0,0)(28,0)(28,23)(15,23)(15,8)(3,8)(3,10)(0,10)
Polygon:
(0,0)(44,0)(44,13)(31,13)(31,2)(14,2)(14,4)(0,4)
Polygon:
(0,0)(22,0)(22,16)(18,16)(18,14)(8,14)(8,16)(0,16)
Polygon:
(0,0)(21,0)(21,15)(17,15)(17,12)(13,12)(13,17)(0,17)
Polygon:
(0,0)(26,0)(26,15)(19,15)(19,1)(3,1)(3,18)(0,18)
Polygon:
(0,0)(26,0)(26,21)(18,21)(18,12)(4,12)(4,16)(0,16)
Polygon:
(0,0)(41,0)(41,19)(29,19)(29,10)(17,10)(17,12)(0,12)
Polygon:
(0,0)(39,0)(39,14)(29,14)(29,1)(14,1)(14,5)(0,5)
Polygon:
(0,0)(24,0)(24,11)(22,11)(22,6)(18,6)(18,15)(0,15)
Polygon:
(0,0)(25,0)(25,3)(24,3)(24,2)(9,2)(9,18)(0,18)
Polygon:
(0,0)(17,0)(17,16)(11,16)(11,12)(4,12)(4,16)(0,16)
Polygon:
(0,0)(31,0)(31,7)(24,7)(24,5)(6,5)(6,16)(0,16)
Polygon:
(0,0)(29,0)(29,13)(21,13)(21,2)(15,2)(15,18)(0,18)
Polygon:
(0,0)(29,0)(29,8)(17,8)(17,6)(7,6)(7,9)(0,9)
Polygon:
(0,0)(29,0)(29,17)(17,17)(17,11)(13,11)(13,13)(0,13)
Polygon:
(0,0)(25,0)(25,22)(11,22)(11,10)(9,10)(9,12)(0,12)
Polygon:
(0,0)(37,0)(37,12)(21,12)(21,5)(6,5)(6,17)(0,17)
Polygon:
(0,0)(31,0)(31,23)(22,23)(22,6)(15,6)(15,12)(0,12)
Polygon:
(0,0)(14,0)(14,11)(10,11)(10,4)(6,4)(6,5)(0,5)
Polygon:
(0,0)(20,0)(20,23)(17,23)(17,8)(1,8)(1,17)(0,17)
Polygon:
(0,0)(23,0)(23,30)(19,30)(19,12)(2,12)(2,18)(0,18)
Polygon:
(0,0)(19,0)(19,15)(15,15)(15,2)(6,2)(6,10)(0,10)
Polygon:
(0,0)(27,0)(27,28)(15,28)(15,12)(6,12)(6,13)(0,13)
Polygon:
(0,0)(36,0)(36,15)(20,15)(20,11)(9,11)(9,18)(0,18)
Polygon:
(0,0)(11,0)(11,12)(6,12)(6,10)(2,10)(2,12)(0,12)
Polygon:
(0,0)(25,0)(25,18)(18,18)(18,6)(17,6)(17,12)(0,12)
Polygon:
(0,0)(33,0)(33,16)(17,16)(17,2)(9,2)(9,6)(0,6)
Polygon:
(0,0)(36,0)(36,5)(32,5)(32,2)(14,2)(14,16)(0,16)
Polygon:
(0,0)(28,0)(28,11)(15,11)(15,3)(13,3)(13,14)(0,14)
Polygon:
(0,0)(32,0)(32,14)(21,14)(21,8)(4,8)(4,11)(0,11)
Polygon:
(0,0)(20,0)(20,17)(10,17)(10,14)(1,14)(1,17)(0,17)
Polygon:
(0,0)(42,0)(42,19)(33,19)(33,5)(17,5)(17,9)(0,9)
Polygon:
(0,0)(22,0)(22,17)(18,17)(18,5)(15,5)(15,15)(0,15)
Polygon:
(0,0)(20,0)(20,2)(12,2)(12,1)(5,1)(5,12)(0,12)
Polygon:
(0,0)(22,0)(22,33)(14,33)(14,16)(7,16)(7,18)(0,18)
Polygon:
(0,0)(20,0)(20,24)(9,24)(9,7)(2,7)(2,10)(0,10)
Polygon:
(0,0)(17,0)(17,23)(15,23)(15,10)(12,10)(12,12)(0,12)
Polygon:
(0,0)(31,0)(31,9)(16,9)(16,7)(4,7)(4,17)(0,17)
Polygon:
(0,0)(21,0)(21,14)(20,14)(20,13)(10,13)(10,15)(0,15)
Polygon:
(0,0)(23,0)(23,7)(6,7)(6,2)(5,2)(5,8)(0,8)
Polygon:
(0,0)(32,0)(32,16)(20,16)(20,3)(3,3)(3,17)(0,17)
Polygon:
(0,0)(30,0)(30,6)(23,6)(23,1)(10,1)(10,7)(0,7)
Polygon:
(0,0)(30,0)(30,14)(29,14)(29,11)(18,11)(18,13)(0,13)
Polygon:
(0,0)(44,0)(44,15)(26,15)(26,13)(11,13)(11,18)(0,18)
Polygon:
(0,0)(28,0)(28,19)(21,19)(21,15)(7,15)(7,16)(0,16)
Polygon:
(0,0)(22,0)(22,18)(11,18)(11,11)(6,11)(6,15)(0,15)
Polygon:
(0,0)(19,0)(19,7)(8,7)(8,18)(0,18)
Polygon:
(0,0)(21,0)(21,7)(4,7)(4,15)(0,15)
Polygon:
(0,0)(16,0)(16,13)(0,13)
Polygon:
(0,0)(15,0)(15,3)(0,3)
Polygon:
(0,0)(1,0)(1,2)(0,2)
Polygon:
(0,0)(23,0)(23,13)(18,13)(18,20)(0,20)
Polygon:
(0,0)(17,0)(17,10)(10,10)(10,12)(0,12)
Polygon:
(0,0)(26,0)(26,2)(9,2)(9,9)(0,9)
Polygon:
(0,0)(6,0)(6,18)(1,18)(1,20)(0,20)
Polygon:
(0,0)(10,0)(10,9)(0,9)
Polygon:
(0,0)(37,0)(37,5)(32,5)(32,12)(16,12)(16,1)(0,1)
Polygon:
(0,0)(37,0)(37,1)(33,1)(33,15)(16,15)(16,4)(0,4)
Polygon:
(0,0)(27,0)(27,3)(12,3)(12,11)(9,11)(9,9)(0,9)
Polygon:
(0,0)(9,0)(9,13)(0,13)
Polygon:
(0,0)(31,0)(31,4)(18,4)(18,6)(0,6)
Polygon:
(0,0)(16,0)(16,1)(0,1)
Polygon:
(0,0)(33,0)(33,28)(27,28)(27,33)(12,33)(12,16)(0,16)
Polygon:
(0,0)(10,0)(10,15)(6,15)(6,18)(3,18)(3,3)(0,3)
Polygon:
(0,0)(15,0)(15,13)(0,13)
Polygon:
(0,0)(42,0)(42,25)(24,25)(24,30)(17,30)(17,12)(0,12)
Polygon:
(0,0)(11,0)(11,2)(0,2)
Polygon:
(0,0)(36,0)(36,12)(29,12)(29,23)(15,23)(15,14)(0,14)
Polygon:
(0,0)(18,0)(18,1)(3,1)(3,17)(0,17)
Polygon:
(0,0)(16,0)(16,14)(0,14)
Polygon:
(0,0)(2,0)(2,16)(0,16)
Polygon:
(0,0)(24,0)(24,18)(17,18)(17,30)(0,30)
Polygon:
(0,0)(6,0)(6,11)(0,11)
Polygon:
(0,0)(2,0)(2,4)(0,4)
Polygon:
(0,0)(45,0)(45,20)(29,20)(29,23)(14,23)(14,10)(0,10)
Polygon:
(0,0)(15,0)(15,6)(0,6)
Polygon:
(0,0)(30,0)(30,5)(20,5)(20,20)(7,20)(7,5)(0,5)
Polygon:
(0,0)(23,0)(23,5)(5,5)(5,20)(0,20)
Polygon:
(0,0)(19,0)(19,10)(4,10)(4,21)(0,21)
Polygon:
(0,0)(10,0)(10,3)(0,3)
Polygon:
(0,0)(14,0)(14,17)(0,17)
Polygon:
(0,0)(18,0)(18,9)(7,9)(7,25)(0,25)
Polygon:
(0,0)(33,0)(33,3)(25,3)(25,18)(10,18)(10,7)(0,7)
Polygon:
(0,0)(12,0)(12,12)(0,12)
Polygon:
(0,0)(12,0)(12,11)(10,11)(10,18)(2,18)(2,10)(0,10)
Polygon:
(0,0)(17,0)(17,12)(0,12)
Polygon:
(0,0)(2,0)(2,16)(0,16)
Polygon:
(0,0)(23,0)(23,4)(13,4)(13,21)(0,21)
Polygon:
(0,0)(32,0)(32,14)(22,14)(22,15)(10,15)(10,4)(0,4)
Polygon:
(0,0)(4,0)(4,9)(0,9)
Polygon:
(0,0)(42,0)(42,13)(30,13)(30,23)(18,23)(18,5)(0,5)
Polygon:
(0,0)(6,0)(6,15)(0,15)
Polygon:
(0,0)(20,0)(20,31)(17,31)(17,33)(2,33)(2,17)(0,17)
Polygon:
(0,0)(25,0)(25,16)(11,16)(11,22)(0,22)
Polygon:
(0,0)(7,0)(7,7)(0,7)
Polygon:
(0,0)(24,0)(24,13)(22,13)(22,14)(5,14)(5,11)(0,11)
Polygon:
(0,0)(11,0)(11,8)(0,8)
Polygon:
(0,0)(2,0)(2,12)(0,12)
Polygon:
(0,0)(12,0)(12,10)(0,10)
Polygon:
(0,0)(20,0)(20,8)(17,8)(17,14)(0,14)
Polygon:
(0,0)(11,0)(11,1)(0,1)
Polygon:
(0,0)(16,0)(16,13)(0,13)
Polygon:
(0,0)(17,0)(17,6)(0,6)
Polygon:
(0,0)(1,0)(1,13)(0,13)
Polygon:
(0,0)(10,0)(10,15)(0,15)
Polygon:
(0,0)(40,0)(40,6)(22,6)(22,16)(9,16)(9,11)(0,11)
Polygon:
(0,0)(17,0)(17,10)(0,10)
Polygon:
(0,0)(22,0)(22,4)(18,4)(18,10)(9,10)(9,7)(0,7)
Polygon:
(0,0)(30,0)(30,16)(13,16)(13,25)(0,25)
Polygon:
(0,0)(18,0)(18,18)(0,18)
Polygon:
(0,0)(12,0)(12,8)(0,8)
Polygon:
(0,0)(20,0)(20,13)(13,13)(13,15)(5,15)(5,3)(0,3)
Polygon:
(0,0)(22,0)(22,16)(6,16)(6,27)(0,27)
Polygon:
(0,0)(20,0)(20,18)(11,18)(11,29)(8,29)(8,12)(0,12)
Polygon:
(0,0)(31,0)(31,1)(15,1)(15,19)(0,19)
Polygon:
(0,0)(29,0)(29,13)(19,13)(19,14)(2,14)(2,7)(0,7)
Polygon:
(0,0)(31,0)(31,6)(15,6)(15,21)(1,21)(1,14)(0,14)
Polygon:
(0,0)(17,0)(17,5)(0,5)
Polygon:
(0,0)(13,0)(13,1)(0,1)
Polygon:
(0,0)(38,0)(38,4)(23,4)(23,16)(15,16)(15,8)(0,8)
Polygon:
(0,0)(2,0)(2,11)(1,11)(1,17)(0,17)
Polygon:
(0,0)(30,0)(30,10)(18,10)(18,15)(11,15)(11,13)(0,13)
Polygon:
(0,0)(19,0)(19,14)(2,14)(2,31)(0,31)
Polygon:
(0,0)(26,0)(26,14)(9,14)(9,16)(1,16)(1,7)(0,7)
Polygon:
(0,0)(32,0)(32,3)(18,3)(18,13)(9,13)(9,11)(0,11)
Polygon:
(0,0)(3,0)(3,17)(0,17)
Polygon:
(0,0)(14,0)(14,10)(0,10)
Polygon:
(0,0)(20,0)(20,18)(15,18)(15,25)(0,25)
Polygon:
(0,0)(27,0)(27,18)(12,18)(12,24)(9,24)(9,14)(0,14)
Polygon:
(0,0)(9,0)(9,16)(0,16)
Polygon:
(0,0)(8,0)(8,6)(4,6)(4,21)(0,21)
Polygon:
(0,0)(25,0)(25,14)(8,14)(8,27)(0,27)
Polygon:
(0,0)(44,0)(44,16)(26,16)(26,24)(11,24)(11,11)(0,11)
Polygon:
(0,0)(13,0)(13,5)(0,5)
Polygon:
(0,0)(9,0)(9,16)(0,16)
Polygon:
(0,0)(14,0)(14,9)(0,9)
Polygon:
(0,0)(25,0)(25,14)(12,14)(12,24)(0,24)
Polygon:
(0,0)(12,0)(12,13)(0,13)
Polygon:
(0,0)(27,0)(27,14)(15,14)(15,15)(0,15)
Polygon:
(0,0)(19,0)(19,7)(7,7)(7,18)(0,18)
Polygon:
(0,0)(17,0)(17,9)(15,9)(15,14)(0,14)
Polygon:
(0,0)(12,0)(12,7)(7,7)(7,13)(0,13)
Polygon:
(0,0)(16,0)(16,1)(0,1)
Polygon:
(0,0)(13,0)(13,7)(0,7)
Polygon:
(0,0)(19,0)(19,8)(12,8)(12,23)(0,23)
Polygon:
(0,0)(38,0)(38,9)(24,9)(24,17)(15,17)(15,10)(0,10)
Polygon:
(0,0)(15,0)(15,8)(0,8)
Polygon:
(0,0)(14,0)(14,14)(0,14)
Polygon:
(0,0)(18,0)(18,13)(0,13)
Polygon:
(0,0)(5,0)(5,17)(0,17)
Polygon:
(0,0)(3,0)(3,15)(0,15)
Polygon:
(0,0)(17,0)(17,8)(0,8)
Polygon:
(0,0)(11,0)(11,17)(0,17)
Polygon:
(0,0)(20,0)(20,9)(9,9)(9,11)(0,11)
Polygon:
(0,0)(17,0)(17,8)(0,8)
Polygon:
(0,0)(15,0)(15,5)(8,5)(8,16)(0,16)
Polygon:
(0,0)(37,0)(37,4)(35,4)(35,21)(18,21)(18,15)(0,15)
Polygon:
(0,0)(4,0)(4,15)(0,15)
Polygon:
(0,0)(13,0)(13,14)(10,14)(10,20)(0,20)
Polygon:
(0,0)(34,0)(34,5)(26,5)(26,11)(11,11)(11,9)(0,9)
Polygon:
(0,0)(35,0)(35,8)(17,8)(17,9)(0,9)
Polygon:
(0,0)(23,0)(23,23)(8,23)(8,35)(3,35)(3,18)(0,18)
Polygon:
(0,0)(18,0)(18,7)(0,7)
Polygon:
(0,0)(27,0)(27,17)(17,17)(17,28)(8,28)(8,13)(0,13)
Polygon:
(0,0)(9,0)(9,4)(0,4)
Polygon:
(0,0)(23,0)(23,12)(11,12)(11,15)(0,15)
Polygon:
(0,0)(11,0)(11,8)(0,8)
Polygon:
(0,0)(47,0)(47,15)(32,15)(32,19)(15,19)(15,7)(0,7)
Polygon:
(0,0)(18,0)(18,2)(0,2)
Polygon:
(0,0)(5,0)(5,7)(0,7)
Polygon:
(0,0)(3,0)(3,17)(0,17)
Polygon:
(0,0)(37,0)(37,7)(23,7)(23,12)(14,12)(14,4)(0,4)
Polygon:
(0,0)(16,0)(16,18)(11,18)(11,20)(2,20)(2,15)(0,15)
Polygon:
(0,0)(10,0)(10,10)(0,10)
Polygon:
(0,0)(13,0)(13,9)(0,9)
Polygon:
(0,0)(25,0)(25,15)(17,15)(17,27)(0,27)
Polygon:
(0,0)(8,0)(8,14)(0,14)
Polygon:
(0,0)(11,0)(11,12)(10,12)(10,25)(0,25)
Polygon:
(0,0)(20,0)(20,12)(8,12)(8,20)(0,20)
Polygon:
(0,0)(15,0)(15,12)(0,12)
Polygon:
(0,0)(21,0)(21,6)(17,6)(17,24)(12,24)(12,14)(0,14)
Polygon:
(0,0)(13,0)(13,2)(0,2)
Polygon:
(0,0)(15,0)(15,8)(0,8)
Polygon:
(0,0)(9,0)(9,14)(0,14)
Polygon:
(0,0)(14,0)(14,5)(0,5)
Polygon:
(0,0)(15,0)(15,6)(0,6)
Polygon:
(0,0)(11,0)(11,17)(0,17)
Polygon:
(0,0)(7,0)(7,3)(0,3)
Polygon:
(0,0)(14,0)(14,17)(0,17)
Polygon:
(0,0)(2,0)(2,7)(0,7)
Polygon:
(0,0)(18,0)(18,16)(0,16)
Polygon:
(0,0)(32,0)(32,6)(15,6)(15,18)(2,18)(2,11)(0,11)
Polygon:
(0,0)(28,0)(28,17)(23,17)(23,23)(9,23)(9,17)(0,17)
Polygon:
(0,0)(7,0)(7,17)(0,17)
Polygon:
(0,0)(39,0)(39,7)(25,7)(25,19)(9,19)(9,10)(0,10)
Polygon:
(0,0)(4,0)(4,4)(0,4)
Polygon:
(0,0)(18,0)(18,7)(6,7)(6,12)(4,12)(4,7)(0,7)
Polygon:
(0,0)(5,0)(5,14)(0,14)
Polygon:
(0,0)(17,0)(17,15)(4,15)(4,21)(3,21)(3,5)(0,5)
Polygon:
(0,0)(14,0)(14,16)(10,16)(10,23)(9,23)(9,15)(0,15)
Polygon:
(0,0)(41,0)(41,3)(29,3)(29,7)(13,7)(13,1)(0,1)
Polygon:
(0,0)(11,0)(11,1)(0,1)
Polygon:
(0,0)(2,0)(2,18)(0,18)
Polygon:
(0,0)(18,0)(18,8)(5,8)(5,15)(0,15)
Polygon:
(0,0)(13,0)(13,17)(0,17)
Polygon:
(0,0)(22,0)(22,4)(17,4)(17,8)(0,8)
Polygon:
(0,0)(14,0)(14,3)(0,3)
Polygon:
(0,0)(40,0)(40,6)(32,6)(32,9)(14,9)(14,3)(0,3)
Polygon:
(0,0)(7,0)(7,8)(0,8)
Polygon:
(0,0)(9,0)(9,2)(0,2)
Polygon:
(0,0)(16,0)(16,16)(0,16)
Polygon:
(0,0)(27,0)(27,5)(14,5)(14,10)(0,10)
Polygon:
(0,0)(39,0)(39,11)(22,11)(22,18)(5,18)(5,2)(0,2)
Polygon:
(0,0)(16,0)(16,2)(0,2)
Polygon:
(0,0)(16,0)(16,3)(15,3)(15,19)(7,19)(7,7)(0,7)
Polygon:
(0,0)(31,0)(31,13)(14,13)(14,25)(0,25)
Polygon:
(0,0)(3,0)(3,11)(0,11)
Polygon:
(0,0)(25,0)(25,1)(18,1)(18,3)(0,3)
Polygon:
(0,0)(4,0)(4,2)(0,2)
Polygon:
(0,0)(11,0)(11,12)(4,12)(4,30)(0,30)
Polygon:
(0,0)(16,0)(16,7)(5,7)(5,15)(0,15)
Polygon:
(0,0)(5,0)(5,13)(0,13)
Polygon:
(0,0)(26,0)(26,2)(11,2)(11,15)(2,15)(2,1)(0,1)
Polygon:
(0,0)(12,0)(12,16)(0,16)
Polygon:
(0,0)(16,0)(16,3)(2,3)(2,10)(0,10)
Polygon:
(0,0)(39,0)(39,20)(31,20)(31,23)(15,23)(15,12)(0,12)
Polygon:
(0,0)(28,0)(28,4)(12,4)(12,5)(6,5)(6,1)(0,1)
Polygon:
(0,0)(33,0)(33,7)(18,7)(18,21)(17,21)(17,18)(0,18)
Polygon:
(0,0)(13,0)(13,11)(0,11)
Polygon:
(0,0)(29,0)(29,1)(13,1)(13,6)(0,6)
Polygon:
(0,0)(18,0)(18,9)(7,9)(7,15)(4,15)(4,4)(0,4)
Polygon:
(0,0)(12,0)(12,2)(0,2)
Polygon:
(0,0)(40,0)(40,7)(23,7)(23,19)(12,19)(12,12)(0,12)
Polygon:
(0,0)(26,0)(26,21)(17,21)(17,34)(3,34)(3,16)(0,16)
Polygon:
(0,0)(6,0)(6,12)(0,12)
Polygon:
(0,0)(22,0)(22,8)(17,8)(17,12)(0,12)
Polygon:
(0,0)(3,0)(3,8)(0,8)
Polygon:
(0,0)(6,0)(6,13)(0,13)
Polygon:
(0,0)(30,0)(30,17)(21,17)(21,30)(12,30)(12,15)(0,15)
Polygon:
(0,0)(5,0)(5,7)(0,7)
Polygon:
(0,0)(34,0)(34,10)(29,10)(29,21)(17,21)(17,16)(0,16)
Polygon:
(0,0)(13,0)(13,1)(0,1)
Polygon:
(0,0)(26,0)(26,24)(19,24)(19,25)(11,25)(11,9)(0,9)
Polygon:
(0,0)(13,0)(13,10)(0,10)
Polygon:
(0,0)(6,0)(6,16)(0,16)
Polygon:
(0,0)(19,0)(19,11)(17,11)(17,17)(7,17)(7,1)(0,1)
Polygon:
(0,0)(39,0)(39,8)(29,8)(29,19)(11,19)(11,10)(0,10)
Polygon:
(0,0)(8,0)(8,11)(0,11)
Polygon:
(0,0)(25,0)(25,13)(18,13)(18,19)(0,19)
Polygon:
(0,0)(7,0)(7,14)(5,14)(5,23)(0,23)
Polygon:
(0,0)(9,0)(9,5)(0,5)
Polygon:
(0,0)(18,0)(18,8)(0,8)
Polygon:
(0,0)(9,0)(9,13)(4,13)(4,19)(0,19)
Polygon:
(0,0)(13,0)(13,2)(4,2)(4,20)(0,20)
Polygon:
(0,0)(28,0)(28,7)(24,7)(24,18)(9,18)(9,10)(0,10)
Polygon:
(0,0)(40,0)(40,18)(22,18)(22,25)(16,25)(16,9)(0,9)
Polygon:
(0,0)(9,0)(9,16)(0,16)
Polygon:
(0,0)(18,0)(18,16)(15,16)(15,24)(0,24)
Polygon:
(0,0)(20,0)(20,9)(8,9)(8,19)(4,19)(4,7)(0,7)
Polygon:
(0,0)(2,0)(2,2)(0,2)
Polygon:
(0,0)(29,0)(29,5)(15,5)(15,15)(0,15)
Polygon:
(0,0)(15,0)(15,2)(0,2)
Polygon:
(0,0)(21,0)(21,7)(9,7)(9,13)(0,13)
Polygon:
(0,0)(7,0)(7,5)(0,5)
Polygon:
(0,0)(17,0)(17,2)(0,2)
Polygon:
(0,0)(22,0)(22,9)(16,9)(16,24)(5,24)(5,8)(0,8)
Polygon:
(0,0)(24,0)(24,16)(8,16)(8,27)(0,27)
Polygon:
(0,0)(25,0)(25,13)(14,13)(14,22)(9,22)(9,5)(0,5)
Polygon:
(0,0)(18,0)(18,11)(5,11)(5,13)(0,13)
Polygon:
(0,0)(27,0)(27,12)(13,12)(13,28)(0,28)
Polygon:
(0,0)(37,0)(37,17)(30,17)(30,20)(12,20)(12,15)(0,15)
Polygon:
(0,0)(17,0)(17,6)(0,6)
Polygon:
(0,0)(15,0)(15,11)(0,11)
Polygon:
(0,0)(8,0)(8,8)(0,8)
Polygon:
(0,0)(3,0)(3,8)(0,8)
Polygon:
(0,0)(23,0)(23,17)(10,17)(10,19)(0,19)
Polygon:
(0,0)(6,0)(6,3)(0,3)
Polygon:
(0,0)(9,0)(9,2)(0,2)
Polygon:
(0,0)(15,0)(15,3)(6,3)(6,12)(0,12)
Polygon:
(0,0)(6,0)(6,14)(0,14)
Polygon:
(0,0)(2,0)(2,3)(0,3)
Polygon:
(0,0)(35,0)(35,2)(21,2)(21,5)(15,5)(15,1)(0,1)
Polygon:
(0,0)(12,0)(12,1)(0,1)
Polygon:
(0,0)(8,0)(8,8)(5,8)(5,9)(0,9)
Polygon:
(0,0)(10,0)(10,16)(4,16)(4,32)(0,32)
Polygon:
(0,0)(3,0)(3,18)(0,18)
Polygon:
(0,0)(8,0)(8,15)(0,15)
Polygon:
(0,0)(11,0)(11,3)(0,3)
Polygon:
(0,0)(12,0)(12,5)(0,5)
Polygon:
(0,0)(19,0)(19,1)(2,1)(2,19)(0,19)
Polygon:
(0,0)(18,0)(18,6)(9,6)(9,20)(0,20)
Polygon:
(0,0)(8,0)(8,6)(3,6)(3,24)(0,24)
Polygon:
(0,0)(39,0)(39,6)(28,6)(28,17)(15,17)(15,2)(0,2)
Polygon:
(0,0)(35,0)(35,2)(25,2)(25,20)(16,20)(16,14)(0,14)
Polygon:
(0,0)(36,0)(36,16)(21,16)(21,17)(7,17)(7,7)(0,7)
Polygon:
(0,0)(25,0)(25,7)(10,7)(10,14)(2,14)(2,2)(0,2)
Polygon:
(0,0)(29,0)(29,4)(27,4)(27,15)(15,15)(15,8)(0,8)
Polygon:
(0,0)(8,0)(8,3)(0,3)
Polygon:
(0,0)(20,0)(20,23)(11,23)(11,34)(1,34)(1,18)(0,18)
Polygon:
(0,0)(22,0)(22,14)(13,14)(13,21)(8,21)(8,17)(0,17)
Polygon:
(0,0)(17,0)(17,13)(0,13)
Polygon:
(0,0)(6,0)(6,17)(0,17)
Polygon:
(0,0)(23,0)(23,16)(14,16)(14,23)(4,23)(4,6)(0,6)
Polygon:
(0,0)(5,0)(5,3)(0,3)
Polygon:
(0,0)(10,0)(10,4)(5,4)(5,17)(0,17)
Polygon:
(0,0)(18,0)(18,13)(7,13)(7,15)(0,15)
Polygon:
(0,0)(23,0)(23,18)(16,18)(16,19)(0,19)
Polygon:
(0,0)(21,0)(21,10)(16,10)(16,12)(5,12)(5,11)(0,11)
Polygon:
(0,0)(30,0)(30,11)(22,11)(22,15)(17,15)(17,7)(0,7)
Polygon:
(0,0)(23,0)(23,15)(18,15)(18,29)(0,29)
Polygon:
(0,0)(47,0)(47,13)(36,13)(36,19)(18,19)(18,1)(0,1)
Polygon:
(0,0)(8,0)(8,6)(0,6)
Polygon:
(0,0)(30,0)(30,10)(19,10)(19,24)(14,24)(14,16)(0,16)
Polygon:
(0,0)(16,0)(16,2)(0,2)
Polygon:
(0,0)(12,0)(12,13)(11,13)(11,29)(0,29)
Polygon:
(0,0)(12,0)(12,18)(0,18)
Polygon:
(0,0)(30,0)(30,10)(18,10)(18,26)(15,26)(15,12)(0,12)
Polygon:
(0,0)(24,0)(24,18)(20,18)(20,20)(5,20)(5,6)(0,6)
Polygon:
(0,0)(19,0)(19,15)(15,15)(15,28)(0,28)
Polygon:
(0,0)(6,0)(6,18)(0,18)
Polygon:
(0,0)(9,0)(9,14)(0,14)
Polygon:
(0,0)(1,0)(1,11)(0,11)
Polygon:
(0,0)(1,0)(1,7)(0,7)
Polygon:
(0,0)(10,0)(10,18)(4,18)(4,34)(0,34)
Polygon:
(0,0)(18,0)(18,7)(0,7)
Polygon:
(0,0)(22,0)(22,12)(14,12)(14,22)(0,22)
Polygon:
(0,0)(9,0)(9,8)(4,8)(4,21)(0,21)
Polygon:
(0,0)(14,0)(14,16)(0,16)
Polygon:
(0,0)(21,0)(21,3)(10,3)(10,8)(0,8)
Polygon:
(0,0)(7,0)(7,4)(2,4)(2,20)(0,20)
Polygon:
(0,0)(10,0)(10,3)(4,3)(4,13)(0,13)
Polygon:
(0,0)(23,0)(23,17)(10,17)(10,19)(0,19)
Polygon:
(0,0)(5,0)(5,9)(3,9)(3,23)(0,23)
Polygon:
(0,0)(22,0)(22,4)(12,4)(12,13)(0,13)
Polygon:
(0,0)(3,0)(3,14)(0,14)
Polygon:
(0,0)(7,0)(7,9)(0,9)
Polygon:
(0,0)(17,0)(17,12)(0,12)
Polygon:
(0,0)(11,0)(11,12)(6,12)(6,19)(0,19)
Polygon:
(0,0)(17,0)(17,1)(0,1)
Polygon:
(0,0)(19,0)(19,1)(13,1)(13,16)(0,16)
Polygon:
(0,0)(23,0)(23,1)(21,1)(21,9)(5,9)(5,5)(0,5)
Polygon:
(0,0)(19,0)(19,12)(7,12)(7,20)(3,20)(3,12)(0,12)
Polygon:
(0,0)(30,0)(30,11)(29,11)(29,20)(13,20)(13,4)(0,4)
Polygon:
(0,0)(9,0)(9,2)(0,2)
Polygon:
(0,0)(10,0)(10,13)(0,13)
Polygon:
(0,0)(7,0)(7,15)(0,15)
Polygon:
(0,0)(2,0)(2,8)(0,8)
Polygon:
(0,0)(21,0)(21,4)(5,4)(5,12)(0,12)
Polygon:
(0,0)(15,0)(15,15)(0,15)
Polygon:
(0,0)(13,0)(13,14)(0,14)
Polygon:
(0,0)(45,0)(45,12)(27,12)(27,13)(15,13)(15,6)(0,6)
Polygon:
(0,0)(13,0)(13,11)(10,11)(10,23)(0,23)
Polygon:
(0,0)(7,0)(7,4)(0,4)
Polygon:
(0,0)(6,0)(6,10)(0,10)
Polygon:
(0,0)(19,0)(19,28)(5,28)(5,31)(1,31)(1,17)(0,17)
Polygon:
(0,0)(11,0)(11,18)(4,18)(4,33)(0,33)
Polygon:
(0,0)(15,0)(15,13)(0,13)
Polygon:
(0,0)(44,0)(44,7)(27,7)(27,13)(11,13)(11,7)(0,7)
Polygon:
(0,0)(18,0)(18,11)(0,11)
Polygon:
(0,0)(41,0)(41,4)(29,4)(29,22)(12,22)(12,7)(0,7)
Polygon:
(0,0)(5,0)(5,15)(0,15)
Polygon:
(0,0)(5,0)(5,3)(0,3)
Polygon:
(0,0)(26,0)(26,3)(9,3)(9,12)(0,12)
Polygon:
(0,0)(13,0)(13,2)(10,2)(10,18)(9,18)(9,13)(0,13)
Polygon:
(0,0)(18,0)(18,7)(0,7)
Polygon:
(0,0)(41,0)(41,13)(28,13)(28,20)(16,20)(16,10)(0,10)
Polygon:
(0,0)(14,0)(14,17)(9,17)(9,30)(0,30)
Polygon:
(0,0)(14,0)(14,8)(13,8)(13,11)(0,11)
Polygon:
(0,0)(17,0)(17,17)(0,17)
Polygon:
(0,0)(12,0)(12,10)(7,10)(7,26)(0,26)
Polygon:
(0,0)(46,0)(46,14)(32,14)(32,23)(17,23)(17,11)(0,11)
Polygon:
(0,0)(39,0)(39,12)(25,12)(25,15)(13,15)(13,4)(0,4)
Polygon:
(0,0)(22,0)(22,31)(17,31)(17,32)(7,32)(7,17)(0,17)
Polygon:
(0,0)(37,0)(37,4)(22,4)(22,22)(13,22)(13,7)(0,7)
Polygon:
(0,0)(19,0)(19,10)(12,10)(12,21)(11,21)(11,10)(0,10)
Polygon:
(0,0)(19,0)(19,5)(5,5)(5,8)(0,8)
Polygon:
(0,0)(35,0)(35,22)(18,22)(18,27)(2,27)(2,13)(0,13)
Polygon:
(0,0)(9,0)(9,16)(0,16)
Polygon:
(0,0)(14,0)(14,18)(0,18)
Polygon:
(0,0)(3,0)(3,15)(0,15)
Polygon:
(0,0)(6,0)(6,9)(0,9)
Polygon:
(0,0)(4,0)(4,6)(0,6)
Polygon:
(0,0)(27,0)(27,21)(23,21)(23,32)(15,32)(15,18)(0,18)
Polygon:
(0,0)(5,0)(5,15)(0,15)
Polygon:
(0,0)(16,0)(16,9)(0,9)
Polygon:
(0,0)(40,0)(40,2)(31,2)(31,17)(17,17)(17,8)(0,8)
Polygon:
(0,0)(3,0)(3,18)(0,18)
Polygon:
(0,0)(33,0)(33,12)(20,12)(20,20)(11,20)(11,9)(0,9)
Polygon:
(0,0)(25,0)(25,16)(19,16)(19,20)(15,20)(15,8)(0,8)
Polygon:
(0,0)(1,0)(1,16)(0,16)
Polygon:
(0,0)(9,0)(9,15)(3,15)(3,32)(0,32)
Polygon:
(0,0)(20,0)(20,6)(15,6)(15,8)(13,8)(13,5)(0,5)
Polygon:
(0,0)(10,0)(10,11)(9,11)(9,17)(0,17)
Polygon:
(0,0)(8,0)(8,4)(0,4)
Polygon:
(0,0)(12,0)(12,7)(0,7)
Polygon:
(0,0)(29,0)(29,14)(16,14)(16,24)(0,24)
Polygon:
(0,0)(39,0)(39,1)(34,1)(34,17)(18,17)(18,16)(0,16)
Polygon:
(0,0)(9,0)(9,7)(0,7)
Polygon:
(0,0)(29,0)(29,11)(24,11)(24,22)(12,22)(12,5)(0,5)
Polygon:
(0,0)(25,0)(25,2)(22,2)(22,20)(7,20)(7,3)(0,3)
Polygon:
(0,0)(21,0)(21,12)(12,12)(12,25)(4,25)(4,17)(0,17)
Polygon:
(0,0)(5,0)(5,13)(0,13)
Polygon:
(0,0)(12,0)(12,17)(4,17)(4,18)(0,18)
Polygon:
(0,0)(36,0)(36,3)(22,3)(22,20)(16,20)(16,6)(0,6)
Polygon:
(0,0)(28,0)(28,14)(26,14)(26,21)(17,21)(17,16)(0,16)
Polygon:
(0,0)(7,0)(7,16)(0,16)
Polygon:
(0,0)(35,0)(35,14)(22,14)(22,25)(11,25)(11,10)(0,10)
Polygon:
(0,0)(29,0)(29,10)(20,10)(20,24)(3,24)(3,15)(0,15)
Polygon:
(0,0)(10,0)(10,3)(0,3)
Polygon:
(0,0)(29,0)(29,11)(12,11)(12,12)(5,12)(5,11)(0,11)
Polygon:
(0,0)(2,0)(2,4)(0,4)
Polygon:
(0,0)(10,0)(10,18)(0,18)
Polygon:
(0,0)(9,0)(9,12)(0,12)
Polygon:
(0,0)(44,0)(44,1)(28,1)(28,12)(12,12)(12,4)(0,4)
Polygon:
(0,0)(34,0)(34,17)(29,17)(29,22)(13,22)(13,6)(0,6)
Polygon:
(0,0)(15,0)(15,3)(0,3)
Polygon:
(0,0)(1,0)(1,18)(0,18)
Polygon:
(0,0)(3,0)(3,1)(0,1)
Polygon:
(0,0)(12,0)(12,10)(0,10)
Polygon:
(0,0)(17,0)(17,7)(0,7)
Polygon:
(0,0)(15,0)(15,12)(0,12)
Polygon:
(0,0)(12,0)(12,14)(0,14)
Polygon:
(0,0)(1,0)(1,11)(0,11)
Polygon:
(0,0)(4,0)(4,4)(0,4)
Polygon:
(0,0)(3,0)(3,14)(0,14)
Polygon:
(0,0)(15,0)(15,2)(11,2)(11,6)(0,6)
Polygon:
(0,0)(23,0)(23,14)(8,14)(8,26)(1,26)(1,12)(0,12)
Polygon:
(0,0)(6,0)(6,14)(0,14)
Polygon:
(0,0)(17,0)(17,7)(7,7)(7,8)(5,8)(5,5)(0,5)
Polygon:
(0,0)(47,0)(47,11)(31,11)(31,23)(17,23)(17,14)(0,14)
Polygon:
(0,0)(9,0)(9,9)(0,9)
Polygon:
(0,0)(18,0)(18,18)(0,18)
Polygon:
(0,0)(15,0)(15,14)(0,14)
Polygon:
(0,0)(8,0)(8,10)(6,10)(6,14)(4,14)(4,4)(0,4)
Polygon:
(0,0)(5,0)(5,13)(0,13)
Polygon:
(0,0)(14,0)(14,12)(0,12)
Polygon:
(0,0)(6,0)(6,15)(0,15)
Polygon:
(0,0)(5,0)(5,9)(0,9)
Polygon:
(0,0)(27,0)(27,8)(25,8)(25,26)(15,26)(15,12)(0,12)
Polygon:
(0,0)(10,0)(10,4)(0,4)
Polygon:
(0,0)(4,0)(4,6)(0,6)
Polygon:
(0,0)(15,0)(15,7)(0,7)
Polygon:
(0,0)(5,0)(5,11)(0,11)
Polygon:
(0,0)(1,0)(1,1)(0,1)
Polygon:
(0,0)(17,0)(17,18)(11,18)(11,27)(8,27)(8,11)(0,11)
Polygon:
(0,0)(26,0)(26,14)(20,14)(20,15)(18,15)(18,1)(0,1)
Polygon:
(0,0)(13,0)(13,9)(0,9)
Polygon:
(0,0)(8,0)(8,13)(0,13)
Polygon:
(0,0)(32,0)(32,2)(22,2)(22,18)(18,18)(18,2)(0,2)
Polygon:
(0,0)(26,0)(26,6)(16,6)(16,11)(0,11)
Polygon:
(0,0)(21,0)(21,17)(11,17)(11,33)(3,33)(3,17)(0,17)
Polygon:
(0,0)(23,0)(23,3)(15,3)(15,8)(0,8)
Polygon:
(0,0)(27,0)(27,8)(13,8)(13,25)(4,25)(4,18)(0,18)
Polygon:
(0,0)(17,0)(17,12)(11,12)(11,14)(0,14)
Polygon:
(0,0)(18,0)(18,9)(0,9)
Polygon:
(0,0)(16,0)(16,7)(10,7)(10,15)(0,15)
Polygon:
(0,0)(11,0)(11,4)(0,4)
Polygon:
(0,0)(33,0)(33,5)(16,5)(16,6)(9,6)(9,1)(0,1)
Polygon:
(0,0)(18,0)(18,7)(0,7)
Polygon:
(0,0)(17,0)(17,5)(0,5)
Polygon:
(0,0)(8,0)(8,10)(0,10)
Polygon:
(0,0)(14,0)(14,12)(10,12)(10,28)(5,28)(5,12)(0,12)
Polygon:
(0,0)(4,0)(4,15)(0,15)
Polygon:
(0,0)(11,0)(11,4)(0,4)
Polygon:
(0,0)(16,0)(16,8)(8,8)(8,19)(0,19)
Polygon:
(0,0)(44,0)(44,2)(29,2)(29,5)(16,5)(16,4)(0,4)
Polygon:
(0,0)(19,0)(19,18)(18,18)(18,19)(0,19)
Polygon:
(0,0)(15,0)(15,6)(0,6)
Polygon:
(0,0)(7,0)(7,7)(0,7)
Polygon:
(0,0)(22,0)(22,13)(18,13)(18,19)(0,19)
Polygon:
(0,0)(6,0)(6,14)(0,14)
Polygon:
(0,0)(8,0)(8,13)(7,13)(7,22)(1,22)(1,9)(0,9)
Polygon:
(0,0)(22,0)(22,13)(9,13)(9,28)(0,28)
Polygon:
(0,0)(17,0)(17,1)(0,1)
Polygon:
(0,0)(5,0)(5,9)(4,9)(4,12)(0,12)
Polygon:
(0,0)(9,0)(9,18)(0,18)
Polygon:
(0,0)(16,0)(16,10)(5,10)(5,24)(0,24)
Polygon:
(0,0)(11,0)(11,16)(0,16)
Polygon:
(0,0)(18,0)(18,8)(11,8)(11,10)(10,10)(10,1)(0,1)
Polygon:
(0,0)(16,0)(16,5)(0,5)
Polygon:
(0,0)(16,0)(16,1)(0,1)
Polygon:
(0,0)(27,0)(27,14)(13,14)(13,15)(0,15)
Polygon:
(0,0)(26,0)(26,13)(8,13)(8,24)(0,24)
Polygon:
(0,0)(18,0)(18,11)(0,11)
Polygon:
(0,0)(13,0)(13,12)(6,12)(6,24)(0,24)
Polygon:
(0,0)(16,0)(16,13)(0,13)
Polygon:
(0,0)(9,0)(9,9)(0,9)
Polygon:
(0,0)(18,0)(18,10)(0,10)
Polygon:
(0,0)(38,0)(38,23)(21,23)(21,25)(9,25)(9,9)(0,9)
Polygon:
(0,0)(9,0)(9,15)(7,15)(7,19)(4,19)(4,11)(0,11)
Polygon:
(0,0)(22,0)(22,14)(12,14)(12,16)(0,16)
Polygon:
(0,0)(16,0)(16,13)(0,13)
Polygon:
(0,0)(19,0)(19,13)(16,13)(16,14)(2,14)(2,5)(0,5)
Polygon:
(0,0)(12,0)(12,10)(5,10)(5,17)(0,17)
Polygon:
(0,0)(11,0)(11,9)(0,9)
Polygon:
(0,0)(14,0)(14,12)(5,12)(5,20)(0,20)
Polygon:
(0,0)(23,0)(23,17)(21,17)(21,24)(13,24)(13,6)(0,6)
Polygon:
(0,0)(6,0)(6,10)(0,10)
Polygon:
(0,0)(12,0)(12,6)(0,6)
Polygon:
(0,0)(4,0)(4,14)(0,14)
Polygon:
(0,0)(16,0)(16,3)(0,3)
Polygon:
(0,0)(10,0)(10,2)(0,2)
Polygon:
(0,0)(40,0)(40,6)(23,6)(23,21)(10,21)(10,13)(0,13)
Polygon:
(0,0)(14,0)(14,7)(0,7)
Polygon:
(0,0)(28,0)(28,10)(24,10)(24,11)(6,11)(6,3)(0,3)
Polygon:
(0,0)(30,0)(30,16)(23,16)(23,18)(8,18)(8,13)(0,13)
Polygon:
(0,0)(27,0)(27,12)(21,12)(21,30)(14,30)(14,12)(0,12)
Polygon:
(0,0)(33,0)(33,4)(29,4)(29,14)(13,14)(13,3)(0,3)
Polygon:
(0,0)(27,0)(27,16)(17,16)(17,34)(0,34)
Polygon:
(0,0)(9,0)(9,2)(0,2)
Polygon:
(0,0)(4,0)(4,1)(0,1)
Polygon:
(0,0)(30,0)(30,10)(18,10)(18,18)(0,18)
Polygon:
(0,0)(17,0)(17,13)(0,13)
Polygon:
(0,0)(5,0)(5,18)(0,18)
Polygon:
(0,0)(27,0)(27,20)(12,20)(12,21)(2,21)(2,6)(0,6)
Polygon:
(0,0)(35,0)(35,8)(17,8)(17,21)(9,21)(9,8)(0,8)
Polygon:
(0,0)(20,0)(20,12)(17,12)(17,18)(0,18)
Polygon:
(0,0)(6,0)(6,1)(0,1)
Polygon:
(0,0)(18,0)(18,10)(0,10)
Polygon:
(0,0)(35,0)(35,15)(18,15)(18,21)(0,21)
Polygon:
(0,0)(7,0)(7,13)(0,13)
Polygon:
(0,0)(5,0)(5,17)(0,17)
Polygon:
(0,0)(20,0)(20,4)(11,4)(11,17)(0,17)
Polygon:
(0,0)(9,0)(9,11)(2,11)(2,20)(0,20)
Polygon:
(0,0)(23,0)(23,21)(17,21)(17,28)(6,28)(6,17)(0,17)
Polygon:
(0,0)(18,0)(18,13)(17,13)(17,27)(15,27)(15,11)(0,11)
Polygon:
(0,0)(30,0)(30,3)(16,3)(16,15)(0,15)
Polygon:
(0,0)(10,0)(10,2)(0,2)
Polygon:
(0,0)(14,0)(14,2)(9,2)(9,7)(0,7)
Polygon:
(0,0)(7,0)(7,9)(0,9)
Polygon:
(0,0)(6,0)(6,5)(0,5)
Polygon:
(0,0)(21,0)(21,2)(9,2)(9,6)(0,6)
Polygon:
(0,0)(21,0)(21,26)(13,26)(13,33)(5,33)(5,16)(0,16)
Polygon:
(0,0)(38,0)(38,4)(28,4)(28,18)(16,18)(16,1)(0,1)
Polygon:
(0,0)(22,0)(22,7)(18,7)(18,23)(0,23)
Polygon:
(0,0)(13,0)(13,4)(0,4)
Polygon:
(0,0)(10,0)(10,13)(0,13)
Polygon:
(0,0)(32,0)(32,6)(18,6)(18,13)(0,13)
Polygon:
(0,0)(26,0)(26,16)(21,16)(21,20)(7,20)(7,10)(0,10)
Polygon:
(0,0)(16,0)(16,15)(2,15)(2,26)(1,26)(1,18)(0,18)
Polygon:
(0,0)(17,0)(17,6)(0,6)
Polygon:
(0,0)(3,0)(3,16)(0,16)
Polygon:
(0,0)(6,0)(6,5)(0,5)
Polygon:
(0,0)(13,0)(13,13)(0,13)
Polygon:
(0,0)(21,0)(21,17)(17,17)(17,20)(4,20)(4,4)(0,4)
Polygon:
(0,0)(16,0)(16,16)(5,16)(5,18)(0,18)
Polygon:
(0,0)(1,0)(1,2)(0,2)
Polygon:
(0,0)(11,0)(11,16)(0,16)
Polygon:
(0,0)(8,0)(8,11)(0,11)
Polygon:
(0,0)(14,0)(14,2)(0,2)
Polygon:
(0,0)(7,0)(7,10)(0,10)
Polygon:
(0,0)(6,0)(6,9)(0,9)
Polygon:
(0,0)(38,0)(38,14)(21,14)(21,16)(3,16)(3,12)(0,12)
Polygon:
(0,0)(5,0)(5,14)(0,14)
Polygon:
(0,0)(16,0)(16,7)(0,7)
Polygon:
(0,0)(17,0)(17,9)(0,9)
Polygon:
(0,0)(15,0)(15,5)(5,5)(5,22)(0,22)
Polygon:
(0,0)(15,0)(15,10)(0,10)
Polygon:
(0,0)(16,0)(16,8)(7,8)(7,18)(0,18)
Polygon:
(0,0)(27,0)(27,8)(10,8)(10,15)(6,15)(6,9)(0,9)
Polygon:
(0,0)(13,0)(13,11)(4,11)(4,19)(3,19)(3,10)(0,10)
Polygon:
(0,0)(2,0)(2,15)(0,15)
Polygon:
(0,0)(12,0)(12,14)(0,14)
Polygon:
(0,0)(16,0)(16,5)(0,5)
Polygon:
(0,0)(1,0)(1,14)(0,14)
Polygon:
(0,0)(9,0)(9,14)(8,14)(8,17)(1,17)(1,15)(0,15)
Polygon:
(0,0)(15,0)(15,4)(0,4)
Polygon:
(0,0)(12,0)(12,17)(0,17)
Polygon:
(0,0)(8,0)(8,6)(0,6)
Polygon:
(0,0)(9,0)(9,7)(0,7)
Polygon:
(0,0)(15,0)(15,1)(1,1)(1,4)(0,4)
Polygon:
(0,0)(31,0)(31,17)(25,17)(25,19)(18,19)(18,8)(0,8)
Polygon:
(0,0)(13,0)(13,12)(0,12)
Polygon:
(0,0)(27,0)(27,5)(21,5)(21,19)(17,19)(17,2)(0,2)
Polygon:
(0,0)(34,0)(34,10)(25,10)(25,22)(14,22)(14,13)(0,13)
Polygon:
(0,0)(3,0)(3,5)(0,5)
Polygon:
(0,0)(10,0)(10,11)(7,11)(7,13)(0,13)
Polygon:
(0,0)(9,0)(9,18)(0,18)
Polygon:
(0,0)(16,0)(16,5)(9,5)(9,7)(0,7)
Polygon:
(0,0)(18,0)(18,17)(0,17)
Polygon:
(0,0)(12,0)(12,16)(0,16)
Polygon:
(0,0)(32,0)(32,14)(17,14)(17,21)(0,21)
Polygon:
(0,0)(22,0)(22,4)(16,4)(16,12)(0,12)
Polygon:
(0,0)(7,0)(7,15)(0,15)
Polygon:
(0,0)(10,0)(10,15)(0,15)
Polygon:
(0,0)(21,0)(21,12)(3,12)(3,27)(0,27)
Polygon:
(0,0)(5,0)(5,14)(0,14)
Polygon:
(0,0)(18,0)(18,3)(0,3)
Polygon:
(0,0)(2,0)(2,17)(0,17)
Polygon:
(0,0)(20,0)(20,9)(10,9)(10,11)(0,11)
Polygon:
(0,0)(13,0)(13,18)(0,18)
Polygon:
(0,0)(4,0)(4,5)(0,5)
Polygon:
(0,0)(32,0)(32,2)(20,2)(20,18)(18,18)(18,6)(0,6)
Polygon:
(0,0)(1,0)(1,3)(0,3)
Polygon:
(0,0)(3,0)(3,12)(0,12)
Polygon:
(0,0)(17,0)(17,14)(0,14)
Polygon:
(0,0)(20,0)(20,7)(16,7)(16,9)(8,9)(8,3)(0,3)
Polygon:
(0,0)(10,0)(10,4)(0,4)
Polygon:
(0,0)(10,0)(10,3)(0,3)
Polygon:
(0,0)(17,0)(17,1)(4,1)(4,8)(0,8)
Polygon:
(0,0)(13,0)(13,9)(0,9)
Polygon:
(0,0)(19,0)(19,19)(10,19)(10,20)(6,20)(6,7)(0,7)
Polygon:
(0,0)(35,0)(35,6)(27,6)(27,11)(15,11)(15,1)(0,1)
Polygon:
(0,0)(22,0)(22,8)(18,8)(18,13)(13,13)(13,1)(0,1)
Polygon:
(0,0)(29,0)(29,11)(14,11)(14,16)(0,16)
Polygon:
(0,0)(13,0)(13,2)(0,2)
Polygon:
(0,0)(1,0)(1,18)(0,18)
Polygon:
(0,0)(17,0)(17,1)(14,1)(14,17)(0,17)
Polygon:
(0,0)(26,0)(26,15)(10,15)(10,33)(0,33)
Polygon:
(0,0)(18,0)(18,16)(0,16)
Polygon:
(0,0)(14,0)(14,6)(11,6)(11,18)(4,18)(4,2)(0,2)
Polygon:
(0,0)(23,0)(23,10)(17,10)(17,15)(0,15)
Polygon:
(0,0)(13,0)(13,3)(0,3)
Polygon:
(0,0)(11,0)(11,15)(9,15)(9,16)(1,16)(1,8)(0,8)
Polygon:
(0,0)(35,0)(35,6)(21,6)(21,23)(14,23)(14,14)(0,14)
Polygon:
(0,0)(31,0)(31,3)(14,3)(14,4)(0,4)
Polygon:
(0,0)(6,0)(6,2)(4,2)(4,10)(0,10)
Polygon:
(0,0)(17,0)(17,3)(4,3)(4,9)(0,9)
Polygon:
(0,0)(14,0)(14,17)(0,17)
Polygon:
(0,0)(24,0)(24,1)(6,1)(6,16)(0,16)
Polygon:
(0,0)(7,0)(7,18)(0,18)
Polygon:
(0,0)(14,0)(14,3)(7,3)(7,10)(0,10)
Polygon:
(0,0)(50,0)(50,10)(32,10)(32,15)(15,15)(15,3)(0,3)
Polygon:
(0,0)(17,0)(17,5)(0,5)
Polygon:
(0,0)(23,0)(23,6)(10,6)(10,11)(0,11)
Polygon:
(0,0)(15,0)(15,1)(0,1)
Polygon:
(0,0)(33,0)(33,18)(28,18)(28,20)(14,20)(14,6)(0,6)
Polygon:
(0,0)(7,0)(7,18)(0,18)
Polygon:
(0,0)(12,0)(12,15)(0,15)
Polygon:
(0,0)(21,0)(21,9)(17,9)(17,26)(7,26)(7,16)(0,16)
Polygon:
(0,0)(24,0)(24,4)(13,4)(13,5)(0,5)
Polygon:
(0,0)(9,0)(9,7)(6,7)(6,13)(0,13)
Polygon:
(0,0)(8,0)(8,4)(0,4)
Polygon:
(0,0)(4,0)(4,11)(0,11)
Polygon:
(0,0)(6,0)(6,3)(0,3)
Polygon:
(0,0)(8,0)(8,6)(0,6)
Polygon:
(0,0)(23,0)(23,21)(21,21)(21,23)(13,23)(13,5)(0,5)
Polygon:
(0,0)(18,0)(18,14)(0,14)
Polygon:
(0,0)(1,0)(1,10)(0,10)
Polygon:
(0,0)(5,0)(5,18)(0,18)
Polygon:
(0,0)(17,0)(17,6)(0,6)
Polygon:
(0,0)(35,0)(35,11)(17,11)(17,24)(0,24)
Polygon:
(0,0)(3,0)(3,8)(0,8)
Polygon:
(0,0)(19,0)(19,9)(12,9)(12,21)(6,21)(6,13)(0,13)
Polygon:
(0,0)(7,0)(7,14)(0,14)
Polygon:
(0,0)(15,0)(15,21)(5,21)(5,25)(2,25)(2,8)(0,8)
