Polygon:
(0,0)(1,0)(1,14)(0,14)
Polygon:
(0,0)(21,0)(21,14)(10,14)(10,18)(0,18)
Polygon:
(0,0)(12,0)(12,18)(0,18)
Polygon:
(0,0)(14,0)(14,7)(7,7)(7,10)(0,10)
Polygon:
(0,0)(11,0)(11,15)(0,15)
Polygon:
(0,0)(36,0)(36,24)(20,24)(20,28)(6,28)(6,17)(0,17)
Polygon:
(0,0)(9,0)(9,9)(0,9)
Polygon:
(0,0)(28,0)(28,17)(17,17)(17,23)(8,23)(8,6)(0,6)
Polygon:
(0,0)(13,0)(13,11)(0,11)
Polygon:
(0,0)(14,0)(14,4)(0,4)
Polygon:
(0,0)(31,0)(31,8)(24,8)(24,17)(10,17)(10,6)(0,6)
Polygon:
(0,0)(29,0)(29,7)(23,7)(23,18)(16,18)(16,17)(0,17)
Polygon:
(0,0)(15,0)(15,5)(1,5)(1,16)(0,16)
Polygon:
(0,0)(8,0)(8,16)(4,16)(4,18)(1,18)(1,13)(0,13)
Polygon:
(0,0)(23,0)(23,24)(21,24)(21,27)(11,27)(11,17)(0,17)
Polygon:
(0,0)(11,0)(11,8)(0,8)
Polygon:
(0,0)(9,0)(9,2)(0,2)
Polygon:
(0,0)(17,0)(17,18)(0,18)
Polygon:
(0,0)(16,0)(16,2)(0,2)
Polygon:
(0,0)(7,0)(7,5)(0,5)
Polygon:
(0,0)(18,0)(18,4)(1,4)(1,15)(0,15)
Polygon:
(0,0)(9,0)(9,9)(3,9)(3,18)(0,18)
Polygon:
(0,0)(16,0)(16,7)(0,7)
Polygon:
(0,0)(28,0)(28,25)(22,25)(22,26)(5,26)(5,13)(0,13)
Polygon:
(0,0)(26,0)(26,11)(8,11)(8,13)(0,13)
Polygon:
(0,0)(17,0)(17,6)(0,6)
Polygon:
(0,0)(17,0)(17,17)(3,17)(3,29)(0,29)
Polygon:
(0,0)(18,0)(18,17)(6,17)(6,20)(3,20)(3,15)(0,15)
Polygon:
(0,0)(18,0)(18,2)(1,2)(1,16)(0,16)
Polygon:
(0,0)(27,0)(27,6)(18,6)(18,10)(0,10)
Polygon:
(0,0)(25,0)(25,3)(18,3)(18,7)(0,7)
Polygon:
(0,0)(16,0)(16,4)(0,4)
Polygon:
(0,0)(14,0)(14,2)(6,2)(6,13)(4,13)(4,1)(0,1)
Polygon:
(0,0)(45,0)(45,6)(31,6)(31,18)(18,18)(18,11)(0,11)
Polygon:
(0,0)(27,0)(27,28)(12,28)(12,30)(1,30)(1,14)(0,14)
Polygon:
(0,0)(4,0)(4,13)(0,13)
Polygon:
(0,0)(2,0)(2,4)(0,4)
Polygon:
(0,0)(22,0)(22,12)(20,12)(20,17)(18,17)(18,3)(0,3)
Polygon:
(0,0)(5,0)(5,13)(0,13)
Polygon:
(0,0)(28,0)(28,15)(15,15)(15,17)(0,17)
Polygon:
(0,0)(34,0)(34,17)(16,17)(16,29)(0,29)
Polygon:
(0,0)(37,0)(37,13)(22,13)(22,16)(11,16)(11,11)(0,11)
Polygon:
(0,0)(13,0)(13,13)(0,13)
Polygon:
(0,0)(20,0)(20,21)(14,21)(14,28)(12,28)(12,16)(0,16)
Polygon:
(0,0)(10,0)(10,18)(0,18)
Polygon:
(0,0)(28,0)(28,6)(13,6)(13,21)(11,21)(11,5)(0,5)
Polygon:
(0,0)(33,0)(33,25)(17,25)(17,31)(8,31)(8,15)(0,15)
Polygon:
(0,0)(16,0)(16,10)(11,10)(11,26)(0,26)
Polygon:
(0,0)(14,0)(14,2)(4,2)(4,10)(0,10)
Polygon:
(0,0)(19,0)(19,12)(2,12)(2,16)(0,16)
Polygon:
(0,0)(10,0)(10,12)(0,12)
Polygon:
(0,0)(14,0)(14,7)(13,7)(13,16)(0,16)
Polygon:
(0,0)(1,0)(1,9)(0,9)
Polygon:
(0,0)(18,0)(18,14)(13,14)(13,21)(0,21)
Polygon:
(0,0)(11,0)(11,7)(5,7)(5,19)(0,19)
Polygon:
(0,0)(13,0)(13,6)(0,6)
Polygon:
(0,0)(18,0)(18,9)(0,9)
Polygon:
(0,0)(18,0)(18,10)(0,10)
Polygon:
(0,0)(29,0)(29,11)(18,11)(18,29)(0,29)
Polygon:
(0,0)(10,0)(10,15)(0,15)
Polygon:
(0,0)(12,0)(12,17)(0,17)
Polygon:
(0,0)(10,0)(10,16)(0,16)
Polygon:
(0,0)(7,0)(7,4)(0,4)
Polygon:
(0,0)(24,0)(24,17)(11,17)(11,19)(2,19)(2,5)(0,5)
Polygon:
(0,0)(25,0)(25,13)(17,13)(17,15)(16,15)(16,10)(0,10)
Polygon:
(0,0)(14,0)(14,12)(0,12)
Polygon:
(0,0)(9,0)(9,3)(0,3)
Polygon:
(0,0)(21,0)(21,15)(16,15)(16,21)(3,21)(3,7)(0,7)
Polygon:
(0,0)(5,0)(5,7)(0,7)
Polygon:
(0,0)(29,0)(29,8)(22,8)(22,11)(6,11)(6,2)(0,2)
Polygon:
(0,0)(13,0)(13,10)(0,10)
Polygon:
(0,0)(25,0)(25,4)(14,4)(14,19)(8,19)(8,1)(0,1)
Polygon:
(0,0)(12,0)(12,16)(0,16)
Polygon:
(0,0)(24,0)(24,5)(18,5)(18,20)(0,20)
Polygon:
(0,0)(28,0)(28,16)(21,16)(21,22)(10,22)(10,11)(0,11)
Polygon:
(0,0)(3,0)(3,6)(0,6)
Polygon:
(0,0)(2,0)(2,6)(0,6)
Polygon:
(0,0)(19,0)(19,13)(13,13)(13,14)(0,14)
Polygon:
(0,0)(24,0)(24,4)(18,4)(18,7)(0,7)
Polygon:
(0,0)(1,0)(1,16)(0,16)
Polygon:
(0,0)(8,0)(8,12)(0,12)
Polygon:
(0,0)(10,0)(10,5)(0,5)
Polygon:
(0,0)(25,0)(25,12)(13,12)(13,22)(11,22)(11,7)(0,7)
Polygon:
(0,0)(9,0)(9,7)(0,7)
Polygon:
(0,0)(2,0)(2,17)(0,17)
Polygon:
(0,0)(1,0)(1,5)(0,5)
Polygon:
(0,0)(12,0)(12,15)(0,15)
Polygon:
(0,0)(1,0)(1,7)(0,7)
Polygon:
(0,0)(10,0)(10,15)(0,15)
Polygon:
(0,0)(2,0)(2,11)(0,11)
Polygon:
(0,0)(9,0)(9,5)(0,5)
Polygon:
(0,0)(8,0)(8,3)(0,3)
Polygon:
(0,0)(3,0)(3,14)(0,14)
Polygon:
(0,0)(14,0)(14,8)(0,8)
Polygon:
(0,0)(34,0)(34,9)(25,9)(25,27)(12,27)(12,11)(0,11)
Polygon:
(0,0)(22,0)(22,8)(7,8)(7,14)(0,14)
Polygon:
(0,0)(8,0)(8,7)(0,7)
Polygon:
(0,0)(10,0)(10,1)(9,1)(9,2)(0,2)
Polygon:
(0,0)(5,0)(5,4)(0,4)
Polygon:
(0,0)(11,0)(11,2)(4,2)(4,10)(0,10)
Polygon:
(0,0)(7,0)(7,18)(0,18)
Polygon:
(0,0)(12,0)(12,17)(0,17)
Polygon:
(0,0)(4,0)(4,9)(0,9)
Polygon:
(0,0)(17,0)(17,3)(0,3)
Polygon:
(0,0)(15,0)(15,15)(5,15)(5,29)(0,29)
Polygon:
(0,0)(10,0)(10,17)(0,17)
Polygon:
(0,0)(14,0)(14,6)(0,6)
Polygon:
(0,0)(30,0)(30,13)(19,13)(19,25)(13,25)(13,11)(0,11)
Polygon:
(0,0)(32,0)(32,25)(17,25)(17,27)(16,27)(16,11)(0,11)
Polygon:
(0,0)(3,0)(3,8)(0,8)
Polygon:
(0,0)(31,0)(31,11)(26,11)(26,23)(10,23)(10,5)(0,5)
Polygon:
(0,0)(26,0)(26,5)(12,5)(12,16)(8,16)(8,15)(0,15)
Polygon:
(0,0)(9,0)(9,7)(6,7)(6,19)(0,19)
Polygon:
(0,0)(26,0)(26,8)(15,8)(15,11)(0,11)
Polygon:
(0,0)(31,0)(31,17)(23,17)(23,23)(12,23)(12,7)(0,7)
Polygon:
(0,0)(6,0)(6,4)(0,4)
Polygon:
(0,0)(8,0)(8,17)(0,17)
Polygon:
(0,0)(26,0)(26,9)(17,9)(17,20)(10,20)(10,4)(0,4)
Polygon:
(0,0)(27,0)(27,16)(25,16)(25,19)(8,19)(8,1)(0,1)
Polygon:
(0,0)(9,0)(9,13)(2,13)(2,30)(0,30)
Polygon:
(0,0)(6,0)(6,18)(0,18)
Polygon:
(0,0)(36,0)(36,10)(27,10)(27,14)(9,14)(9,5)(0,5)
Polygon:
(0,0)(2,0)(2,4)(1,4)(1,6)(0,6)
Polygon:
(0,0)(25,0)(25,13)(18,13)(18,26)(1,26)(1,13)(0,13)
Polygon:
(0,0)(18,0)(18,3)(15,3)(15,17)(12,17)(12,7)(0,7)
Polygon:
(0,0)(12,0)(12,20)(9,20)(9,25)(8,25)(8,15)(0,15)
Polygon:
(0,0)(9,0)(9,17)(0,17)
Polygon:
(0,0)(16,0)(16,6)(0,6)
Polygon:
(0,0)(13,0)(13,4)(12,4)(12,15)(0,15)
Polygon:
(0,0)(26,0)(26,6)(15,6)(15,9)(6,9)(6,3)(0,3)
Polygon:
(0,0)(10,0)(10,11)(0,11)
Polygon:
(0,0)(22,0)(22,11)(7,11)(7,27)(0,27)
Polygon:
(0,0)(15,0)(15,14)(0,14)
Polygon:
(0,0)(33,0)(33,11)(15,11)(15,18)(0,18)
Polygon:
(0,0)(10,0)(10,2)(0,2)
Polygon:
(0,0)(15,0)(15,16)(0,16)
Polygon:
(0,0)(12,0)(12,13)(7,13)(7,30)(0,30)
Polygon:
(0,0)(5,0)(5,1)(0,1)
Polygon:
(0,0)(21,0)(21,6)(7,6)(7,18)(5,18)(5,5)(0,5)
Polygon:
(0,0)(46,0)(46,11)(28,11)(28,16)(17,16)(17,4)(0,4)
Polygon:
(0,0)(12,0)(12,2)(8,2)(8,12)(0,12)
Polygon:
(0,0)(4,0)(4,9)(0,9)
Polygon:
(0,0)(41,0)(41,23)(31,23)(31,29)(13,29)(13,12)(0,12)
Polygon:
(0,0)(42,0)(42,14)(29,14)(29,21)(16,21)(16,4)(0,4)
Polygon:
(0,0)(17,0)(17,17)(0,17)
Polygon:
(0,0)(16,0)(16,4)(0,4)
Polygon:
(0,0)(13,0)(13,5)(0,5)
Polygon:
(0,0)(24,0)(24,15)(22,15)(22,28)(15,28)(15,11)(0,11)
Polygon:
(0,0)(11,0)(11,13)(0,13)
Polygon:
(0,0)(19,0)(19,12)(17,12)(17,21)(13,21)(13,8)(0,8)
Polygon:
(0,0)(21,0)(21,2)(16,2)(16,19)(0,19)
Polygon:
(0,0)(1,0)(1,17)(0,17)
Polygon:
(0,0)(13,0)(13,13)(0,13)
Polygon:
(0,0)(23,0)(23,4)(12,4)(12,18)(0,18)
Polygon:
(0,0)(15,0)(15,6)(0,6)
Polygon:
(0,0)(8,0)(8,6)(0,6)
Polygon:
(0,0)(18,0)(18,3)(7,3)(7,13)(0,13)
Polygon:
(0,0)(37,0)(37,20)(23,20)(23,24)(14,24)(14,18)(0,18)
Polygon:
(0,0)(12,0)(12,16)(0,16)
Polygon:
(0,0)(12,0)(12,17)(0,17)
Polygon:
(0,0)(12,0)(12,17)(0,17)
Polygon:
(0,0)(37,0)(37,13)(22,13)(22,23)(13,23)(13,14)(0,14)
Polygon:
(0,0)(30,0)(30,6)(27,6)(27,19)(13,19)(13,11)(0,11)
Polygon:
(0,0)(49,0)(49,17)(32,17)(32,18)(16,18)(16,14)(0,14)
Polygon:
(0,0)(13,0)(13,2)(0,2)
Polygon:
(0,0)(20,0)(20,15)(17,15)(17,17)(16,17)(16,8)(0,8)
Polygon:
(0,0)(9,0)(9,7)(4,7)(4,20)(1,20)(1,10)(0,10)
Polygon:
(0,0)(46,0)(46,17)(35,17)(35,28)(18,28)(18,13)(0,13)
Polygon:
(0,0)(8,0)(8,11)(0,11)
Polygon:
(0,0)(29,0)(29,26)(14,26)(14,31)(1,31)(1,13)(0,13)
Polygon:
(0,0)(5,0)(5,13)(0,13)
Polygon:
(0,0)(17,0)(17,8)(0,8)
Polygon:
(0,0)(22,0)(22,17)(14,17)(14,18)(0,18)
Polygon:
(0,0)(23,0)(23,20)(21,20)(21,21)(15,21)(15,18)(0,18)
Polygon:
(0,0)(12,0)(12,3)(0,3)
Polygon:
(0,0)(7,0)(7,6)(0,6)
Polygon:
(0,0)(6,0)(6,15)(0,15)
Polygon:
(0,0)(32,0)(32,21)(22,21)(22,25)(18,25)(18,8)(0,8)
Polygon:
(0,0)(17,0)(17,13)(1,13)(1,23)(0,23)
Polygon:
(0,0)(14,0)(14,9)(0,9)
Polygon:
(0,0)(19,0)(19,18)(2,18)(2,31)(0,31)
Polygon:
(0,0)(29,0)(29,22)(15,22)(15,29)(4,29)(4,14)(0,14)
Polygon:
(0,0)(25,0)(25,5)(12,5)(12,8)(0,8)
Polygon:
(0,0)(24,0)(24,5)(16,5)(16,22)(11,22)(11,17)(0,17)
Polygon:
(0,0)(8,0)(8,9)(0,9)
Polygon:
(0,0)(17,0)(17,9)(0,9)
Polygon:
(0,0)(18,0)(18,8)(14,8)(14,17)(0,17)
Polygon:
(0,0)(16,0)(16,2)(0,2)
Polygon:
(0,0)(9,0)(9,16)(0,16)
Polygon:
(0,0)(22,0)(22,2)(12,2)(12,17)(0,17)
Polygon:
(0,0)(14,0)(14,9)(10,9)(10,16)(0,16)
Polygon:
(0,0)(6,0)(6,5)(0,5)
Polygon:
(0,0)(20,0)(20,4)(16,4)(16,19)(6,19)(6,13)(0,13)
Polygon:
(0,0)(40,0)(40,9)(27,9)(27,15)(15,15)(15,2)(0,2)
Polygon:
(0,0)(9,0)(9,13)(0,13)
Polygon:
(0,0)(18,0)(18,10)(4,10)(4,14)(0,14)
Polygon:
(0,0)(2,0)(2,17)(0,17)
Polygon:
(0,0)(20,0)(20,17)(18,17)(18,23)(2,23)(2,5)(0,5)
Polygon:
(0,0)(12,0)(12,16)(0,16)
Polygon:
(0,0)(27,0)(27,13)(18,13)(18,17)(16,17)(16,4)(0,4)
Polygon:
(0,0)(3,0)(3,17)(0,17)
Polygon:
(0,0)(16,0)(16,17)(0,17)
Polygon:
(0,0)(14,0)(14,2)(11,2)(11,13)(0,13)
Polygon:
(0,0)(6,0)(6,12)(0,12)
Polygon:
(0,0)(23,0)(23,4)(14,4)(14,13)(0,13)
Polygon:
(0,0)(21,0)(21,6)(14,6)(14,7)(5,7)(5,3)(0,3)
Polygon:
(0,0)(33,0)(33,16)(25,16)(25,28)(13,28)(13,11)(0,11)
Polygon:
(0,0)(27,0)(27,20)(20,20)(20,28)(5,28)(5,16)(0,16)
Polygon:
(0,0)(3,0)(3,9)(0,9)
Polygon:
(0,0)(15,0)(15,2)(0,2)
Polygon:
(0,0)(12,0)(12,18)(0,18)
Polygon:
(0,0)(10,0)(10,15)(2,15)(2,25)(0,25)
Polygon:
(0,0)(19,0)(19,2)(14,2)(14,5)(0,5)
Polygon:
(0,0)(22,0)(22,5)(11,5)(11,11)(0,11)
Polygon:
(0,0)(48,0)(48,15)(32,15)(32,30)(17,30)(17,12)(0,12)
Polygon:
(0,0)(35,0)(35,7)(27,7)(27,19)(18,19)(18,6)(0,6)
Polygon:
(0,0)(2,0)(2,17)(1,17)(1,24)(0,24)
Polygon:
(0,0)(6,0)(6,11)(0,11)
Polygon:
(0,0)(37,0)(37,9)(27,9)(27,19)(17,19)(17,2)(0,2)
Polygon:
(0,0)(1,0)(1,14)(0,14)
Polygon:
(0,0)(21,0)(21,5)(8,5)(8,6)(0,6)
Polygon:
(0,0)(31,0)(31,3)(28,3)(28,11)(14,11)(14,7)(0,7)
Polygon:
(0,0)(31,0)(31,17)(25,17)(25,29)(15,29)(15,12)(0,12)
Polygon:
(0,0)(31,0)(31,20)(28,20)(28,27)(18,27)(18,9)(0,9)
Polygon:
(0,0)(30,0)(30,7)(15,7)(15,19)(9,19)(9,18)(0,18)
Polygon:
(0,0)(22,0)(22,17)(19,17)(19,26)(15,26)(15,15)(0,15)
Polygon:
(0,0)(14,0)(14,7)(5,7)(5,9)(0,9)
Polygon:
(0,0)(18,0)(18,12)(0,12)
Polygon:
(0,0)(30,0)(30,5)(15,5)(15,12)(0,12)
Polygon:
(0,0)(31,0)(31,11)(23,11)(23,25)(10,25)(10,17)(0,17)
Polygon:
(0,0)(35,0)(35,10)(17,10)(17,16)(16,16)(16,13)(0,13)
Polygon:
(0,0)(2,0)(2,11)(0,11)
Polygon:
(0,0)(18,0)(18,20)(15,20)(15,25)(12,25)(12,17)(0,17)
Polygon:
(0,0)(14,0)(14,5)(0,5)
Polygon:
(0,0)(14,0)(14,10)(0,10)
Polygon:
(0,0)(5,0)(5,2)(0,2)
Polygon:
(0,0)(18,0)(18,27)(17,27)(17,35)(3,35)(3,17)(0,17)
Polygon:
(0,0)(14,0)(14,2)(0,2)
Polygon:
(0,0)(1,0)(1,16)(0,16)
Polygon:
(0,0)(11,0)(11,11)(0,11)
Polygon:
(0,0)(30,0)(30,13)(24,13)(24,27)(15,27)(15,13)(0,13)
Polygon:
(0,0)(17,0)(17,2)(0,2)
Polygon:
(0,0)(34,0)(34,13)(29,13)(29,15)(16,15)(16,12)(0,12)
Polygon:
(0,0)(30,0)(30,8)(19,8)(19,13)(13,13)(13,2)(0,2)
Polygon:
(0,0)(11,0)(11,6)(0,6)
Polygon:
(0,0)(25,0)(25,12)(16,12)(16,26)(0,26)
Polygon:
(0,0)(8,0)(8,10)(1,10)(1,12)(0,12)
Polygon:
(0,0)(18,0)(18,13)(0,13)
Polygon:
(0,0)(39,0)(39,7)(22,7)(22,24)(18,24)(18,8)(0,8)
Polygon:
(0,0)(20,0)(20,10)(18,10)(18,19)(0,19)
Polygon:
(0,0)(10,0)(10,1)(0,1)
Polygon:
(0,0)(15,0)(15,11)(0,11)
Polygon:
(0,0)(8,0)(8,18)(0,18)
Polygon:
(0,0)(14,0)(14,1)(2,1)(2,7)(1,7)(1,3)(0,3)
Polygon:
(0,0)(30,0)(30,10)(12,10)(12,12)(9,12)(9,9)(0,9)
Polygon:
(0,0)(26,0)(26,9)(15,9)(15,21)(4,21)(4,9)(0,9)
Polygon:
(0,0)(18,0)(18,11)(0,11)
Polygon:
(0,0)(19,0)(19,11)(3,11)(3,23)(0,23)
Polygon:
(0,0)(30,0)(30,26)(17,26)(17,29)(7,29)(7,16)(0,16)
Polygon:
(0,0)(24,0)(24,15)(12,15)(12,31)(0,31)
Polygon:
(0,0)(18,0)(18,5)(0,5)
Polygon:
(0,0)(11,0)(11,12)(9,12)(9,13)(0,13)
Polygon:
(0,0)(6,0)(6,17)(0,17)
Polygon:
(0,0)(3,0)(3,5)(0,5)
Polygon:
(0,0)(26,0)(26,3)(25,3)(25,18)(10,18)(10,2)(0,2)
Polygon:
(0,0)(15,0)(15,26)(13,26)(13,28)(6,28)(6,13)(0,13)
Polygon:
(0,0)(11,0)(11,15)(0,15)
Polygon:
(0,0)(1,0)(1,17)(0,17)
Polygon:
(0,0)(28,0)(28,8)(23,8)(23,15)(12,15)(12,5)(0,5)
Polygon:
(0,0)(24,0)(24,23)(20,23)(20,31)(14,31)(14,17)(0,17)
Polygon:
(0,0)(7,0)(7,15)(0,15)
Polygon:
(0,0)(19,0)(19,14)(17,14)(17,21)(16,21)(16,7)(0,7)
Polygon:
(0,0)(16,0)(16,18)(0,18)
Polygon:
(0,0)(20,0)(20,11)(7,11)(7,12)(0,12)
Polygon:
(0,0)(16,0)(16,15)(0,15)
Polygon:
(0,0)(13,0)(13,6)(0,6)
Polygon:
(0,0)(35,0)(35,3)(18,3)(18,6)(0,6)
Polygon:
(0,0)(7,0)(7,9)(0,9)
Polygon:
(0,0)(7,0)(7,18)(0,18)
Polygon:
(0,0)(15,0)(15,4)(0,4)
Polygon:
(0,0)(2,0)(2,17)(0,17)
Polygon:
(0,0)(29,0)(29,4)(19,4)(19,9)(13,9)(13,8)(0,8)
Polygon:
(0,0)(28,0)(28,6)(22,6)(22,23)(8,23)(8,18)(0,18)
Polygon:
(0,0)(18,0)(18,10)(0,10)
Polygon:
(0,0)(24,0)(24,15)(14,15)(14,22)(0,22)
Polygon:
(0,0)(37,0)(37,11)(28,11)(28,22)(18,22)(18,10)(0,10)
Polygon:
(0,0)(31,0)(31,23)(23,23)(23,25)(6,25)(6,17)(0,17)
Polygon:
(0,0)(15,0)(15,6)(0,6)
Polygon:
(0,0)(19,0)(19,12)(16,12)(16,25)(0,25)
Polygon:
(0,0)(17,0)(17,1)(9,1)(9,17)(0,17)
Polygon:
(0,0)(12,0)(12,2)(0,2)
Polygon:
(0,0)(5,0)(5,9)(0,9)
Polygon:
(0,0)(26,0)(26,3)(24,3)(24,11)(13,11)(13,10)(0,10)
Polygon:
(0,0)(10,0)(10,17)(0,17)
Polygon:
(0,0)(28,0)(28,4)(16,4)(16,10)(0,10)
Polygon:
(0,0)(9,0)(9,10)(0,10)
Polygon:
(0,0)(5,0)(5,13)(0,13)
Polygon:
(0,0)(4,0)(4,14)(0,14)
Polygon:
(0,0)(29,0)(29,2)(16,2)(16,11)(0,11)
Polygon:
(0,0)(36,0)(36,6)(18,6)(18,23)(4,23)(4,17)(0,17)
Polygon:
(0,0)(13,0)(13,10)(0,10)
Polygon:
(0,0)(10,0)(10,16)(0,16)
Polygon:
(0,0)(18,0)(18,18)(0,18)
Polygon:
(0,0)(14,0)(14,9)(0,9)
Polygon:
(0,0)(33,0)(33,10)(17,10)(17,21)(2,21)(2,4)(0,4)
Polygon:
(0,0)(24,0)(24,4)(12,4)(12,18)(11,18)(11,4)(0,4)
Polygon:
(0,0)(13,0)(13,11)(8,11)(8,14)(0,14)
Polygon:
(0,0)(4,0)(4,14)(0,14)
Polygon:
(0,0)(5,0)(5,14)(1,14)(1,17)(0,17)
Polygon:
(0,0)(6,0)(6,4)(5,4)(5,20)(2,20)(2,5)(0,5)
Polygon:
(0,0)(35,0)(35,4)(31,4)(31,22)(18,22)(18,7)(0,7)
Polygon:
(0,0)(12,0)(12,16)(0,16)
Polygon:
(0,0)(6,0)(6,12)(0,12)
Polygon:
(0,0)(15,0)(15,6)(0,6)
Polygon:
(0,0)(23,0)(23,2)(8,2)(8,18)(0,18)
Polygon:
(0,0)(8,0)(8,18)(0,18)
Polygon:
(0,0)(19,0)(19,9)(15,9)(15,18)(0,18)
Polygon:
(0,0)(31,0)(31,5)(18,5)(18,17)(11,17)(11,15)(0,15)
Polygon:
(0,0)(8,0)(8,16)(3,16)(3,33)(0,33)
Polygon:
(0,0)(32,0)(32,23)(20,23)(20,25)(16,25)(16,11)(0,11)
Polygon:
(0,0)(41,0)(41,16)(24,16)(24,19)(13,19)(13,17)(0,17)
Polygon:
(0,0)(21,0)(21,3)(16,3)(16,13)(14,13)(14,7)(0,7)
Polygon:
(0,0)(16,0)(16,12)(0,12)
Polygon:
(0,0)(18,0)(18,10)(5,10)(5,22)(0,22)
Polygon:
(0,0)(10,0)(10,17)(0,17)
Polygon:
(0,0)(13,0)(13,4)(0,4)
Polygon:
(0,0)(18,0)(18,5)(0,5)
Polygon:
(0,0)(17,0)(17,12)(15,12)(15,20)(0,20)
Polygon:
(0,0)(33,0)(33,24)(30,24)(30,33)(14,33)(14,16)(0,16)
Polygon:
(0,0)(11,0)(11,7)(0,7)
Polygon:
(0,0)(6,0)(6,13)(0,13)
Polygon:
(0,0)(13,0)(13,11)(9,11)(9,20)(0,20)
Polygon:
(0,0)(4,0)(4,10)(0,10)
Polygon:
(0,0)(16,0)(16,16)(0,16)
Polygon:
(0,0)(15,0)(15,10)(0,10)
Polygon:
(0,0)(30,0)(30,15)(13,15)(13,17)(8,17)(8,14)(0,14)
Polygon:
(0,0)(9,0)(9,7)(0,7)
Polygon:
(0,0)(10,0)(10,18)(0,18)
Polygon:
(0,0)(34,0)(34,17)(16,17)(16,28)(7,28)(7,12)(0,12)
Polygon:
(0,0)(10,0)(10,18)(4,18)(4,26)(0,26)
Polygon:
(0,0)(17,0)(17,3)(0,3)
Polygon:
(0,0)(8,0)(8,11)(0,11)
Polygon:
(0,0)(3,0)(3,14)(0,14)
Polygon:
(0,0)(26,0)(26,10)(8,10)(8,26)(0,26)
Polygon:
(0,0)(18,0)(18,2)(0,2)
Polygon:
(0,0)(19,0)(19,8)(18,8)(18,15)(16,15)(16,9)(0,9)
Polygon:
(0,0)(21,0)(21,16)(16,16)(16,33)(0,33)
Polygon:
(0,0)(11,0)(11,18)(0,18)
Polygon:
(0,0)(8,0)(8,12)(0,12)
Polygon:
(0,0)(24,0)(24,5)(16,5)(16,10)(15,10)(15,9)(0,9)
Polygon:
(0,0)(12,0)(12,19)(9,19)(9,21)(8,21)(8,8)(0,8)
Polygon:
(0,0)(1,0)(1,13)(0,13)
Polygon:
(0,0)(27,0)(27,10)(16,10)(16,15)(5,15)(5,13)(0,13)
Polygon:
(0,0)(1,0)(1,14)(0,14)
Polygon:
(0,0)(25,0)(25,18)(17,18)(17,20)(0,20)
Polygon:
(0,0)(3,0)(3,14)(0,14)
Polygon:
(0,0)(32,0)(32,17)(26,17)(26,27)(11,27)(11,16)(0,16)
Polygon:
(0,0)(26,0)(26,6)(15,6)(15,22)(0,22)
Polygon:
(0,0)(1,0)(1,12)(0,12)
Polygon:
(0,0)(25,0)(25,1)(11,1)(11,5)(9,5)(9,4)(0,4)
Polygon:
(0,0)(15,0)(15,4)(0,4)
Polygon:
(0,0)(4,0)(4,9)(0,9)
Polygon:
(0,0)(13,0)(13,13)(0,13)
Polygon:
(0,0)(6,0)(6,14)(3,14)(3,31)(0,31)
Polygon:
(0,0)(12,0)(12,4)(0,4)
Polygon:
(0,0)(35,0)(35,5)(25,5)(25,16)(18,16)(18,15)(0,15)
Polygon:
(0,0)(19,0)(19,18)(2,18)(2,32)(0,32)
Polygon:
(0,0)(11,0)(11,15)(7,15)(7,17)(0,17)
Polygon:
(0,0)(7,0)(7,16)(0,16)
Polygon:
(0,0)(26,0)(26,13)(9,13)(9,17)(0,17)
Polygon:
(0,0)(32,0)(32,13)(27,13)(27,15)(12,15)(12,14)(0,14)
Polygon:
(0,0)(18,0)(18,3)(0,3)
Polygon:
(0,0)(2,0)(2,11)(0,11)
Polygon:
(0,0)(8,0)(8,18)(0,18)
Polygon:
(0,0)(5,0)(5,17)(0,17)
Polygon:
(0,0)(15,0)(15,16)(3,16)(3,32)(0,32)
Polygon:
(0,0)(12,0)(12,1)(0,1)
Polygon:
(0,0)(28,0)(28,6)(11,6)(11,9)(3,9)(3,3)(0,3)
Polygon:
(0,0)(7,0)(7,10)(0,10)
Polygon:
(0,0)(3,0)(3,7)(0,7)
Polygon:
(0,0)(15,0)(15,7)(0,7)
Polygon:
(0,0)(15,0)(15,4)(0,4)
Polygon:
(0,0)(15,0)(15,13)(5,13)(5,26)(0,26)
Polygon:
(0,0)(12,0)(12,6)(8,6)(8,7)(0,7)
Polygon:
(0,0)(3,0)(3,11)(0,11)
Polygon:
(0,0)(19,0)(19,6)(11,6)(11,22)(2,22)(2,8)(0,8)
Polygon:
(0,0)(14,0)(14,5)(5,5)(5,18)(0,18)
Polygon:
(0,0)(15,0)(15,14)(11,14)(11,23)(8,23)(8,13)(0,13)
Polygon:
(0,0)(24,0)(24,11)(10,11)(10,20)(7,20)(7,12)(0,12)
Polygon:
(0,0)(23,0)(23,14)(16,14)(16,27)(0,27)
Polygon:
(0,0)(16,0)(16,3)(14,3)(14,16)(0,16)
Polygon:
(0,0)(24,0)(24,15)(13,15)(13,29)(0,29)
Polygon:
(0,0)(11,0)(11,15)(0,15)
Polygon:
(0,0)(27,0)(27,11)(13,11)(13,14)(11,14)(11,5)(0,5)
Polygon:
(0,0)(18,0)(18,14)(4,14)(4,23)(0,23)
Polygon:
(0,0)(18,0)(18,18)(0,18)
Polygon:
(0,0)(13,0)(13,15)(6,15)(6,23)(0,23)
Polygon:
(0,0)(26,0)(26,14)(15,14)(15,15)(0,15)
Polygon:
(0,0)(45,0)(45,7)(27,7)(27,10)(17,10)(17,7)(0,7)
Polygon:
(0,0)(1,0)(1,11)(0,11)
Polygon:
(0,0)(38,0)(38,9)(22,9)(22,18)(6,18)(6,1)(0,1)
Polygon:
(0,0)(31,0)(31,13)(17,13)(17,27)(0,27)
Polygon:
(0,0)(32,0)(32,12)(21,12)(21,18)(18,18)(18,14)(0,14)
Polygon:
(0,0)(31,0)(31,15)(14,15)(14,32)(8,32)(8,14)(0,14)
Polygon:
(0,0)(34,0)(34,9)(19,9)(19,10)(8,10)(8,9)(0,9)
Polygon:
(0,0)(20,0)(20,18)(18,18)(18,35)(0,35)
Polygon:
(0,0)(34,0)(34,10)(16,10)(16,21)(2,21)(2,16)(0,16)
Polygon:
(0,0)(17,0)(17,15)(0,15)
Polygon:
(0,0)(5,0)(5,1)(0,1)
Polygon:
(0,0)(10,0)(10,13)(0,13)
Polygon:
(0,0)(34,0)(34,3)(22,3)(22,17)(6,17)(6,1)(0,1)
Polygon:
(0,0)(16,0)(16,1)(0,1)
Polygon:
(0,0)(8,0)(8,16)(0,16)
Polygon:
(0,0)(6,0)(6,18)(0,18)
Polygon:
(0,0)(17,0)(17,13)(15,13)(15,30)(0,30)
Polygon:
(0,0)(18,0)(18,6)(0,6)
Polygon:
(0,0)(23,0)(23,1)(13,1)(13,15)(0,15)
Polygon:
(0,0)(18,0)(18,15)(0,15)
Polygon:
(0,0)(25,0)(25,13)(9,13)(9,24)(0,24)
Polygon:
(0,0)(5,0)(5,4)(0,4)
Polygon:
(0,0)(29,0)(29,6)(15,6)(15,23)(0,23)
Polygon:
(0,0)(12,0)(12,13)(4,13)(4,26)(3,26)(3,8)(0,8)
Polygon:
(0,0)(35,0)(35,4)(22,4)(22,17)(14,17)(14,1)(0,1)
Polygon:
(0,0)(1,0)(1,1)(0,1)
Polygon:
(0,0)(11,0)(11,16)(0,16)
Polygon:
(0,0)(19,0)(19,11)(17,11)(17,15)(15,15)(15,1)(0,1)
Polygon:
(0,0)(7,0)(7,1)(0,1)
Polygon:
(0,0)(17,0)(17,16)(5,16)(5,28)(0,28)
Polygon:
(0,0)(11,0)(11,14)(0,14)
Polygon:
(0,0)(27,0)(27,17)(9,17)(9,21)(4,21)(4,15)(0,15)
Polygon:
(0,0)(18,0)(18,1)(0,1)
Polygon:
(0,0)(28,0)(28,22)(17,22)(17,29)(4,29)(4,11)(0,11)
Polygon:
(0,0)(9,0)(9,2)(0,2)
Polygon:
(0,0)(18,0)(18,17)(0,17)
Polygon:
(0,0)(6,0)(6,12)(0,12)
Polygon:
(0,0)(12,0)(12,13)(6,13)(6,24)(0,24)
Polygon:
(0,0)(24,0)(24,18)(16,18)(16,29)(9,29)(9,16)(0,16)
Polygon:
(0,0)(13,0)(13,10)(11,10)(11,19)(0,19)
Polygon:
(0,0)(19,0)(19,18)(18,18)(18,23)(3,23)(3,12)(0,12)
Polygon:
(0,0)(12,0)(12,10)(0,10)
Polygon:
(0,0)(18,0)(18,14)(0,14)
Polygon:
(0,0)(9,0)(9,5)(0,5)
Polygon:
(0,0)(2,0)(2,8)(0,8)
Polygon:
(0,0)(38,0)(38,25)(23,25)(23,28)(9,28)(9,12)(0,12)
Polygon:
(0,0)(5,0)(5,9)(0,9)
Polygon:
(0,0)(16,0)(16,1)(8,1)(8,12)(0,12)
Polygon:
(0,0)(20,0)(20,18)(9,18)(9,33)(0,33)
Polygon:
(0,0)(17,0)(17,8)(7,8)(7,21)(0,21)
Polygon:
(0,0)(16,0)(16,8)(7,8)(7,22)(0,22)
Polygon:
(0,0)(10,0)(10,8)(0,8)
Polygon:
(0,0)(14,0)(14,12)(0,12)
Polygon:
(0,0)(16,0)(16,3)(0,3)
Polygon:
(0,0)(9,0)(9,1)(7,1)(7,6)(0,6)
Polygon:
(0,0)(13,0)(13,5)(0,5)
Polygon:
(0,0)(18,0)(18,14)(0,14)
Polygon:
(0,0)(36,0)(36,17)(21,17)(21,18)(11,18)(11,12)(0,12)
Polygon:
(0,0)(4,0)(4,13)(0,13)
Polygon:
(0,0)(24,0)(24,6)(10,6)(10,22)(6,22)(6,15)(0,15)
Polygon:
(0,0)(32,0)(32,17)(16,17)(16,26)(0,26)
Polygon:
(0,0)(2,0)(2,12)(0,12)
Polygon:
(0,0)(15,0)(15,15)(0,15)
Polygon:
(0,0)(14,0)(14,11)(0,11)
Polygon:
(0,0)(8,0)(8,14)(0,14)
Polygon:
(0,0)(29,0)(29,21)(17,21)(17,26)(12,26)(12,13)(0,13)
Polygon:
(0,0)(7,0)(7,11)(0,11)
Polygon:
(0,0)(4,0)(4,14)(0,14)
Polygon:
(0,0)(7,0)(7,8)(0,8)
Polygon:
(0,0)(7,0)(7,9)(0,9)
Polygon:
(0,0)(35,0)(35,6)(26,6)(26,16)(15,16)(15,3)(0,3)
Polygon:
(0,0)(7,0)(7,11)(2,11)(2,13)(0,13)
Polygon:
(0,0)(16,0)(16,12)(1,12)(1,30)(0,30)
Polygon:
(0,0)(13,0)(13,3)(2,3)(2,20)(0,20)
Polygon:
(0,0)(21,0)(21,8)(4,8)(4,24)(0,24)
Polygon:
(0,0)(14,0)(14,16)(0,16)
Polygon:
(0,0)(20,0)(20,10)(19,10)(19,12)(14,12)(14,8)(0,8)
Polygon:
(0,0)(4,0)(4,1)(0,1)
Polygon:
(0,0)(14,0)(14,16)(0,16)
Polygon:
(0,0)(7,0)(7,15)(0,15)
Polygon:
(0,0)(23,0)(23,4)(13,4)(13,12)(12,12)(12,1)(0,1)
Polygon:
(0,0)(17,0)(17,12)(0,12)
Polygon:
(0,0)(18,0)(18,1)(13,1)(13,15)(1,15)(1,3)(0,3)
Polygon:
(0,0)(8,0)(8,17)(0,17)
Polygon:
(0,0)(11,0)(11,4)(7,4)(7,9)(4,9)(4,8)(0,8)
Polygon:
(0,0)(9,0)(9,9)(0,9)
Polygon:
(0,0)(26,0)(26,12)(10,12)(10,13)(0,13)
Polygon:
(0,0)(2,0)(2,14)(0,14)
Polygon:
(0,0)(26,0)(26,5)(25,5)(25,9)(17,9)(17,8)(0,8)
Polygon:
(0,0)(5,0)(5,13)(0,13)
Polygon:
(0,0)(25,0)(25,13)(7,13)(7,19)(6,19)(6,12)(0,12)
Polygon:
(0,0)(1,0)(1,13)(0,13)
Polygon:
(0,0)(7,0)(7,7)(0,7)
Polygon:
(0,0)(8,0)(8,14)(0,14)
Polygon:
(0,0)(8,0)(8,1)(0,1)
Polygon:
(0,0)(49,0)(49,19)(33,19)(33,23)(16,23)(16,17)(0,17)
Polygon:
(0,0)(29,0)(29,9)(20,9)(20,19)(16,19)(16,3)(0,3)
Polygon:
(0,0)(26,0)(26,16)(11,16)(11,25)(0,25)
Polygon:
(0,0)(11,0)(11,12)(0,12)
Polygon:
(0,0)(10,0)(10,4)(0,4)
Polygon:
(0,0)(18,0)(18,9)(11,9)(11,25)(0,25)
Polygon:
(0,0)(4,0)(4,10)(0,10)
Polygon:
(0,0)(8,0)(8,12)(0,12)
Polygon:
(0,0)(10,0)(10,1)(0,1)
Polygon:
(0,0)(22,0)(22,3)(18,3)(18,13)(8,13)(8,10)(0,10)
Polygon:
(0,0)(1,0)(1,12)(0,12)
Polygon:
(0,0)(38,0)(38,13)(23,13)(23,29)(16,29)(16,14)(0,14)
Polygon:
(0,0)(25,0)(25,6)(17,6)(17,17)(16,17)(16,3)(0,3)
Polygon:
(0,0)(17,0)(17,13)(12,13)(12,20)(8,20)(8,6)(0,6)
Polygon:
(0,0)(6,0)(6,10)(0,10)
Polygon:
(0,0)(17,0)(17,16)(0,16)
Polygon:
(0,0)(11,0)(11,15)(0,15)
Polygon:
(0,0)(27,0)(27,6)(9,6)(9,10)(0,10)
Polygon:
(0,0)(10,0)(10,14)(0,14)
Polygon:
(0,0)(11,0)(11,11)(0,11)
Polygon:
(0,0)(31,0)(31,9)(13,9)(13,24)(0,24)
Polygon:
(0,0)(14,0)(14,13)(0,13)
Polygon:
(0,0)(6,0)(6,2)(0,2)
Polygon:
(0,0)(27,0)(27,15)(13,15)(13,17)(0,17)
Polygon:
(0,0)(24,0)(24,28)(17,28)(17,29)(13,29)(13,15)(0,15)
Polygon:
(0,0)(13,0)(13,17)(8,17)(8,32)(0,32)
Polygon:
(0,0)(2,0)(2,2)(0,2)
Polygon:
(0,0)(1,0)(1,9)(0,9)
Polygon:
(0,0)(31,0)(31,7)(16,7)(16,16)(0,16)
Polygon:
(0,0)(13,0)(13,13)(11,13)(11,19)(0,19)
Polygon:
(0,0)(11,0)(11,8)(0,8)
Polygon:
(0,0)(7,0)(7,9)(0,9)
Polygon:
(0,0)(42,0)(42,14)(34,14)(34,17)(16,17)(16,11)(0,11)
Polygon:
(0,0)(1,0)(1,13)(0,13)
Polygon:
(0,0)(10,0)(10,5)(6,5)(6,12)(0,12)
Polygon:
(0,0)(9,0)(9,6)(0,6)
Polygon:
(0,0)(10,0)(10,18)(8,18)(8,36)(6,36)(6,18)(0,18)
Polygon:
(0,0)(11,0)(11,10)(9,10)(9,25)(6,25)(6,18)(0,18)
Polygon:
(0,0)(6,0)(6,3)(0,3)
Polygon:
(0,0)(7,0)(7,7)(0,7)
Polygon:
(0,0)(8,0)(8,18)(0,18)
Polygon:
(0,0)(36,0)(36,20)(22,20)(22,23)(6,23)(6,18)(0,18)
Polygon:
(0,0)(17,0)(17,6)(0,6)
Polygon:
(0,0)(12,0)(12,11)(0,11)
Polygon:
(0,0)(19,0)(19,21)(8,21)(8,25)(6,25)(6,9)(0,9)
Polygon:
(0,0)(13,0)(13,4)(0,4)
Polygon:
(0,0)(35,0)(35,6)(27,6)(27,23)(12,23)(12,9)(0,9)
Polygon:
(0,0)(4,0)(4,1)(0,1)
Polygon:
(0,0)(23,0)(23,17)(9,17)(9,28)(0,28)
Polygon:
(0,0)(21,0)(21,10)(17,10)(17,12)(0,12)
Polygon:
(0,0)(18,0)(18,12)(0,12)
Polygon:
(0,0)(19,0)(19,11)(18,11)(18,24)(0,24)
Polygon:
(0,0)(11,0)(11,16)(0,16)
Polygon:
(0,0)(16,0)(16,4)(0,4)
Polygon:
(0,0)(2,0)(2,15)(0,15)
Polygon:
(0,0)(16,0)(16,8)(0,8)
Polygon:
(0,0)(35,0)(35,17)(17,17)(17,27)(0,27)
Polygon:
(0,0)(5,0)(5,16)(4,16)(4,34)(0,34)
Polygon:
(0,0)(11,0)(11,15)(8,15)(8,16)(2,16)(2,6)(0,6)
Polygon:
(0,0)(4,0)(4,6)(0,6)
Polygon:
(0,0)(35,0)(35,25)(20,25)(20,27)(7,27)(7,12)(0,12)
Polygon:
(0,0)(26,0)(26,8)(19,8)(19,25)(3,25)(3,9)(0,9)
Polygon:
(0,0)(12,0)(12,16)(0,16)
Polygon:
(0,0)(42,0)(42,20)(26,20)(26,28)(16,28)(16,12)(0,12)
Polygon:
(0,0)(1,0)(1,12)(0,12)
Polygon:
(0,0)(41,0)(41,6)(29,6)(29,13)(14,13)(14,10)(0,10)
Polygon:
(0,0)(27,0)(27,15)(20,15)(20,16)(5,16)(5,15)(0,15)
Polygon:
(0,0)(16,0)(16,2)(0,2)
Polygon:
(0,0)(30,0)(30,5)(15,5)(15,8)(0,8)
Polygon:
(0,0)(5,0)(5,4)(0,4)
Polygon:
(0,0)(6,0)(6,12)(0,12)
Polygon:
(0,0)(14,0)(14,9)(0,9)
Polygon:
(0,0)(21,0)(21,10)(18,10)(18,27)(0,27)
Polygon:
(0,0)(15,0)(15,6)(0,6)
Polygon:
(0,0)(23,0)(23,4)(18,4)(18,22)(0,22)
Polygon:
(0,0)(14,0)(14,13)(1,13)(1,25)(0,25)
Polygon:
(0,0)(27,0)(27,26)(13,26)(13,30)(8,30)(8,14)(0,14)
Polygon:
(0,0)(16,0)(16,17)(0,17)
Polygon:
(0,0)(8,0)(8,13)(0,13)
Polygon:
(0,0)(4,0)(4,6)(0,6)
Polygon:
(0,0)(23,0)(23,17)(11,17)(11,22)(0,22)
Polygon:
(0,0)(18,0)(18,15)(0,15)
Polygon:
(0,0)(15,0)(15,3)(13,3)(13,4)(0,4)
Polygon:
(0,0)(25,0)(25,5)(11,5)(11,13)(0,13)
Polygon:
(0,0)(15,0)(15,13)(0,13)
Polygon:
(0,0)(26,0)(26,19)(8,19)(8,36)(2,36)(2,18)(0,18)
Polygon:
(0,0)(5,0)(5,1)(0,1)
Polygon:
(0,0)(41,0)(41,3)(26,3)(26,9)(9,9)(9,4)(0,4)
Polygon:
(0,0)(35,0)(35,18)(18,18)(18,29)(0,29)
Polygon:
(0,0)(5,0)(5,16)(0,16)
Polygon:
(0,0)(2,0)(2,2)(0,2)
Polygon:
(0,0)(9,0)(9,7)(3,7)(3,20)(0,20)
Polygon:
(0,0)(29,0)(29,6)(17,6)(17,22)(2,22)(2,4)(0,4)
Polygon:
(0,0)(14,0)(14,8)(2,8)(2,19)(0,19)
Polygon:
(0,0)(2,0)(2,5)(0,5)
Polygon:
(0,0)(5,0)(5,2)(0,2)
Polygon:
(0,0)(30,0)(30,25)(18,25)(18,26)(7,26)(7,11)(0,11)
Polygon:
(0,0)(9,0)(9,3)(0,3)
Polygon:
(0,0)(13,0)(13,5)(7,5)(7,20)(0,20)
Polygon:
(0,0)(29,0)(29,24)(22,24)(22,27)(5,27)(5,11)(0,11)
Polygon:
(0,0)(13,0)(13,2)(0,2)
Polygon:
(0,0)(16,0)(16,2)(0,2)
Polygon:
(0,0)(17,0)(17,2)(0,2)
Polygon:
(0,0)(19,0)(19,5)(3,5)(3,21)(0,21)
Polygon:
(0,0)(26,0)(26,23)(17,23)(17,24)(1,24)(1,11)(0,11)
Polygon:
(0,0)(13,0)(13,2)(0,2)
Polygon:
(0,0)(12,0)(12,5)(0,5)
Polygon:
(0,0)(11,0)(11,2)(0,2)
Polygon:
(0,0)(12,0)(12,16)(0,16)
Polygon:
(0,0)(5,0)(5,11)(0,11)
Polygon:
(0,0)(21,0)(21,17)(5,17)(5,20)(1,20)(1,18)(0,18)
Polygon:
(0,0)(25,0)(25,15)(18,15)(18,29)(0,29)
Polygon:
(0,0)(16,0)(16,15)(0,15)
Polygon:
(0,0)(21,0)(21,23)(13,23)(13,27)(11,27)(11,9)(0,9)
Polygon:
(0,0)(25,0)(25,16)(16,16)(16,31)(0,31)
Polygon:
(0,0)(14,0)(14,18)(13,18)(13,30)(0,30)
Polygon:
(0,0)(5,0)(5,15)(3,15)(3,27)(0,27)
Polygon:
(0,0)(12,0)(12,5)(10,5)(10,20)(0,20)
Polygon:
(0,0)(9,0)(9,4)(0,4)
Polygon:
(0,0)(15,0)(15,1)(0,1)
Polygon:
(0,0)(27,0)(27,6)(14,6)(14,15)(0,15)
Polygon:
(0,0)(3,0)(3,17)(0,17)
Polygon:
(0,0)(14,0)(14,18)(0,18)
Polygon:
(0,0)(9,0)(9,17)(0,17)
Polygon:
(0,0)(12,0)(12,18)(3,18)(3,26)(0,26)
Polygon:
(0,0)(45,0)(45,8)(34,8)(34,18)(16,18)(16,5)(0,5)
Polygon:
(0,0)(13,0)(13,11)(12,11)(12,21)(8,21)(8,10)(0,10)
Polygon:
(0,0)(13,0)(13,16)(1,16)(1,28)(0,28)
Polygon:
(0,0)(23,0)(23,15)(21,15)(21,17)(18,17)(18,16)(0,16)
Polygon:
(0,0)(28,0)(28,7)(14,7)(14,23)(0,23)
Polygon:
(0,0)(1,0)(1,3)(0,3)
Polygon:
(0,0)(7,0)(7,10)(0,10)
Polygon:
(0,0)(9,0)(9,1)(0,1)
Polygon:
(0,0)(15,0)(15,4)(0,4)
Polygon:
(0,0)(8,0)(8,14)(0,14)
Polygon:
(0,0)(17,0)(17,11)(0,11)
Polygon:
(0,0)(30,0)(30,11)(21,11)(21,22)(10,22)(10,17)(0,17)
Polygon:
(0,0)(14,0)(14,16)(0,16)
Polygon:
(0,0)(14,0)(14,2)(0,2)
Polygon:
(0,0)(11,0)(11,2)(0,2)
Polygon:
(0,0)(8,0)(8,12)(0,12)
Polygon:
(0,0)(17,0)(17,10)(2,10)(2,21)(0,21)
Polygon:
(0,0)(19,0)(19,3)(5,3)(5,18)(0,18)
Polygon:
(0,0)(18,0)(18,14)(16,14)(16,20)(0,20)
Polygon:
(0,0)(11,0)(11,3)(0,3)
Polygon:
(0,0)(12,0)(12,1)(0,1)
Polygon:
(0,0)(17,0)(17,2)(0,2)
Polygon:
(0,0)(8,0)(8,17)(0,17)
Polygon:
(0,0)(3,0)(3,10)(0,10)
Polygon:
(0,0)(4,0)(4,4)(3,4)(3,10)(0,10)
Polygon:
(0,0)(15,0)(15,15)(0,15)
Polygon:
(0,0)(10,0)(10,16)(0,16)
Polygon:
(0,0)(21,0)(21,5)(8,5)(8,6)(0,6)
Polygon:
(0,0)(14,0)(14,13)(0,13)
Polygon:
(0,0)(2,0)(2,3)(0,3)
Polygon:
(0,0)(28,0)(28,1)(14,1)(14,4)(0,4)
Polygon:
(0,0)(14,0)(14,14)(0,14)
Polygon:
(0,0)(20,0)(20,10)(14,10)(14,14)(7,14)(7,12)(0,12)
Polygon:
(0,0)(11,0)(11,11)(0,11)
Polygon:
(0,0)(17,0)(17,9)(0,9)
Polygon:
(0,0)(9,0)(9,9)(0,9)
Polygon:
(0,0)(26,0)(26,6)(14,6)(14,9)(4,9)(4,3)(0,3)
Polygon:
(0,0)(18,0)(18,1)(11,1)(11,9)(0,9)
Polygon:
(0,0)(16,0)(16,15)(4,15)(4,30)(1,30)(1,18)(0,18)
Polygon:
(0,0)(18,0)(18,5)(0,5)
Polygon:
(0,0)(7,0)(7,3)(0,3)
Polygon:
(0,0)(18,0)(18,9)(0,9)
Polygon:
(0,0)(10,0)(10,15)(4,15)(4,27)(0,27)
Polygon:
(0,0)(3,0)(3,17)(1,17)(1,25)(0,25)
Polygon:
(0,0)(34,0)(34,13)(23,13)(23,20)(15,20)(15,5)(0,5)
Polygon:
(0,0)(30,0)(30,23)(16,23)(16,25)(9,25)(9,17)(0,17)
Polygon:
(0,0)(6,0)(6,9)(0,9)
Polygon:
(0,0)(34,0)(34,15)(17,15)(17,16)(2,16)(2,1)(0,1)
Polygon:
(0,0)(14,0)(14,5)(0,5)
Polygon:
(0,0)(13,0)(13,1)(0,1)
Polygon:
(0,0)(33,0)(33,3)(22,3)(22,21)(6,21)(6,8)(0,8)
Polygon:
(0,0)(1,0)(1,12)(0,12)
Polygon:
(0,0)(24,0)(24,1)(14,1)(14,15)(8,15)(8,13)(0,13)
Polygon:
(0,0)(40,0)(40,9)(29,9)(29,17)(12,17)(12,10)(0,10)
Polygon:
(0,0)(2,0)(2,17)(0,17)
Polygon:
(0,0)(12,0)(12,7)(0,7)
Polygon:
(0,0)(6,0)(6,4)(0,4)
Polygon:
(0,0)(4,0)(4,10)(0,10)
Polygon:
(0,0)(36,0)(36,7)(31,7)(31,25)(18,25)(18,12)(0,12)
Polygon:
(0,0)(35,0)(35,7)(20,7)(20,17)(4,17)(4,5)(0,5)
Polygon:
(0,0)(18,0)(18,12)(0,12)
Polygon:
(0,0)(32,0)(32,7)(16,7)(16,24)(1,24)(1,11)(0,11)
Polygon:
(0,0)(18,0)(18,17)(4,17)(4,24)(0,24)
Polygon:
(0,0)(2,0)(2,10)(0,10)
Polygon:
(0,0)(9,0)(9,6)(0,6)
Polygon:
(0,0)(4,0)(4,8)(0,8)
Polygon:
(0,0)(3,0)(3,1)(0,1)
Polygon:
(0,0)(20,0)(20,2)(5,2)(5,20)(0,20)
Polygon:
(0,0)(6,0)(6,4)(0,4)
Polygon:
(0,0)(7,0)(7,12)(0,12)
Polygon:
(0,0)(15,0)(15,5)(0,5)
Polygon:
(0,0)(20,0)(20,17)(18,17)(18,26)(0,26)
Polygon:
(0,0)(31,0)(31,14)(15,14)(15,21)(0,21)
Polygon:
(0,0)(13,0)(13,9)(0,9)
Polygon:
(0,0)(8,0)(8,15)(0,15)
Polygon:
(0,0)(12,0)(12,18)(0,18)
Polygon:
(0,0)(30,0)(30,18)(29,18)(29,21)(17,21)(17,5)(0,5)
Polygon:
(0,0)(10,0)(10,8)(0,8)
Polygon:
(0,0)(5,0)(5,7)(0,7)
Polygon:
(0,0)(9,0)(9,6)(0,6)
Polygon:
(0,0)(5,0)(5,17)(0,17)
Polygon:
(0,0)(13,0)(13,2)(3,2)(3,15)(0,15)
Polygon:
(0,0)(14,0)(14,8)(3,8)(3,16)(1,16)(1,2)(0,2)
Polygon:
(0,0)(18,0)(18,12)(0,12)
Polygon:
(0,0)(18,0)(18,15)(0,15)
Polygon:
(0,0)(6,0)(6,6)(0,6)
Polygon:
(0,0)(16,0)(16,14)(0,14)
Polygon:
(0,0)(9,0)(9,10)(0,10)
Polygon:
(0,0)(17,0)(17,12)(0,12)
Polygon:
(0,0)(1,0)(1,12)(0,12)
Polygon:
(0,0)(20,0)(20,4)(8,4)(8,16)(0,16)
Polygon:
(0,0)(13,0)(13,9)(0,9)
Polygon:
(0,0)(12,0)(12,16)(0,16)
Polygon:
(0,0)(25,0)(25,3)(10,3)(10,7)(0,7)
Polygon:
(0,0)(15,0)(15,2)(13,2)(13,17)(0,17)
Polygon:
(0,0)(14,0)(14,8)(0,8)
Polygon:
(0,0)(14,0)(14,18)(0,18)
Polygon:
(0,0)(18,0)(18,12)(0,12)
Polygon:
(0,0)(22,0)(22,6)(10,6)(10,15)(0,15)
Polygon:
(0,0)(28,0)(28,16)(22,16)(22,25)(17,25)(17,15)(0,15)
Polygon:
(0,0)(10,0)(10,12)(8,12)(8,22)(0,22)
Polygon:
(0,0)(13,0)(13,4)(0,4)
Polygon:
(0,0)(23,0)(23,4)(17,4)(17,19)(0,19)
Polygon:
(0,0)(4,0)(4,2)(0,2)
Polygon:
(0,0)(29,0)(29,22)(24,22)(24,25)(13,25)(13,9)(0,9)
Polygon:
(0,0)(30,0)(30,3)(21,3)(21,9)(11,9)(11,2)(0,2)
Polygon:
(0,0)(30,0)(30,22)(17,22)(17,24)(9,24)(9,18)(0,18)
Polygon:
(0,0)(3,0)(3,3)(0,3)
Polygon:
(0,0)(21,0)(21,5)(12,5)(12,23)(8,23)(8,10)(0,10)
Polygon:
(0,0)(15,0)(15,10)(0,10)
Polygon:
(0,0)(17,0)(17,10)(10,10)(10,21)(0,21)
Polygon:
(0,0)(42,0)(42,8)(26,8)(26,17)(9,17)(9,10)(0,10)
Polygon:
(0,0)(14,0)(14,9)(0,9)
Polygon:
(0,0)(14,0)(14,6)(9,6)(9,12)(0,12)
Polygon:
(0,0)(18,0)(18,13)(0,13)
Polygon:
(0,0)(31,0)(31,3)(13,3)(13,21)(0,21)
Polygon:
(0,0)(17,0)(17,15)(0,15)
Polygon:
(0,0)(14,0)(14,1)(2,1)(2,15)(0,15)
Polygon:
(0,0)(27,0)(27,8)(25,8)(25,26)(12,26)(12,10)(0,10)
Polygon:
(0,0)(30,0)(30,22)(17,22)(17,34)(4,34)(4,18)(0,18)
Polygon:
(0,0)(35,0)(35,4)(18,4)(18,13)(0,13)
Polygon:
(0,0)(14,0)(14,4)(0,4)
Polygon:
(0,0)(5,0)(5,4)(0,4)
Polygon:
(0,0)(25,0)(25,16)(22,16)(22,19)(10,19)(10,1)(0,1)
Polygon:
(0,0)(3,0)(3,13)(0,13)
Polygon:
(0,0)(17,0)(17,15)(0,15)
Polygon:
(0,0)(31,0)(31,1)(14,1)(14,2)(0,2)
Polygon:
(0,0)(35,0)(35,17)(17,17)(17,31)(0,31)
Polygon:
(0,0)(24,0)(24,23)(18,23)(18,32)(6,32)(6,16)(0,16)
Polygon:
(0,0)(28,0)(28,17)(16,17)(16,33)(0,33)
Polygon:
(0,0)(15,0)(15,1)(8,1)(8,17)(0,17)
Polygon:
(0,0)(35,0)(35,26)(21,26)(21,27)(18,27)(18,11)(0,11)
Polygon:
(0,0)(11,0)(11,7)(0,7)
Polygon:
(0,0)(33,0)(33,19)(19,19)(19,24)(3,24)(3,11)(0,11)
Polygon:
(0,0)(22,0)(22,10)(11,10)(11,15)(0,15)
Polygon:
(0,0)(16,0)(16,11)(10,11)(10,28)(0,28)
Polygon:
(0,0)(16,0)(16,12)(0,12)
Polygon:
(0,0)(13,0)(13,6)(5,6)(5,13)(0,13)
Polygon:
(0,0)(13,0)(13,12)(2,12)(2,29)(0,29)
Polygon:
(0,0)(5,0)(5,1)(0,1)
Polygon:
(0,0)(14,0)(14,13)(0,13)
Polygon:
(0,0)(40,0)(40,10)(25,10)(25,19)(12,19)(12,3)(0,3)
Polygon:
(0,0)(13,0)(13,9)(0,9)
Polygon:
(0,0)(15,0)(15,8)(0,8)
Polygon:
(0,0)(10,0)(10,18)(7,18)(7,24)(5,24)(5,17)(0,17)
Polygon:
(0,0)(16,0)(16,18)(0,18)
Polygon:
(0,0)(14,0)(14,11)(1,11)(1,13)(0,13)
Polygon:
(0,0)(26,0)(26,4)(21,4)(21,18)(16,18)(16,1)(0,1)
Polygon:
(0,0)(17,0)(17,13)(0,13)
Polygon:
(0,0)(7,0)(7,18)(0,18)
Polygon:
(0,0)(13,0)(13,10)(0,10)
Polygon:
(0,0)(23,0)(23,10)(14,10)(14,11)(4,11)(4,7)(0,7)
Polygon:
(0,0)(33,0)(33,9)(31,9)(31,14)(15,14)(15,7)(0,7)
Polygon:
(0,0)(13,0)(13,15)(4,15)(4,18)(0,18)
Polygon:
(0,0)(21,0)(21,7)(5,7)(5,13)(0,13)
Polygon:
(0,0)(10,0)(10,12)(0,12)
Polygon:
(0,0)(7,0)(7,18)(0,18)
Polygon:
(0,0)(39,0)(39,11)(27,11)(27,19)(18,19)(18,6)(0,6)
Polygon:
(0,0)(6,0)(6,15)(0,15)
Polygon:
(0,0)(6,0)(6,16)(0,16)
Polygon:
(0,0)(11,0)(11,2)(0,2)
Polygon:
(0,0)(9,0)(9,15)(0,15)
Polygon:
(0,0)(18,0)(18,16)(7,16)(7,25)(2,25)(2,7)(0,7)
Polygon:
(0,0)(29,0)(29,2)(22,2)(22,12)(7,12)(7,6)(0,6)
Polygon:
(0,0)(42,0)(42,13)(28,13)(28,22)(17,22)(17,7)(0,7)
Polygon:
(0,0)(14,0)(14,12)(7,12)(7,29)(0,29)
Polygon:
(0,0)(18,0)(18,13)(0,13)
Polygon:
(0,0)(7,0)(7,9)(0,9)
Polygon:
(0,0)(38,0)(38,7)(22,7)(22,18)(17,18)(17,2)(0,2)
Polygon:
(0,0)(7,0)(7,8)(3,8)(3,20)(0,20)
Polygon:
(0,0)(32,0)(32,14)(16,14)(16,23)(6,23)(6,16)(0,16)
Polygon:
(0,0)(17,0)(17,5)(0,5)
Polygon:
(0,0)(27,0)(27,27)(18,27)(18,28)(10,28)(10,11)(0,11)
Polygon:
(0,0)(11,0)(11,14)(0,14)
Polygon:
(0,0)(4,0)(4,17)(0,17)
Polygon:
(0,0)(8,0)(8,18)(6,18)(6,26)(0,26)
Polygon:
(0,0)(7,0)(7,8)(0,8)
Polygon:
(0,0)(20,0)(20,18)(10,18)(10,21)(0,21)
Polygon:
(0,0)(34,0)(34,13)(28,13)(28,17)(11,17)(11,4)(0,4)
Polygon:
(0,0)(14,0)(14,16)(0,16)
Polygon:
(0,0)(18,0)(18,3)(0,3)
Polygon:
(0,0)(15,0)(15,1)(1,1)(1,13)(0,13)
Polygon:
(0,0)(6,0)(6,2)(1,2)(1,10)(0,10)
Polygon:
(0,0)(8,0)(8,9)(0,9)
Polygon:
(0,0)(2,0)(2,15)(0,15)
Polygon:
(0,0)(14,0)(14,17)(10,17)(10,35)(0,35)
Polygon:
(0,0)(4,0)(4,15)(0,15)
Polygon:
(0,0)(29,0)(29,4)(14,4)(14,5)(0,5)
Polygon:
(0,0)(18,0)(18,16)(0,16)
Polygon:
(0,0)(46,0)(46,13)(28,13)(28,21)(15,21)(15,4)(0,4)
Polygon:
(0,0)(10,0)(10,17)(6,17)(6,35)(0,35)
Polygon:
(0,0)(28,0)(28,10)(26,10)(26,23)(13,23)(13,10)(0,10)
Polygon:
(0,0)(1,0)(1,5)(0,5)
Polygon:
(0,0)(35,0)(35,6)(22,6)(22,17)(8,17)(8,11)(0,11)
Polygon:
(0,0)(15,0)(15,6)(8,6)(8,7)(0,7)
Polygon:
(0,0)(4,0)(4,17)(0,17)
Polygon:
(0,0)(6,0)(6,7)(0,7)
Polygon:
(0,0)(32,0)(32,13)(26,13)(26,20)(15,20)(15,15)(0,15)
Polygon:
(0,0)(6,0)(6,13)(0,13)
Polygon:
(0,0)(33,0)(33,19)(23,19)(23,20)(6,20)(6,15)(0,15)
Polygon:
(0,0)(8,0)(8,8)(0,8)
Polygon:
(0,0)(7,0)(7,1)(0,1)
Polygon:
(0,0)(8,0)(8,18)(0,18)
Polygon:
(0,0)(13,0)(13,12)(0,12)
Polygon:
(0,0)(11,0)(11,16)(0,16)
Polygon:
(0,0)(36,0)(36,29)(24,29)(24,30)(15,30)(15,14)(0,14)
Polygon:
(0,0)(24,0)(24,26)(11,26)(11,34)(6,34)(6,17)(0,17)
Polygon:
(0,0)(13,0)(13,13)(0,13)
Polygon:
(0,0)(26,0)(26,5)(21,5)(21,18)(16,18)(16,8)(0,8)
Polygon:
(0,0)(10,0)(10,9)(0,9)
Polygon:
(0,0)(17,0)(17,18)(0,18)
Polygon:
(0,0)(18,0)(18,3)(17,3)(17,21)(5,21)(5,17)(0,17)
Polygon:
(0,0)(18,0)(18,11)(0,11)
Polygon:
(0,0)(3,0)(3,18)(0,18)
Polygon:
(0,0)(15,0)(15,12)(0,12)
Polygon:
(0,0)(3,0)(3,3)(0,3)
Polygon:
(0,0)(2,0)(2,7)(0,7)
Polygon:
(0,0)(36,0)(36,14)(25,14)(25,17)(18,17)(18,1)(0,1)
Polygon:
(0,0)(33,0)(33,14)(31,14)(31,18)(17,18)(17,10)(0,10)
Polygon:
(0,0)(16,0)(16,3)(0,3)
Polygon:
(0,0)(26,0)(26,11)(9,11)(9,26)(0,26)
Polygon:
(0,0)(14,0)(14,1)(0,1)
Polygon:
(0,0)(16,0)(16,15)(0,15)
Polygon:
(0,0)(41,0)(41,11)(23,11)(23,15)(15,15)(15,4)(0,4)
Polygon:
(0,0)(5,0)(5,13)(0,13)
Polygon:
(0,0)(18,0)(18,18)(17,18)(17,26)(2,26)(2,14)(0,14)
Polygon:
(0,0)(23,0)(23,1)(6,1)(6,12)(0,12)
Polygon:
(0,0)(7,0)(7,9)(0,9)
Polygon:
(0,0)(6,0)(6,16)(0,16)
Polygon:
(0,0)(5,0)(5,3)(0,3)
Polygon:
(0,0)(8,0)(8,15)(4,15)(4,24)(0,24)
Polygon:
(0,0)(14,0)(14,11)(0,11)
Polygon:
(0,0)(14,0)(14,18)(1,18)(1,26)(0,26)
Polygon:
(0,0)(25,0)(25,13)(19,13)(19,19)(16,19)(16,5)(0,5)
Polygon:
(0,0)(32,0)(32,3)(22,3)(22,16)(8,16)(8,5)(0,5)
Polygon:
(0,0)(36,0)(36,10)(27,10)(27,11)(17,11)(17,2)(0,2)
Polygon:
(0,0)(9,0)(9,2)(0,2)
Polygon:
(0,0)(33,0)(33,19)(19,19)(19,22)(8,22)(8,4)(0,4)
Polygon:
(0,0)(9,0)(9,8)(0,8)
Polygon:
(0,0)(12,0)(12,5)(0,5)
Polygon:
(0,0)(28,0)(28,17)(27,17)(27,25)(18,25)(18,7)(0,7)
Polygon:
(0,0)(24,0)(24,4)(8,4)(8,14)(0,14)
Polygon:
(0,0)(11,0)(11,2)(0,2)
Polygon:
(0,0)(24,0)(24,16)(12,16)(12,18)(5,18)(5,6)(0,6)
Polygon:
(0,0)(40,0)(40,9)(29,9)(29,26)(11,26)(11,16)(0,16)
Polygon:
(0,0)(14,0)(14,8)(13,8)(13,18)(0,18)
Polygon:
(0,0)(17,0)(17,16)(0,16)
Polygon:
(0,0)(35,0)(35,2)(23,2)(23,20)(16,20)(16,8)(0,8)
Polygon:
(0,0)(27,0)(27,13)(15,13)(15,27)(0,27)
Polygon:
(0,0)(31,0)(31,8)(16,8)(16,10)(13,10)(13,1)(0,1)
Polygon:
(0,0)(12,0)(12,8)(2,8)(2,10)(0,10)
Polygon:
(0,0)(4,0)(4,17)(0,17)
Polygon:
(0,0)(14,0)(14,17)(13,17)(13,21)(11,21)(11,4)(0,4)
Polygon:
(0,0)(11,0)(11,13)(0,13)
Polygon:
(0,0)(7,0)(7,2)(0,2)
Polygon:
(0,0)(34,0)(34,12)(19,12)(19,21)(11,21)(11,5)(0,5)
Polygon:
(0,0)(7,0)(7,5)(4,5)(4,6)(0,6)
Polygon:
(0,0)(15,0)(15,13)(0,13)
Polygon:
(0,0)(13,0)(13,8)(0,8)
Polygon:
(0,0)(29,0)(29,5)(13,5)(13,13)(0,13)
Polygon:
(0,0)(10,0)(10,1)(8,1)(8,8)(0,8)
Polygon:
(0,0)(37,0)(37,6)(29,6)(29,21)(15,21)(15,17)(0,17)
Polygon:
(0,0)(37,0)(37,7)(22,7)(22,11)(13,11)(13,8)(0,8)
Polygon:
(0,0)(20,0)(20,7)(13,7)(13,12)(0,12)
Polygon:
(0,0)(2,0)(2,12)(0,12)
Polygon:
(0,0)(12,0)(12,15)(0,15)
Polygon:
(0,0)(2,0)(2,11)(1,11)(1,24)(0,24)
Polygon:
(0,0)(18,0)(18,16)(0,16)
Polygon:
(0,0)(7,0)(7,9)(0,9)
Polygon:
(0,0)(27,0)(27,3)(13,3)(13,5)(0,5)
Polygon:
(0,0)(6,0)(6,1)(0,1)
Polygon:
(0,0)(4,0)(4,3)(0,3)
Polygon:
(0,0)(2,0)(2,2)(0,2)
Polygon:
(0,0)(13,0)(13,4)(0,4)
Polygon:
(0,0)(28,0)(28,16)(24,16)(24,27)(10,27)(10,17)(0,17)
Polygon:
(0,0)(17,0)(17,5)(9,5)(9,12)(5,12)(5,3)(0,3)
Polygon:
(0,0)(46,0)(46,10)(31,10)(31,20)(13,20)(13,5)(0,5)
Polygon:
(0,0)(14,0)(14,1)(0,1)
Polygon:
(0,0)(24,0)(24,4)(10,4)(10,14)(0,14)
Polygon:
(0,0)(11,0)(11,2)(5,2)(5,12)(1,12)(1,5)(0,5)
Polygon:
(0,0)(9,0)(9,6)(0,6)
Polygon:
(0,0)(1,0)(1,6)(0,6)
Polygon:
(0,0)(17,0)(17,6)(11,6)(11,9)(0,9)
Polygon:
(0,0)(33,0)(33,2)(27,2)(27,20)(9,20)(9,9)(0,9)
Polygon:
(0,0)(16,0)(16,2)(0,2)
Polygon:
(0,0)(3,0)(3,14)(2,14)(2,23)(0,23)
Polygon:
(0,0)(20,0)(20,11)(12,11)(12,25)(0,25)
Polygon:
(0,0)(13,0)(13,8)(0,8)
Polygon:
(0,0)(12,0)(12,18)(0,18)
Polygon:
(0,0)(23,0)(23,11)(15,11)(15,28)(0,28)
Polygon:
(0,0)(17,0)(17,2)(5,2)(5,7)(0,7)
Polygon:
(0,0)(3,0)(3,4)(0,4)
Polygon:
(0,0)(12,0)(12,15)(0,15)
Polygon:
(0,0)(27,0)(27,17)(18,17)(18,30)(0,30)
Polygon:
(0,0)(22,0)(22,9)(15,9)(15,13)(6,13)(6,5)(0,5)
Polygon:
(0,0)(7,0)(7,2)(4,2)(4,3)(0,3)
Polygon:
(0,0)(20,0)(20,20)(12,20)(12,23)(11,23)(11,5)(0,5)
Polygon:
(0,0)(21,0)(21,1)(18,1)(18,11)(11,11)(11,9)(0,9)
Polygon:
(0,0)(29,0)(29,7)(16,7)(16,11)(7,11)(7,5)(0,5)
Polygon:
(0,0)(1,0)(1,13)(0,13)
Polygon:
(0,0)(25,0)(25,22)(18,22)(18,29)(13,29)(13,14)(0,14)
Polygon:
(0,0)(5,0)(5,5)(0,5)
Polygon:
(0,0)(17,0)(17,3)(0,3)
Polygon:
(0,0)(15,0)(15,13)(3,13)(3,31)(0,31)
Polygon:
(0,0)(18,0)(18,9)(0,9)
Polygon:
(0,0)(19,0)(19,13)(11,13)(11,20)(8,20)(8,10)(0,10)
Polygon:
(0,0)(21,0)(21,15)(18,15)(18,27)(4,27)(4,11)(0,11)
Polygon:
(0,0)(32,0)(32,21)(30,21)(30,24)(18,24)(18,18)(0,18)
Polygon:
(0,0)(23,0)(23,8)(16,8)(16,23)(0,23)
Polygon:
(0,0)(36,0)(36,10)(30,10)(30,17)(15,17)(15,3)(0,3)
Polygon:
(0,0)(14,0)(14,16)(0,16)
Polygon:
(0,0)(25,0)(25,18)(20,18)(20,23)(2,23)(2,12)(0,12)
Polygon:
(0,0)(11,0)(11,18)(0,18)
Polygon:
(0,0)(20,0)(20,1)(2,1)(2,3)(0,3)
Polygon:
(0,0)(1,0)(1,11)(0,11)
Polygon:
(0,0)(5,0)(5,11)(0,11)
Polygon:
(0,0)(5,0)(5,15)(3,15)(3,29)(0,29)
Polygon:
(0,0)(5,0)(5,5)(0,5)
Polygon:
(0,0)(7,0)(7,8)(0,8)
Polygon:
(0,0)(19,0)(19,10)(1,10)(1,28)(0,28)
Polygon:
(0,0)(9,0)(9,2)(0,2)
Polygon:
(0,0)(23,0)(23,7)(7,7)(7,8)(0,8)
Polygon:
(0,0)(18,0)(18,12)(0,12)
Polygon:
(0,0)(8,0)(8,12)(4,12)(4,19)(0,19)
Polygon:
(0,0)(4,0)(4,5)(0,5)
Polygon:
(0,0)(9,0)(9,16)(0,16)
Polygon:
(0,0)(11,0)(11,15)(4,15)(4,28)(0,28)
Polygon:
(0,0)(6,0)(6,11)(0,11)
Polygon:
(0,0)(32,0)(32,10)(14,10)(14,26)(4,26)(4,15)(0,15)
Polygon:
(0,0)(17,0)(17,18)(3,18)(3,20)(0,20)
Polygon:
(0,0)(7,0)(7,11)(0,11)
Polygon:
(0,0)(20,0)(20,14)(4,14)(4,22)(0,22)
Polygon:
(0,0)(18,0)(18,1)(0,1)
Polygon:
(0,0)(21,0)(21,9)(16,9)(16,16)(0,16)
Polygon:
(0,0)(1,0)(1,8)(0,8)
Polygon:
(0,0)(33,0)(33,12)(24,12)(24,23)(7,23)(7,16)(0,16)
Polygon:
(0,0)(4,0)(4,11)(0,11)
Polygon:
(0,0)(13,0)(13,7)(0,7)
Polygon:
(0,0)(23,0)(23,2)(21,2)(21,19)(15,19)(15,1)(0,1)
Polygon:
(0,0)(26,0)(26,7)(20,7)(20,12)(17,12)(17,11)(0,11)
Polygon:
(0,0)(34,0)(34,5)(18,5)(18,23)(13,23)(13,5)(0,5)
Polygon:
(0,0)(17,0)(17,4)(0,4)
Polygon:
(0,0)(40,0)(40,7)(29,7)(29,17)(12,17)(12,2)(0,2)
Polygon:
(0,0)(13,0)(13,12)(0,12)
Polygon:
(0,0)(17,0)(17,17)(5,17)(5,26)(0,26)
Polygon:
(0,0)(7,0)(7,3)(0,3)
Polygon:
(0,0)(6,0)(6,11)(0,11)
Polygon:
(0,0)(16,0)(16,14)(10,14)(10,21)(0,21)
Polygon:
(0,0)(1,0)(1,9)(0,9)
Polygon:
(0,0)(20,0)(20,10)(4,10)(4,25)(0,25)
Polygon:
(0,0)(19,0)(19,14)(4,14)(4,25)(0,25)
Polygon:
(0,0)(16,0)(16,10)(0,10)
Polygon:
(0,0)(11,0)(11,18)(0,18)
Polygon:
(0,0)(29,0)(29,26)(23,26)(23,34)(15,34)(15,17)(0,17)
Polygon:
(0,0)(13,0)(13,9)(0,9)
Polygon:
(0,0)(11,0)(11,8)(0,8)
Polygon:
(0,0)(18,0)(18,9)(0,9)
Polygon:
(0,0)(15,0)(15,11)(5,11)(5,18)(0,18)
Polygon:
(0,0)(22,0)(22,11)(17,11)(17,26)(0,26)
Polygon:
(0,0)(16,0)(16,4)(0,4)
Polygon:
(0,0)(19,0)(19,14)(17,14)(17,23)(3,23)(3,5)(0,5)
Polygon:
(0,0)(17,0)(17,12)(14,12)(14,15)(0,15)
Polygon:
(0,0)(9,0)(9,17)(0,17)
Polygon:
(0,0)(23,0)(23,4)(22,4)(22,12)(9,12)(9,7)(0,7)
Polygon:
(0,0)(12,0)(12,12)(0,12)
Polygon:
(0,0)(16,0)(16,2)(0,2)
Polygon:
(0,0)(10,0)(10,15)(9,15)(9,28)(0,28)
Polygon:
(0,0)(13,0)(13,18)(10,18)(10,30)(0,30)
Polygon:
(0,0)(2,0)(2,13)(0,13)
Polygon:
(0,0)(15,0)(15,18)(0,18)
Polygon:
(0,0)(32,0)(32,12)(14,12)(14,14)(0,14)
Polygon:
(0,0)(8,0)(8,18)(0,18)
Polygon:
(0,0)(31,0)(31,4)(25,4)(25,15)(15,15)(15,9)(0,9)
Polygon:
(0,0)(16,0)(16,17)(0,17)
Polygon:
(0,0)(17,0)(17,18)(9,18)(9,36)(0,36)
Polygon:
(0,0)(31,0)(31,10)(17,10)(17,27)(0,27)
Polygon:
(0,0)(5,0)(5,15)(0,15)
Polygon:
(0,0)(15,0)(15,4)(0,4)
Polygon:
(0,0)(11,0)(11,2)(0,2)
Polygon:
(0,0)(14,0)(14,18)(6,18)(6,30)(0,30)
Polygon:
(0,0)(7,0)(7,17)(2,17)(2,27)(0,27)
Polygon:
(0,0)(35,0)(35,11)(34,11)(34,14)(16,14)(16,10)(0,10)
