Polygon:
(0,0)(30,0)(30,18)(12,18)(12,2)(11,2)(11,14)(0,14)
Polygon:
(0,0)(17,0)(17,12)(14,12)(14,8)(11,8)(11,15)(0,15)
Polygon:
(0,0)(26,0)(26,14)(13,14)(13,12)(3,12)(3,17)(0,17)
Polygon:
(0,0)(28,0)(28,11)(19,11)(19,7)(13,7)(13,14)(0,14)
Polygon:
(0,0)(24,0)(24,6)(23,6)(23,3)(10,3)(10,13)(0,13)
Polygon:
(0,0)(32,0)(32,22)(22,22)(22,6)(15,6)(15,16)(0,16)
Polygon:
(0,0)(43,0)(43,16)(27,16)(27,8)(12,8)(12,16)(0,16)
Polygon:
(0,0)(19,0)(19,11)(10,11)(10,3)(9,3)(9,16)(0,16)
Polygon:
(0,0)(27,0)(27,4)(15,4)(15,3)(2,3)(2,18)(0,18)
Polygon:
(0,0)(26,0)(26,19)(24,19)(24,12)(16,12)(16,13)(0,13)
Polygon:
(0,0)(29,0)(29,4)(15,4)(15,1)(10,1)(10,10)(0,10)
Polygon:
(0,0)(33,0)(33,13)(25,13)(25,8)(9,8)(9,15)(0,15)
Polygon:
(0,0)(28,0)(28,16)(22,16)(22,8)(12,8)(12,18)(0,18)
Polygon:
(0,0)(23,0)(23,14)(16,14)(16,2)(7,2)(7,3)(0,3)
Polygon:
(0,0)(26,0)(26,19)(9,19)(9,15)(4,15)(4,16)(0,16)
Polygon:
(0,0)(24,0)(24,17)(20,17)(20,1)(13,1)(13,12)(0,12)
Polygon:
(0,0)(15,0)(15,14)(13,14)(13,5)(6,5)(6,10)(0,10)
Polygon:
(0,0)(32,0)(32,13)(30,13)(30,10)(16,10)(16,15)(0,15)
Polygon:
(0,0)(39,0)(39,14)(23,14)(23,3)(16,3)(16,5)(0,5)
Polygon:
(0,0)(18,0)(18,21)(12,21)(12,8)(7,8)(7,12)(0,12)
Polygon:
(0,0)(36,0)(36,10)(20,10)(20,8)(4,8)(4,14)(0,14)
Polygon:
(0,0)(21,0)(21,25)(15,25)(15,13)(12,13)(12,31)(0,31)
Polygon:
(0,0)(16,0)(16,12)(12,12)(12,5)(2,5)(2,13)(0,13)
Polygon:
(0,0)(23,0)(23,8)(21,8)(21,7)(11,7)(11,18)(0,18)
Polygon:
(0,0)(32,0)(32,13)(28,13)(28,8)(16,8)(16,11)(0,11)
Polygon:
(0,0)(36,0)(36,21)(23,21)(23,7)(9,7)(9,18)(0,18)
Polygon:
(0,0)(15,0)(15,18)(12,18)(12,3)(1,3)(1,9)(0,9)
Polygon:
(0,0)(32,0)(32,19)(23,19)(23,7)(6,7)(6,9)(0,9)
Polygon:
(0,0)(42,0)(42,12)(34,12)(34,2)(17,2)(17,18)(0,18)
Polygon:
(0,0)(29,0)(29,11)(14,11)(14,10)(5,10)(5,13)(0,13)
Polygon:
(0,0)(32,0)(32,15)(21,15)(21,1)(11,1)(11,14)(0,14)
Polygon:
(0,0)(28,0)(28,23)(19,23)(19,8)(11,8)(11,18)(0,18)
Polygon:
(0,0)(30,0)(30,7)(28,7)(28,1)(16,1)(16,13)(0,13)
Polygon:
(0,0)(27,0)(27,20)(13,20)(13,2)(11,2)(11,12)(0,12)
Polygon:
(0,0)(39,0)(39,16)(34,16)(34,6)(18,6)(18,16)(0,16)
Polygon:
(0,0)(30,0)(30,20)(18,20)(18,13)(1,13)(1,17)(0,17)
Polygon:
(0,0)(19,0)(19,14)(10,14)(10,9)(3,9)(3,18)(0,18)
Polygon:
(0,0)(34,0)(34,15)(26,15)(26,2)(17,2)(17,17)(0,17)
Polygon:
(0,0)(37,0)(37,7)(31,7)(31,5)(13,5)(13,17)(0,17)
Polygon:
(0,0)(37,0)(37,22)(25,22)(25,9)(18,9)(18,14)(0,14)
Polygon:
(0,0)(18,0)(18,11)(17,11)(17,9)(6,9)(6,12)(0,12)
Polygon:
(0,0)(33,0)(33,9)(29,9)(29,2)(16,2)(16,16)(0,16)
Polygon:
(0,0)(33,0)(33,30)(19,30)(19,13)(4,13)(4,16)(0,16)
Polygon:
(0,0)(36,0)(36,16)(28,16)(28,7)(14,7)(14,16)(0,16)
Polygon:
(0,0)(25,0)(25,25)(20,25)(20,15)(13,15)(13,18)(0,18)
Polygon:
(0,0)(32,0)(32,5)(19,5)(19,2)(14,2)(14,11)(0,11)
Polygon:
(0,0)(15,0)(15,16)(3,16)(3,1)(1,1)(1,18)(0,18)
Polygon:
(0,0)(22,0)(22,27)(21,27)(21,9)(16,9)(16,11)(0,11)
Polygon:
(0,0)(28,0)(28,23)(19,23)(19,7)(6,7)(6,13)(0,13)
Polygon:
(0,0)(28,0)(28,17)(27,17)(27,15)(18,15)(18,17)(0,17)
Polygon:
(0,0)(17,0)(17,12)(5,12)(5,3)(2,3)(2,8)(0,8)
Polygon:
(0,0)(26,0)(26,19)(19,19)(19,7)(18,7)(18,18)(0,18)
Polygon:
(0,0)(28,0)(28,11)(12,11)(12,6)(1,6)(1,12)(0,12)
Polygon:
(0,0)(42,0)(42,29)(36,29)(36,14)(18,14)(18,18)(0,18)
Polygon:
(0,0)(29,0)(29,13)(17,13)(17,2)(4,2)(4,6)(0,6)
Polygon:
(0,0)(15,0)(15,33)(7,33)(7,16)(6,16)(6,17)(0,17)
Polygon:
(0,0)(16,0)(16,19)(15,19)(15,2)(4,2)(4,18)(0,18)
Polygon:
(0,0)(44,0)(44,23)(27,23)(27,8)(9,8)(9,17)(0,17)
Polygon:
(0,0)(33,0)(33,32)(24,32)(24,15)(14,15)(14,16)(0,16)
Polygon:
(0,0)(34,0)(34,19)(18,19)(18,9)(3,9)(3,11)(0,11)
Polygon:
(0,0)(21,0)(21,28)(20,28)(20,13)(12,13)(12,14)(0,14)
Polygon:
(0,0)(19,0)(19,13)(17,13)(17,2)(10,2)(10,13)(0,13)
Polygon:
(0,0)(34,0)(34,25)(19,25)(19,15)(17,15)(17,18)(0,18)
Polygon:
(0,0)(53,0)(53,4)(35,4)(35,1)(18,1)(18,5)(0,5)
Polygon:
(0,0)(35,0)(35,28)(22,28)(22,18)(8,18)(8,21)(0,21)
Polygon:
(0,0)(35,0)(35,4)(30,4)(30,1)(13,1)(13,9)(0,9)
Polygon:
(0,0)(22,0)(22,17)(19,17)(19,6)(11,6)(11,9)(0,9)
Polygon:
(0,0)(8,0)(8,20)(7,20)(7,4)(4,4)(4,17)(0,17)
Polygon:
(0,0)(22,0)(22,21)(10,21)(10,8)(5,8)(5,9)(0,9)
Polygon:
(0,0)(21,0)(21,25)(10,25)(10,17)(4,17)(4,18)(0,18)
Polygon:
(0,0)(33,0)(33,19)(20,19)(20,8)(7,8)(7,9)(0,9)
Polygon:
(0,0)(32,0)(32,14)(27,14)(27,8)(12,8)(12,16)(0,16)
Polygon:
(0,0)(25,0)(25,17)(12,17)(12,8)(5,8)(5,21)(0,21)
Polygon:
(0,0)(17,0)(17,14)(10,14)(10,8)(1,8)(1,13)(0,13)
Polygon:
(0,0)(5,0)(5,10)(4,10)(4,7)(3,7)(3,18)(0,18)
Polygon:
(0,0)(29,0)(29,23)(25,23)(25,13)(9,13)(9,17)(0,17)
Polygon:
(0,0)(21,0)(21,19)(12,19)(12,10)(2,10)(2,14)(0,14)
Polygon:
(0,0)(14,0)(14,12)(13,12)(13,2)(1,2)(1,7)(0,7)
Polygon:
(0,0)(30,0)(30,28)(18,28)(18,10)(15,10)(15,15)(0,15)
Polygon:
(0,0)(18,0)(18,14)(8,14)(8,8)(4,8)(4,17)(0,17)
Polygon:
(0,0)(27,0)(27,13)(9,13)(9,10)(5,10)(5,16)(0,16)
Polygon:
(0,0)(25,0)(25,7)(12,7)(12,3)(5,3)(5,13)(0,13)
Polygon:
(0,0)(32,0)(32,19)(19,19)(19,4)(5,4)(5,12)(0,12)
Polygon:
(0,0)(43,0)(43,3)(27,3)(27,1)(14,1)(14,11)(0,11)
Polygon:
(0,0)(32,0)(32,16)(22,16)(22,1)(6,1)(6,17)(0,17)
Polygon:
(0,0)(25,0)(25,13)(12,13)(12,6)(10,6)(10,15)(0,15)
Polygon:
(0,0)(27,0)(27,8)(18,8)(18,4)(15,4)(15,5)(0,5)
Polygon:
(0,0)(11,0)(11,5)(9,5)(9,1)(2,1)(2,18)(0,18)
Polygon:
(0,0)(28,0)(28,19)(12,19)(12,14)(1,14)(1,18)(0,18)
Polygon:
(0,0)(43,0)(43,18)(30,18)(30,6)(16,6)(16,7)(0,7)
Polygon:
(0,0)(51,0)(51,4)(33,4)(33,1)(15,1)(15,5)(0,5)
Polygon:
(0,0)(8,0)(8,11)(4,11)(4,6)(3,6)(3,12)(0,12)
Polygon:
(0,0)(19,0)(19,10)(18,10)(18,5)(16,5)(16,9)(0,9)
Polygon:
(0,0)(23,0)(23,19)(14,19)(14,5)(3,5)(3,8)(0,8)
Polygon:
(0,0)(20,0)(20,30)(19,30)(19,15)(18,15)(18,32)(0,32)
Polygon:
(0,0)(35,0)(35,9)(20,9)(20,7)(3,7)(3,13)(0,13)
Polygon:
(0,0)(25,0)(25,4)(20,4)(20,3)(4,3)(4,15)(0,15)
Polygon:
(0,0)(18,0)(18,8)(17,8)(17,2)(12,2)(12,7)(0,7)
Polygon:
(0,0)(22,0)(22,19)(19,19)(19,12)(5,12)(5,16)(0,16)
Polygon:
(0,0)(27,0)(27,19)(10,19)(10,16)(1,16)(1,20)(0,20)
Polygon:
(0,0)(37,0)(37,17)(21,17)(21,5)(10,5)(10,10)(0,10)
Polygon:
(0,0)(21,0)(21,28)(6,28)(6,10)(1,10)(1,13)(0,13)
Polygon:
(0,0)(27,0)(27,6)(25,6)(25,1)(16,1)(16,10)(0,10)
Polygon:
(0,0)(34,0)(34,21)(20,21)(20,6)(3,6)(3,9)(0,9)
Polygon:
(0,0)(28,0)(28,20)(22,20)(22,4)(13,4)(13,18)(0,18)
Polygon:
(0,0)(35,0)(35,5)(17,5)(17,2)(14,2)(14,8)(0,8)
Polygon:
(0,0)(22,0)(22,13)(6,13)(6,2)(4,2)(4,8)(0,8)
Polygon:
(0,0)(28,0)(28,11)(24,11)(24,5)(12,5)(12,15)(0,15)
Polygon:
(0,0)(31,0)(31,11)(16,11)(16,8)(4,8)(4,18)(0,18)
Polygon:
(0,0)(37,0)(37,23)(32,23)(32,9)(14,9)(14,11)(0,11)
Polygon:
(0,0)(23,0)(23,14)(7,14)(7,6)(4,6)(4,7)(0,7)
Polygon:
(0,0)(39,0)(39,18)(34,18)(34,7)(16,7)(16,12)(0,12)
Polygon:
(0,0)(46,0)(46,17)(30,17)(30,12)(15,12)(15,14)(0,14)
Polygon:
(0,0)(26,0)(26,14)(13,14)(13,6)(12,6)(12,14)(0,14)
Polygon:
(0,0)(35,0)(35,14)(22,14)(22,8)(9,8)(9,17)(0,17)
Polygon:
(0,0)(46,0)(46,21)(33,21)(33,8)(18,8)(18,18)(0,18)
Polygon:
(0,0)(45,0)(45,4)(35,4)(35,3)(17,3)(17,6)(0,6)
Polygon:
(0,0)(20,0)(20,21)(14,21)(14,8)(9,8)(9,13)(0,13)
Polygon:
(0,0)(45,0)(45,15)(29,15)(29,8)(15,8)(15,17)(0,17)
Polygon:
(0,0)(39,0)(39,27)(26,27)(26,15)(18,15)(18,18)(0,18)
Polygon:
(0,0)(30,0)(30,22)(21,22)(21,5)(5,5)(5,18)(0,18)
Polygon:
(0,0)(24,0)(24,12)(18,12)(18,8)(15,8)(15,10)(0,10)
Polygon:
(0,0)(17,0)(17,17)(15,17)(15,8)(14,8)(14,9)(0,9)
Polygon:
(0,0)(34,0)(34,26)(20,26)(20,15)(18,15)(18,18)(0,18)
Polygon:
(0,0)(27,0)(27,29)(18,29)(18,16)(5,16)(5,18)(0,18)
Polygon:
(0,0)(36,0)(36,20)(24,20)(24,6)(17,6)(17,16)(0,16)
Polygon:
(0,0)(27,0)(27,22)(14,22)(14,4)(4,4)(4,10)(0,10)
Polygon:
(0,0)(17,0)(17,14)(15,14)(15,1)(6,1)(6,4)(0,4)
Polygon:
(0,0)(37,0)(37,12)(25,12)(25,5)(7,5)(7,12)(0,12)
Polygon:
(0,0)(19,0)(19,12)(17,12)(17,4)(8,4)(8,16)(0,16)
Polygon:
(0,0)(22,0)(22,7)(20,7)(20,5)(9,5)(9,9)(0,9)
Polygon:
(0,0)(32,0)(32,11)(20,11)(20,2)(16,2)(16,6)(0,6)
Polygon:
(0,0)(24,0)(24,7)(23,7)(23,3)(15,3)(15,5)(0,5)
Polygon:
(0,0)(36,0)(36,16)(28,16)(28,2)(11,2)(11,17)(0,17)
Polygon:
(0,0)(40,0)(40,8)(22,8)(22,7)(4,7)(4,15)(0,15)
Polygon:
(0,0)(34,0)(34,26)(29,26)(29,16)(17,16)(17,18)(0,18)
Polygon:
(0,0)(16,0)(16,20)(13,20)(13,3)(6,3)(6,16)(0,16)
Polygon:
(0,0)(32,0)(32,21)(30,21)(30,13)(13,13)(13,14)(0,14)
Polygon:
(0,0)(44,0)(44,16)(29,16)(29,3)(11,3)(11,6)(0,6)
Polygon:
(0,0)(20,0)(20,17)(7,17)(7,9)(2,9)(2,10)(0,10)
Polygon:
(0,0)(26,0)(26,11)(21,11)(21,2)(5,2)(5,4)(0,4)
Polygon:
(0,0)(36,0)(36,21)(33,21)(33,12)(16,12)(16,18)(0,18)
Polygon:
(0,0)(47,0)(47,22)(35,22)(35,10)(17,10)(17,17)(0,17)
Polygon:
(0,0)(35,0)(35,18)(18,18)(18,3)(8,3)(8,18)(0,18)
Polygon:
(0,0)(14,0)(14,6)(13,6)(13,2)(9,2)(9,3)(0,3)
Polygon:
(0,0)(36,0)(36,19)(24,19)(24,10)(12,10)(12,17)(0,17)
Polygon:
(0,0)(16,0)(16,18)(6,18)(6,5)(3,5)(3,10)(0,10)
Polygon:
(0,0)(26,0)(26,4)(15,4)(15,1)(8,1)(8,14)(0,14)
Polygon:
(0,0)(38,0)(38,5)(28,5)(28,3)(17,3)(17,16)(0,16)
Polygon:
(0,0)(34,0)(34,22)(30,22)(30,4)(18,4)(18,18)(0,18)
Polygon:
(0,0)(30,0)(30,11)(20,11)(20,1)(13,1)(13,8)(0,8)
Polygon:
(0,0)(24,0)(24,20)(13,20)(13,3)(4,3)(4,16)(0,16)
Polygon:
(0,0)(30,0)(30,21)(13,21)(13,5)(4,5)(4,6)(0,6)
Polygon:
(0,0)(17,0)(17,15)(14,15)(14,7)(10,7)(10,13)(0,13)
Polygon:
(0,0)(32,0)(32,15)(24,15)(24,6)(18,6)(18,9)(0,9)
Polygon:
(0,0)(37,0)(37,17)(26,17)(26,12)(18,12)(18,15)(0,15)
Polygon:
(0,0)(28,0)(28,12)(24,12)(24,2)(12,2)(12,10)(0,10)
Polygon:
(0,0)(19,0)(19,12)(8,12)(8,5)(4,5)(4,17)(0,17)
Polygon:
(0,0)(44,0)(44,13)(32,13)(32,7)(18,7)(18,17)(0,17)
Polygon:
(0,0)(44,0)(44,7)(33,7)(33,1)(16,1)(16,3)(0,3)
Polygon:
(0,0)(34,0)(34,26)(21,26)(21,10)(15,10)(15,15)(0,15)
Polygon:
(0,0)(38,0)(38,8)(31,8)(31,7)(16,7)(16,13)(0,13)
Polygon:
(0,0)(27,0)(27,16)(17,16)(17,6)(1,6)(1,12)(0,12)
Polygon:
(0,0)(39,0)(39,19)(21,19)(21,3)(10,3)(10,5)(0,5)
Polygon:
(0,0)(14,0)(14,8)(11,8)(11,3)(2,3)(2,5)(0,5)
Polygon:
(0,0)(20,0)(20,11)(19,11)(19,4)(6,4)(6,10)(0,10)
Polygon:
(0,0)(28,0)(28,27)(16,27)(16,11)(13,11)(13,18)(0,18)
Polygon:
(0,0)(21,0)(21,13)(7,13)(7,2)(6,2)(6,17)(0,17)
Polygon:
(0,0)(35,0)(35,20)(27,20)(27,12)(10,12)(10,15)(0,15)
Polygon:
(0,0)(11,0)(11,16)(9,16)(9,4)(3,4)(3,10)(0,10)
Polygon:
(0,0)(26,0)(26,17)(15,17)(15,7)(3,7)(3,11)(0,11)
Polygon:
(0,0)(28,0)(28,18)(27,18)(27,3)(11,3)(11,11)(0,11)
Polygon:
(0,0)(20,0)(20,15)(17,15)(17,14)(4,14)(4,17)(0,17)
Polygon:
(0,0)(25,0)(25,17)(9,17)(9,1)(5,1)(5,2)(0,2)
Polygon:
(0,0)(28,0)(28,19)(12,19)(12,11)(7,11)(7,12)(0,12)
Polygon:
(0,0)(27,0)(27,13)(14,13)(14,4)(13,4)(13,7)(0,7)
Polygon:
(0,0)(27,0)(27,6)(25,6)(25,2)(15,2)(15,6)(0,6)
Polygon:
(0,0)(38,0)(38,17)(22,17)(22,6)(17,6)(17,14)(0,14)
Polygon:
(0,0)(40,0)(40,4)(27,4)(27,2)(13,2)(13,5)(0,5)
Polygon:
(0,0)(34,0)(34,17)(26,17)(26,16)(14,16)(14,18)(0,18)
Polygon:
(0,0)(18,0)(18,7)(12,7)(12,4)(6,4)(6,16)(0,16)
Polygon:
(0,0)(31,0)(31,26)(16,26)(16,12)(9,12)(9,14)(0,14)
Polygon:
(0,0)(22,0)(22,24)(14,24)(14,6)(5,6)(5,8)(0,8)
Polygon:
(0,0)(11,0)(11,6)(6,6)(6,2)(5,2)(5,7)(0,7)
Polygon:
(0,0)(25,0)(25,19)(13,19)(13,8)(6,8)(6,11)(0,11)
Polygon:
(0,0)(28,0)(28,19)(24,19)(24,8)(7,8)(7,17)(0,17)
Polygon:
(0,0)(25,0)(25,20)(19,20)(19,3)(12,3)(12,16)(0,16)
Polygon:
(0,0)(37,0)(37,17)(19,17)(19,5)(16,5)(16,15)(0,15)
Polygon:
(0,0)(21,0)(21,16)(14,16)(14,1)(3,1)(3,2)(0,2)
Polygon:
(0,0)(25,0)(25,10)(19,10)(19,4)(18,4)(18,7)(0,7)
Polygon:
(0,0)(22,0)(22,19)(21,19)(21,4)(4,4)(4,6)(0,6)
Polygon:
(0,0)(30,0)(30,27)(21,27)(21,12)(5,12)(5,15)(0,15)
Polygon:
(0,0)(33,0)(33,18)(21,18)(21,1)(16,1)(16,8)(0,8)
Polygon:
(0,0)(33,0)(33,12)(30,12)(30,2)(17,2)(17,11)(0,11)
Polygon:
(0,0)(29,0)(29,10)(20,10)(20,2)(7,2)(7,18)(0,18)
Polygon:
(0,0)(20,0)(20,19)(5,19)(5,16)(1,16)(1,21)(0,21)
Polygon:
(0,0)(49,0)(49,6)(34,6)(34,5)(16,5)(16,15)(0,15)
Polygon:
(0,0)(36,0)(36,16)(28,16)(28,3)(11,3)(11,8)(0,8)
Polygon:
(0,0)(31,0)(31,20)(20,20)(20,6)(8,6)(8,15)(0,15)
Polygon:
(0,0)(19,0)(19,6)(16,6)(16,2)(1,2)(1,18)(0,18)
Polygon:
(0,0)(22,0)(22,14)(9,14)(9,7)(3,7)(3,10)(0,10)
Polygon:
(0,0)(21,0)(21,18)(11,18)(11,7)(4,7)(4,11)(0,11)
Polygon:
(0,0)(38,0)(38,10)(23,10)(23,3)(7,3)(7,12)(0,12)
Polygon:
(0,0)(41,0)(41,18)(25,18)(25,9)(9,9)(9,16)(0,16)
Polygon:
(0,0)(38,0)(38,27)(27,27)(27,15)(9,15)(9,18)(0,18)
Polygon:
(0,0)(33,0)(33,9)(29,9)(29,6)(17,6)(17,13)(0,13)
Polygon:
(0,0)(27,0)(27,14)(24,14)(24,9)(11,9)(11,14)(0,14)
Polygon:
(0,0)(37,0)(37,12)(19,12)(19,6)(3,6)(3,15)(0,15)
Polygon:
(0,0)(32,0)(32,22)(16,22)(16,12)(7,12)(7,18)(0,18)
Polygon:
(0,0)(36,0)(36,7)(24,7)(24,3)(18,3)(18,4)(0,4)
Polygon:
(0,0)(40,0)(40,22)(23,22)(23,5)(18,5)(18,8)(0,8)
Polygon:
(0,0)(34,0)(34,18)(29,18)(29,9)(13,9)(13,15)(0,15)
Polygon:
(0,0)(26,0)(26,13)(12,13)(12,11)(5,11)(5,16)(0,16)
Polygon:
(0,0)(18,0)(18,15)(7,15)(7,8)(6,8)(6,17)(0,17)
Polygon:
(0,0)(35,0)(35,11)(22,11)(22,3)(7,3)(7,17)(0,17)
Polygon:
(0,0)(34,0)(34,27)(19,27)(19,9)(18,9)(18,10)(0,10)
Polygon:
(0,0)(37,0)(37,2)(27,2)(27,1)(16,1)(16,8)(0,8)
Polygon:
(0,0)(16,0)(16,11)(9,11)(9,7)(4,7)(4,14)(0,14)
Polygon:
(0,0)(20,0)(20,23)(17,23)(17,8)(9,8)(9,18)(0,18)
Polygon:
(0,0)(43,0)(43,8)(28,8)(28,1)(18,1)(18,7)(0,7)
Polygon:
(0,0)(38,0)(38,12)(22,12)(22,3)(18,3)(18,15)(0,15)
Polygon:
(0,0)(27,0)(27,27)(25,27)(25,12)(17,12)(17,14)(0,14)
Polygon:
(0,0)(24,0)(24,13)(22,13)(22,9)(7,9)(7,15)(0,15)
Polygon:
(0,0)(15,0)(15,7)(10,7)(10,3)(5,3)(5,14)(0,14)
Polygon:
(0,0)(24,0)(24,20)(19,20)(19,11)(11,11)(11,12)(0,12)
Polygon:
(0,0)(24,0)(24,13)(18,13)(18,4)(9,4)(9,9)(0,9)
Polygon:
(0,0)(43,0)(43,17)(34,17)(34,2)(17,2)(17,8)(0,8)
Polygon:
(0,0)(16,0)(16,27)(12,27)(12,11)(8,11)(8,13)(0,13)
Polygon:
(0,0)(31,0)(31,6)(29,6)(29,4)(16,4)(16,14)(0,14)
Polygon:
(0,0)(20,0)(20,9)(8,9)(8,1)(2,1)(2,17)(0,17)
Polygon:
(0,0)(23,0)(23,6)(20,6)(20,4)(9,4)(9,6)(0,6)
Polygon:
(0,0)(34,0)(34,18)(22,18)(22,4)(11,4)(11,7)(0,7)
Polygon:
(0,0)(38,0)(38,11)(26,11)(26,1)(18,1)(18,13)(0,13)
Polygon:
(0,0)(14,0)(14,18)(9,18)(9,8)(7,8)(7,11)(0,11)
Polygon:
(0,0)(46,0)(46,20)(30,20)(30,2)(13,2)(13,16)(0,16)
Polygon:
(0,0)(27,0)(27,9)(15,9)(15,2)(1,2)(1,3)(0,3)
Polygon:
(0,0)(36,0)(36,16)(27,16)(27,7)(12,7)(12,16)(0,16)
Polygon:
(0,0)(15,0)(15,28)(8,28)(8,16)(2,16)(2,17)(0,17)
Polygon:
(0,0)(39,0)(39,18)(29,18)(29,6)(17,6)(17,12)(0,12)
Polygon:
(0,0)(9,0)(9,15)(3,15)(3,2)(2,2)(2,12)(0,12)
Polygon:
(0,0)(15,0)(15,23)(7,23)(7,9)(1,9)(1,16)(0,16)
Polygon:
(0,0)(34,0)(34,9)(22,9)(22,6)(5,6)(5,14)(0,14)
Polygon:
(0,0)(44,0)(44,20)(27,20)(27,3)(11,3)(11,4)(0,4)
Polygon:
(0,0)(20,0)(20,25)(16,25)(16,10)(4,10)(4,15)(0,15)
Polygon:
(0,0)(28,0)(28,10)(19,10)(19,6)(5,6)(5,11)(0,11)
Polygon:
(0,0)(20,0)(20,12)(15,12)(15,2)(2,2)(2,6)(0,6)
Polygon:
(0,0)(27,0)(27,10)(17,10)(17,4)(14,4)(14,14)(0,14)
Polygon:
(0,0)(41,0)(41,11)(28,11)(28,2)(12,2)(12,10)(0,10)
Polygon:
(0,0)(29,0)(29,23)(13,23)(13,11)(9,11)(9,13)(0,13)
Polygon:
(0,0)(38,0)(38,8)(22,8)(22,6)(15,6)(15,13)(0,13)
Polygon:
(0,0)(30,0)(30,19)(26,19)(26,1)(9,1)(9,14)(0,14)
Polygon:
(0,0)(31,0)(31,6)(24,6)(24,4)(17,4)(17,11)(0,11)
Polygon:
(0,0)(34,0)(34,18)(20,18)(20,6)(2,6)(2,7)(0,7)
Polygon:
(0,0)(18,0)(18,8)(15,8)(15,1)(5,1)(5,8)(0,8)
Polygon:
(0,0)(29,0)(29,9)(19,9)(19,2)(10,2)(10,13)(0,13)
Polygon:
(0,0)(36,0)(36,23)(18,23)(18,7)(2,7)(2,15)(0,15)
Polygon:
(0,0)(28,0)(28,8)(14,8)(14,4)(11,4)(11,6)(0,6)
Polygon:
(0,0)(36,0)(36,5)(21,5)(21,3)(5,3)(5,12)(0,12)
Polygon:
(0,0)(30,0)(30,17)(17,17)(17,1)(15,1)(15,6)(0,6)
Polygon:
(0,0)(30,0)(30,10)(15,10)(15,5)(8,5)(8,17)(0,17)
Polygon:
(0,0)(34,0)(34,23)(26,23)(26,6)(13,6)(13,9)(0,9)
Polygon:
(0,0)(20,0)(20,14)(18,14)(18,9)(4,9)(4,17)(0,17)
Polygon:
(0,0)(44,0)(44,23)(26,23)(26,6)(16,6)(16,11)(0,11)
Polygon:
(0,0)(39,0)(39,5)(31,5)(31,3)(14,3)(14,4)(0,4)
Polygon:
(0,0)(23,0)(23,10)(21,10)(21,4)(12,4)(12,17)(0,17)
Polygon:
(0,0)(36,0)(36,8)(23,8)(23,3)(8,3)(8,10)(0,10)
Polygon:
(0,0)(29,0)(29,16)(16,16)(16,1)(5,1)(5,5)(0,5)
Polygon:
(0,0)(33,0)(33,21)(20,21)(20,12)(5,12)(5,26)(0,26)
Polygon:
(0,0)(32,0)(32,12)(17,12)(17,2)(2,2)(2,3)(0,3)
Polygon:
(0,0)(33,0)(33,8)(32,8)(32,6)(16,6)(16,11)(0,11)
Polygon:
(0,0)(35,0)(35,26)(19,26)(19,8)(15,8)(15,17)(0,17)
Polygon:
(0,0)(35,0)(35,18)(17,18)(17,9)(15,9)(15,17)(0,17)
Polygon:
(0,0)(39,0)(39,29)(23,29)(23,17)(12,17)(12,30)(0,30)
Polygon:
(0,0)(17,0)(17,4)(16,4)(16,3)(13,3)(13,7)(0,7)
Polygon:
(0,0)(30,0)(30,14)(17,14)(17,1)(4,1)(4,3)(0,3)
Polygon:
(0,0)(29,0)(29,25)(17,25)(17,9)(7,9)(7,13)(0,13)
Polygon:
(0,0)(20,0)(20,9)(16,9)(16,3)(15,3)(15,6)(0,6)
Polygon:
(0,0)(23,0)(23,24)(22,24)(22,12)(13,12)(13,13)(0,13)
Polygon:
(0,0)(19,0)(19,14)(18,14)(18,13)(15,13)(15,17)(0,17)
Polygon:
(0,0)(44,0)(44,19)(26,19)(26,15)(11,15)(11,17)(0,17)
Polygon:
(0,0)(32,0)(32,3)(25,3)(25,1)(15,1)(15,10)(0,10)
Polygon:
(0,0)(36,0)(36,13)(20,13)(20,6)(2,6)(2,14)(0,14)
Polygon:
(0,0)(41,0)(41,8)(31,8)(31,2)(16,2)(16,12)(0,12)
Polygon:
(0,0)(26,0)(26,21)(21,21)(21,3)(9,3)(9,14)(0,14)
Polygon:
(0,0)(25,0)(25,28)(22,28)(22,12)(7,12)(7,18)(0,18)
Polygon:
(0,0)(17,0)(17,6)(15,6)(15,2)(4,2)(4,11)(0,11)
Polygon:
(0,0)(27,0)(27,28)(26,28)(26,10)(16,10)(16,16)(0,16)
Polygon:
(0,0)(24,0)(24,23)(8,23)(8,12)(5,12)(5,14)(0,14)
Polygon:
(0,0)(31,0)(31,7)(20,7)(20,5)(4,5)(4,14)(0,14)
Polygon:
(0,0)(11,0)(11,19)(5,19)(5,5)(4,5)(4,10)(0,10)
Polygon:
(0,0)(33,0)(33,7)(21,7)(21,5)(6,5)(6,13)(0,13)
Polygon:
(0,0)(21,0)(21,19)(16,19)(16,1)(14,1)(14,7)(0,7)
Polygon:
(0,0)(25,0)(25,19)(17,19)(17,3)(7,3)(7,17)(0,17)
Polygon:
(0,0)(28,0)(28,11)(18,11)(18,7)(10,7)(10,9)(0,9)
Polygon:
(0,0)(16,0)(16,16)(9,16)(9,9)(6,9)(6,15)(0,15)
Polygon:
(0,0)(35,0)(35,32)(18,32)(18,15)(4,15)(4,18)(0,18)
Polygon:
(0,0)(12,0)(12,18)(4,18)(4,9)(2,9)(2,13)(0,13)
Polygon:
(0,0)(15,0)(15,10)(11,10)(11,7)(4,7)(4,11)(0,11)
Polygon:
(0,0)(34,0)(34,16)(30,16)(30,5)(14,5)(14,11)(0,11)
Polygon:
(0,0)(38,0)(38,7)(21,7)(21,2)(11,2)(11,4)(0,4)
Polygon:
(0,0)(17,0)(17,3)(11,3)(11,2)(8,2)(8,12)(0,12)
Polygon:
(0,0)(24,0)(24,18)(16,18)(16,11)(5,11)(5,14)(0,14)
Polygon:
(0,0)(25,0)(25,6)(18,6)(18,5)(3,5)(3,9)(0,9)
Polygon:
(0,0)(29,0)(29,17)(21,17)(21,11)(6,11)(6,12)(0,12)
Polygon:
(0,0)(41,0)(41,26)(28,26)(28,8)(14,8)(14,10)(0,10)
Polygon:
(0,0)(52,0)(52,8)(34,8)(34,6)(18,6)(18,17)(0,17)
Polygon:
(0,0)(17,0)(17,26)(15,26)(15,11)(9,11)(9,17)(0,17)
Polygon:
(0,0)(32,0)(32,18)(29,18)(29,7)(16,7)(16,8)(0,8)
Polygon:
(0,0)(30,0)(30,10)(24,10)(24,1)(13,1)(13,13)(0,13)
Polygon:
(0,0)(44,0)(44,20)(29,20)(29,16)(17,16)(17,17)(0,17)
Polygon:
(0,0)(29,0)(29,3)(25,3)(25,2)(14,2)(14,9)(0,9)
Polygon:
(0,0)(22,0)(22,23)(16,23)(16,16)(7,16)(7,18)(0,18)
Polygon:
(0,0)(21,0)(21,8)(10,8)(10,2)(1,2)(1,4)(0,4)
Polygon:
(0,0)(26,0)(26,12)(12,12)(12,4)(11,4)(11,6)(0,6)
Polygon:
(0,0)(39,0)(39,20)(22,20)(22,12)(16,12)(16,18)(0,18)
Polygon:
(0,0)(29,0)(29,9)(12,9)(12,8)(11,8)(11,15)(0,15)
Polygon:
(0,0)(20,0)(20,9)(17,9)(17,4)(2,4)(2,10)(0,10)
Polygon:
(0,0)(37,0)(37,7)(22,7)(22,4)(9,4)(9,7)(0,7)
Polygon:
(0,0)(26,0)(26,5)(11,5)(11,3)(4,3)(4,16)(0,16)
Polygon:
(0,0)(35,0)(35,20)(27,20)(27,4)(16,4)(16,6)(0,6)
Polygon:
(0,0)(28,0)(28,27)(24,27)(24,10)(9,10)(9,18)(0,18)
Polygon:
(0,0)(15,0)(15,9)(13,9)(13,7)(10,7)(10,14)(0,14)
Polygon:
(0,0)(25,0)(25,9)(19,9)(19,1)(9,1)(9,4)(0,4)
Polygon:
(0,0)(19,0)(19,12)(10,12)(10,2)(9,2)(9,8)(0,8)
Polygon:
(0,0)(42,0)(42,22)(31,22)(31,11)(17,11)(17,18)(0,18)
Polygon:
(0,0)(12,0)(12,34)(6,34)(6,16)(5,16)(5,18)(0,18)
Polygon:
(0,0)(30,0)(30,9)(13,9)(13,6)(5,6)(5,7)(0,7)
Polygon:
(0,0)(38,0)(38,12)(28,12)(28,1)(15,1)(15,14)(0,14)
Polygon:
(0,0)(25,0)(25,26)(9,26)(9,9)(6,9)(6,17)(0,17)
Polygon:
(0,0)(29,0)(29,3)(19,3)(19,1)(10,1)(10,7)(0,7)
Polygon:
(0,0)(22,0)(22,5)(9,5)(9,3)(3,3)(3,7)(0,7)
Polygon:
(0,0)(32,0)(32,10)(19,10)(19,2)(8,2)(8,7)(0,7)
Polygon:
(0,0)(41,0)(41,18)(27,18)(27,3)(10,3)(10,13)(0,13)
Polygon:
(0,0)(27,0)(27,31)(24,31)(24,14)(8,14)(8,18)(0,18)
Polygon:
(0,0)(34,0)(34,13)(23,13)(23,9)(14,9)(14,10)(0,10)
Polygon:
(0,0)(35,0)(35,8)(26,8)(26,7)(11,7)(11,13)(0,13)
Polygon:
(0,0)(17,0)(17,27)(6,27)(6,11)(2,11)(2,18)(0,18)
Polygon:
(0,0)(37,0)(37,22)(21,22)(21,4)(9,4)(9,16)(0,16)
Polygon:
(0,0)(22,0)(22,8)(19,8)(19,3)(17,3)(17,15)(0,15)
Polygon:
(0,0)(15,0)(15,11)(6,11)(6,3)(4,3)(4,9)(0,9)
Polygon:
(0,0)(22,0)(22,20)(19,20)(19,12)(8,12)(8,18)(0,18)
Polygon:
(0,0)(34,0)(34,18)(31,18)(31,5)(15,5)(15,12)(0,12)
Polygon:
(0,0)(35,0)(35,23)(24,23)(24,11)(9,11)(9,17)(0,17)
Polygon:
(0,0)(44,0)(44,13)(31,13)(31,4)(17,4)(17,7)(0,7)
Polygon:
(0,0)(22,0)(22,3)(18,3)(18,1)(6,1)(6,16)(0,16)
Polygon:
(0,0)(42,0)(42,21)(34,21)(34,12)(16,12)(16,17)(0,17)
Polygon:
(0,0)(30,0)(30,28)(20,28)(20,13)(11,13)(11,18)(0,18)
Polygon:
(0,0)(30,0)(30,11)(12,11)(12,9)(4,9)(4,17)(0,17)
Polygon:
(0,0)(5,0)(5,25)(3,25)(3,10)(1,10)(1,12)(0,12)
Polygon:
(0,0)(20,0)(20,18)(11,18)(11,1)(8,1)(8,12)(0,12)
Polygon:
(0,0)(39,0)(39,23)(25,23)(25,13)(10,13)(10,15)(0,15)
Polygon:
(0,0)(26,0)(26,13)(19,13)(19,5)(9,5)(9,8)(0,8)
Polygon:
(0,0)(18,0)(18,18)(4,18)(4,2)(3,2)(3,6)(0,6)
Polygon:
(0,0)(22,0)(22,5)(4,5)(4,4)(1,4)(1,17)(0,17)
Polygon:
(0,0)(20,0)(20,19)(9,19)(9,7)(3,7)(3,12)(0,12)
Polygon:
(0,0)(18,0)(18,4)(13,4)(13,3)(11,3)(11,14)(0,14)
Polygon:
(0,0)(27,0)(27,8)(18,8)(18,4)(7,4)(7,15)(0,15)
Polygon:
(0,0)(8,0)(8,21)(5,21)(5,18)(4,18)(4,24)(0,24)
Polygon:
(0,0)(29,0)(29,10)(28,10)(28,8)(13,8)(13,11)(0,11)
Polygon:
(0,0)(19,0)(19,17)(4,17)(4,7)(3,7)(3,18)(0,18)
Polygon:
(0,0)(21,0)(21,19)(14,19)(14,5)(9,5)(9,14)(0,14)
Polygon:
(0,0)(21,0)(21,33)(11,33)(11,15)(7,15)(7,17)(0,17)
Polygon:
(0,0)(41,0)(41,26)(27,26)(27,8)(12,8)(12,10)(0,10)
Polygon:
(0,0)(30,0)(30,17)(22,17)(22,3)(6,3)(6,13)(0,13)
Polygon:
(0,0)(35,0)(35,17)(21,17)(21,2)(3,2)(3,7)(0,7)
Polygon:
(0,0)(39,0)(39,23)(32,23)(32,16)(15,16)(15,18)(0,18)
Polygon:
(0,0)(46,0)(46,18)(30,18)(30,3)(17,3)(17,17)(0,17)
Polygon:
(0,0)(36,0)(36,21)(23,21)(23,5)(18,5)(18,14)(0,14)
Polygon:
(0,0)(31,0)(31,15)(23,15)(23,11)(16,11)(16,15)(0,15)
Polygon:
(0,0)(33,0)(33,21)(30,21)(30,9)(13,9)(13,11)(0,11)
Polygon:
(0,0)(42,0)(42,17)(26,17)(26,9)(18,9)(18,16)(0,16)
Polygon:
(0,0)(17,0)(17,14)(14,14)(14,10)(3,10)(3,18)(0,18)
Polygon:
(0,0)(34,0)(34,11)(19,11)(19,3)(15,3)(15,4)(0,4)
Polygon:
(0,0)(39,0)(39,22)(25,22)(25,7)(13,7)(13,18)(0,18)
Polygon:
(0,0)(39,0)(39,27)(21,27)(21,14)(7,14)(7,16)(0,16)
Polygon:
(0,0)(45,0)(45,14)(29,14)(29,8)(17,8)(17,12)(0,12)
Polygon:
(0,0)(32,0)(32,15)(23,15)(23,9)(17,9)(17,16)(0,16)
Polygon:
(0,0)(33,0)(33,26)(26,26)(26,15)(17,15)(17,18)(0,18)
Polygon:
(0,0)(17,0)(17,17)(7,17)(7,3)(6,3)(6,12)(0,12)
Polygon:
(0,0)(30,0)(30,19)(16,19)(16,10)(8,10)(8,13)(0,13)
Polygon:
(0,0)(31,0)(31,25)(16,25)(16,9)(5,9)(5,16)(0,16)
Polygon:
(0,0)(24,0)(24,15)(15,15)(15,14)(13,14)(13,17)(0,17)
Polygon:
(0,0)(33,0)(33,31)(21,31)(21,14)(12,14)(12,18)(0,18)
Polygon:
(0,0)(45,0)(45,22)(29,22)(29,7)(18,7)(18,20)(0,20)
Polygon:
(0,0)(26,0)(26,22)(16,22)(16,5)(2,5)(2,13)(0,13)
Polygon:
(0,0)(36,0)(36,15)(29,15)(29,8)(13,8)(13,17)(0,17)
Polygon:
(0,0)(25,0)(25,14)(18,14)(18,6)(15,6)(15,12)(0,12)
Polygon:
(0,0)(38,0)(38,11)(28,11)(28,5)(16,5)(16,13)(0,13)
Polygon:
(0,0)(36,0)(36,24)(20,24)(20,13)(3,13)(3,14)(0,14)
Polygon:
(0,0)(20,0)(20,25)(17,25)(17,12)(1,12)(1,18)(0,18)
Polygon:
(0,0)(37,0)(37,5)(30,5)(30,3)(13,3)(13,4)(0,4)
Polygon:
(0,0)(23,0)(23,5)(11,5)(11,1)(1,1)(1,6)(0,6)
Polygon:
(0,0)(16,0)(16,16)(15,16)(15,14)(12,14)(12,17)(0,17)
Polygon:
(0,0)(43,0)(43,20)(28,20)(28,9)(15,9)(15,11)(0,11)
Polygon:
(0,0)(34,0)(34,15)(20,15)(20,11)(2,11)(2,16)(0,16)
Polygon:
(0,0)(8,0)(8,8)(7,8)(7,7)(5,7)(5,11)(0,11)
Polygon:
(0,0)(38,0)(38,17)(27,17)(27,4)(11,4)(11,18)(0,18)
Polygon:
(0,0)(46,0)(46,13)(33,13)(33,1)(16,1)(16,3)(0,3)
Polygon:
(0,0)(18,0)(18,22)(5,22)(5,13)(2,13)(2,17)(0,17)
Polygon:
(0,0)(12,0)(12,3)(10,3)(10,2)(5,2)(5,17)(0,17)
Polygon:
(0,0)(29,0)(29,29)(20,29)(20,11)(18,11)(18,15)(0,15)
Polygon:
(0,0)(32,0)(32,12)(15,12)(15,2)(4,2)(4,4)(0,4)
Polygon:
(0,0)(11,0)(11,8)(6,8)(6,2)(3,2)(3,8)(0,8)
Polygon:
(0,0)(18,0)(18,14)(10,14)(10,11)(9,11)(9,14)(0,14)
Polygon:
(0,0)(19,0)(19,16)(10,16)(10,3)(5,3)(5,10)(0,10)
Polygon:
(0,0)(50,0)(50,25)(34,25)(34,11)(16,11)(16,14)(0,14)
Polygon:
(0,0)(27,0)(27,17)(25,17)(25,7)(7,7)(7,18)(0,18)
Polygon:
(0,0)(41,0)(41,23)(26,23)(26,5)(14,5)(14,13)(0,13)
Polygon:
(0,0)(24,0)(24,28)(23,28)(23,11)(6,11)(6,12)(0,12)
Polygon:
(0,0)(45,0)(45,23)(30,23)(30,6)(15,6)(15,16)(0,16)
Polygon:
(0,0)(14,0)(14,6)(10,6)(10,3)(4,3)(4,15)(0,15)
Polygon:
(0,0)(43,0)(43,22)(25,22)(25,11)(15,11)(15,24)(0,24)
Polygon:
(0,0)(27,0)(27,25)(19,25)(19,8)(13,8)(13,11)(0,11)
Polygon:
(0,0)(16,0)(16,21)(8,21)(8,4)(4,4)(4,13)(0,13)
Polygon:
(0,0)(21,0)(21,22)(20,22)(20,9)(11,9)(11,15)(0,15)
Polygon:
(0,0)(48,0)(48,10)(35,10)(35,5)(17,5)(17,18)(0,18)
Polygon:
(0,0)(38,0)(38,23)(25,23)(25,12)(17,12)(17,13)(0,13)
Polygon:
(0,0)(35,0)(35,31)(17,31)(17,13)(4,13)(4,26)(0,26)
Polygon:
(0,0)(27,0)(27,29)(25,29)(25,13)(14,13)(14,18)(0,18)
Polygon:
(0,0)(38,0)(38,5)(26,5)(26,2)(17,2)(17,15)(0,15)
Polygon:
(0,0)(28,0)(28,23)(24,23)(24,15)(17,15)(17,17)(0,17)
Polygon:
(0,0)(10,0)(10,16)(8,16)(8,1)(6,1)(6,15)(0,15)
Polygon:
(0,0)(46,0)(46,19)(28,19)(28,8)(17,8)(17,11)(0,11)
Polygon:
(0,0)(24,0)(24,12)(7,12)(7,3)(4,3)(4,7)(0,7)
Polygon:
(0,0)(33,0)(33,3)(32,3)(32,2)(16,2)(16,17)(0,17)
Polygon:
(0,0)(44,0)(44,19)(29,19)(29,4)(17,4)(17,13)(0,13)
Polygon:
(0,0)(24,0)(24,17)(17,17)(17,15)(9,15)(9,18)(0,18)
Polygon:
(0,0)(28,0)(28,17)(11,17)(11,1)(1,1)(1,3)(0,3)
Polygon:
(0,0)(50,0)(50,23)(34,23)(34,13)(16,13)(16,15)(0,15)
Polygon:
(0,0)(45,0)(45,8)(29,8)(29,5)(13,5)(13,11)(0,11)
Polygon:
(0,0)(15,0)(15,17)(10,17)(10,1)(7,1)(7,12)(0,12)
Polygon:
(0,0)(22,0)(22,11)(21,11)(21,2)(11,2)(11,3)(0,3)
Polygon:
(0,0)(40,0)(40,8)(23,8)(23,2)(12,2)(12,7)(0,7)
Polygon:
(0,0)(36,0)(36,22)(23,22)(23,10)(8,10)(8,14)(0,14)
Polygon:
(0,0)(23,0)(23,29)(12,29)(12,17)(8,17)(8,35)(0,35)
Polygon:
(0,0)(41,0)(41,4)(32,4)(32,1)(16,1)(16,4)(0,4)
Polygon:
(0,0)(7,0)(7,25)(6,25)(6,10)(1,10)(1,11)(0,11)
Polygon:
(0,0)(13,0)(13,10)(9,10)(9,9)(3,9)(3,12)(0,12)
Polygon:
(0,0)(20,0)(20,9)(14,9)(14,7)(6,7)(6,16)(0,16)
Polygon:
(0,0)(26,0)(26,7)(10,7)(10,1)(4,1)(4,16)(0,16)
Polygon:
(0,0)(8,0)(8,16)(6,16)(6,11)(3,11)(3,15)(0,15)
Polygon:
(0,0)(25,0)(25,11)(15,11)(15,1)(7,1)(7,15)(0,15)
Polygon:
(0,0)(13,0)(13,14)(12,14)(12,4)(3,4)(3,17)(0,17)
Polygon:
(0,0)(24,0)(24,16)(22,16)(22,2)(18,2)(18,13)(0,13)
Polygon:
(0,0)(31,0)(31,23)(20,23)(20,11)(17,11)(17,12)(0,12)
Polygon:
(0,0)(31,0)(31,17)(14,17)(14,8)(4,8)(4,9)(0,9)
Polygon:
(0,0)(29,0)(29,4)(23,4)(23,3)(13,3)(13,4)(0,4)
Polygon:
(0,0)(31,0)(31,24)(18,24)(18,6)(10,6)(10,7)(0,7)
Polygon:
(0,0)(43,0)(43,20)(29,20)(29,8)(11,8)(11,18)(0,18)
Polygon:
(0,0)(16,0)(16,10)(11,10)(11,1)(1,1)(1,8)(0,8)
Polygon:
(0,0)(31,0)(31,13)(21,13)(21,3)(4,3)(4,14)(0,14)
Polygon:
(0,0)(23,0)(23,17)(18,17)(18,1)(14,1)(14,6)(0,6)
Polygon:
(0,0)(19,0)(19,21)(10,21)(10,5)(4,5)(4,14)(0,14)
Polygon:
(0,0)(36,0)(36,15)(22,15)(22,12)(12,12)(12,13)(0,13)
Polygon:
(0,0)(43,0)(43,13)(30,13)(30,5)(12,5)(12,8)(0,8)
Polygon:
(0,0)(23,0)(23,22)(22,22)(22,8)(17,8)(17,17)(0,17)
Polygon:
(0,0)(27,0)(27,20)(12,20)(12,10)(9,10)(9,22)(0,22)
Polygon:
(0,0)(27,0)(27,27)(13,27)(13,9)(7,9)(7,13)(0,13)
Polygon:
(0,0)(34,0)(34,17)(20,17)(20,13)(12,13)(12,18)(0,18)
Polygon:
(0,0)(23,0)(23,26)(17,26)(17,10)(12,10)(12,11)(0,11)
Polygon:
(0,0)(38,0)(38,11)(20,11)(20,8)(17,8)(17,11)(0,11)
Polygon:
(0,0)(17,0)(17,20)(14,20)(14,8)(12,8)(12,17)(0,17)
Polygon:
(0,0)(21,0)(21,14)(7,14)(7,1)(5,1)(5,17)(0,17)
Polygon:
(0,0)(29,0)(29,15)(25,15)(25,7)(13,7)(13,16)(0,16)
Polygon:
(0,0)(37,0)(37,17)(32,17)(32,2)(17,2)(17,3)(0,3)
Polygon:
(0,0)(23,0)(23,11)(16,11)(16,6)(5,6)(5,17)(0,17)
Polygon:
(0,0)(32,0)(32,21)(25,21)(25,4)(10,4)(10,10)(0,10)
Polygon:
(0,0)(15,0)(15,6)(14,6)(14,1)(9,1)(9,9)(0,9)
Polygon:
(0,0)(33,0)(33,10)(15,10)(15,9)(4,9)(4,18)(0,18)
Polygon:
(0,0)(41,0)(41,13)(30,13)(30,1)(18,1)(18,5)(0,5)
Polygon:
(0,0)(33,0)(33,26)(20,26)(20,12)(10,12)(10,18)(0,18)
Polygon:
(0,0)(25,0)(25,19)(21,19)(21,5)(7,5)(7,12)(0,12)
Polygon:
(0,0)(24,0)(24,19)(13,19)(13,5)(2,5)(2,14)(0,14)
Polygon:
(0,0)(19,0)(19,4)(8,4)(8,1)(5,1)(5,15)(0,15)
Polygon:
(0,0)(31,0)(31,23)(23,23)(23,11)(18,11)(18,18)(0,18)
Polygon:
(0,0)(26,0)(26,19)(12,19)(12,3)(1,3)(1,16)(0,16)
Polygon:
(0,0)(42,0)(42,2)(28,2)(28,1)(18,1)(18,12)(0,12)
Polygon:
(0,0)(35,0)(35,21)(20,21)(20,10)(16,10)(16,13)(0,13)
Polygon:
(0,0)(12,0)(12,28)(9,28)(9,15)(8,15)(8,16)(0,16)
Polygon:
(0,0)(16,0)(16,18)(11,18)(11,6)(10,6)(10,15)(0,15)
Polygon:
(0,0)(38,0)(38,10)(27,10)(27,5)(14,5)(14,10)(0,10)
Polygon:
(0,0)(25,0)(25,12)(24,12)(24,3)(16,3)(16,12)(0,12)
Polygon:
(0,0)(12,0)(12,31)(10,31)(10,13)(6,13)(6,15)(0,15)
Polygon:
(0,0)(18,0)(18,17)(17,17)(17,3)(16,3)(16,14)(0,14)
Polygon:
(0,0)(30,0)(30,20)(20,20)(20,3)(14,3)(14,13)(0,13)
Polygon:
(0,0)(32,0)(32,28)(19,28)(19,17)(13,17)(13,18)(0,18)
Polygon:
(0,0)(38,0)(38,22)(29,22)(29,7)(18,7)(18,8)(0,8)
Polygon:
(0,0)(34,0)(34,13)(26,13)(26,2)(10,2)(10,13)(0,13)
Polygon:
(0,0)(32,0)(32,6)(19,6)(19,3)(6,3)(6,4)(0,4)
Polygon:
(0,0)(28,0)(28,18)(22,18)(22,16)(8,16)(8,17)(0,17)
Polygon:
(0,0)(25,0)(25,10)(18,10)(18,4)(6,4)(6,14)(0,14)
Polygon:
(0,0)(28,0)(28,9)(12,9)(12,1)(4,1)(4,2)(0,2)
Polygon:
(0,0)(17,0)(17,19)(12,19)(12,4)(6,4)(6,15)(0,15)
Polygon:
(0,0)(35,0)(35,10)(21,10)(21,8)(4,8)(4,17)(0,17)
Polygon:
(0,0)(19,0)(19,11)(14,11)(14,8)(6,8)(6,16)(0,16)
Polygon:
(0,0)(24,0)(24,19)(18,19)(18,4)(6,4)(6,20)(0,20)
Polygon:
(0,0)(20,0)(20,17)(9,17)(9,1)(4,1)(4,8)(0,8)
Polygon:
(0,0)(23,0)(23,15)(14,15)(14,14)(5,14)(5,18)(0,18)
Polygon:
(0,0)(41,0)(41,14)(29,14)(29,2)(12,2)(12,4)(0,4)
Polygon:
(0,0)(49,0)(49,20)(31,20)(31,7)(16,7)(16,11)(0,11)
Polygon:
(0,0)(26,0)(26,10)(14,10)(14,2)(3,2)(3,15)(0,15)
Polygon:
(0,0)(30,0)(30,26)(16,26)(16,11)(9,11)(9,13)(0,13)
Polygon:
(0,0)(12,0)(12,7)(9,7)(9,6)(6,6)(6,16)(0,16)
Polygon:
(0,0)(23,0)(23,19)(19,19)(19,2)(6,2)(6,11)(0,11)
Polygon:
(0,0)(22,0)(22,5)(17,5)(17,2)(14,2)(14,17)(0,17)
Polygon:
(0,0)(36,0)(36,6)(22,6)(22,3)(13,3)(13,5)(0,5)
Polygon:
(0,0)(22,0)(22,23)(16,23)(16,6)(5,6)(5,17)(0,17)
Polygon:
(0,0)(21,0)(21,17)(20,17)(20,3)(8,3)(8,14)(0,14)
Polygon:
(0,0)(18,0)(18,25)(17,25)(17,15)(16,15)(16,16)(0,16)
Polygon:
(0,0)(36,0)(36,19)(21,19)(21,14)(17,14)(17,23)(0,23)
Polygon:
(0,0)(26,0)(26,11)(17,11)(17,7)(16,7)(16,11)(0,11)
Polygon:
(0,0)(31,0)(31,7)(19,7)(19,6)(13,6)(13,13)(0,13)
Polygon:
(0,0)(26,0)(26,17)(16,17)(16,9)(12,9)(12,16)(0,16)
Polygon:
(0,0)(24,0)(24,26)(12,26)(12,8)(5,8)(5,17)(0,17)
Polygon:
(0,0)(24,0)(24,16)(12,16)(12,1)(7,1)(7,4)(0,4)
Polygon:
(0,0)(26,0)(26,13)(12,13)(12,8)(11,8)(11,9)(0,9)
Polygon:
(0,0)(36,0)(36,12)(29,12)(29,10)(18,10)(18,13)(0,13)
Polygon:
(0,0)(8,0)(8,22)(7,22)(7,9)(5,9)(5,18)(0,18)
Polygon:
(0,0)(11,0)(11,15)(9,15)(9,2)(5,2)(5,17)(0,17)
Polygon:
(0,0)(20,0)(20,9)(16,9)(16,8)(2,8)(2,9)(0,9)
Polygon:
(0,0)(29,0)(29,16)(25,16)(25,3)(7,3)(7,15)(0,15)
Polygon:
(0,0)(28,0)(28,20)(22,20)(22,17)(10,17)(10,27)(0,27)
Polygon:
(0,0)(31,0)(31,18)(25,18)(25,7)(7,7)(7,15)(0,15)
Polygon:
(0,0)(43,0)(43,13)(28,13)(28,4)(17,4)(17,17)(0,17)
Polygon:
(0,0)(27,0)(27,34)(13,34)(13,16)(4,16)(4,17)(0,17)
Polygon:
(0,0)(12,0)(12,13)(11,13)(11,5)(3,5)(3,18)(0,18)
Polygon:
(0,0)(30,0)(30,17)(23,17)(23,2)(15,2)(15,12)(0,12)
Polygon:
(0,0)(40,0)(40,10)(30,10)(30,6)(18,6)(18,15)(0,15)
Polygon:
(0,0)(43,0)(43,13)(31,13)(31,12)(13,12)(13,13)(0,13)
Polygon:
(0,0)(27,0)(27,8)(15,8)(15,1)(11,1)(11,16)(0,16)
Polygon:
(0,0)(21,0)(21,9)(10,9)(10,5)(1,5)(1,7)(0,7)
Polygon:
(0,0)(29,0)(29,9)(26,9)(26,2)(13,2)(13,7)(0,7)
Polygon:
(0,0)(26,0)(26,19)(21,19)(21,2)(11,2)(11,6)(0,6)
Polygon:
(0,0)(36,0)(36,19)(35,19)(35,5)(17,5)(17,6)(0,6)
Polygon:
(0,0)(13,0)(13,21)(7,21)(7,15)(3,15)(3,17)(0,17)
Polygon:
(0,0)(37,0)(37,16)(19,16)(19,1)(10,1)(10,10)(0,10)
Polygon:
(0,0)(16,0)(16,12)(15,12)(15,11)(13,11)(13,13)(0,13)
Polygon:
(0,0)(25,0)(25,19)(23,19)(23,3)(11,3)(11,13)(0,13)
Polygon:
(0,0)(21,0)(21,22)(10,22)(10,5)(3,5)(3,14)(0,14)
Polygon:
(0,0)(24,0)(24,19)(12,19)(12,5)(3,5)(3,10)(0,10)
Polygon:
(0,0)(46,0)(46,8)(29,8)(29,7)(18,7)(18,10)(0,10)
Polygon:
(0,0)(42,0)(42,9)(28,9)(28,2)(18,2)(18,3)(0,3)
Polygon:
(0,0)(39,0)(39,28)(26,28)(26,11)(11,11)(11,13)(0,13)
Polygon:
(0,0)(30,0)(30,26)(20,26)(20,9)(13,9)(13,16)(0,16)
Polygon:
(0,0)(45,0)(45,28)(31,28)(31,12)(16,12)(16,14)(0,14)
Polygon:
(0,0)(21,0)(21,21)(13,21)(13,3)(3,3)(3,6)(0,6)
Polygon:
(0,0)(27,0)(27,18)(25,18)(25,8)(9,8)(9,9)(0,9)
Polygon:
(0,0)(43,0)(43,11)(29,11)(29,5)(14,5)(14,12)(0,12)
Polygon:
(0,0)(21,0)(21,27)(18,27)(18,12)(12,12)(12,15)(0,15)
Polygon:
(0,0)(18,0)(18,25)(10,25)(10,10)(1,10)(1,15)(0,15)
Polygon:
(0,0)(46,0)(46,21)(32,21)(32,12)(18,12)(18,18)(0,18)
Polygon:
(0,0)(19,0)(19,9)(14,9)(14,5)(8,5)(8,9)(0,9)
Polygon:
(0,0)(37,0)(37,6)(22,6)(22,5)(7,5)(7,17)(0,17)
Polygon:
(0,0)(20,0)(20,16)(12,16)(12,2)(6,2)(6,15)(0,15)
Polygon:
(0,0)(25,0)(25,5)(8,5)(8,1)(1,1)(1,3)(0,3)
Polygon:
(0,0)(24,0)(24,20)(10,20)(10,15)(5,15)(5,17)(0,17)
Polygon:
(0,0)(13,0)(13,5)(11,5)(11,4)(1,4)(1,9)(0,9)
Polygon:
(0,0)(39,0)(39,14)(22,14)(22,1)(17,1)(17,18)(0,18)
Polygon:
(0,0)(22,0)(22,26)(20,26)(20,8)(2,8)(2,17)(0,17)
Polygon:
(0,0)(22,0)(22,17)(15,17)(15,15)(14,15)(14,16)(0,16)
Polygon:
(0,0)(29,0)(29,5)(22,5)(22,1)(4,1)(4,15)(0,15)
Polygon:
(0,0)(32,0)(32,16)(27,16)(27,6)(10,6)(10,17)(0,17)
Polygon:
(0,0)(20,0)(20,21)(2,21)(2,7)(1,7)(1,13)(0,13)
Polygon:
(0,0)(27,0)(27,16)(12,16)(12,7)(8,7)(8,12)(0,12)
Polygon:
(0,0)(30,0)(30,6)(26,6)(26,1)(16,1)(16,13)(0,13)
Polygon:
(0,0)(31,0)(31,9)(20,9)(20,5)(18,5)(18,13)(0,13)
Polygon:
(0,0)(37,0)(37,13)(27,13)(27,11)(10,11)(10,16)(0,16)
Polygon:
(0,0)(37,0)(37,20)(29,20)(29,12)(16,12)(16,14)(0,14)
Polygon:
(0,0)(32,0)(32,15)(24,15)(24,5)(18,5)(18,6)(0,6)
Polygon:
(0,0)(13,0)(13,30)(9,30)(9,14)(8,14)(8,15)(0,15)
Polygon:
(0,0)(15,0)(15,25)(8,25)(8,11)(4,11)(4,15)(0,15)
Polygon:
(0,0)(25,0)(25,17)(18,17)(18,9)(16,9)(16,15)(0,15)
Polygon:
(0,0)(34,0)(34,18)(20,18)(20,1)(17,1)(17,11)(0,11)
Polygon:
(0,0)(32,0)(32,19)(27,19)(27,11)(10,11)(10,17)(0,17)
Polygon:
(0,0)(33,0)(33,12)(31,12)(31,9)(13,9)(13,14)(0,14)
Polygon:
(0,0)(15,0)(15,14)(13,14)(13,6)(10,6)(10,13)(0,13)
Polygon:
(0,0)(36,0)(36,15)(28,15)(28,3)(12,3)(12,6)(0,6)
Polygon:
(0,0)(28,0)(28,14)(18,14)(18,1)(1,1)(1,15)(0,15)
Polygon:
(0,0)(36,0)(36,22)(28,22)(28,5)(18,5)(18,15)(0,15)
Polygon:
(0,0)(25,0)(25,22)(17,22)(17,10)(5,10)(5,15)(0,15)
Polygon:
(0,0)(32,0)(32,20)(14,20)(14,2)(4,2)(4,17)(0,17)
Polygon:
(0,0)(5,0)(5,17)(4,17)(4,4)(1,4)(1,14)(0,14)
Polygon:
(0,0)(41,0)(41,9)(30,9)(30,3)(16,3)(16,13)(0,13)
Polygon:
(0,0)(14,0)(14,15)(7,15)(7,8)(3,8)(3,15)(0,15)
Polygon:
(0,0)(18,0)(18,13)(15,13)(15,9)(14,9)(14,18)(0,18)
Polygon:
(0,0)(35,0)(35,22)(18,22)(18,4)(16,4)(16,7)(0,7)
Polygon:
(0,0)(28,0)(28,12)(14,12)(14,1)(13,1)(13,15)(0,15)
Polygon:
(0,0)(42,0)(42,18)(26,18)(26,3)(16,3)(16,16)(0,16)
Polygon:
(0,0)(29,0)(29,13)(20,13)(20,4)(10,4)(10,14)(0,14)
Polygon:
(0,0)(23,0)(23,26)(13,26)(13,13)(5,13)(5,16)(0,16)
Polygon:
(0,0)(42,0)(42,17)(32,17)(32,1)(15,1)(15,14)(0,14)
Polygon:
(0,0)(42,0)(42,22)(30,22)(30,11)(13,11)(13,15)(0,15)
Polygon:
(0,0)(28,0)(28,5)(17,5)(17,4)(14,4)(14,15)(0,15)
Polygon:
(0,0)(35,0)(35,28)(26,28)(26,10)(17,10)(17,11)(0,11)
Polygon:
(0,0)(40,0)(40,16)(22,16)(22,4)(10,4)(10,12)(0,12)
Polygon:
(0,0)(21,0)(21,18)(18,18)(18,4)(9,4)(9,9)(0,9)
Polygon:
(0,0)(27,0)(27,18)(25,18)(25,1)(14,1)(14,3)(0,3)
Polygon:
(0,0)(22,0)(22,12)(17,12)(17,6)(1,6)(1,13)(0,13)
Polygon:
(0,0)(17,0)(17,12)(12,12)(12,1)(8,1)(8,6)(0,6)
Polygon:
(0,0)(10,0)(10,24)(6,24)(6,9)(5,9)(5,18)(0,18)
Polygon:
(0,0)(30,0)(30,6)(20,6)(20,2)(5,2)(5,5)(0,5)
Polygon:
(0,0)(27,0)(27,16)(10,16)(10,15)(3,15)(3,17)(0,17)
Polygon:
(0,0)(14,0)(14,5)(8,5)(8,2)(5,2)(5,13)(0,13)
Polygon:
(0,0)(26,0)(26,17)(23,17)(23,12)(12,12)(12,13)(0,13)
Polygon:
(0,0)(39,0)(39,20)(28,20)(28,15)(14,15)(14,32)(0,32)
Polygon:
(0,0)(25,0)(25,10)(20,10)(20,5)(3,5)(3,8)(0,8)
Polygon:
(0,0)(6,0)(6,11)(5,11)(5,6)(3,6)(3,14)(0,14)
Polygon:
(0,0)(18,0)(18,27)(15,27)(15,10)(14,10)(14,13)(0,13)
Polygon:
(0,0)(27,0)(27,9)(23,9)(23,3)(16,3)(16,14)(0,14)
Polygon:
(0,0)(22,0)(22,11)(16,11)(16,1)(3,1)(3,17)(0,17)
Polygon:
(0,0)(13,0)(13,15)(11,15)(11,13)(9,13)(9,17)(0,17)
Polygon:
(0,0)(34,0)(34,13)(17,13)(17,5)(8,5)(8,15)(0,15)
Polygon:
(0,0)(24,0)(24,20)(22,20)(22,13)(8,13)(8,17)(0,17)
Polygon:
(0,0)(25,0)(25,24)(24,24)(24,10)(6,10)(6,12)(0,12)
Polygon:
(0,0)(29,0)(29,31)(13,31)(13,14)(11,14)(11,17)(0,17)
Polygon:
(0,0)(35,0)(35,6)(24,6)(24,3)(10,3)(10,17)(0,17)
Polygon:
(0,0)(52,0)(52,18)(35,18)(35,6)(18,6)(18,16)(0,16)
Polygon:
(0,0)(31,0)(31,15)(19,15)(19,13)(12,13)(12,14)(0,14)
Polygon:
(0,0)(30,0)(30,15)(27,15)(27,6)(9,6)(9,15)(0,15)
Polygon:
(0,0)(31,0)(31,24)(26,24)(26,7)(8,7)(8,8)(0,8)
Polygon:
(0,0)(22,0)(22,8)(12,8)(12,4)(3,4)(3,18)(0,18)
Polygon:
(0,0)(19,0)(19,26)(14,26)(14,10)(10,10)(10,17)(0,17)
Polygon:
(0,0)(32,0)(32,23)(15,23)(15,10)(8,10)(8,11)(0,11)
Polygon:
(0,0)(36,0)(36,13)(19,13)(19,10)(17,10)(17,11)(0,11)
Polygon:
(0,0)(42,0)(42,13)(29,13)(29,4)(18,4)(18,11)(0,11)
Polygon:
(0,0)(32,0)(32,18)(20,18)(20,10)(11,10)(11,12)(0,12)
Polygon:
(0,0)(23,0)(23,14)(16,14)(16,13)(10,13)(10,14)(0,14)
Polygon:
(0,0)(28,0)(28,15)(20,15)(20,9)(12,9)(12,12)(0,12)
Polygon:
(0,0)(21,0)(21,27)(18,27)(18,12)(9,12)(9,15)(0,15)
Polygon:
(0,0)(26,0)(26,16)(21,16)(21,2)(12,2)(12,12)(0,12)
Polygon:
(0,0)(38,0)(38,18)(34,18)(34,16)(18,16)(18,17)(0,17)
Polygon:
(0,0)(29,0)(29,23)(18,23)(18,14)(8,14)(8,17)(0,17)
Polygon:
(0,0)(37,0)(37,26)(19,26)(19,12)(18,12)(18,22)(0,22)
Polygon:
(0,0)(28,0)(28,10)(12,10)(12,2)(11,2)(11,10)(0,10)
Polygon:
(0,0)(11,0)(11,27)(9,27)(9,15)(5,15)(5,17)(0,17)
Polygon:
(0,0)(29,0)(29,22)(17,22)(17,4)(11,4)(11,18)(0,18)
Polygon:
(0,0)(35,0)(35,19)(18,19)(18,13)(3,13)(3,15)(0,15)
Polygon:
(0,0)(37,0)(37,21)(25,21)(25,16)(16,16)(16,18)(0,18)
Polygon:
(0,0)(35,0)(35,14)(31,14)(31,8)(14,8)(14,15)(0,15)
Polygon:
(0,0)(48,0)(48,16)(30,16)(30,2)(14,2)(14,11)(0,11)
Polygon:
(0,0)(26,0)(26,13)(16,13)(16,6)(4,6)(4,13)(0,13)
Polygon:
(0,0)(10,0)(10,10)(7,10)(7,1)(6,1)(6,3)(0,3)
Polygon:
(0,0)(32,0)(32,10)(15,10)(15,5)(12,5)(12,16)(0,16)
Polygon:
(0,0)(19,0)(19,9)(17,9)(17,3)(4,3)(4,11)(0,11)
Polygon:
(0,0)(15,0)(15,17)(14,17)(14,4)(2,4)(2,8)(0,8)
Polygon:
(0,0)(26,0)(26,13)(22,13)(22,3)(4,3)(4,17)(0,17)
Polygon:
(0,0)(24,0)(24,10)(15,10)(15,4)(9,4)(9,16)(0,16)
Polygon:
(0,0)(40,0)(40,24)(33,24)(33,14)(16,14)(16,15)(0,15)
Polygon:
(0,0)(32,0)(32,16)(17,16)(17,3)(14,3)(14,7)(0,7)
Polygon:
(0,0)(36,0)(36,17)(19,17)(19,11)(16,11)(16,18)(0,18)
Polygon:
(0,0)(21,0)(21,10)(17,10)(17,4)(9,4)(9,13)(0,13)
Polygon:
(0,0)(50,0)(50,7)(33,7)(33,4)(18,4)(18,17)(0,17)
Polygon:
(0,0)(19,0)(19,8)(8,8)(8,7)(3,7)(3,18)(0,18)
Polygon:
(0,0)(28,0)(28,19)(23,19)(23,5)(16,5)(16,8)(0,8)
Polygon:
(0,0)(17,0)(17,19)(16,19)(16,15)(13,15)(13,16)(0,16)
Polygon:
(0,0)(22,0)(22,6)(13,6)(13,5)(1,5)(1,10)(0,10)
Polygon:
(0,0)(30,0)(30,19)(18,19)(18,6)(13,6)(13,17)(0,17)
Polygon:
(0,0)(23,0)(23,17)(9,17)(9,13)(7,13)(7,18)(0,18)
Polygon:
(0,0)(38,0)(38,21)(21,21)(21,5)(14,5)(14,11)(0,11)
Polygon:
(0,0)(46,0)(46,17)(28,17)(28,6)(17,6)(17,15)(0,15)
Polygon:
(0,0)(40,0)(40,29)(24,29)(24,15)(18,15)(18,22)(0,22)
Polygon:
(0,0)(21,0)(21,12)(5,12)(5,3)(4,3)(4,15)(0,15)
Polygon:
(0,0)(19,0)(19,13)(17,13)(17,4)(5,4)(5,5)(0,5)
Polygon:
(0,0)(30,0)(30,26)(26,26)(26,9)(16,9)(16,10)(0,10)
Polygon:
(0,0)(26,0)(26,18)(11,18)(11,14)(10,14)(10,15)(0,15)
Polygon:
(0,0)(35,0)(35,8)(22,8)(22,5)(16,5)(16,8)(0,8)
Polygon:
(0,0)(23,0)(23,16)(20,16)(20,1)(18,1)(18,12)(0,12)
Polygon:
(0,0)(36,0)(36,27)(26,27)(26,18)(16,18)(16,32)(0,32)
Polygon:
(0,0)(29,0)(29,21)(13,21)(13,5)(8,5)(8,18)(0,18)
Polygon:
(0,0)(42,0)(42,7)(26,7)(26,1)(8,1)(8,3)(0,3)
Polygon:
(0,0)(32,0)(32,18)(17,18)(17,9)(7,9)(7,18)(0,18)
Polygon:
(0,0)(19,0)(19,19)(10,19)(10,6)(6,6)(6,9)(0,9)
Polygon:
(0,0)(45,0)(45,28)(32,28)(32,10)(15,10)(15,16)(0,16)
Polygon:
(0,0)(35,0)(35,6)(17,6)(17,1)(5,1)(5,5)(0,5)
Polygon:
(0,0)(31,0)(31,20)(14,20)(14,11)(2,11)(2,12)(0,12)
Polygon:
(0,0)(30,0)(30,20)(16,20)(16,11)(1,11)(1,13)(0,13)
Polygon:
(0,0)(13,0)(13,21)(11,21)(11,3)(1,3)(1,4)(0,4)
Polygon:
(0,0)(27,0)(27,18)(16,18)(16,6)(7,6)(7,8)(0,8)
Polygon:
(0,0)(26,0)(26,11)(19,11)(19,9)(18,9)(18,14)(0,14)
Polygon:
(0,0)(25,0)(25,25)(16,25)(16,12)(14,12)(14,14)(0,14)
Polygon:
(0,0)(13,0)(13,15)(12,15)(12,1)(3,1)(3,17)(0,17)
Polygon:
(0,0)(27,0)(27,20)(18,20)(18,10)(6,10)(6,16)(0,16)
Polygon:
(0,0)(24,0)(24,16)(10,16)(10,13)(7,13)(7,15)(0,15)
Polygon:
(0,0)(23,0)(23,23)(16,23)(16,14)(3,14)(3,17)(0,17)
Polygon:
(0,0)(28,0)(28,16)(13,16)(13,7)(4,7)(4,12)(0,12)
Polygon:
(0,0)(29,0)(29,24)(16,24)(16,6)(14,6)(14,8)(0,8)
Polygon:
(0,0)(30,0)(30,24)(26,24)(26,16)(16,16)(16,18)(0,18)
Polygon:
(0,0)(35,0)(35,10)(19,10)(19,9)(8,9)(8,17)(0,17)
Polygon:
(0,0)(34,0)(34,17)(24,17)(24,14)(8,14)(8,16)(0,16)
Polygon:
(0,0)(19,0)(19,8)(17,8)(17,4)(5,4)(5,9)(0,9)
Polygon:
(0,0)(46,0)(46,29)(33,29)(33,14)(18,14)(18,18)(0,18)
Polygon:
(0,0)(39,0)(39,18)(21,18)(21,11)(12,11)(12,14)(0,14)
Polygon:
(0,0)(45,0)(45,30)(29,30)(29,12)(18,12)(18,17)(0,17)
Polygon:
(0,0)(23,0)(23,16)(21,16)(21,12)(7,12)(7,18)(0,18)
Polygon:
(0,0)(10,0)(10,11)(8,11)(8,1)(7,1)(7,9)(0,9)
Polygon:
(0,0)(18,0)(18,19)(17,19)(17,5)(4,5)(4,20)(0,20)
Polygon:
(0,0)(26,0)(26,20)(8,20)(8,13)(1,13)(1,14)(0,14)
Polygon:
(0,0)(23,0)(23,16)(19,16)(19,15)(17,15)(17,24)(0,24)
Polygon:
(0,0)(17,0)(17,3)(8,3)(8,2)(1,2)(1,11)(0,11)
Polygon:
(0,0)(30,0)(30,14)(13,14)(13,2)(6,2)(6,18)(0,18)
Polygon:
(0,0)(48,0)(48,16)(30,16)(30,10)(18,10)(18,16)(0,16)
Polygon:
(0,0)(26,0)(26,7)(25,7)(25,3)(10,3)(10,16)(0,16)
Polygon:
(0,0)(37,0)(37,28)(23,28)(23,14)(9,14)(9,18)(0,18)
Polygon:
(0,0)(34,0)(34,19)(18,19)(18,5)(8,5)(8,13)(0,13)
Polygon:
(0,0)(11,0)(11,13)(8,13)(8,6)(1,6)(1,12)(0,12)
Polygon:
(0,0)(46,0)(46,12)(28,12)(28,2)(11,2)(11,16)(0,16)
Polygon:
(0,0)(36,0)(36,25)(25,25)(25,7)(12,7)(12,9)(0,9)
Polygon:
(0,0)(34,0)(34,16)(18,16)(18,11)(6,11)(6,17)(0,17)
Polygon:
(0,0)(28,0)(28,22)(11,22)(11,9)(9,9)(9,17)(0,17)
Polygon:
(0,0)(9,0)(9,16)(3,16)(3,7)(1,7)(1,25)(0,25)
Polygon:
(0,0)(39,0)(39,20)(31,20)(31,6)(17,6)(17,15)(0,15)
Polygon:
(0,0)(25,0)(25,5)(14,5)(14,3)(10,3)(10,12)(0,12)
Polygon:
(0,0)(32,0)(32,23)(31,23)(31,12)(17,12)(17,24)(0,24)
Polygon:
(0,0)(26,0)(26,24)(23,24)(23,14)(9,14)(9,16)(0,16)
Polygon:
(0,0)(28,0)(28,15)(17,15)(17,1)(9,1)(9,13)(0,13)
Polygon:
(0,0)(44,0)(44,30)(27,30)(27,13)(14,13)(14,15)(0,15)
Polygon:
(0,0)(35,0)(35,19)(20,19)(20,6)(4,6)(4,10)(0,10)
Polygon:
(0,0)(16,0)(16,13)(13,13)(13,3)(2,3)(2,12)(0,12)
Polygon:
(0,0)(31,0)(31,5)(20,5)(20,2)(18,2)(18,15)(0,15)
Polygon:
(0,0)(25,0)(25,19)(22,19)(22,9)(17,9)(17,17)(0,17)
Polygon:
(0,0)(35,0)(35,25)(18,25)(18,7)(3,7)(3,13)(0,13)
Polygon:
(0,0)(11,0)(11,2)(8,2)(8,1)(2,1)(2,5)(0,5)
Polygon:
(0,0)(34,0)(34,21)(21,21)(21,8)(15,8)(15,9)(0,9)
Polygon:
(0,0)(17,0)(17,18)(16,18)(16,2)(5,2)(5,13)(0,13)
Polygon:
(0,0)(25,0)(25,7)(14,7)(14,3)(3,3)(3,6)(0,6)
Polygon:
(0,0)(19,0)(19,13)(14,13)(14,6)(2,6)(2,12)(0,12)
Polygon:
(0,0)(19,0)(19,11)(7,11)(7,2)(2,2)(2,14)(0,14)
Polygon:
(0,0)(46,0)(46,20)(30,20)(30,11)(17,11)(17,13)(0,13)
Polygon:
(0,0)(29,0)(29,15)(24,15)(24,8)(17,8)(17,17)(0,17)
Polygon:
(0,0)(24,0)(24,12)(13,12)(13,8)(7,8)(7,16)(0,16)
Polygon:
(0,0)(42,0)(42,13)(31,13)(31,12)(16,12)(16,16)(0,16)
Polygon:
(0,0)(46,0)(46,14)(28,14)(28,1)(16,1)(16,10)(0,10)
Polygon:
(0,0)(43,0)(43,4)(27,4)(27,3)(12,3)(12,11)(0,11)
Polygon:
(0,0)(26,0)(26,33)(16,33)(16,16)(10,16)(10,17)(0,17)
Polygon:
(0,0)(37,0)(37,18)(19,18)(19,3)(5,3)(5,11)(0,11)
Polygon:
(0,0)(20,0)(20,26)(6,26)(6,9)(5,9)(5,27)(0,27)
Polygon:
(0,0)(22,0)(22,21)(21,21)(21,6)(15,6)(15,7)(0,7)
Polygon:
(0,0)(26,0)(26,19)(24,19)(24,2)(17,2)(17,12)(0,12)
Polygon:
(0,0)(31,0)(31,17)(14,17)(14,1)(10,1)(10,14)(0,14)
Polygon:
(0,0)(38,0)(38,25)(24,25)(24,7)(9,7)(9,13)(0,13)
Polygon:
(0,0)(25,0)(25,20)(24,20)(24,15)(18,15)(18,16)(0,16)
Polygon:
(0,0)(29,0)(29,3)(22,3)(22,1)(6,1)(6,10)(0,10)
Polygon:
(0,0)(24,0)(24,15)(21,15)(21,13)(8,13)(8,15)(0,15)
Polygon:
(0,0)(34,0)(34,19)(17,19)(17,12)(6,12)(6,18)(0,18)
Polygon:
(0,0)(25,0)(25,23)(24,23)(24,10)(6,10)(6,18)(0,18)
Polygon:
(0,0)(44,0)(44,21)(29,21)(29,4)(16,4)(16,13)(0,13)
Polygon:
(0,0)(22,0)(22,18)(10,18)(10,6)(8,6)(8,13)(0,13)
Polygon:
(0,0)(14,0)(14,4)(13,4)(13,1)(7,1)(7,4)(0,4)
Polygon:
(0,0)(27,0)(27,8)(23,8)(23,2)(15,2)(15,15)(0,15)
Polygon:
(0,0)(35,0)(35,23)(27,23)(27,12)(15,12)(15,28)(0,28)
Polygon:
(0,0)(26,0)(26,19)(8,19)(8,9)(7,9)(7,15)(0,15)
Polygon:
(0,0)(25,0)(25,29)(8,29)(8,13)(7,13)(7,18)(0,18)
Polygon:
(0,0)(23,0)(23,14)(20,14)(20,2)(7,2)(7,6)(0,6)
Polygon:
(0,0)(22,0)(22,14)(17,14)(17,2)(5,2)(5,4)(0,4)
Polygon:
(0,0)(24,0)(24,9)(11,9)(11,1)(2,1)(2,14)(0,14)
Polygon:
(0,0)(27,0)(27,3)(21,3)(21,2)(6,2)(6,6)(0,6)
Polygon:
(0,0)(25,0)(25,27)(23,27)(23,10)(16,10)(16,16)(0,16)
Polygon:
(0,0)(27,0)(27,18)(23,18)(23,14)(17,14)(17,15)(0,15)
Polygon:
(0,0)(26,0)(26,10)(18,10)(18,7)(1,7)(1,16)(0,16)
Polygon:
(0,0)(14,0)(14,13)(11,13)(11,8)(4,8)(4,14)(0,14)
Polygon:
(0,0)(21,0)(21,8)(4,8)(4,7)(1,7)(1,18)(0,18)
Polygon:
(0,0)(16,0)(16,14)(12,14)(12,4)(11,4)(11,6)(0,6)
Polygon:
(0,0)(13,0)(13,17)(7,17)(7,15)(2,15)(2,22)(0,22)
Polygon:
(0,0)(23,0)(23,3)(19,3)(19,2)(9,2)(9,11)(0,11)
Polygon:
(0,0)(27,0)(27,11)(20,11)(20,3)(12,3)(12,7)(0,7)
Polygon:
(0,0)(40,0)(40,9)(26,9)(26,5)(12,5)(12,13)(0,13)
Polygon:
(0,0)(39,0)(39,15)(24,15)(24,6)(6,6)(6,17)(0,17)
Polygon:
(0,0)(13,0)(13,17)(9,17)(9,10)(8,10)(8,14)(0,14)
Polygon:
(0,0)(27,0)(27,17)(24,17)(24,10)(12,10)(12,14)(0,14)
Polygon:
(0,0)(32,0)(32,29)(14,29)(14,15)(10,15)(10,16)(0,16)
Polygon:
(0,0)(28,0)(28,14)(16,14)(16,5)(14,5)(14,8)(0,8)
Polygon:
(0,0)(43,0)(43,22)(29,22)(29,13)(12,13)(12,14)(0,14)
Polygon:
(0,0)(32,0)(32,18)(30,18)(30,2)(18,2)(18,7)(0,7)
Polygon:
(0,0)(26,0)(26,28)(17,28)(17,11)(1,11)(1,17)(0,17)
Polygon:
(0,0)(34,0)(34,9)(19,9)(19,4)(6,4)(6,13)(0,13)
Polygon:
(0,0)(26,0)(26,6)(18,6)(18,2)(3,2)(3,15)(0,15)
Polygon:
(0,0)(20,0)(20,12)(12,12)(12,10)(6,10)(6,12)(0,12)
Polygon:
(0,0)(26,0)(26,12)(22,12)(22,8)(9,8)(9,13)(0,13)
Polygon:
(0,0)(21,0)(21,20)(7,20)(7,3)(1,3)(1,10)(0,10)
Polygon:
(0,0)(28,0)(28,14)(16,14)(16,7)(13,7)(13,13)(0,13)
Polygon:
(0,0)(29,0)(29,22)(19,22)(19,13)(13,13)(13,18)(0,18)
Polygon:
(0,0)(30,0)(30,26)(13,26)(13,9)(12,9)(12,16)(0,16)
Polygon:
(0,0)(20,0)(20,27)(18,27)(18,11)(10,11)(10,13)(0,13)
Polygon:
(0,0)(30,0)(30,24)(23,24)(23,9)(14,9)(14,12)(0,12)
Polygon:
(0,0)(29,0)(29,12)(19,12)(19,6)(2,6)(2,8)(0,8)
Polygon:
(0,0)(27,0)(27,4)(18,4)(18,3)(13,3)(13,7)(0,7)
Polygon:
(0,0)(26,0)(26,12)(16,12)(16,6)(1,6)(1,9)(0,9)
Polygon:
(0,0)(30,0)(30,19)(16,19)(16,7)(2,7)(2,17)(0,17)
Polygon:
(0,0)(18,0)(18,20)(14,20)(14,8)(3,8)(3,9)(0,9)
Polygon:
(0,0)(40,0)(40,13)(25,13)(25,10)(16,10)(16,17)(0,17)
Polygon:
(0,0)(29,0)(29,9)(13,9)(13,4)(6,4)(6,6)(0,6)
Polygon:
(0,0)(22,0)(22,13)(18,13)(18,1)(2,1)(2,12)(0,12)
Polygon:
(0,0)(37,0)(37,4)(25,4)(25,2)(13,2)(13,6)(0,6)
Polygon:
(0,0)(34,0)(34,18)(24,18)(24,6)(13,6)(13,14)(0,14)
Polygon:
(0,0)(25,0)(25,29)(13,29)(13,12)(2,12)(2,18)(0,18)
Polygon:
(0,0)(36,0)(36,23)(23,23)(23,12)(10,12)(10,14)(0,14)
Polygon:
(0,0)(29,0)(29,18)(12,18)(12,8)(10,8)(10,9)(0,9)
Polygon:
(0,0)(22,0)(22,16)(20,16)(20,10)(14,10)(14,18)(0,18)
Polygon:
(0,0)(23,0)(23,10)(17,10)(17,4)(5,4)(5,15)(0,15)
Polygon:
(0,0)(42,0)(42,23)(25,23)(25,9)(15,9)(15,15)(0,15)
Polygon:
(0,0)(1,0)(1,14)(0,14)
Polygon:
(0,0)(35,0)(35,5)(27,5)(27,9)(11,9)(11,3)(0,3)
Polygon:
(0,0)(2,0)(2,10)(0,10)
Polygon:
(0,0)(12,0)(12,13)(11,13)(11,21)(0,21)
Polygon:
(0,0)(10,0)(10,5)(2,5)(2,16)(1,16)(1,8)(0,8)
Polygon:
(0,0)(13,0)(13,14)(0,14)
Polygon:
(0,0)(2,0)(2,1)(0,1)
Polygon:
(0,0)(28,0)(28,6)(27,6)(27,24)(13,24)(13,11)(0,11)
Polygon:
(0,0)(13,0)(13,16)(0,16)
Polygon:
(0,0)(21,0)(21,21)(17,21)(17,30)(10,30)(10,18)(0,18)
Polygon:
(0,0)(17,0)(17,15)(0,15)
Polygon:
(0,0)(7,0)(7,11)(0,11)
Polygon:
(0,0)(5,0)(5,8)(0,8)
Polygon:
(0,0)(18,0)(18,2)(0,2)
Polygon:
(0,0)(17,0)(17,10)(0,10)
Polygon:
(0,0)(30,0)(30,13)(17,13)(17,27)(13,27)(13,18)(0,18)
Polygon:
(0,0)(13,0)(13,6)(0,6)
Polygon:
(0,0)(13,0)(13,4)(4,4)(4,16)(0,16)
Polygon:
(0,0)(23,0)(23,18)(7,18)(7,29)(2,29)(2,15)(0,15)
Polygon:
(0,0)(6,0)(6,13)(0,13)
Polygon:
(0,0)(2,0)(2,5)(0,5)
Polygon:
(0,0)(13,0)(13,12)(0,12)
Polygon:
(0,0)(18,0)(18,11)(3,11)(3,16)(0,16)
Polygon:
(0,0)(24,0)(24,10)(20,10)(20,24)(7,24)(7,8)(0,8)
Polygon:
(0,0)(26,0)(26,6)(23,6)(23,21)(6,21)(6,12)(0,12)
Polygon:
(0,0)(24,0)(24,7)(15,7)(15,9)(0,9)
Polygon:
(0,0)(3,0)(3,8)(0,8)
Polygon:
(0,0)(24,0)(24,3)(15,3)(15,10)(0,10)
Polygon:
(0,0)(29,0)(29,1)(15,1)(15,14)(0,14)
Polygon:
(0,0)(17,0)(17,17)(14,17)(14,27)(0,27)
Polygon:
(0,0)(15,0)(15,15)(0,15)
Polygon:
(0,0)(3,0)(3,3)(0,3)
Polygon:
(0,0)(13,0)(13,18)(0,18)
Polygon:
(0,0)(31,0)(31,10)(13,10)(13,13)(0,13)
Polygon:
(0,0)(19,0)(19,16)(12,16)(12,32)(9,32)(9,17)(0,17)
Polygon:
(0,0)(32,0)(32,14)(26,14)(26,22)(16,22)(16,5)(0,5)
Polygon:
(0,0)(10,0)(10,16)(0,16)
Polygon:
(0,0)(18,0)(18,12)(0,12)
Polygon:
(0,0)(28,0)(28,15)(17,15)(17,17)(9,17)(9,10)(0,10)
Polygon:
(0,0)(12,0)(12,9)(6,9)(6,22)(0,22)
Polygon:
(0,0)(21,0)(21,7)(20,7)(20,19)(4,19)(4,10)(0,10)
Polygon:
(0,0)(7,0)(7,10)(0,10)
Polygon:
(0,0)(8,0)(8,2)(0,2)
Polygon:
(0,0)(27,0)(27,14)(19,14)(19,21)(15,21)(15,3)(0,3)
Polygon:
(0,0)(20,0)(20,17)(7,17)(7,20)(6,20)(6,10)(0,10)
Polygon:
(0,0)(3,0)(3,12)(0,12)
Polygon:
(0,0)(11,0)(11,7)(10,7)(10,12)(0,12)
Polygon:
(0,0)(9,0)(9,14)(0,14)
Polygon:
(0,0)(25,0)(25,6)(12,6)(12,14)(2,14)(2,4)(0,4)
Polygon:
(0,0)(2,0)(2,6)(0,6)
Polygon:
(0,0)(17,0)(17,1)(0,1)
Polygon:
(0,0)(32,0)(32,13)(18,13)(18,30)(0,30)
Polygon:
(0,0)(15,0)(15,7)(0,7)
Polygon:
(0,0)(14,0)(14,14)(0,14)
Polygon:
(0,0)(1,0)(1,1)(0,1)
Polygon:
(0,0)(17,0)(17,4)(0,4)
Polygon:
(0,0)(26,0)(26,4)(14,4)(14,18)(10,18)(10,1)(0,1)
Polygon:
(0,0)(2,0)(2,9)(0,9)
Polygon:
(0,0)(3,0)(3,13)(0,13)
Polygon:
(0,0)(37,0)(37,10)(25,10)(25,25)(12,25)(12,12)(0,12)
Polygon:
(0,0)(18,0)(18,8)(0,8)
Polygon:
(0,0)(14,0)(14,6)(0,6)
Polygon:
(0,0)(26,0)(26,2)(16,2)(16,16)(0,16)
Polygon:
(0,0)(13,0)(13,2)(0,2)
Polygon:
(0,0)(37,0)(37,13)(23,13)(23,14)(8,14)(8,1)(0,1)
Polygon:
(0,0)(26,0)(26,24)(16,24)(16,27)(8,27)(8,15)(0,15)
Polygon:
(0,0)(6,0)(6,1)(0,1)
Polygon:
(0,0)(19,0)(19,2)(13,2)(13,11)(0,11)
Polygon:
(0,0)(5,0)(5,17)(0,17)
Polygon:
(0,0)(18,0)(18,13)(0,13)
Polygon:
(0,0)(3,0)(3,9)(0,9)
Polygon:
(0,0)(2,0)(2,9)(0,9)
Polygon:
(0,0)(1,0)(1,9)(0,9)
Polygon:
(0,0)(29,0)(29,8)(14,8)(14,9)(0,9)
Polygon:
(0,0)(2,0)(2,7)(0,7)
Polygon:
(0,0)(28,0)(28,15)(17,15)(17,30)(9,30)(9,12)(0,12)
Polygon:
(0,0)(9,0)(9,6)(0,6)
Polygon:
(0,0)(15,0)(15,23)(14,23)(14,24)(2,24)(2,18)(0,18)
Polygon:
(0,0)(17,0)(17,10)(0,10)
Polygon:
(0,0)(16,0)(16,6)(0,6)
Polygon:
(0,0)(15,0)(15,15)(0,15)
Polygon:
(0,0)(28,0)(28,12)(17,12)(17,18)(13,18)(13,5)(0,5)
Polygon:
(0,0)(9,0)(9,16)(0,16)
Polygon:
(0,0)(26,0)(26,7)(18,7)(18,19)(13,19)(13,10)(0,10)
Polygon:
(0,0)(20,0)(20,17)(5,17)(5,28)(0,28)
Polygon:
(0,0)(18,0)(18,6)(0,6)
Polygon:
(0,0)(14,0)(14,16)(1,16)(1,17)(0,17)
Polygon:
(0,0)(24,0)(24,13)(20,13)(20,16)(4,16)(4,12)(0,12)
Polygon:
(0,0)(12,0)(12,5)(8,5)(8,22)(3,22)(3,8)(0,8)
Polygon:
(0,0)(14,0)(14,15)(0,15)
Polygon:
(0,0)(6,0)(6,7)(0,7)
Polygon:
(0,0)(8,0)(8,6)(0,6)
Polygon:
(0,0)(11,0)(11,16)(8,16)(8,22)(3,22)(3,10)(0,10)
Polygon:
(0,0)(13,0)(13,5)(0,5)
Polygon:
(0,0)(15,0)(15,2)(0,2)
Polygon:
(0,0)(13,0)(13,17)(6,17)(6,22)(1,22)(1,14)(0,14)
Polygon:
(0,0)(16,0)(16,11)(0,11)
Polygon:
(0,0)(39,0)(39,10)(25,10)(25,13)(18,13)(18,3)(0,3)
Polygon:
(0,0)(35,0)(35,24)(24,24)(24,26)(6,26)(6,10)(0,10)
Polygon:
(0,0)(21,0)(21,8)(8,8)(8,26)(0,26)
Polygon:
(0,0)(33,0)(33,1)(18,1)(18,19)(15,19)(15,16)(0,16)
Polygon:
(0,0)(24,0)(24,16)(13,16)(13,31)(0,31)
Polygon:
(0,0)(51,0)(51,5)(36,5)(36,23)(18,23)(18,9)(0,9)
Polygon:
(0,0)(15,0)(15,4)(13,4)(13,21)(6,21)(6,16)(0,16)
Polygon:
(0,0)(12,0)(12,5)(0,5)
Polygon:
(0,0)(24,0)(24,15)(14,15)(14,20)(10,20)(10,6)(0,6)
Polygon:
(0,0)(11,0)(11,11)(0,11)
Polygon:
(0,0)(11,0)(11,17)(0,17)
Polygon:
(0,0)(8,0)(8,5)(0,5)
Polygon:
(0,0)(17,0)(17,15)(0,15)
Polygon:
(0,0)(15,0)(15,8)(0,8)
Polygon:
(0,0)(40,0)(40,11)(22,11)(22,21)(4,21)(4,8)(0,8)
Polygon:
(0,0)(14,0)(14,10)(0,10)
Polygon:
(0,0)(12,0)(12,3)(0,3)
Polygon:
(0,0)(29,0)(29,1)(21,1)(21,11)(17,11)(17,9)(0,9)
Polygon:
(0,0)(1,0)(1,12)(0,12)
Polygon:
(0,0)(32,0)(32,5)(15,5)(15,19)(0,19)
Polygon:
(0,0)(13,0)(13,13)(10,13)(10,25)(0,25)
Polygon:
(0,0)(9,0)(9,13)(0,13)
Polygon:
(0,0)(46,0)(46,11)(33,11)(33,20)(16,20)(16,13)(0,13)
Polygon:
(0,0)(13,0)(13,1)(0,1)
Polygon:
(0,0)(16,0)(16,14)(1,14)(1,21)(0,21)
Polygon:
(0,0)(1,0)(1,17)(0,17)
Polygon:
(0,0)(11,0)(11,16)(0,16)
Polygon:
(0,0)(3,0)(3,5)(2,5)(2,16)(0,16)
Polygon:
(0,0)(34,0)(34,18)(17,18)(17,36)(0,36)
Polygon:
(0,0)(39,0)(39,8)(23,8)(23,18)(15,18)(15,4)(0,4)
Polygon:
(0,0)(34,0)(34,13)(24,13)(24,16)(15,16)(15,10)(0,10)
Polygon:
(0,0)(15,0)(15,21)(6,21)(6,22)(1,22)(1,17)(0,17)
Polygon:
(0,0)(8,0)(8,8)(1,8)(1,21)(0,21)
Polygon:
(0,0)(21,0)(21,9)(16,9)(16,18)(0,18)
Polygon:
(0,0)(34,0)(34,14)(17,14)(17,18)(8,18)(8,17)(0,17)
Polygon:
(0,0)(23,0)(23,18)(5,18)(5,30)(0,30)
Polygon:
(0,0)(6,0)(6,10)(2,10)(2,28)(0,28)
Polygon:
(0,0)(8,0)(8,11)(0,11)
Polygon:
(0,0)(38,0)(38,4)(21,4)(21,20)(11,20)(11,8)(0,8)
Polygon:
(0,0)(35,0)(35,7)(27,7)(27,15)(12,15)(12,7)(0,7)
Polygon:
(0,0)(20,0)(20,11)(3,11)(3,21)(0,21)
Polygon:
(0,0)(24,0)(24,14)(20,14)(20,26)(3,26)(3,16)(0,16)
Polygon:
(0,0)(10,0)(10,3)(0,3)
Polygon:
(0,0)(1,0)(1,2)(0,2)
Polygon:
(0,0)(12,0)(12,18)(0,18)
Polygon:
(0,0)(11,0)(11,12)(8,12)(8,17)(3,17)(3,1)(0,1)
Polygon:
(0,0)(10,0)(10,15)(0,15)
Polygon:
(0,0)(14,0)(14,1)(0,1)
Polygon:
(0,0)(17,0)(17,3)(0,3)
Polygon:
(0,0)(7,0)(7,16)(3,16)(3,19)(1,19)(1,5)(0,5)
Polygon:
(0,0)(11,0)(11,17)(0,17)
Polygon:
(0,0)(24,0)(24,19)(13,19)(13,23)(8,23)(8,18)(0,18)
Polygon:
(0,0)(9,0)(9,10)(6,10)(6,20)(0,20)
Polygon:
(0,0)(6,0)(6,3)(0,3)
Polygon:
(0,0)(18,0)(18,6)(9,6)(9,9)(0,9)
Polygon:
(0,0)(8,0)(8,6)(0,6)
Polygon:
(0,0)(3,0)(3,16)(0,16)
Polygon:
(0,0)(3,0)(3,2)(0,2)
Polygon:
(0,0)(10,0)(10,5)(0,5)
Polygon:
(0,0)(37,0)(37,24)(27,24)(27,25)(15,25)(15,12)(0,12)
Polygon:
(0,0)(37,0)(37,16)(26,16)(26,20)(14,20)(14,17)(0,17)
Polygon:
(0,0)(12,0)(12,17)(0,17)
Polygon:
(0,0)(14,0)(14,1)(0,1)
Polygon:
(0,0)(33,0)(33,8)(18,8)(18,25)(3,25)(3,14)(0,14)
Polygon:
(0,0)(13,0)(13,11)(0,11)
Polygon:
(0,0)(2,0)(2,2)(0,2)
Polygon:
(0,0)(29,0)(29,13)(16,13)(16,22)(0,22)
Polygon:
(0,0)(17,0)(17,10)(0,10)
Polygon:
(0,0)(19,0)(19,9)(2,9)(2,11)(0,11)
Polygon:
(0,0)(21,0)(21,22)(14,22)(14,24)(4,24)(4,17)(0,17)
Polygon:
(0,0)(26,0)(26,28)(22,28)(22,32)(4,32)(4,14)(0,14)
Polygon:
(0,0)(4,0)(4,7)(0,7)
Polygon:
(0,0)(13,0)(13,7)(0,7)
Polygon:
(0,0)(6,0)(6,10)(0,10)
Polygon:
(0,0)(15,0)(15,18)(0,18)
Polygon:
(0,0)(12,0)(12,3)(4,3)(4,16)(0,16)
Polygon:
(0,0)(15,0)(15,3)(0,3)
Polygon:
(0,0)(29,0)(29,4)(14,4)(14,13)(0,13)
Polygon:
(0,0)(5,0)(5,6)(0,6)
Polygon:
(0,0)(16,0)(16,15)(0,15)
Polygon:
(0,0)(13,0)(13,7)(0,7)
Polygon:
(0,0)(1,0)(1,14)(0,14)
Polygon:
(0,0)(12,0)(12,12)(0,12)
Polygon:
(0,0)(28,0)(28,18)(10,18)(10,31)(2,31)(2,18)(0,18)
Polygon:
(0,0)(9,0)(9,9)(0,9)
Polygon:
(0,0)(29,0)(29,22)(16,22)(16,29)(15,29)(15,17)(0,17)
Polygon:
(0,0)(23,0)(23,13)(19,13)(19,27)(6,27)(6,15)(0,15)
Polygon:
(0,0)(18,0)(18,12)(9,12)(9,26)(0,26)
Polygon:
(0,0)(31,0)(31,8)(13,8)(13,21)(0,21)
Polygon:
(0,0)(33,0)(33,7)(21,7)(21,21)(3,21)(3,12)(0,12)
Polygon:
(0,0)(13,0)(13,15)(2,15)(2,24)(0,24)
Polygon:
(0,0)(30,0)(30,4)(18,4)(18,16)(14,16)(14,10)(0,10)
Polygon:
(0,0)(2,0)(2,6)(0,6)
Polygon:
(0,0)(9,0)(9,4)(2,4)(2,5)(0,5)
Polygon:
(0,0)(28,0)(28,10)(14,10)(14,26)(0,26)
Polygon:
(0,0)(9,0)(9,3)(0,3)
Polygon:
(0,0)(12,0)(12,15)(11,15)(11,18)(0,18)
Polygon:
(0,0)(9,0)(9,4)(0,4)
Polygon:
(0,0)(28,0)(28,5)(19,5)(19,16)(2,16)(2,3)(0,3)
Polygon:
(0,0)(2,0)(2,7)(0,7)
Polygon:
(0,0)(36,0)(36,3)(18,3)(18,21)(0,21)
Polygon:
(0,0)(24,0)(24,3)(15,3)(15,17)(11,17)(11,6)(0,6)
Polygon:
(0,0)(35,0)(35,26)(29,26)(29,28)(14,28)(14,15)(0,15)
