Polygon:
(0,0)(28,0)(28,9)(18,9)(18,2)(5,2)(5,12)(0,12)
Polygon:
(0,0)(30,0)(30,20)(18,20)(18,16)(9,16)(9,30)(0,30)
Polygon:
(0,0)(37,0)(37,23)(21,23)(21,10)(8,10)(8,16)(0,16)
Polygon:
(0,0)(31,0)(31,26)(30,26)(30,9)(16,9)(16,18)(0,18)
Polygon:
(0,0)(25,0)(25,11)(22,11)(22,1)(12,1)(12,8)(0,8)
Polygon:
(0,0)(43,0)(43,12)(30,12)(30,10)(15,10)(15,17)(0,17)
Polygon:
(0,0)(29,0)(29,6)(25,6)(25,4)(18,4)(18,17)(0,17)
Polygon:
(0,0)(20,0)(20,25)(15,25)(15,11)(4,11)(4,28)(0,28)
Polygon:
(0,0)(28,0)(28,22)(19,22)(19,5)(9,5)(9,15)(0,15)
Polygon:
(0,0)(24,0)(24,17)(19,17)(19,5)(15,5)(15,15)(0,15)
Polygon:
(0,0)(20,0)(20,26)(11,26)(11,9)(5,9)(5,15)(0,15)
Polygon:
(0,0)(29,0)(29,19)(15,19)(15,7)(12,7)(12,16)(0,16)
Polygon:
(0,0)(24,0)(24,21)(9,21)(9,8)(2,8)(2,17)(0,17)
Polygon:
(0,0)(32,0)(32,26)(14,26)(14,14)(11,14)(11,32)(0,32)
Polygon:
(0,0)(29,0)(29,23)(19,23)(19,7)(8,7)(8,10)(0,10)
Polygon:
(0,0)(23,0)(23,17)(22,17)(22,6)(6,6)(6,7)(0,7)
Polygon:
(0,0)(27,0)(27,19)(20,19)(20,2)(5,2)(5,4)(0,4)
Polygon:
(0,0)(20,0)(20,10)(12,10)(12,1)(9,1)(9,18)(0,18)
Polygon:
(0,0)(45,0)(45,21)(34,21)(34,12)(17,12)(17,14)(0,14)
Polygon:
(0,0)(28,0)(28,10)(17,10)(17,2)(3,2)(3,15)(0,15)
Polygon:
(0,0)(40,0)(40,24)(26,24)(26,10)(13,10)(13,15)(0,15)
Polygon:
(0,0)(18,0)(18,7)(13,7)(13,4)(1,4)(1,10)(0,10)
Polygon:
(0,0)(21,0)(21,9)(19,9)(19,1)(5,1)(5,7)(0,7)
Polygon:
(0,0)(30,0)(30,14)(19,14)(19,13)(6,13)(6,18)(0,18)
Polygon:
(0,0)(36,0)(36,20)(24,20)(24,2)(11,2)(11,5)(0,5)
Polygon:
(0,0)(34,0)(34,5)(23,5)(23,1)(13,1)(13,12)(0,12)
Polygon:
(0,0)(38,0)(38,22)(20,22)(20,6)(8,6)(8,18)(0,18)
Polygon:
(0,0)(33,0)(33,14)(15,14)(15,3)(14,3)(14,5)(0,5)
Polygon:
(0,0)(22,0)(22,12)(4,12)(4,1)(1,1)(1,4)(0,4)
Polygon:
(0,0)(40,0)(40,7)(26,7)(26,5)(17,5)(17,8)(0,8)
Polygon:
(0,0)(37,0)(37,16)(21,16)(21,3)(9,3)(9,9)(0,9)
Polygon:
(0,0)(23,0)(23,4)(18,4)(18,2)(7,2)(7,18)(0,18)
Polygon:
(0,0)(20,0)(20,28)(6,28)(6,12)(5,12)(5,14)(0,14)
Polygon:
(0,0)(26,0)(26,20)(21,20)(21,10)(4,10)(4,23)(0,23)
Polygon:
(0,0)(25,0)(25,5)(13,5)(13,3)(9,3)(9,8)(0,8)
Polygon:
(0,0)(25,0)(25,19)(15,19)(15,6)(4,6)(4,9)(0,9)
Polygon:
(0,0)(42,0)(42,18)(28,18)(28,6)(18,6)(18,14)(0,14)
Polygon:
(0,0)(48,0)(48,10)(30,10)(30,3)(16,3)(16,12)(0,12)
Polygon:
(0,0)(34,0)(34,17)(30,17)(30,2)(15,2)(15,6)(0,6)
Polygon:
(0,0)(37,0)(37,9)(19,9)(19,7)(1,7)(1,15)(0,15)
Polygon:
(0,0)(20,0)(20,17)(18,17)(18,6)(5,6)(5,8)(0,8)
Polygon:
(0,0)(35,0)(35,16)(28,16)(28,4)(15,4)(15,16)(0,16)
Polygon:
(0,0)(31,0)(31,12)(27,12)(27,1)(10,1)(10,14)(0,14)
Polygon:
(0,0)(41,0)(41,15)(27,15)(27,8)(15,8)(15,12)(0,12)
Polygon:
(0,0)(22,0)(22,8)(15,8)(15,6)(1,6)(1,11)(0,11)
Polygon:
(0,0)(34,0)(34,16)(23,16)(23,3)(6,3)(6,16)(0,16)
Polygon:
(0,0)(33,0)(33,18)(19,18)(19,10)(7,10)(7,18)(0,18)
Polygon:
(0,0)(34,0)(34,21)(28,21)(28,9)(10,9)(10,18)(0,18)
Polygon:
(0,0)(29,0)(29,19)(25,19)(25,13)(8,13)(8,17)(0,17)
Polygon:
(0,0)(28,0)(28,13)(22,13)(22,5)(18,5)(18,7)(0,7)
Polygon:
(0,0)(29,0)(29,11)(20,11)(20,2)(8,2)(8,13)(0,13)
Polygon:
(0,0)(29,0)(29,11)(24,11)(24,9)(18,9)(18,13)(0,13)
Polygon:
(0,0)(32,0)(32,21)(20,21)(20,7)(10,7)(10,13)(0,13)
Polygon:
(0,0)(25,0)(25,20)(18,20)(18,4)(6,4)(6,11)(0,11)
Polygon:
(0,0)(24,0)(24,17)(19,17)(19,5)(15,5)(15,16)(0,16)
Polygon:
(0,0)(42,0)(42,21)(29,21)(29,4)(14,4)(14,5)(0,5)
Polygon:
(0,0)(15,0)(15,7)(4,7)(4,3)(1,3)(1,16)(0,16)
Polygon:
(0,0)(29,0)(29,8)(28,8)(28,3)(13,3)(13,10)(0,10)
Polygon:
(0,0)(43,0)(43,20)(32,20)(32,13)(15,13)(15,14)(0,14)
Polygon:
(0,0)(22,0)(22,18)(21,18)(21,13)(10,13)(10,14)(0,14)
Polygon:
(0,0)(36,0)(36,15)(24,15)(24,3)(17,3)(17,12)(0,12)
Polygon:
(0,0)(29,0)(29,13)(23,13)(23,1)(16,1)(16,6)(0,6)
Polygon:
(0,0)(37,0)(37,24)(30,24)(30,8)(16,8)(16,13)(0,13)
Polygon:
(0,0)(34,0)(34,19)(17,19)(17,2)(8,2)(8,14)(0,14)
Polygon:
(0,0)(31,0)(31,16)(21,16)(21,13)(4,13)(4,18)(0,18)
Polygon:
(0,0)(26,0)(26,5)(21,5)(21,3)(4,3)(4,6)(0,6)
Polygon:
(0,0)(22,0)(22,13)(17,13)(17,4)(12,4)(12,5)(0,5)
Polygon:
(0,0)(29,0)(29,18)(21,18)(21,1)(6,1)(6,2)(0,2)
Polygon:
(0,0)(15,0)(15,7)(2,7)(2,3)(1,3)(1,12)(0,12)
Polygon:
(0,0)(10,0)(10,20)(9,20)(9,10)(8,10)(8,14)(0,14)
Polygon:
(0,0)(18,0)(18,17)(16,17)(16,7)(4,7)(4,12)(0,12)
Polygon:
(0,0)(23,0)(23,29)(22,29)(22,12)(10,12)(10,13)(0,13)
Polygon:
(0,0)(32,0)(32,7)(27,7)(27,6)(18,6)(18,11)(0,11)
Polygon:
(0,0)(25,0)(25,14)(13,14)(13,13)(11,13)(11,17)(0,17)
Polygon:
(0,0)(32,0)(32,22)(26,22)(26,4)(13,4)(13,10)(0,10)
Polygon:
(0,0)(37,0)(37,16)(24,16)(24,9)(12,9)(12,16)(0,16)
Polygon:
(0,0)(27,0)(27,7)(15,7)(15,2)(14,2)(14,4)(0,4)
Polygon:
(0,0)(29,0)(29,28)(12,28)(12,13)(5,13)(5,14)(0,14)
Polygon:
(0,0)(18,0)(18,16)(14,16)(14,11)(1,11)(1,15)(0,15)
Polygon:
(0,0)(27,0)(27,9)(23,9)(23,1)(15,1)(15,16)(0,16)
Polygon:
(0,0)(35,0)(35,6)(18,6)(18,1)(8,1)(8,18)(0,18)
Polygon:
(0,0)(31,0)(31,19)(16,19)(16,3)(3,3)(3,13)(0,13)
Polygon:
(0,0)(34,0)(34,5)(19,5)(19,3)(14,3)(14,5)(0,5)
Polygon:
(0,0)(32,0)(32,15)(18,15)(18,3)(7,3)(7,16)(0,16)
Polygon:
(0,0)(20,0)(20,26)(17,26)(17,13)(8,13)(8,18)(0,18)
Polygon:
(0,0)(16,0)(16,14)(3,14)(3,10)(1,10)(1,12)(0,12)
Polygon:
(0,0)(18,0)(18,15)(17,15)(17,5)(11,5)(11,11)(0,11)
Polygon:
(0,0)(34,0)(34,18)(28,18)(28,11)(15,11)(15,13)(0,13)
Polygon:
(0,0)(25,0)(25,10)(15,10)(15,7)(8,7)(8,14)(0,14)
Polygon:
(0,0)(16,0)(16,20)(14,20)(14,2)(8,2)(8,14)(0,14)
Polygon:
(0,0)(22,0)(22,25)(10,25)(10,16)(3,16)(3,17)(0,17)
Polygon:
(0,0)(35,0)(35,12)(20,12)(20,9)(15,9)(15,11)(0,11)
Polygon:
(0,0)(37,0)(37,15)(26,15)(26,5)(11,5)(11,18)(0,18)
Polygon:
(0,0)(25,0)(25,22)(20,22)(20,9)(6,9)(6,15)(0,15)
Polygon:
(0,0)(25,0)(25,6)(24,6)(24,2)(11,2)(11,14)(0,14)
Polygon:
(0,0)(38,0)(38,13)(31,13)(31,9)(17,9)(17,10)(0,10)
Polygon:
(0,0)(35,0)(35,13)(24,13)(24,5)(8,5)(8,15)(0,15)
Polygon:
(0,0)(30,0)(30,10)(18,10)(18,6)(15,6)(15,16)(0,16)
Polygon:
(0,0)(45,0)(45,13)(29,13)(29,8)(15,8)(15,12)(0,12)
Polygon:
(0,0)(32,0)(32,4)(20,4)(20,1)(17,1)(17,18)(0,18)
Polygon:
(0,0)(16,0)(16,12)(12,12)(12,3)(6,3)(6,9)(0,9)
Polygon:
(0,0)(31,0)(31,21)(22,21)(22,18)(14,18)(14,21)(0,21)
Polygon:
(0,0)(45,0)(45,26)(29,26)(29,13)(11,13)(11,14)(0,14)
Polygon:
(0,0)(24,0)(24,24)(9,24)(9,6)(5,6)(5,8)(0,8)
Polygon:
(0,0)(26,0)(26,19)(8,19)(8,2)(7,2)(7,17)(0,17)
Polygon:
(0,0)(18,0)(18,19)(17,19)(17,2)(1,2)(1,17)(0,17)
Polygon:
(0,0)(33,0)(33,19)(24,19)(24,4)(18,4)(18,15)(0,15)
Polygon:
(0,0)(42,0)(42,22)(25,22)(25,5)(14,5)(14,6)(0,6)
Polygon:
(0,0)(18,0)(18,10)(10,10)(10,6)(9,6)(9,20)(0,20)
Polygon:
(0,0)(9,0)(9,9)(4,9)(4,7)(2,7)(2,13)(0,13)
Polygon:
(0,0)(34,0)(34,13)(27,13)(27,12)(10,12)(10,16)(0,16)
Polygon:
(0,0)(27,0)(27,15)(18,15)(18,4)(6,4)(6,7)(0,7)
Polygon:
(0,0)(16,0)(16,3)(13,3)(13,2)(8,2)(8,5)(0,5)
Polygon:
(0,0)(41,0)(41,19)(32,19)(32,5)(17,5)(17,16)(0,16)
Polygon:
(0,0)(30,0)(30,25)(19,25)(19,10)(15,10)(15,17)(0,17)
Polygon:
(0,0)(32,0)(32,10)(22,10)(22,8)(18,8)(18,18)(0,18)
Polygon:
(0,0)(31,0)(31,16)(23,16)(23,10)(5,10)(5,18)(0,18)
Polygon:
(0,0)(38,0)(38,28)(34,28)(34,10)(16,10)(16,15)(0,15)
Polygon:
(0,0)(40,0)(40,20)(25,20)(25,12)(14,12)(14,16)(0,16)
Polygon:
(0,0)(40,0)(40,25)(24,25)(24,17)(15,17)(15,18)(0,18)
Polygon:
(0,0)(22,0)(22,5)(17,5)(17,2)(16,2)(16,3)(0,3)
Polygon:
(0,0)(34,0)(34,15)(20,15)(20,2)(11,2)(11,16)(0,16)
Polygon:
(0,0)(29,0)(29,15)(27,15)(27,5)(18,5)(18,9)(0,9)
Polygon:
(0,0)(31,0)(31,12)(28,12)(28,6)(16,6)(16,9)(0,9)
Polygon:
(0,0)(36,0)(36,7)(20,7)(20,5)(3,5)(3,18)(0,18)
Polygon:
(0,0)(22,0)(22,27)(20,27)(20,11)(3,11)(3,15)(0,15)
Polygon:
(0,0)(28,0)(28,20)(20,20)(20,15)(10,15)(10,18)(0,18)
Polygon:
(0,0)(22,0)(22,5)(8,5)(8,4)(3,4)(3,17)(0,17)
Polygon:
(0,0)(24,0)(24,14)(22,14)(22,3)(13,3)(13,17)(0,17)
Polygon:
(0,0)(38,0)(38,19)(31,19)(31,4)(13,4)(13,7)(0,7)
Polygon:
(0,0)(31,0)(31,17)(25,17)(25,3)(8,3)(8,10)(0,10)
Polygon:
(0,0)(25,0)(25,15)(10,15)(10,9)(9,9)(9,10)(0,10)
Polygon:
(0,0)(23,0)(23,24)(16,24)(16,18)(11,18)(11,21)(0,21)
Polygon:
(0,0)(43,0)(43,23)(30,23)(30,10)(17,10)(17,18)(0,18)
Polygon:
(0,0)(32,0)(32,12)(29,12)(29,1)(18,1)(18,18)(0,18)
Polygon:
(0,0)(17,0)(17,12)(5,12)(5,1)(3,1)(3,7)(0,7)
Polygon:
(0,0)(13,0)(13,24)(12,24)(12,14)(3,14)(3,27)(0,27)
Polygon:
(0,0)(23,0)(23,16)(15,16)(15,13)(7,13)(7,15)(0,15)
Polygon:
(0,0)(32,0)(32,14)(23,14)(23,13)(10,13)(10,15)(0,15)
Polygon:
(0,0)(23,0)(23,21)(22,21)(22,12)(10,12)(10,15)(0,15)
Polygon:
(0,0)(34,0)(34,15)(26,15)(26,8)(8,8)(8,10)(0,10)
Polygon:
(0,0)(32,0)(32,5)(18,5)(18,3)(9,3)(9,17)(0,17)
Polygon:
(0,0)(19,0)(19,11)(14,11)(14,5)(9,5)(9,13)(0,13)
Polygon:
(0,0)(27,0)(27,12)(16,12)(16,5)(15,5)(15,17)(0,17)
Polygon:
(0,0)(7,0)(7,20)(6,20)(6,7)(5,7)(5,15)(0,15)
Polygon:
(0,0)(29,0)(29,10)(23,10)(23,6)(15,6)(15,7)(0,7)
Polygon:
(0,0)(36,0)(36,6)(25,6)(25,4)(11,4)(11,9)(0,9)
Polygon:
(0,0)(13,0)(13,17)(2,17)(2,4)(1,4)(1,13)(0,13)
Polygon:
(0,0)(29,0)(29,6)(26,6)(26,5)(15,5)(15,11)(0,11)
Polygon:
(0,0)(27,0)(27,32)(23,32)(23,14)(18,14)(18,15)(0,15)
Polygon:
(0,0)(38,0)(38,14)(20,14)(20,3)(5,3)(5,17)(0,17)
Polygon:
(0,0)(34,0)(34,28)(26,28)(26,17)(18,17)(18,18)(0,18)
Polygon:
(0,0)(35,0)(35,25)(27,25)(27,8)(10,8)(10,15)(0,15)
Polygon:
(0,0)(23,0)(23,5)(14,5)(14,4)(2,4)(2,15)(0,15)
Polygon:
(0,0)(33,0)(33,4)(20,4)(20,2)(2,2)(2,15)(0,15)
Polygon:
(0,0)(27,0)(27,25)(12,25)(12,8)(10,8)(10,18)(0,18)
Polygon:
(0,0)(39,0)(39,3)(22,3)(22,2)(5,2)(5,12)(0,12)
Polygon:
(0,0)(18,0)(18,11)(15,11)(15,5)(6,5)(6,11)(0,11)
Polygon:
(0,0)(26,0)(26,5)(16,5)(16,1)(12,1)(12,14)(0,14)
Polygon:
(0,0)(31,0)(31,20)(15,20)(15,2)(10,2)(10,7)(0,7)
Polygon:
(0,0)(29,0)(29,17)(25,17)(25,2)(17,2)(17,11)(0,11)
Polygon:
(0,0)(36,0)(36,11)(21,11)(21,2)(13,2)(13,9)(0,9)
Polygon:
(0,0)(17,0)(17,21)(9,21)(9,4)(2,4)(2,5)(0,5)
Polygon:
(0,0)(27,0)(27,18)(22,18)(22,6)(8,6)(8,8)(0,8)
Polygon:
(0,0)(31,0)(31,18)(22,18)(22,11)(7,11)(7,16)(0,16)
Polygon:
(0,0)(27,0)(27,6)(15,6)(15,3)(4,3)(4,15)(0,15)
Polygon:
(0,0)(32,0)(32,16)(16,16)(16,5)(6,5)(6,9)(0,9)
Polygon:
(0,0)(30,0)(30,31)(22,31)(22,14)(7,14)(7,17)(0,17)
Polygon:
(0,0)(9,0)(9,17)(8,17)(8,9)(5,9)(5,12)(0,12)
Polygon:
(0,0)(38,0)(38,21)(26,21)(26,9)(12,9)(12,10)(0,10)
Polygon:
(0,0)(30,0)(30,22)(20,22)(20,12)(6,12)(6,17)(0,17)
Polygon:
(0,0)(23,0)(23,17)(13,17)(13,1)(9,1)(9,17)(0,17)
Polygon:
(0,0)(19,0)(19,12)(7,12)(7,3)(3,3)(3,16)(0,16)
Polygon:
(0,0)(23,0)(23,2)(22,2)(22,1)(17,1)(17,2)(0,2)
Polygon:
(0,0)(24,0)(24,28)(13,28)(13,11)(11,11)(11,18)(0,18)
Polygon:
(0,0)(32,0)(32,17)(18,17)(18,7)(9,7)(9,17)(0,17)
Polygon:
(0,0)(30,0)(30,13)(19,13)(19,1)(2,1)(2,3)(0,3)
Polygon:
(0,0)(31,0)(31,12)(25,12)(25,4)(8,4)(8,6)(0,6)
Polygon:
(0,0)(36,0)(36,9)(23,9)(23,1)(5,1)(5,3)(0,3)
Polygon:
(0,0)(39,0)(39,15)(25,15)(25,5)(13,5)(13,11)(0,11)
Polygon:
(0,0)(24,0)(24,13)(17,13)(17,7)(13,7)(13,15)(0,15)
Polygon:
(0,0)(31,0)(31,31)(23,31)(23,14)(5,14)(5,15)(0,15)
Polygon:
(0,0)(33,0)(33,10)(17,10)(17,2)(16,2)(16,10)(0,10)
Polygon:
(0,0)(29,0)(29,20)(12,20)(12,12)(6,12)(6,14)(0,14)
Polygon:
(0,0)(32,0)(32,25)(19,25)(19,7)(9,7)(9,14)(0,14)
Polygon:
(0,0)(38,0)(38,12)(24,12)(24,6)(10,6)(10,8)(0,8)
Polygon:
(0,0)(34,0)(34,16)(27,16)(27,8)(14,8)(14,10)(0,10)
Polygon:
(0,0)(33,0)(33,19)(15,19)(15,5)(12,5)(12,11)(0,11)
Polygon:
(0,0)(34,0)(34,17)(18,17)(18,3)(15,3)(15,15)(0,15)
Polygon:
(0,0)(26,0)(26,21)(12,21)(12,17)(5,17)(5,18)(0,18)
Polygon:
(0,0)(34,0)(34,15)(26,15)(26,8)(18,8)(18,10)(0,10)
Polygon:
(0,0)(23,0)(23,19)(8,19)(8,9)(4,9)(4,17)(0,17)
Polygon:
(0,0)(29,0)(29,8)(24,8)(24,3)(14,3)(14,16)(0,16)
Polygon:
(0,0)(37,0)(37,18)(29,18)(29,2)(17,2)(17,6)(0,6)
Polygon:
(0,0)(27,0)(27,7)(17,7)(17,1)(5,1)(5,17)(0,17)
Polygon:
(0,0)(44,0)(44,14)(31,14)(31,1)(13,1)(13,8)(0,8)
Polygon:
(0,0)(41,0)(41,19)(26,19)(26,2)(14,2)(14,6)(0,6)
Polygon:
(0,0)(46,0)(46,5)(30,5)(30,1)(16,1)(16,15)(0,15)
Polygon:
(0,0)(17,0)(17,12)(11,12)(11,8)(2,8)(2,17)(0,17)
Polygon:
(0,0)(23,0)(23,20)(19,20)(19,11)(7,11)(7,17)(0,17)
Polygon:
(0,0)(37,0)(37,5)(21,5)(21,13)(17,13)(17,1)(0,1)
Polygon:
(0,0)(18,0)(18,18)(0,18)
Polygon:
(0,0)(12,0)(12,6)(0,6)
Polygon:
(0,0)(16,0)(16,1)(0,1)
Polygon:
(0,0)(29,0)(29,15)(18,15)(18,32)(11,32)(11,14)(0,14)
Polygon:
(0,0)(2,0)(2,3)(0,3)
Polygon:
(0,0)(10,0)(10,7)(0,7)
Polygon:
(0,0)(24,0)(24,8)(17,8)(17,25)(0,25)
Polygon:
(0,0)(2,0)(2,13)(0,13)
Polygon:
(0,0)(11,0)(11,6)(0,6)
Polygon:
(0,0)(2,0)(2,17)(0,17)
Polygon:
(0,0)(5,0)(5,8)(0,8)
Polygon:
(0,0)(6,0)(6,5)(0,5)
Polygon:
(0,0)(17,0)(17,9)(0,9)
Polygon:
(0,0)(17,0)(17,8)(0,8)
Polygon:
(0,0)(25,0)(25,1)(11,1)(11,16)(0,16)
Polygon:
(0,0)(11,0)(11,12)(10,12)(10,15)(0,15)
Polygon:
(0,0)(28,0)(28,19)(17,19)(17,29)(8,29)(8,12)(0,12)
Polygon:
(0,0)(29,0)(29,19)(14,19)(14,22)(13,22)(13,13)(0,13)
Polygon:
(0,0)(8,0)(8,4)(2,4)(2,22)(0,22)
Polygon:
(0,0)(14,0)(14,16)(0,16)
Polygon:
(0,0)(25,0)(25,2)(8,2)(8,19)(0,19)
Polygon:
(0,0)(29,0)(29,8)(20,8)(20,19)(9,19)(9,15)(0,15)
Polygon:
(0,0)(1,0)(1,16)(0,16)
Polygon:
(0,0)(15,0)(15,13)(1,13)(1,31)(0,31)
Polygon:
(0,0)(32,0)(32,16)(15,16)(15,19)(4,19)(4,6)(0,6)
Polygon:
(0,0)(19,0)(19,16)(18,16)(18,26)(0,26)
Polygon:
(0,0)(21,0)(21,15)(18,15)(18,18)(1,18)(1,4)(0,4)
Polygon:
(0,0)(2,0)(2,11)(0,11)
Polygon:
(0,0)(30,0)(30,10)(16,10)(16,17)(4,17)(4,1)(0,1)
Polygon:
(0,0)(11,0)(11,14)(0,14)
Polygon:
(0,0)(5,0)(5,8)(0,8)
Polygon:
(0,0)(16,0)(16,12)(0,12)
Polygon:
(0,0)(3,0)(3,8)(0,8)
Polygon:
(0,0)(15,0)(15,10)(14,10)(14,19)(0,19)
Polygon:
(0,0)(1,0)(1,13)(0,13)
Polygon:
(0,0)(12,0)(12,18)(11,18)(11,31)(0,31)
Polygon:
(0,0)(36,0)(36,7)(18,7)(18,10)(14,10)(14,4)(0,4)
Polygon:
(0,0)(11,0)(11,12)(10,12)(10,27)(0,27)
Polygon:
(0,0)(14,0)(14,14)(5,14)(5,30)(1,30)(1,18)(0,18)
Polygon:
(0,0)(11,0)(11,1)(0,1)
Polygon:
(0,0)(9,0)(9,7)(0,7)
Polygon:
(0,0)(15,0)(15,3)(0,3)
Polygon:
(0,0)(3,0)(3,8)(0,8)
Polygon:
(0,0)(14,0)(14,16)(0,16)
Polygon:
(0,0)(4,0)(4,9)(0,9)
Polygon:
(0,0)(31,0)(31,9)(16,9)(16,10)(0,10)
Polygon:
(0,0)(13,0)(13,2)(0,2)
Polygon:
(0,0)(1,0)(1,1)(0,1)
Polygon:
(0,0)(13,0)(13,16)(0,16)
Polygon:
(0,0)(36,0)(36,5)(30,5)(30,16)(12,16)(12,4)(0,4)
Polygon:
(0,0)(8,0)(8,7)(0,7)
Polygon:
(0,0)(8,0)(8,9)(0,9)
Polygon:
(0,0)(10,0)(10,22)(7,22)(7,25)(6,25)(6,8)(0,8)
Polygon:
(0,0)(39,0)(39,13)(29,13)(29,20)(13,20)(13,4)(0,4)
Polygon:
(0,0)(20,0)(20,4)(11,4)(11,21)(9,21)(9,12)(0,12)
Polygon:
(0,0)(18,0)(18,7)(12,7)(12,17)(0,17)
Polygon:
(0,0)(8,0)(8,6)(0,6)
Polygon:
(0,0)(34,0)(34,25)(23,25)(23,28)(16,28)(16,11)(0,11)
Polygon:
(0,0)(14,0)(14,15)(0,15)
Polygon:
(0,0)(16,0)(16,1)(0,1)
Polygon:
(0,0)(27,0)(27,8)(23,8)(23,18)(8,18)(8,3)(0,3)
Polygon:
(0,0)(28,0)(28,6)(21,6)(21,8)(11,8)(11,2)(0,2)
Polygon:
(0,0)(1,0)(1,15)(0,15)
Polygon:
(0,0)(30,0)(30,11)(21,11)(21,21)(6,21)(6,7)(0,7)
Polygon:
(0,0)(14,0)(14,16)(0,16)
Polygon:
(0,0)(2,0)(2,4)(0,4)
Polygon:
(0,0)(26,0)(26,6)(18,6)(18,16)(11,16)(11,11)(0,11)
Polygon:
(0,0)(16,0)(16,8)(14,8)(14,25)(2,25)(2,10)(0,10)
Polygon:
(0,0)(4,0)(4,5)(0,5)
Polygon:
(0,0)(12,0)(12,2)(0,2)
Polygon:
(0,0)(4,0)(4,17)(0,17)
Polygon:
(0,0)(32,0)(32,9)(24,9)(24,18)(6,18)(6,8)(0,8)
Polygon:
(0,0)(16,0)(16,6)(0,6)
Polygon:
(0,0)(29,0)(29,15)(14,15)(14,16)(9,16)(9,12)(0,12)
Polygon:
(0,0)(14,0)(14,3)(0,3)
Polygon:
(0,0)(20,0)(20,15)(6,15)(6,33)(0,33)
Polygon:
(0,0)(27,0)(27,16)(10,16)(10,18)(0,18)
Polygon:
(0,0)(7,0)(7,9)(0,9)
Polygon:
(0,0)(3,0)(3,13)(0,13)
Polygon:
(0,0)(2,0)(2,12)(0,12)
Polygon:
(0,0)(14,0)(14,4)(4,4)(4,14)(0,14)
Polygon:
(0,0)(7,0)(7,18)(0,18)
Polygon:
(0,0)(13,0)(13,13)(9,13)(9,24)(4,24)(4,17)(0,17)
Polygon:
(0,0)(15,0)(15,12)(1,12)(1,26)(0,26)
Polygon:
(0,0)(4,0)(4,6)(2,6)(2,20)(0,20)
Polygon:
(0,0)(22,0)(22,10)(20,10)(20,16)(5,16)(5,1)(0,1)
Polygon:
(0,0)(16,0)(16,10)(2,10)(2,27)(0,27)
Polygon:
(0,0)(12,0)(12,2)(0,2)
Polygon:
(0,0)(6,0)(6,9)(0,9)
Polygon:
(0,0)(23,0)(23,5)(5,5)(5,15)(0,15)
Polygon:
(0,0)(25,0)(25,10)(10,10)(10,26)(0,26)
Polygon:
(0,0)(32,0)(32,30)(18,30)(18,32)(3,32)(3,16)(0,16)
Polygon:
(0,0)(19,0)(19,6)(11,6)(11,11)(0,11)
Polygon:
(0,0)(18,0)(18,1)(0,1)
Polygon:
(0,0)(16,0)(16,5)(15,5)(15,9)(0,9)
Polygon:
(0,0)(10,0)(10,4)(0,4)
Polygon:
(0,0)(14,0)(14,7)(0,7)
Polygon:
(0,0)(18,0)(18,9)(10,9)(10,23)(0,23)
Polygon:
(0,0)(26,0)(26,3)(12,3)(12,9)(0,9)
Polygon:
(0,0)(9,0)(9,15)(5,15)(5,32)(0,32)
Polygon:
(0,0)(10,0)(10,2)(0,2)
Polygon:
(0,0)(30,0)(30,14)(16,14)(16,24)(0,24)
Polygon:
(0,0)(5,0)(5,4)(0,4)
Polygon:
(0,0)(11,0)(11,1)(0,1)
Polygon:
(0,0)(10,0)(10,1)(0,1)
Polygon:
(0,0)(15,0)(15,4)(0,4)
Polygon:
(0,0)(5,0)(5,16)(0,16)
Polygon:
(0,0)(31,0)(31,17)(13,17)(13,22)(0,22)
Polygon:
(0,0)(13,0)(13,12)(0,12)
Polygon:
(0,0)(4,0)(4,1)(3,1)(3,13)(2,13)(2,12)(0,12)
Polygon:
(0,0)(23,0)(23,2)(14,2)(14,3)(0,3)
Polygon:
(0,0)(45,0)(45,4)(27,4)(27,13)(17,13)(17,5)(0,5)
Polygon:
(0,0)(3,0)(3,12)(0,12)
Polygon:
(0,0)(1,0)(1,2)(0,2)
Polygon:
(0,0)(18,0)(18,17)(12,17)(12,20)(0,20)
Polygon:
(0,0)(32,0)(32,20)(20,20)(20,24)(12,24)(12,9)(0,9)
Polygon:
(0,0)(8,0)(8,13)(0,13)
Polygon:
(0,0)(20,0)(20,14)(18,14)(18,22)(10,22)(10,12)(0,12)
Polygon:
(0,0)(18,0)(18,12)(0,12)
Polygon:
(0,0)(32,0)(32,12)(31,12)(31,20)(18,20)(18,15)(0,15)
Polygon:
(0,0)(2,0)(2,4)(0,4)
Polygon:
(0,0)(1,0)(1,11)(0,11)
Polygon:
(0,0)(4,0)(4,3)(0,3)
Polygon:
(0,0)(30,0)(30,2)(17,2)(17,17)(0,17)
Polygon:
(0,0)(33,0)(33,10)(24,10)(24,28)(8,28)(8,18)(0,18)
Polygon:
(0,0)(5,0)(5,10)(0,10)
Polygon:
(0,0)(2,0)(2,10)(0,10)
Polygon:
(0,0)(15,0)(15,5)(0,5)
Polygon:
(0,0)(9,0)(9,8)(0,8)
Polygon:
(0,0)(7,0)(7,14)(1,14)(1,26)(0,26)
Polygon:
(0,0)(5,0)(5,4)(0,4)
Polygon:
(0,0)(3,0)(3,17)(0,17)
Polygon:
(0,0)(40,0)(40,2)(22,2)(22,10)(13,10)(13,1)(0,1)
Polygon:
(0,0)(2,0)(2,18)(0,18)
Polygon:
(0,0)(15,0)(15,8)(0,8)
Polygon:
(0,0)(2,0)(2,11)(0,11)
Polygon:
(0,0)(9,0)(9,13)(0,13)
Polygon:
(0,0)(4,0)(4,7)(0,7)
Polygon:
(0,0)(27,0)(27,5)(10,5)(10,7)(2,7)(2,6)(0,6)
Polygon:
(0,0)(6,0)(6,8)(0,8)
Polygon:
(0,0)(21,0)(21,13)(7,13)(7,18)(0,18)
Polygon:
(0,0)(18,0)(18,2)(0,2)
Polygon:
(0,0)(10,0)(10,15)(0,15)
Polygon:
(0,0)(21,0)(21,23)(17,23)(17,24)(1,24)(1,17)(0,17)
Polygon:
(0,0)(1,0)(1,13)(0,13)
Polygon:
(0,0)(2,0)(2,14)(0,14)
Polygon:
(0,0)(34,0)(34,18)(16,18)(16,22)(0,22)
Polygon:
(0,0)(1,0)(1,13)(0,13)
Polygon:
(0,0)(12,0)(12,10)(0,10)
Polygon:
(0,0)(10,0)(10,4)(0,4)
Polygon:
(0,0)(18,0)(18,13)(0,13)
Polygon:
(0,0)(2,0)(2,6)(0,6)
Polygon:
(0,0)(9,0)(9,1)(4,1)(4,13)(1,13)(1,1)(0,1)
Polygon:
(0,0)(25,0)(25,16)(14,16)(14,19)(0,19)
Polygon:
(0,0)(4,0)(4,18)(0,18)
Polygon:
(0,0)(15,0)(15,16)(0,16)
Polygon:
(0,0)(5,0)(5,7)(0,7)
Polygon:
(0,0)(21,0)(21,15)(10,15)(10,31)(0,31)
Polygon:
(0,0)(19,0)(19,2)(6,2)(6,7)(3,7)(3,1)(0,1)
Polygon:
(0,0)(1,0)(1,14)(0,14)
Polygon:
(0,0)(10,0)(10,13)(0,13)
Polygon:
(0,0)(13,0)(13,11)(0,11)
Polygon:
(0,0)(23,0)(23,5)(7,5)(7,16)(0,16)
Polygon:
(0,0)(13,0)(13,10)(3,10)(3,12)(0,12)
Polygon:
(0,0)(31,0)(31,15)(25,15)(25,16)(12,16)(12,3)(0,3)
Polygon:
(0,0)(20,0)(20,18)(8,18)(8,35)(0,35)
Polygon:
(0,0)(15,0)(15,11)(0,11)
Polygon:
(0,0)(36,0)(36,12)(22,12)(22,18)(18,18)(18,8)(0,8)
Polygon:
(0,0)(14,0)(14,8)(0,8)
Polygon:
(0,0)(8,0)(8,1)(5,1)(5,9)(0,9)
Polygon:
(0,0)(17,0)(17,17)(5,17)(5,34)(0,34)
Polygon:
(0,0)(41,0)(41,18)(26,18)(26,32)(15,32)(15,18)(0,18)
Polygon:
(0,0)(17,0)(17,7)(0,7)
Polygon:
(0,0)(11,0)(11,7)(5,7)(5,10)(0,10)
Polygon:
(0,0)(5,0)(5,13)(0,13)
Polygon:
(0,0)(5,0)(5,12)(1,12)(1,14)(0,14)
Polygon:
(0,0)(35,0)(35,21)(17,21)(17,30)(14,30)(14,12)(0,12)
Polygon:
(0,0)(17,0)(17,3)(0,3)
Polygon:
(0,0)(25,0)(25,6)(15,6)(15,9)(0,9)
Polygon:
(0,0)(27,0)(27,1)(19,1)(19,12)(13,12)(13,5)(0,5)
Polygon:
(0,0)(18,0)(18,9)(1,9)(1,18)(0,18)
Polygon:
(0,0)(24,0)(24,6)(18,6)(18,23)(9,23)(9,17)(0,17)
Polygon:
(0,0)(11,0)(11,13)(0,13)
Polygon:
(0,0)(17,0)(17,16)(2,16)(2,22)(0,22)
Polygon:
(0,0)(9,0)(9,11)(0,11)
Polygon:
(0,0)(21,0)(21,7)(3,7)(3,13)(0,13)
Polygon:
(0,0)(9,0)(9,7)(0,7)
Polygon:
(0,0)(25,0)(25,5)(10,5)(10,21)(0,21)
Polygon:
(0,0)(2,0)(2,10)(0,10)
Polygon:
(0,0)(32,0)(32,3)(14,3)(14,5)(0,5)
Polygon:
(0,0)(37,0)(37,10)(26,10)(26,16)(15,16)(15,8)(0,8)
Polygon:
(0,0)(29,0)(29,1)(12,1)(12,15)(0,15)
Polygon:
(0,0)(35,0)(35,16)(23,16)(23,20)(8,20)(8,3)(0,3)
Polygon:
(0,0)(21,0)(21,16)(4,16)(4,31)(0,31)
Polygon:
(0,0)(44,0)(44,19)(27,19)(27,36)(16,36)(16,18)(0,18)
Polygon:
(0,0)(20,0)(20,5)(9,5)(9,21)(0,21)
Polygon:
(0,0)(10,0)(10,7)(0,7)
Polygon:
(0,0)(28,0)(28,5)(18,5)(18,11)(16,11)(16,1)(0,1)
Polygon:
(0,0)(7,0)(7,1)(0,1)
Polygon:
(0,0)(28,0)(28,7)(24,7)(24,24)(14,24)(14,16)(0,16)
Polygon:
(0,0)(19,0)(19,6)(18,6)(18,18)(9,18)(9,14)(0,14)
Polygon:
(0,0)(16,0)(16,16)(0,16)
Polygon:
(0,0)(11,0)(11,9)(0,9)
Polygon:
(0,0)(16,0)(16,11)(0,11)
Polygon:
(0,0)(4,0)(4,12)(0,12)
Polygon:
(0,0)(43,0)(43,15)(25,15)(25,27)(9,27)(9,15)(0,15)
Polygon:
(0,0)(5,0)(5,14)(0,14)
Polygon:
(0,0)(7,0)(7,18)(0,18)
Polygon:
(0,0)(14,0)(14,9)(2,9)(2,17)(0,17)
Polygon:
(0,0)(4,0)(4,11)(0,11)
Polygon:
(0,0)(26,0)(26,17)(12,17)(12,27)(0,27)
Polygon:
(0,0)(3,0)(3,7)(0,7)
Polygon:
(0,0)(23,0)(23,9)(20,9)(20,18)(4,18)(4,3)(0,3)
Polygon:
(0,0)(25,0)(25,18)(12,18)(12,32)(0,32)
Polygon:
(0,0)(14,0)(14,14)(0,14)
Polygon:
(0,0)(10,0)(10,11)(0,11)
Polygon:
(0,0)(22,0)(22,15)(20,15)(20,26)(16,26)(16,12)(0,12)
Polygon:
(0,0)(30,0)(30,8)(18,8)(18,17)(15,17)(15,7)(0,7)
Polygon:
(0,0)(9,0)(9,9)(0,9)
Polygon:
(0,0)(11,0)(11,13)(0,13)
Polygon:
(0,0)(18,0)(18,4)(6,4)(6,14)(0,14)
Polygon:
(0,0)(28,0)(28,14)(18,14)(18,18)(0,18)
Polygon:
(0,0)(12,0)(12,5)(0,5)
Polygon:
(0,0)(5,0)(5,11)(0,11)
Polygon:
(0,0)(10,0)(10,8)(0,8)
Polygon:
(0,0)(14,0)(14,18)(3,18)(3,33)(0,33)
Polygon:
(0,0)(10,0)(10,10)(0,10)
Polygon:
(0,0)(27,0)(27,13)(16,13)(16,23)(6,23)(6,6)(0,6)
Polygon:
(0,0)(13,0)(13,10)(3,10)(3,27)(0,27)
Polygon:
(0,0)(24,0)(24,14)(14,14)(14,19)(10,19)(10,18)(0,18)
Polygon:
(0,0)(46,0)(46,6)(29,6)(29,13)(13,13)(13,3)(0,3)
Polygon:
(0,0)(26,0)(26,10)(19,10)(19,14)(1,14)(1,12)(0,12)
Polygon:
(0,0)(10,0)(10,1)(0,1)
Polygon:
(0,0)(19,0)(19,17)(3,17)(3,25)(0,25)
Polygon:
(0,0)(23,0)(23,4)(14,4)(14,9)(2,9)(2,4)(0,4)
Polygon:
(0,0)(24,0)(24,4)(22,4)(22,9)(9,9)(9,6)(0,6)
Polygon:
(0,0)(24,0)(24,7)(13,7)(13,15)(0,15)
Polygon:
(0,0)(4,0)(4,15)(0,15)
Polygon:
(0,0)(16,0)(16,14)(0,14)
Polygon:
(0,0)(18,0)(18,18)(16,18)(16,21)(0,21)
Polygon:
(0,0)(9,0)(9,8)(0,8)
Polygon:
(0,0)(37,0)(37,15)(26,15)(26,18)(13,18)(13,15)(0,15)
Polygon:
(0,0)(11,0)(11,7)(4,7)(4,12)(0,12)
Polygon:
(0,0)(16,0)(16,13)(0,13)
Polygon:
(0,0)(35,0)(35,17)(34,17)(34,19)(17,19)(17,2)(0,2)
Polygon:
(0,0)(9,0)(9,7)(0,7)
Polygon:
(0,0)(15,0)(15,14)(0,14)
Polygon:
(0,0)(27,0)(27,17)(13,17)(13,18)(0,18)
Polygon:
(0,0)(17,0)(17,2)(0,2)
Polygon:
(0,0)(5,0)(5,17)(0,17)
Polygon:
(0,0)(17,0)(17,8)(0,8)
Polygon:
(0,0)(8,0)(8,5)(0,5)
Polygon:
(0,0)(10,0)(10,2)(0,2)
Polygon:
(0,0)(19,0)(19,9)(18,9)(18,12)(15,12)(15,5)(0,5)
Polygon:
(0,0)(14,0)(14,17)(0,17)
Polygon:
(0,0)(32,0)(32,13)(30,13)(30,25)(12,25)(12,7)(0,7)
Polygon:
(0,0)(17,0)(17,19)(15,19)(15,24)(8,24)(8,9)(0,9)
Polygon:
(0,0)(12,0)(12,2)(0,2)
Polygon:
(0,0)(10,0)(10,4)(3,4)(3,9)(0,9)
Polygon:
(0,0)(4,0)(4,2)(0,2)
Polygon:
(0,0)(47,0)(47,17)(35,17)(35,22)(18,22)(18,5)(0,5)
Polygon:
(0,0)(11,0)(11,3)(0,3)
Polygon:
(0,0)(9,0)(9,3)(0,3)
Polygon:
(0,0)(20,0)(20,23)(17,23)(17,35)(10,35)(10,18)(0,18)
Polygon:
(0,0)(9,0)(9,5)(0,5)
Polygon:
(0,0)(5,0)(5,14)(0,14)
Polygon:
(0,0)(6,0)(6,13)(0,13)
Polygon:
(0,0)(20,0)(20,3)(5,3)(5,18)(0,18)
Polygon:
(0,0)(1,0)(1,7)(0,7)
Polygon:
(0,0)(41,0)(41,24)(26,24)(26,34)(17,34)(17,17)(0,17)
Polygon:
(0,0)(12,0)(12,15)(0,15)
Polygon:
(0,0)(16,0)(16,6)(9,6)(9,14)(8,14)(8,12)(0,12)
Polygon:
(0,0)(6,0)(6,16)(0,16)
Polygon:
(0,0)(12,0)(12,18)(3,18)(3,23)(0,23)
Polygon:
(0,0)(16,0)(16,6)(11,6)(11,12)(0,12)
Polygon:
(0,0)(33,0)(33,5)(26,5)(26,15)(17,15)(17,3)(0,3)
Polygon:
(0,0)(23,0)(23,11)(12,11)(12,29)(0,29)
Polygon:
(0,0)(14,0)(14,13)(0,13)
Polygon:
(0,0)(5,0)(5,17)(3,17)(3,27)(0,27)
Polygon:
(0,0)(17,0)(17,1)(0,1)
Polygon:
(0,0)(5,0)(5,8)(0,8)
Polygon:
(0,0)(14,0)(14,13)(0,13)
Polygon:
(0,0)(16,0)(16,17)(0,17)
Polygon:
(0,0)(12,0)(12,15)(8,15)(8,22)(0,22)
Polygon:
(0,0)(8,0)(8,15)(0,15)
Polygon:
(0,0)(3,0)(3,1)(0,1)
Polygon:
(0,0)(12,0)(12,3)(0,3)
Polygon:
(0,0)(6,0)(6,11)(0,11)
Polygon:
(0,0)(16,0)(16,6)(7,6)(7,23)(0,23)
Polygon:
(0,0)(5,0)(5,7)(0,7)
Polygon:
(0,0)(17,0)(17,8)(0,8)
Polygon:
(0,0)(8,0)(8,17)(0,17)
Polygon:
(0,0)(11,0)(11,13)(0,13)
Polygon:
(0,0)(14,0)(14,6)(2,6)(2,20)(0,20)
Polygon:
(0,0)(34,0)(34,1)(18,1)(18,13)(0,13)
Polygon:
(0,0)(43,0)(43,11)(25,11)(25,22)(9,22)(9,14)(0,14)
Polygon:
(0,0)(12,0)(12,9)(0,9)
Polygon:
(0,0)(33,0)(33,7)(29,7)(29,9)(15,9)(15,2)(0,2)
Polygon:
(0,0)(22,0)(22,17)(11,17)(11,22)(0,22)
Polygon:
(0,0)(10,0)(10,7)(0,7)
Polygon:
(0,0)(12,0)(12,17)(0,17)
Polygon:
(0,0)(41,0)(41,19)(28,19)(28,21)(12,21)(12,17)(0,17)
Polygon:
(0,0)(30,0)(30,13)(28,13)(28,21)(13,21)(13,6)(0,6)
Polygon:
(0,0)(18,0)(18,18)(11,18)(11,19)(6,19)(6,9)(0,9)
Polygon:
(0,0)(16,0)(16,7)(14,7)(14,25)(0,25)
Polygon:
(0,0)(49,0)(49,18)(32,18)(32,25)(16,25)(16,15)(0,15)
Polygon:
(0,0)(18,0)(18,10)(12,10)(12,28)(0,28)
Polygon:
(0,0)(6,0)(6,9)(0,9)
Polygon:
(0,0)(25,0)(25,12)(24,12)(24,23)(16,23)(16,6)(0,6)
Polygon:
(0,0)(18,0)(18,2)(0,2)
Polygon:
(0,0)(21,0)(21,18)(12,18)(12,23)(9,23)(9,5)(0,5)
Polygon:
(0,0)(45,0)(45,16)(32,16)(32,29)(15,29)(15,14)(0,14)
Polygon:
(0,0)(3,0)(3,4)(0,4)
Polygon:
(0,0)(12,0)(12,11)(0,11)
Polygon:
(0,0)(14,0)(14,15)(0,15)
Polygon:
(0,0)(21,0)(21,3)(13,3)(13,8)(0,8)
Polygon:
(0,0)(24,0)(24,7)(16,7)(16,11)(0,11)
Polygon:
(0,0)(38,0)(38,6)(21,6)(21,8)(10,8)(10,1)(0,1)
Polygon:
(0,0)(18,0)(18,6)(0,6)
Polygon:
(0,0)(7,0)(7,11)(4,11)(4,14)(0,14)
Polygon:
(0,0)(26,0)(26,18)(21,18)(21,32)(11,32)(11,18)(0,18)
Polygon:
(0,0)(25,0)(25,14)(18,14)(18,22)(13,22)(13,10)(0,10)
Polygon:
(0,0)(5,0)(5,12)(0,12)
Polygon:
(0,0)(5,0)(5,3)(0,3)
Polygon:
(0,0)(13,0)(13,10)(0,10)
Polygon:
(0,0)(8,0)(8,4)(0,4)
Polygon:
(0,0)(41,0)(41,8)(31,8)(31,26)(14,26)(14,15)(0,15)
Polygon:
(0,0)(32,0)(32,6)(14,6)(14,12)(0,12)
Polygon:
(0,0)(35,0)(35,12)(33,12)(33,27)(17,27)(17,10)(0,10)
Polygon:
(0,0)(29,0)(29,7)(11,7)(11,10)(0,10)
Polygon:
(0,0)(8,0)(8,12)(0,12)
Polygon:
(0,0)(18,0)(18,17)(0,17)
Polygon:
(0,0)(17,0)(17,5)(5,5)(5,14)(0,14)
Polygon:
(0,0)(40,0)(40,19)(29,19)(29,22)(13,22)(13,4)(0,4)
Polygon:
(0,0)(6,0)(6,8)(0,8)
Polygon:
(0,0)(1,0)(1,2)(0,2)
Polygon:
(0,0)(30,0)(30,4)(13,4)(13,22)(0,22)
Polygon:
(0,0)(8,0)(8,2)(0,2)
Polygon:
(0,0)(8,0)(8,17)(0,17)
Polygon:
(0,0)(20,0)(20,22)(18,22)(18,23)(14,23)(14,8)(0,8)
Polygon:
(0,0)(4,0)(4,15)(0,15)
Polygon:
(0,0)(29,0)(29,25)(23,25)(23,30)(16,30)(16,16)(0,16)
Polygon:
(0,0)(27,0)(27,11)(18,11)(18,26)(10,26)(10,16)(0,16)
Polygon:
(0,0)(37,0)(37,10)(25,10)(25,15)(12,15)(12,10)(0,10)
Polygon:
(0,0)(6,0)(6,12)(0,12)
Polygon:
(0,0)(32,0)(32,9)(21,9)(21,11)(16,11)(16,4)(0,4)
Polygon:
(0,0)(17,0)(17,8)(0,8)
Polygon:
(0,0)(16,0)(16,4)(0,4)
Polygon:
(0,0)(11,0)(11,8)(0,8)
Polygon:
(0,0)(15,0)(15,18)(0,18)
Polygon:
(0,0)(17,0)(17,17)(0,17)
Polygon:
(0,0)(6,0)(6,2)(5,2)(5,4)(0,4)
Polygon:
(0,0)(25,0)(25,12)(15,12)(15,26)(0,26)
Polygon:
(0,0)(27,0)(27,18)(12,18)(12,23)(3,23)(3,5)(0,5)
Polygon:
(0,0)(30,0)(30,17)(18,17)(18,20)(3,20)(3,8)(0,8)
Polygon:
(0,0)(2,0)(2,6)(0,6)
Polygon:
(0,0)(31,0)(31,9)(16,9)(16,13)(0,13)
Polygon:
(0,0)(12,0)(12,6)(0,6)
Polygon:
(0,0)(24,0)(24,14)(17,14)(17,32)(0,32)
Polygon:
(0,0)(9,0)(9,2)(0,2)
Polygon:
(0,0)(9,0)(9,17)(0,17)
Polygon:
(0,0)(5,0)(5,9)(3,9)(3,23)(0,23)
Polygon:
(0,0)(40,0)(40,13)(27,13)(27,15)(10,15)(10,1)(0,1)
Polygon:
(0,0)(34,0)(34,24)(23,24)(23,30)(7,30)(7,14)(0,14)
Polygon:
(0,0)(12,0)(12,17)(0,17)
Polygon:
(0,0)(45,0)(45,7)(27,7)(27,19)(11,19)(11,1)(0,1)
Polygon:
(0,0)(16,0)(16,15)(0,15)
Polygon:
(0,0)(10,0)(10,4)(0,4)
Polygon:
(0,0)(13,0)(13,13)(2,13)(2,24)(0,24)
Polygon:
(0,0)(16,0)(16,13)(13,13)(13,27)(5,27)(5,17)(0,17)
Polygon:
(0,0)(12,0)(12,11)(0,11)
Polygon:
(0,0)(25,0)(25,13)(9,13)(9,28)(0,28)
Polygon:
(0,0)(27,0)(27,13)(9,13)(9,15)(0,15)
Polygon:
(0,0)(18,0)(18,18)(5,18)(5,34)(0,34)
Polygon:
(0,0)(22,0)(22,10)(7,10)(7,13)(0,13)
Polygon:
(0,0)(2,0)(2,6)(0,6)
Polygon:
(0,0)(32,0)(32,11)(14,11)(14,19)(0,19)
Polygon:
(0,0)(41,0)(41,23)(24,23)(24,25)(6,25)(6,10)(0,10)
Polygon:
(0,0)(6,0)(6,9)(0,9)
Polygon:
(0,0)(42,0)(42,18)(32,18)(32,21)(14,21)(14,17)(0,17)
Polygon:
(0,0)(29,0)(29,7)(13,7)(13,25)(0,25)
Polygon:
(0,0)(1,0)(1,5)(0,5)
Polygon:
(0,0)(6,0)(6,14)(0,14)
Polygon:
(0,0)(16,0)(16,15)(13,15)(13,22)(0,22)
Polygon:
(0,0)(9,0)(9,8)(0,8)
Polygon:
(0,0)(34,0)(34,8)(29,8)(29,26)(12,26)(12,18)(0,18)
Polygon:
(0,0)(12,0)(12,14)(10,14)(10,15)(7,15)(7,9)(0,9)
Polygon:
(0,0)(32,0)(32,10)(16,10)(16,21)(0,21)
Polygon:
(0,0)(20,0)(20,5)(13,5)(13,7)(0,7)
Polygon:
(0,0)(4,0)(4,9)(0,9)
Polygon:
(0,0)(13,0)(13,3)(6,3)(6,9)(0,9)
Polygon:
(0,0)(13,0)(13,6)(11,6)(11,15)(0,15)
Polygon:
(0,0)(42,0)(42,13)(33,13)(33,29)(17,29)(17,15)(0,15)
Polygon:
(0,0)(21,0)(21,6)(18,6)(18,11)(12,11)(12,6)(0,6)
Polygon:
(0,0)(17,0)(17,27)(14,27)(14,28)(5,28)(5,13)(0,13)
Polygon:
(0,0)(1,0)(1,18)(0,18)
Polygon:
(0,0)(19,0)(19,22)(11,22)(11,25)(9,25)(9,9)(0,9)
Polygon:
(0,0)(17,0)(17,10)(14,10)(14,25)(0,25)
Polygon:
(0,0)(16,0)(16,28)(11,28)(11,30)(1,30)(1,14)(0,14)
Polygon:
(0,0)(19,0)(19,15)(15,15)(15,26)(10,26)(10,12)(0,12)
Polygon:
(0,0)(6,0)(6,14)(0,14)
Polygon:
(0,0)(9,0)(9,2)(0,2)
Polygon:
(0,0)(26,0)(26,17)(12,17)(12,25)(0,25)
Polygon:
(0,0)(12,0)(12,7)(8,7)(8,9)(0,9)
Polygon:
(0,0)(26,0)(26,9)(12,9)(12,17)(0,17)
Polygon:
(0,0)(1,0)(1,17)(0,17)
Polygon:
(0,0)(10,0)(10,12)(0,12)
Polygon:
(0,0)(16,0)(16,15)(3,15)(3,22)(0,22)
Polygon:
(0,0)(10,0)(10,13)(0,13)
Polygon:
(0,0)(21,0)(21,9)(3,9)(3,13)(0,13)
Polygon:
(0,0)(27,0)(27,12)(18,12)(18,28)(0,28)
Polygon:
(0,0)(19,0)(19,3)(12,3)(12,17)(10,17)(10,9)(0,9)
Polygon:
(0,0)(14,0)(14,2)(0,2)
Polygon:
(0,0)(9,0)(9,7)(0,7)
Polygon:
(0,0)(19,0)(19,16)(9,16)(9,18)(6,18)(6,6)(0,6)
Polygon:
(0,0)(11,0)(11,16)(9,16)(9,21)(0,21)
Polygon:
(0,0)(18,0)(18,2)(13,2)(13,6)(0,6)
Polygon:
(0,0)(6,0)(6,11)(0,11)
Polygon:
(0,0)(17,0)(17,16)(0,16)
Polygon:
(0,0)(17,0)(17,6)(15,6)(15,13)(0,13)
Polygon:
(0,0)(15,0)(15,16)(0,16)
Polygon:
(0,0)(17,0)(17,8)(0,8)
Polygon:
(0,0)(32,0)(32,12)(18,12)(18,22)(6,22)(6,6)(0,6)
Polygon:
(0,0)(18,0)(18,5)(8,5)(8,11)(0,11)
Polygon:
(0,0)(18,0)(18,16)(0,16)
Polygon:
(0,0)(7,0)(7,9)(0,9)
Polygon:
(0,0)(22,0)(22,7)(15,7)(15,16)(4,16)(4,1)(0,1)
Polygon:
(0,0)(8,0)(8,11)(0,11)
Polygon:
(0,0)(23,0)(23,12)(17,12)(17,25)(1,25)(1,14)(0,14)
Polygon:
(0,0)(8,0)(8,17)(0,17)
Polygon:
(0,0)(5,0)(5,17)(0,17)
Polygon:
(0,0)(9,0)(9,13)(0,13)
Polygon:
(0,0)(1,0)(1,13)(0,13)
Polygon:
(0,0)(12,0)(12,12)(0,12)
Polygon:
(0,0)(28,0)(28,13)(12,13)(12,27)(4,27)(4,9)(0,9)
Polygon:
(0,0)(1,0)(1,2)(0,2)
Polygon:
(0,0)(10,0)(10,16)(0,16)
Polygon:
(0,0)(16,0)(16,17)(0,17)
Polygon:
(0,0)(18,0)(18,4)(0,4)
Polygon:
(0,0)(15,0)(15,2)(0,2)
Polygon:
(0,0)(13,0)(13,1)(0,1)
Polygon:
(0,0)(15,0)(15,12)(0,12)
Polygon:
(0,0)(7,0)(7,13)(0,13)
Polygon:
(0,0)(14,0)(14,4)(8,4)(8,20)(0,20)
Polygon:
(0,0)(10,0)(10,5)(7,5)(7,15)(2,15)(2,14)(0,14)
Polygon:
(0,0)(14,0)(14,16)(2,16)(2,34)(0,34)
Polygon:
(0,0)(3,0)(3,14)(0,14)
Polygon:
(0,0)(3,0)(3,12)(0,12)
Polygon:
(0,0)(22,0)(22,14)(21,14)(21,24)(5,24)(5,6)(0,6)
Polygon:
(0,0)(8,0)(8,16)(2,16)(2,18)(0,18)
Polygon:
(0,0)(2,0)(2,18)(0,18)
Polygon:
(0,0)(16,0)(16,13)(0,13)
Polygon:
(0,0)(25,0)(25,24)(14,24)(14,33)(1,33)(1,15)(0,15)
Polygon:
(0,0)(3,0)(3,18)(0,18)
Polygon:
(0,0)(17,0)(17,8)(0,8)
Polygon:
(0,0)(11,0)(11,5)(0,5)
Polygon:
(0,0)(27,0)(27,30)(22,30)(22,32)(18,32)(18,15)(0,15)
Polygon:
(0,0)(12,0)(12,10)(0,10)
Polygon:
(0,0)(11,0)(11,9)(0,9)
Polygon:
(0,0)(1,0)(1,6)(0,6)
Polygon:
(0,0)(13,0)(13,6)(0,6)
Polygon:
(0,0)(1,0)(1,16)(0,16)
Polygon:
(0,0)(21,0)(21,7)(18,7)(18,19)(0,19)
Polygon:
(0,0)(23,0)(23,9)(5,9)(5,12)(0,12)
Polygon:
(0,0)(20,0)(20,14)(17,14)(17,30)(15,30)(15,13)(0,13)
Polygon:
(0,0)(5,0)(5,4)(4,4)(4,14)(0,14)
Polygon:
(0,0)(5,0)(5,17)(0,17)
Polygon:
(0,0)(16,0)(16,17)(12,17)(12,25)(3,25)(3,8)(0,8)
Polygon:
(0,0)(22,0)(22,1)(14,1)(14,12)(0,12)
Polygon:
(0,0)(6,0)(6,11)(0,11)
Polygon:
(0,0)(1,0)(1,5)(0,5)
Polygon:
(0,0)(8,0)(8,5)(0,5)
Polygon:
(0,0)(5,0)(5,4)(0,4)
Polygon:
(0,0)(31,0)(31,5)(13,5)(13,22)(10,22)(10,15)(0,15)
Polygon:
(0,0)(18,0)(18,14)(0,14)
Polygon:
(0,0)(24,0)(24,6)(23,6)(23,18)(8,18)(8,15)(0,15)
Polygon:
(0,0)(8,0)(8,12)(0,12)
Polygon:
(0,0)(17,0)(17,5)(6,5)(6,17)(0,17)
Polygon:
(0,0)(40,0)(40,12)(23,12)(23,19)(17,19)(17,7)(0,7)
Polygon:
(0,0)(23,0)(23,20)(10,20)(10,29)(1,29)(1,11)(0,11)
Polygon:
(0,0)(2,0)(2,12)(0,12)
Polygon:
(0,0)(13,0)(13,16)(0,16)
Polygon:
(0,0)(18,0)(18,18)(0,18)
Polygon:
(0,0)(6,0)(6,14)(0,14)
Polygon:
(0,0)(10,0)(10,18)(0,18)
Polygon:
(0,0)(16,0)(16,14)(0,14)
Polygon:
(0,0)(17,0)(17,17)(0,17)
Polygon:
(0,0)(23,0)(23,24)(17,24)(17,26)(1,26)(1,9)(0,9)
Polygon:
(0,0)(28,0)(28,6)(19,6)(19,18)(5,18)(5,5)(0,5)
Polygon:
(0,0)(39,0)(39,3)(21,3)(21,20)(13,20)(13,16)(0,16)
Polygon:
(0,0)(21,0)(21,13)(6,13)(6,14)(0,14)
Polygon:
(0,0)(16,0)(16,5)(6,5)(6,7)(0,7)
Polygon:
(0,0)(18,0)(18,10)(0,10)
Polygon:
(0,0)(9,0)(9,13)(0,13)
Polygon:
(0,0)(14,0)(14,13)(9,13)(9,21)(5,21)(5,12)(0,12)
Polygon:
(0,0)(10,0)(10,10)(0,10)
Polygon:
(0,0)(3,0)(3,2)(0,2)
Polygon:
(0,0)(28,0)(28,16)(10,16)(10,29)(0,29)
Polygon:
(0,0)(12,0)(12,12)(0,12)
Polygon:
(0,0)(8,0)(8,2)(2,2)(2,6)(0,6)
Polygon:
(0,0)(24,0)(24,14)(16,14)(16,29)(0,29)
Polygon:
(0,0)(15,0)(15,17)(0,17)
Polygon:
(0,0)(19,0)(19,11)(5,11)(5,12)(0,12)
Polygon:
(0,0)(11,0)(11,15)(6,15)(6,22)(4,22)(4,11)(0,11)
Polygon:
(0,0)(25,0)(25,15)(17,15)(17,31)(16,31)(16,18)(0,18)
Polygon:
(0,0)(8,0)(8,10)(0,10)
Polygon:
(0,0)(6,0)(6,1)(0,1)
Polygon:
(0,0)(17,0)(17,12)(0,12)
Polygon:
(0,0)(24,0)(24,2)(17,2)(17,6)(0,6)
Polygon:
(0,0)(8,0)(8,18)(0,18)
Polygon:
(0,0)(25,0)(25,17)(12,17)(12,21)(0,21)
Polygon:
(0,0)(32,0)(32,22)(22,22)(22,26)(13,26)(13,10)(0,10)
Polygon:
(0,0)(12,0)(12,15)(0,15)
Polygon:
(0,0)(15,0)(15,12)(0,12)
Polygon:
(0,0)(9,0)(9,22)(6,22)(6,24)(1,24)(1,11)(0,11)
Polygon:
(0,0)(28,0)(28,5)(12,5)(12,14)(0,14)
Polygon:
(0,0)(9,0)(9,6)(8,6)(8,11)(0,11)
Polygon:
(0,0)(17,0)(17,7)(0,7)
Polygon:
(0,0)(25,0)(25,1)(14,1)(14,4)(13,4)(13,3)(0,3)
Polygon:
(0,0)(14,0)(14,11)(5,11)(5,27)(0,27)
Polygon:
(0,0)(37,0)(37,15)(19,15)(19,16)(1,16)(1,5)(0,5)
Polygon:
(0,0)(16,0)(16,5)(13,5)(13,20)(5,20)(5,15)(0,15)
Polygon:
(0,0)(6,0)(6,13)(0,13)
Polygon:
(0,0)(11,0)(11,8)(0,8)
Polygon:
(0,0)(13,0)(13,2)(12,2)(12,8)(0,8)
Polygon:
(0,0)(7,0)(7,12)(4,12)(4,18)(3,18)(3,3)(0,3)
Polygon:
(0,0)(18,0)(18,5)(0,5)
Polygon:
(0,0)(15,0)(15,9)(0,9)
Polygon:
(0,0)(32,0)(32,13)(24,13)(24,14)(13,14)(13,3)(0,3)
Polygon:
(0,0)(5,0)(5,12)(0,12)
Polygon:
(0,0)(32,0)(32,6)(19,6)(19,19)(2,19)(2,12)(0,12)
Polygon:
(0,0)(8,0)(8,10)(0,10)
Polygon:
(0,0)(26,0)(26,8)(9,8)(9,20)(0,20)
Polygon:
(0,0)(24,0)(24,9)(17,9)(17,11)(0,11)
Polygon:
(0,0)(16,0)(16,16)(12,16)(12,22)(9,22)(9,8)(0,8)
Polygon:
(0,0)(2,0)(2,9)(0,9)
Polygon:
(0,0)(5,0)(5,16)(0,16)
Polygon:
(0,0)(18,0)(18,18)(0,18)
Polygon:
(0,0)(15,0)(15,20)(14,20)(14,36)(1,36)(1,18)(0,18)
Polygon:
(0,0)(16,0)(16,13)(0,13)
Polygon:
(0,0)(17,0)(17,17)(0,17)
Polygon:
(0,0)(16,0)(16,13)(4,13)(4,14)(3,14)(3,5)(0,5)
Polygon:
(0,0)(11,0)(11,18)(0,18)
Polygon:
(0,0)(23,0)(23,14)(10,14)(10,30)(0,30)
Polygon:
(0,0)(3,0)(3,7)(0,7)
Polygon:
(0,0)(17,0)(17,14)(0,14)
Polygon:
(0,0)(27,0)(27,11)(21,11)(21,25)(15,25)(15,14)(0,14)
Polygon:
(0,0)(2,0)(2,7)(0,7)
Polygon:
(0,0)(13,0)(13,11)(0,11)
Polygon:
(0,0)(12,0)(12,13)(0,13)
Polygon:
(0,0)(34,0)(34,6)(23,6)(23,8)(18,8)(18,5)(0,5)
Polygon:
(0,0)(13,0)(13,17)(0,17)
Polygon:
(0,0)(18,0)(18,1)(7,1)(7,7)(0,7)
Polygon:
(0,0)(16,0)(16,13)(14,13)(14,21)(0,21)
Polygon:
(0,0)(32,0)(32,18)(17,18)(17,29)(0,29)
Polygon:
(0,0)(33,0)(33,13)(16,13)(16,17)(0,17)
Polygon:
(0,0)(32,0)(32,15)(31,15)(31,17)(13,17)(13,3)(0,3)
Polygon:
(0,0)(1,0)(1,12)(0,12)
Polygon:
(0,0)(49,0)(49,15)(34,15)(34,28)(17,28)(17,12)(0,12)
Polygon:
(0,0)(27,0)(27,12)(17,12)(17,21)(5,21)(5,6)(0,6)
Polygon:
(0,0)(18,0)(18,2)(9,2)(9,7)(0,7)
Polygon:
(0,0)(15,0)(15,15)(0,15)
Polygon:
(0,0)(19,0)(19,12)(6,12)(6,26)(3,26)(3,17)(0,17)
Polygon:
(0,0)(4,0)(4,8)(0,8)
Polygon:
(0,0)(5,0)(5,12)(0,12)
Polygon:
(0,0)(5,0)(5,8)(0,8)
Polygon:
(0,0)(10,0)(10,16)(0,16)
Polygon:
(0,0)(4,0)(4,11)(0,11)
Polygon:
(0,0)(17,0)(17,15)(8,15)(8,23)(0,23)
Polygon:
(0,0)(10,0)(10,18)(0,18)
Polygon:
(0,0)(24,0)(24,15)(18,15)(18,23)(0,23)
Polygon:
(0,0)(1,0)(1,3)(0,3)
Polygon:
(0,0)(5,0)(5,2)(0,2)
Polygon:
(0,0)(16,0)(16,13)(0,13)
Polygon:
(0,0)(3,0)(3,7)(0,7)
Polygon:
(0,0)(30,0)(30,8)(16,8)(16,15)(0,15)
Polygon:
(0,0)(16,0)(16,11)(0,11)
Polygon:
(0,0)(23,0)(23,12)(16,12)(16,20)(3,20)(3,16)(0,16)
Polygon:
(0,0)(14,0)(14,10)(8,10)(8,17)(0,17)
Polygon:
(0,0)(4,0)(4,15)(0,15)
Polygon:
(0,0)(4,0)(4,18)(1,18)(1,36)(0,36)
Polygon:
(0,0)(21,0)(21,22)(18,22)(18,23)(17,23)(17,16)(0,16)
Polygon:
(0,0)(2,0)(2,2)(0,2)
Polygon:
(0,0)(21,0)(21,7)(15,7)(15,13)(12,13)(12,7)(0,7)
Polygon:
(0,0)(2,0)(2,12)(0,12)
Polygon:
(0,0)(17,0)(17,4)(0,4)
Polygon:
(0,0)(7,0)(7,6)(0,6)
Polygon:
(0,0)(13,0)(13,9)(0,9)
Polygon:
(0,0)(3,0)(3,8)(0,8)
Polygon:
(0,0)(14,0)(14,21)(11,21)(11,25)(3,25)(3,8)(0,8)
Polygon:
(0,0)(29,0)(29,4)(18,4)(18,21)(0,21)
Polygon:
(0,0)(2,0)(2,7)(0,7)
Polygon:
(0,0)(11,0)(11,12)(9,12)(9,25)(4,25)(4,17)(0,17)
Polygon:
(0,0)(21,0)(21,15)(18,15)(18,20)(3,20)(3,10)(0,10)
Polygon:
(0,0)(9,0)(9,3)(0,3)
Polygon:
(0,0)(13,0)(13,12)(0,12)
Polygon:
(0,0)(30,0)(30,12)(25,12)(25,29)(16,29)(16,15)(0,15)
Polygon:
(0,0)(15,0)(15,4)(0,4)
Polygon:
(0,0)(15,0)(15,9)(0,9)
Polygon:
(0,0)(4,0)(4,12)(0,12)
Polygon:
(0,0)(31,0)(31,9)(13,9)(13,19)(4,19)(4,3)(0,3)
Polygon:
(0,0)(4,0)(4,4)(1,4)(1,5)(0,5)
Polygon:
(0,0)(40,0)(40,9)(25,9)(25,15)(14,15)(14,14)(0,14)
Polygon:
(0,0)(16,0)(16,6)(15,6)(15,9)(0,9)
Polygon:
(0,0)(17,0)(17,7)(0,7)
Polygon:
(0,0)(1,0)(1,14)(0,14)
Polygon:
(0,0)(2,0)(2,12)(0,12)
Polygon:
(0,0)(17,0)(17,2)(9,2)(9,4)(0,4)
Polygon:
(0,0)(34,0)(34,9)(16,9)(16,17)(0,17)
Polygon:
(0,0)(2,0)(2,4)(0,4)
Polygon:
(0,0)(26,0)(26,6)(17,6)(17,8)(0,8)
Polygon:
(0,0)(3,0)(3,7)(0,7)
Polygon:
(0,0)(8,0)(8,4)(0,4)
Polygon:
(0,0)(3,0)(3,1)(0,1)
Polygon:
(0,0)(20,0)(20,6)(9,6)(9,22)(0,22)
Polygon:
(0,0)(12,0)(12,9)(0,9)
Polygon:
(0,0)(13,0)(13,12)(6,12)(6,22)(0,22)
Polygon:
(0,0)(18,0)(18,14)(0,14)
Polygon:
(0,0)(23,0)(23,15)(18,15)(18,28)(0,28)
Polygon:
(0,0)(21,0)(21,15)(7,15)(7,20)(0,20)
Polygon:
(0,0)(1,0)(1,9)(0,9)
Polygon:
(0,0)(1,0)(1,8)(0,8)
Polygon:
(0,0)(17,0)(17,2)(0,2)
Polygon:
(0,0)(41,0)(41,11)(26,11)(26,16)(14,16)(14,15)(0,15)
Polygon:
(0,0)(3,0)(3,14)(0,14)
Polygon:
(0,0)(11,0)(11,18)(0,18)
Polygon:
(0,0)(7,0)(7,9)(6,9)(6,17)(0,17)
Polygon:
(0,0)(25,0)(25,17)(17,17)(17,33)(4,33)(4,16)(0,16)
Polygon:
(0,0)(27,0)(27,11)(17,11)(17,18)(5,18)(5,5)(0,5)
Polygon:
(0,0)(4,0)(4,5)(0,5)
Polygon:
(0,0)(7,0)(7,5)(0,5)
Polygon:
(0,0)(10,0)(10,9)(3,9)(3,24)(0,24)
Polygon:
(0,0)(18,0)(18,6)(0,6)
Polygon:
(0,0)(16,0)(16,19)(2,19)(2,24)(1,24)(1,13)(0,13)
Polygon:
(0,0)(14,0)(14,14)(0,14)
Polygon:
(0,0)(2,0)(2,3)(0,3)
Polygon:
(0,0)(21,0)(21,14)(17,14)(17,30)(0,30)
Polygon:
(0,0)(41,0)(41,20)(26,20)(26,31)(12,31)(12,15)(0,15)
Polygon:
(0,0)(2,0)(2,12)(0,12)
Polygon:
(0,0)(16,0)(16,3)(14,3)(14,4)(0,4)
Polygon:
(0,0)(2,0)(2,15)(0,15)
Polygon:
(0,0)(13,0)(13,4)(0,4)
Polygon:
(0,0)(8,0)(8,17)(0,17)
Polygon:
(0,0)(19,0)(19,17)(8,17)(8,26)(0,26)
Polygon:
(0,0)(36,0)(36,16)(35,16)(35,19)(18,19)(18,14)(0,14)
Polygon:
(0,0)(18,0)(18,7)(2,7)(2,21)(0,21)
Polygon:
(0,0)(4,0)(4,11)(0,11)
Polygon:
(0,0)(4,0)(4,6)(0,6)
Polygon:
(0,0)(25,0)(25,7)(18,7)(18,21)(3,21)(3,15)(0,15)
Polygon:
(0,0)(32,0)(32,14)(19,14)(19,16)(18,16)(18,1)(0,1)
Polygon:
(0,0)(39,0)(39,16)(26,16)(26,20)(18,20)(18,9)(0,9)
Polygon:
(0,0)(9,0)(9,3)(0,3)
Polygon:
(0,0)(36,0)(36,24)(25,24)(25,32)(12,32)(12,16)(0,16)
Polygon:
(0,0)(25,0)(25,11)(24,11)(24,13)(12,13)(12,4)(0,4)
Polygon:
(0,0)(22,0)(22,8)(15,8)(15,13)(11,13)(11,7)(0,7)
Polygon:
(0,0)(33,0)(33,5)(30,5)(30,8)(18,8)(18,2)(0,2)
Polygon:
(0,0)(35,0)(35,11)(24,11)(24,16)(7,16)(7,5)(0,5)
Polygon:
(0,0)(3,0)(3,7)(0,7)
Polygon:
(0,0)(22,0)(22,8)(9,8)(9,19)(0,19)
Polygon:
(0,0)(3,0)(3,2)(0,2)
Polygon:
(0,0)(11,0)(11,18)(0,18)
Polygon:
(0,0)(1,0)(1,14)(0,14)
Polygon:
(0,0)(13,0)(13,3)(0,3)
Polygon:
(0,0)(15,0)(15,10)(0,10)
Polygon:
(0,0)(4,0)(4,4)(0,4)
Polygon:
(0,0)(11,0)(11,8)(1,8)(1,22)(0,22)
Polygon:
(0,0)(36,0)(36,15)(27,15)(27,17)(12,17)(12,2)(0,2)
Polygon:
(0,0)(17,0)(17,5)(0,5)
Polygon:
(0,0)(25,0)(25,8)(13,8)(13,10)(0,10)
Polygon:
(0,0)(19,0)(19,5)(15,5)(15,22)(13,22)(13,17)(0,17)
Polygon:
(0,0)(33,0)(33,6)(18,6)(18,8)(0,8)
Polygon:
(0,0)(42,0)(42,6)(24,6)(24,24)(7,24)(7,17)(0,17)
Polygon:
(0,0)(7,0)(7,18)(0,18)
Polygon:
(0,0)(23,0)(23,22)(22,22)(22,25)(16,25)(16,8)(0,8)
Polygon:
(0,0)(9,0)(9,15)(0,15)
Polygon:
(0,0)(15,0)(15,3)(0,3)
Polygon:
(0,0)(19,0)(19,18)(11,18)(11,29)(0,29)
Polygon:
(0,0)(21,0)(21,6)(8,6)(8,22)(5,22)(5,8)(0,8)
Polygon:
(0,0)(17,0)(17,4)(0,4)
Polygon:
(0,0)(38,0)(38,4)(29,4)(29,14)(11,14)(11,2)(0,2)
Polygon:
(0,0)(16,0)(16,11)(4,11)(4,24)(1,24)(1,12)(0,12)
Polygon:
(0,0)(8,0)(8,1)(0,1)
Polygon:
(0,0)(7,0)(7,16)(0,16)
Polygon:
(0,0)(17,0)(17,4)(0,4)
Polygon:
(0,0)(12,0)(12,18)(0,18)
Polygon:
(0,0)(44,0)(44,9)(27,9)(27,21)(16,21)(16,5)(0,5)
Polygon:
(0,0)(25,0)(25,10)(11,10)(11,12)(0,12)
Polygon:
(0,0)(17,0)(17,3)(8,3)(8,21)(0,21)
Polygon:
(0,0)(6,0)(6,15)(0,15)
Polygon:
(0,0)(12,0)(12,13)(0,13)
Polygon:
(0,0)(14,0)(14,16)(0,16)
Polygon:
(0,0)(16,0)(16,11)(0,11)
Polygon:
(0,0)(27,0)(27,4)(9,4)(9,20)(0,20)
Polygon:
(0,0)(23,0)(23,18)(12,18)(12,24)(0,24)
Polygon:
(0,0)(23,0)(23,2)(14,2)(14,17)(0,17)
Polygon:
(0,0)(15,0)(15,2)(2,2)(2,16)(0,16)
Polygon:
(0,0)(12,0)(12,17)(0,17)
Polygon:
(0,0)(14,0)(14,6)(0,6)
Polygon:
(0,0)(16,0)(16,17)(0,17)
Polygon:
(0,0)(36,0)(36,3)(25,3)(25,8)(18,8)(18,1)(0,1)
Polygon:
(0,0)(6,0)(6,11)(0,11)
Polygon:
(0,0)(11,0)(11,16)(0,16)
Polygon:
(0,0)(30,0)(30,1)(18,1)(18,8)(11,8)(11,3)(0,3)
Polygon:
(0,0)(17,0)(17,1)(5,1)(5,5)(0,5)
Polygon:
(0,0)(11,0)(11,14)(10,14)(10,24)(0,24)
Polygon:
(0,0)(33,0)(33,4)(17,4)(17,22)(0,22)
Polygon:
(0,0)(7,0)(7,1)(5,1)(5,5)(0,5)
Polygon:
(0,0)(21,0)(21,32)(16,32)(16,33)(4,33)(4,18)(0,18)
Polygon:
(0,0)(25,0)(25,21)(18,21)(18,28)(9,28)(9,17)(0,17)
Polygon:
(0,0)(34,0)(34,13)(16,13)(16,26)(0,26)
Polygon:
(0,0)(47,0)(47,25)(31,25)(31,26)(15,26)(15,14)(0,14)
Polygon:
(0,0)(9,0)(9,7)(0,7)
Polygon:
(0,0)(9,0)(9,16)(0,16)
Polygon:
(0,0)(3,0)(3,1)(0,1)
Polygon:
(0,0)(14,0)(14,2)(0,2)
Polygon:
(0,0)(15,0)(15,10)(9,10)(9,14)(0,14)
Polygon:
(0,0)(16,0)(16,9)(0,9)
Polygon:
(0,0)(11,0)(11,1)(0,1)
Polygon:
(0,0)(4,0)(4,4)(0,4)
Polygon:
(0,0)(17,0)(17,8)(0,8)
Polygon:
(0,0)(1,0)(1,3)(0,3)
Polygon:
(0,0)(9,0)(9,4)(0,4)
Polygon:
(0,0)(3,0)(3,17)(0,17)
Polygon:
(0,0)(27,0)(27,6)(13,6)(13,11)(0,11)
Polygon:
(0,0)(12,0)(12,18)(0,18)
Polygon:
(0,0)(3,0)(3,11)(0,11)
Polygon:
(0,0)(36,0)(36,3)(35,3)(35,13)(18,13)(18,11)(0,11)
Polygon:
(0,0)(14,0)(14,17)(0,17)
Polygon:
(0,0)(11,0)(11,2)(0,2)
Polygon:
(0,0)(1,0)(1,8)(0,8)
Polygon:
(0,0)(15,0)(15,14)(0,14)
Polygon:
(0,0)(12,0)(12,1)(0,1)
Polygon:
(0,0)(5,0)(5,14)(0,14)
Polygon:
(0,0)(2,0)(2,16)(0,16)
Polygon:
(0,0)(10,0)(10,10)(0,10)
Polygon:
(0,0)(28,0)(28,14)(12,14)(12,17)(7,17)(7,4)(0,4)
Polygon:
(0,0)(39,0)(39,20)(23,20)(23,25)(5,25)(5,14)(0,14)
Polygon:
(0,0)(14,0)(14,9)(0,9)
Polygon:
(0,0)(13,0)(13,2)(0,2)
Polygon:
(0,0)(7,0)(7,3)(0,3)
Polygon:
(0,0)(18,0)(18,1)(2,1)(2,4)(0,4)
Polygon:
(0,0)(16,0)(16,4)(9,4)(9,7)(0,7)
Polygon:
(0,0)(9,0)(9,9)(8,9)(8,20)(0,20)
Polygon:
(0,0)(26,0)(26,14)(11,14)(11,27)(0,27)
Polygon:
(0,0)(12,0)(12,9)(4,9)(4,26)(0,26)
Polygon:
(0,0)(29,0)(29,16)(16,16)(16,33)(0,33)
Polygon:
(0,0)(3,0)(3,3)(0,3)
Polygon:
(0,0)(15,0)(15,7)(0,7)
Polygon:
(0,0)(14,0)(14,7)(0,7)
Polygon:
(0,0)(52,0)(52,27)(34,27)(34,30)(17,30)(17,12)(0,12)
Polygon:
(0,0)(8,0)(8,5)(5,5)(5,6)(0,6)
Polygon:
(0,0)(3,0)(3,12)(0,12)
Polygon:
(0,0)(5,0)(5,18)(0,18)
Polygon:
(0,0)(27,0)(27,14)(19,14)(19,24)(17,24)(17,7)(0,7)
Polygon:
(0,0)(19,0)(19,14)(8,14)(8,27)(0,27)
Polygon:
(0,0)(5,0)(5,3)(0,3)
Polygon:
(0,0)(13,0)(13,7)(5,7)(5,8)(2,8)(2,1)(0,1)
Polygon:
(0,0)(22,0)(22,14)(16,14)(16,24)(0,24)
Polygon:
(0,0)(24,0)(24,2)(13,2)(13,19)(11,19)(11,3)(0,3)
Polygon:
(0,0)(18,0)(18,3)(0,3)
Polygon:
(0,0)(14,0)(14,18)(0,18)
Polygon:
(0,0)(12,0)(12,13)(0,13)
Polygon:
(0,0)(6,0)(6,4)(3,4)(3,9)(0,9)
Polygon:
(0,0)(19,0)(19,8)(2,8)(2,10)(0,10)
Polygon:
(0,0)(9,0)(9,11)(0,11)
Polygon:
(0,0)(25,0)(25,11)(9,11)(9,13)(2,13)(2,3)(0,3)
Polygon:
(0,0)(4,0)(4,18)(0,18)
Polygon:
(0,0)(14,0)(14,18)(0,18)
Polygon:
(0,0)(27,0)(27,14)(19,14)(19,21)(3,21)(3,7)(0,7)
Polygon:
(0,0)(12,0)(12,15)(0,15)
Polygon:
(0,0)(12,0)(12,15)(0,15)
Polygon:
(0,0)(7,0)(7,12)(0,12)
Polygon:
(0,0)(6,0)(6,17)(0,17)
Polygon:
(0,0)(3,0)(3,17)(0,17)
Polygon:
(0,0)(19,0)(19,14)(6,14)(6,22)(0,22)
Polygon:
(0,0)(16,0)(16,7)(0,7)
Polygon:
(0,0)(17,0)(17,7)(0,7)
Polygon:
(0,0)(20,0)(20,12)(6,12)(6,24)(4,24)(4,18)(0,18)
Polygon:
(0,0)(4,0)(4,10)(0,10)
Polygon:
(0,0)(19,0)(19,31)(17,31)(17,36)(8,36)(8,18)(0,18)
Polygon:
(0,0)(4,0)(4,13)(0,13)
Polygon:
(0,0)(40,0)(40,24)(29,24)(29,25)(15,25)(15,9)(0,9)
Polygon:
(0,0)(17,0)(17,7)(7,7)(7,16)(0,16)
Polygon:
(0,0)(32,0)(32,3)(14,3)(14,21)(4,21)(4,3)(0,3)
Polygon:
(0,0)(18,0)(18,6)(0,6)
Polygon:
(0,0)(18,0)(18,13)(0,13)
Polygon:
(0,0)(7,0)(7,11)(0,11)
Polygon:
(0,0)(26,0)(26,3)(20,3)(20,18)(16,18)(16,4)(0,4)
Polygon:
(0,0)(17,0)(17,23)(6,23)(6,28)(5,28)(5,14)(0,14)
Polygon:
(0,0)(5,0)(5,16)(0,16)
Polygon:
(0,0)(26,0)(26,18)(13,18)(13,19)(0,19)
Polygon:
(0,0)(18,0)(18,10)(0,10)
Polygon:
(0,0)(6,0)(6,2)(0,2)
Polygon:
(0,0)(16,0)(16,2)(10,2)(10,6)(0,6)
Polygon:
(0,0)(11,0)(11,13)(0,13)
Polygon:
(0,0)(33,0)(33,11)(24,11)(24,23)(6,23)(6,6)(0,6)
Polygon:
(0,0)(30,0)(30,22)(27,22)(27,28)(17,28)(17,16)(0,16)
Polygon:
(0,0)(11,0)(11,18)(0,18)
Polygon:
(0,0)(25,0)(25,18)(24,18)(24,27)(14,27)(14,12)(0,12)
