Polygon:
(0,0)(32,0)(32,29)(31,29)(31,11)(16,11)(16,12)(0,12)
Polygon:
(0,0)(7,0)(7,10)(4,10)(4,6)(2,6)(2,7)(0,7)
Polygon:
(0,0)(51,0)(51,24)(34,24)(34,7)(18,7)(18,11)(0,11)
Polygon:
(0,0)(8,0)(8,20)(7,20)(7,8)(5,8)(5,14)(0,14)
Polygon:
(0,0)(34,0)(34,16)(16,16)(16,1)(7,1)(7,7)(0,7)
Polygon:
(0,0)(13,0)(13,18)(11,18)(11,3)(6,3)(6,11)(0,11)
Polygon:
(0,0)(15,0)(15,25)(11,25)(11,12)(4,12)(4,18)(0,18)
Polygon:
(0,0)(11,0)(11,26)(8,26)(8,8)(7,8)(7,10)(0,10)
Polygon:
(0,0)(26,0)(26,33)(13,33)(13,15)(12,15)(12,18)(0,18)
Polygon:
(0,0)(20,0)(20,17)(4,17)(4,1)(1,1)(1,2)(0,2)
Polygon:
(0,0)(30,0)(30,28)(24,28)(24,10)(13,10)(13,11)(0,11)
Polygon:
(0,0)(13,0)(13,26)(12,26)(12,13)(5,13)(5,16)(0,16)
Polygon:
(0,0)(26,0)(26,14)(25,14)(25,8)(15,8)(15,15)(0,15)
Polygon:
(0,0)(34,0)(34,9)(17,9)(17,6)(3,6)(3,11)(0,11)
Polygon:
(0,0)(19,0)(19,27)(9,27)(9,15)(2,15)(2,17)(0,17)
Polygon:
(0,0)(28,0)(28,9)(17,9)(17,3)(12,3)(12,13)(0,13)
Polygon:
(0,0)(26,0)(26,10)(18,10)(18,9)(16,9)(16,18)(0,18)
Polygon:
(0,0)(33,0)(33,21)(26,21)(26,12)(13,12)(13,17)(0,17)
Polygon:
(0,0)(46,0)(46,12)(28,12)(28,11)(16,11)(16,17)(0,17)
Polygon:
(0,0)(32,0)(32,16)(18,16)(18,14)(6,14)(6,18)(0,18)
Polygon:
(0,0)(39,0)(39,13)(23,13)(23,2)(8,2)(8,17)(0,17)
Polygon:
(0,0)(40,0)(40,16)(23,16)(23,11)(11,11)(11,12)(0,12)
Polygon:
(0,0)(32,0)(32,23)(15,23)(15,14)(12,14)(12,15)(0,15)
Polygon:
(0,0)(34,0)(34,17)(33,17)(33,3)(16,3)(16,12)(0,12)
Polygon:
(0,0)(34,0)(34,21)(20,21)(20,16)(8,16)(8,17)(0,17)
Polygon:
(0,0)(40,0)(40,14)(25,14)(25,2)(11,2)(11,17)(0,17)
Polygon:
(0,0)(39,0)(39,27)(23,27)(23,12)(18,12)(18,14)(0,14)
Polygon:
(0,0)(31,0)(31,20)(18,20)(18,9)(17,9)(17,11)(0,11)
Polygon:
(0,0)(37,0)(37,18)(25,18)(25,11)(15,11)(15,16)(0,16)
Polygon:
(0,0)(28,0)(28,10)(17,10)(17,8)(16,8)(16,12)(0,12)
Polygon:
(0,0)(36,0)(36,8)(24,8)(24,4)(11,4)(11,13)(0,13)
Polygon:
(0,0)(44,0)(44,19)(28,19)(28,6)(10,6)(10,16)(0,16)
Polygon:
(0,0)(20,0)(20,23)(8,23)(8,11)(2,11)(2,12)(0,12)
Polygon:
(0,0)(14,0)(14,15)(13,15)(13,12)(4,12)(4,15)(0,15)
Polygon:
(0,0)(21,0)(21,11)(12,11)(12,2)(5,2)(5,15)(0,15)
Polygon:
(0,0)(43,0)(43,23)(28,23)(28,7)(16,7)(16,12)(0,12)
Polygon:
(0,0)(21,0)(21,11)(18,11)(18,7)(3,7)(3,16)(0,16)
Polygon:
(0,0)(37,0)(37,20)(28,20)(28,5)(16,5)(16,16)(0,16)
Polygon:
(0,0)(17,0)(17,22)(6,22)(6,6)(5,6)(5,13)(0,13)
Polygon:
(0,0)(10,0)(10,10)(3,10)(3,6)(1,6)(1,14)(0,14)
Polygon:
(0,0)(39,0)(39,9)(27,9)(27,22)(12,22)(12,12)(0,12)
Polygon:
(0,0)(13,0)(13,8)(7,8)(7,25)(4,25)(4,8)(0,8)
Polygon:
(0,0)(18,0)(18,14)(0,14)
Polygon:
(0,0)(17,0)(17,8)(16,8)(16,19)(12,19)(12,1)(0,1)
Polygon:
(0,0)(8,0)(8,15)(0,15)
Polygon:
(0,0)(17,0)(17,8)(0,8)
Polygon:
(0,0)(10,0)(10,17)(0,17)
Polygon:
(0,0)(16,0)(16,8)(0,8)
Polygon:
(0,0)(18,0)(18,10)(0,10)
Polygon:
(0,0)(31,0)(31,18)(14,18)(14,30)(5,30)(5,13)(0,13)
Polygon:
(0,0)(6,0)(6,15)(0,15)
Polygon:
(0,0)(31,0)(31,1)(17,1)(17,5)(0,5)
Polygon:
(0,0)(18,0)(18,4)(12,4)(12,5)(0,5)
Polygon:
(0,0)(14,0)(14,2)(0,2)
Polygon:
(0,0)(11,0)(11,13)(9,13)(9,26)(0,26)
Polygon:
(0,0)(17,0)(17,3)(0,3)
Polygon:
(0,0)(18,0)(18,3)(13,3)(13,18)(6,18)(6,8)(0,8)
Polygon:
(0,0)(1,0)(1,17)(0,17)
Polygon:
(0,0)(42,0)(42,9)(29,9)(29,17)(16,17)(16,5)(0,5)
Polygon:
(0,0)(14,0)(14,2)(0,2)
Polygon:
(0,0)(25,0)(25,18)(9,18)(9,25)(0,25)
Polygon:
(0,0)(15,0)(15,13)(9,13)(9,22)(7,22)(7,6)(0,6)
Polygon:
(0,0)(20,0)(20,10)(7,10)(7,14)(0,14)
Polygon:
(0,0)(29,0)(29,13)(26,13)(26,21)(13,21)(13,17)(0,17)
Polygon:
(0,0)(23,0)(23,8)(7,8)(7,9)(0,9)
Polygon:
(0,0)(8,0)(8,8)(0,8)
Polygon:
(0,0)(17,0)(17,2)(0,2)
Polygon:
(0,0)(33,0)(33,13)(17,13)(17,24)(0,24)
Polygon:
(0,0)(14,0)(14,8)(13,8)(13,25)(1,25)(1,9)(0,9)
Polygon:
(0,0)(6,0)(6,15)(0,15)
Polygon:
(0,0)(44,0)(44,20)(27,20)(27,29)(17,29)(17,14)(0,14)
Polygon:
(0,0)(18,0)(18,12)(14,12)(14,23)(0,23)
Polygon:
(0,0)(18,0)(18,14)(0,14)
Polygon:
(0,0)(21,0)(21,17)(17,17)(17,34)(0,34)
Polygon:
(0,0)(27,0)(27,19)(22,19)(22,33)(10,33)(10,18)(0,18)
Polygon:
(0,0)(8,0)(8,9)(0,9)
Polygon:
(0,0)(2,0)(2,6)(0,6)
Polygon:
(0,0)(25,0)(25,4)(13,4)(13,19)(0,19)
Polygon:
(0,0)(4,0)(4,3)(0,3)
Polygon:
(0,0)(19,0)(19,6)(1,6)(1,19)(0,19)
Polygon:
(0,0)(10,0)(10,15)(0,15)
Polygon:
(0,0)(9,0)(9,5)(0,5)
Polygon:
(0,0)(19,0)(19,9)(10,9)(10,22)(0,22)
Polygon:
(0,0)(19,0)(19,16)(5,16)(5,20)(0,20)
Polygon:
(0,0)(24,0)(24,5)(6,5)(6,19)(5,19)(5,10)(0,10)
Polygon:
(0,0)(9,0)(9,8)(0,8)
Polygon:
(0,0)(28,0)(28,14)(25,14)(25,26)(11,26)(11,12)(0,12)
Polygon:
(0,0)(20,0)(20,6)(16,6)(16,20)(10,20)(10,7)(0,7)
Polygon:
(0,0)(7,0)(7,16)(0,16)
Polygon:
(0,0)(12,0)(12,5)(6,5)(6,11)(2,11)(2,7)(0,7)
Polygon:
(0,0)(14,0)(14,17)(0,17)
Polygon:
(0,0)(13,0)(13,5)(0,5)
Polygon:
(0,0)(14,0)(14,17)(0,17)
Polygon:
(0,0)(26,0)(26,16)(8,16)(8,21)(0,21)
Polygon:
(0,0)(26,0)(26,8)(11,8)(11,25)(4,25)(4,12)(0,12)
Polygon:
(0,0)(5,0)(5,1)(0,1)
Polygon:
(0,0)(11,0)(11,10)(1,10)(1,28)(0,28)
Polygon:
(0,0)(25,0)(25,15)(15,15)(15,29)(0,29)
Polygon:
(0,0)(11,0)(11,13)(0,13)
Polygon:
(0,0)(14,0)(14,15)(0,15)
Polygon:
(0,0)(18,0)(18,16)(6,16)(6,30)(3,30)(3,15)(0,15)
Polygon:
(0,0)(8,0)(8,4)(0,4)
Polygon:
(0,0)(8,0)(8,2)(0,2)
Polygon:
(0,0)(29,0)(29,7)(18,7)(18,23)(0,23)
Polygon:
(0,0)(23,0)(23,7)(15,7)(15,13)(13,13)(13,8)(0,8)
Polygon:
(0,0)(1,0)(1,4)(0,4)
Polygon:
(0,0)(32,0)(32,2)(28,2)(28,6)(10,6)(10,3)(0,3)
Polygon:
(0,0)(3,0)(3,16)(0,16)
Polygon:
(0,0)(13,0)(13,8)(4,8)(4,14)(0,14)
Polygon:
(0,0)(5,0)(5,11)(0,11)
Polygon:
(0,0)(16,0)(16,15)(0,15)
Polygon:
(0,0)(1,0)(1,8)(0,8)
Polygon:
(0,0)(7,0)(7,18)(0,18)
Polygon:
(0,0)(1,0)(1,4)(0,4)
Polygon:
(0,0)(1,0)(1,1)(0,1)
Polygon:
(0,0)(11,0)(11,4)(0,4)
Polygon:
(0,0)(16,0)(16,18)(0,18)
Polygon:
(0,0)(44,0)(44,17)(26,17)(26,19)(12,19)(12,13)(0,13)
Polygon:
(0,0)(16,0)(16,23)(8,23)(8,25)(6,25)(6,17)(0,17)
Polygon:
(0,0)(7,0)(7,16)(4,16)(4,34)(0,34)
Polygon:
(0,0)(31,0)(31,16)(15,16)(15,34)(0,34)
Polygon:
(0,0)(14,0)(14,9)(1,9)(1,16)(0,16)
Polygon:
(0,0)(15,0)(15,1)(0,1)
Polygon:
(0,0)(11,0)(11,5)(0,5)
Polygon:
(0,0)(4,0)(4,18)(0,18)
Polygon:
(0,0)(2,0)(2,2)(0,2)
Polygon:
(0,0)(46,0)(46,8)(31,8)(31,20)(14,20)(14,11)(0,11)
Polygon:
(0,0)(2,0)(2,4)(0,4)
Polygon:
(0,0)(16,0)(16,20)(3,20)(3,21)(1,21)(1,13)(0,13)
Polygon:
(0,0)(2,0)(2,11)(0,11)
Polygon:
(0,0)(13,0)(13,15)(0,15)
Polygon:
(0,0)(21,0)(21,4)(9,4)(9,15)(0,15)
Polygon:
(0,0)(22,0)(22,12)(11,12)(11,21)(0,21)
Polygon:
(0,0)(9,0)(9,18)(0,18)
Polygon:
(0,0)(4,0)(4,8)(0,8)
Polygon:
(0,0)(3,0)(3,12)(0,12)
Polygon:
(0,0)(10,0)(10,9)(0,9)
Polygon:
(0,0)(15,0)(15,3)(0,3)
Polygon:
(0,0)(18,0)(18,15)(15,15)(15,22)(14,22)(14,16)(0,16)
Polygon:
(0,0)(17,0)(17,1)(11,1)(11,7)(0,7)
Polygon:
(0,0)(21,0)(21,4)(13,4)(13,12)(0,12)
Polygon:
(0,0)(36,0)(36,11)(18,11)(18,29)(0,29)
Polygon:
(0,0)(48,0)(48,9)(30,9)(30,13)(15,13)(15,12)(0,12)
Polygon:
(0,0)(15,0)(15,10)(0,10)
Polygon:
(0,0)(7,0)(7,16)(0,16)
Polygon:
(0,0)(6,0)(6,7)(5,7)(5,8)(1,8)(1,5)(0,5)
Polygon:
(0,0)(9,0)(9,12)(0,12)
Polygon:
(0,0)(17,0)(17,7)(0,7)
Polygon:
(0,0)(5,0)(5,3)(0,3)
Polygon:
(0,0)(9,0)(9,14)(0,14)
Polygon:
(0,0)(6,0)(6,17)(0,17)
Polygon:
(0,0)(3,0)(3,15)(0,15)
Polygon:
(0,0)(5,0)(5,13)(0,13)
Polygon:
(0,0)(11,0)(11,7)(0,7)
Polygon:
(0,0)(26,0)(26,21)(13,21)(13,25)(8,25)(8,17)(0,17)
Polygon:
(0,0)(5,0)(5,11)(0,11)
Polygon:
(0,0)(1,0)(1,7)(0,7)
Polygon:
(0,0)(3,0)(3,2)(0,2)
Polygon:
(0,0)(16,0)(16,6)(0,6)
Polygon:
(0,0)(24,0)(24,1)(17,1)(17,7)(0,7)
Polygon:
(0,0)(26,0)(26,10)(11,10)(11,19)(0,19)
Polygon:
(0,0)(37,0)(37,12)(26,12)(26,20)(11,20)(11,18)(0,18)
Polygon:
(0,0)(1,0)(1,8)(0,8)
Polygon:
(0,0)(38,0)(38,10)(23,10)(23,22)(5,22)(5,16)(0,16)
Polygon:
(0,0)(28,0)(28,20)(11,20)(11,25)(7,25)(7,10)(0,10)
Polygon:
(0,0)(13,0)(13,7)(0,7)
Polygon:
(0,0)(28,0)(28,13)(19,13)(19,22)(3,22)(3,14)(0,14)
Polygon:
(0,0)(24,0)(24,5)(14,5)(14,11)(0,11)
Polygon:
(0,0)(6,0)(6,12)(3,12)(3,15)(0,15)
Polygon:
(0,0)(13,0)(13,8)(0,8)
Polygon:
(0,0)(3,0)(3,4)(0,4)
Polygon:
(0,0)(18,0)(18,15)(16,15)(16,28)(6,28)(6,17)(0,17)
Polygon:
(0,0)(3,0)(3,16)(0,16)
Polygon:
(0,0)(2,0)(2,4)(0,4)
Polygon:
(0,0)(10,0)(10,8)(0,8)
Polygon:
(0,0)(17,0)(17,9)(0,9)
Polygon:
(0,0)(22,0)(22,1)(7,1)(7,7)(0,7)
Polygon:
(0,0)(18,0)(18,13)(0,13)
Polygon:
(0,0)(12,0)(12,9)(0,9)
Polygon:
(0,0)(6,0)(6,8)(0,8)
Polygon:
(0,0)(12,0)(12,14)(0,14)
Polygon:
(0,0)(20,0)(20,5)(5,5)(5,14)(0,14)
Polygon:
(0,0)(39,0)(39,10)(27,10)(27,18)(15,18)(15,11)(0,11)
Polygon:
(0,0)(3,0)(3,15)(0,15)
Polygon:
(0,0)(14,0)(14,14)(0,14)
Polygon:
(0,0)(7,0)(7,3)(0,3)
Polygon:
(0,0)(18,0)(18,11)(0,11)
Polygon:
(0,0)(20,0)(20,10)(9,10)(9,20)(0,20)
Polygon:
(0,0)(18,0)(18,5)(7,5)(7,21)(0,21)
Polygon:
(0,0)(39,0)(39,19)(24,19)(24,20)(17,20)(17,7)(0,7)
Polygon:
(0,0)(13,0)(13,9)(8,9)(8,25)(0,25)
Polygon:
(0,0)(14,0)(14,8)(0,8)
Polygon:
(0,0)(25,0)(25,16)(18,16)(18,25)(0,25)
Polygon:
(0,0)(33,0)(33,24)(24,24)(24,26)(17,26)(17,8)(0,8)
Polygon:
(0,0)(16,0)(16,17)(0,17)
Polygon:
(0,0)(1,0)(1,16)(0,16)
Polygon:
(0,0)(1,0)(1,8)(0,8)
Polygon:
(0,0)(29,0)(29,17)(19,17)(19,22)(17,22)(17,8)(0,8)
Polygon:
(0,0)(12,0)(12,15)(0,15)
Polygon:
(0,0)(11,0)(11,7)(0,7)
