Polygon:
(0,0)(36,0)(36,19)(25,19)(25,4)(9,4)(9,17)(0,17)
Polygon:
(0,0)(29,0)(29,20)(11,20)(11,14)(4,14)(4,17)(0,17)
Polygon:
(0,0)(34,0)(34,5)(26,5)(26,4)(9,4)(9,15)(0,15)
Polygon:
(0,0)(35,0)(35,18)(22,18)(22,2)(17,2)(17,4)(0,4)
Polygon:
(0,0)(24,0)(24,16)(18,16)(18,1)(12,1)(12,5)(0,5)
Polygon:
(0,0)(20,0)(20,20)(18,20)(18,12)(5,12)(5,15)(0,15)
Polygon:
(0,0)(21,0)(21,7)(11,7)(11,2)(5,2)(5,17)(0,17)
Polygon:
(0,0)(29,0)(29,8)(25,8)(25,7)(8,7)(8,12)(0,12)
Polygon:
(0,0)(28,0)(28,10)(15,10)(15,4)(7,4)(7,14)(0,14)
Polygon:
(0,0)(42,0)(42,10)(25,10)(25,3)(14,3)(14,12)(0,12)
Polygon:
(0,0)(15,0)(15,16)(10,16)(10,3)(7,3)(7,18)(0,18)
Polygon:
(0,0)(29,0)(29,19)(26,19)(26,3)(12,3)(12,14)(0,14)
Polygon:
(0,0)(38,0)(38,4)(21,4)(21,3)(8,3)(8,9)(0,9)
Polygon:
(0,0)(29,0)(29,23)(24,23)(24,13)(7,13)(7,14)(0,14)
Polygon:
(0,0)(21,0)(21,8)(15,8)(15,2)(2,2)(2,11)(0,11)
Polygon:
(0,0)(28,0)(28,19)(13,19)(13,12)(5,12)(5,16)(0,16)
Polygon:
(0,0)(35,0)(35,13)(26,13)(26,3)(14,3)(14,13)(0,13)
Polygon:
(0,0)(18,0)(18,26)(15,26)(15,15)(8,15)(8,16)(0,16)
Polygon:
(0,0)(24,0)(24,11)(20,11)(20,10)(2,10)(2,12)(0,12)
Polygon:
(0,0)(26,0)(26,22)(16,22)(16,9)(10,9)(10,12)(0,12)
Polygon:
(0,0)(36,0)(36,7)(19,7)(19,6)(10,6)(10,7)(0,7)
Polygon:
(0,0)(24,0)(24,18)(17,18)(17,2)(5,2)(5,17)(0,17)
Polygon:
(0,0)(11,0)(11,15)(5,15)(5,2)(2,2)(2,15)(0,15)
Polygon:
(0,0)(22,0)(22,17)(11,17)(11,2)(10,2)(10,16)(0,16)
Polygon:
(0,0)(24,0)(24,17)(18,17)(18,13)(11,13)(11,17)(0,17)
Polygon:
(0,0)(21,0)(21,9)(20,9)(20,1)(18,1)(18,3)(0,3)
Polygon:
(0,0)(23,0)(23,18)(10,18)(10,4)(4,4)(4,7)(0,7)
Polygon:
(0,0)(19,0)(19,12)(15,12)(15,1)(9,1)(9,13)(0,13)
Polygon:
(0,0)(11,0)(11,16)(8,16)(8,7)(4,7)(4,9)(0,9)
Polygon:
(0,0)(18,0)(18,15)(13,15)(13,6)(2,6)(2,11)(0,11)
Polygon:
(0,0)(26,0)(26,21)(19,21)(19,16)(9,16)(9,18)(0,18)
Polygon:
(0,0)(35,0)(35,22)(26,22)(26,11)(12,11)(12,15)(0,15)
Polygon:
(0,0)(20,0)(20,19)(17,19)(17,3)(10,3)(10,9)(0,9)
Polygon:
(0,0)(27,0)(27,22)(11,22)(11,6)(3,6)(3,13)(0,13)
Polygon:
(0,0)(31,0)(31,21)(21,21)(21,12)(5,12)(5,15)(0,15)
Polygon:
(0,0)(8,0)(8,13)(2,13)(2,1)(1,1)(1,17)(0,17)
Polygon:
(0,0)(28,0)(28,16)(18,16)(18,10)(10,10)(10,18)(0,18)
Polygon:
(0,0)(26,0)(26,13)(21,13)(21,7)(11,7)(11,12)(0,12)
Polygon:
(0,0)(11,0)(11,8)(6,8)(6,5)(1,5)(1,9)(0,9)
Polygon:
(0,0)(21,0)(21,11)(7,11)(7,10)(2,10)(2,13)(0,13)
Polygon:
(0,0)(39,0)(39,13)(25,13)(25,4)(18,4)(18,13)(0,13)
Polygon:
(0,0)(22,0)(22,23)(18,23)(18,14)(8,14)(8,17)(0,17)
Polygon:
(0,0)(35,0)(35,12)(19,12)(19,2)(12,2)(12,4)(0,4)
Polygon:
(0,0)(30,0)(30,10)(27,10)(27,9)(18,9)(18,12)(0,12)
Polygon:
(0,0)(38,0)(38,6)(20,6)(20,1)(14,1)(14,15)(0,15)
Polygon:
(0,0)(46,0)(46,12)(32,12)(32,2)(14,2)(14,13)(0,13)
Polygon:
(0,0)(35,0)(35,19)(22,19)(22,4)(9,4)(9,18)(0,18)
Polygon:
(0,0)(44,0)(44,14)(31,14)(31,2)(14,2)(14,16)(0,16)
Polygon:
(0,0)(36,0)(36,9)(25,9)(25,4)(11,4)(11,16)(0,16)
Polygon:
(0,0)(53,0)(53,19)(35,19)(35,17)(17,17)(17,18)(0,18)
Polygon:
(0,0)(17,0)(17,21)(16,21)(16,3)(9,3)(9,12)(0,12)
Polygon:
(0,0)(24,0)(24,20)(10,20)(10,6)(9,6)(9,8)(0,8)
Polygon:
(0,0)(20,0)(20,16)(8,16)(8,9)(6,9)(6,14)(0,14)
Polygon:
(0,0)(22,0)(22,11)(16,11)(16,6)(2,6)(2,15)(0,15)
Polygon:
(0,0)(10,0)(10,24)(7,24)(7,14)(1,14)(1,15)(0,15)
Polygon:
(0,0)(28,0)(28,21)(27,21)(27,3)(17,3)(17,9)(0,9)
Polygon:
(0,0)(36,0)(36,16)(27,16)(27,3)(14,3)(14,6)(0,6)
Polygon:
(0,0)(29,0)(29,19)(14,19)(14,11)(1,11)(1,14)(0,14)
Polygon:
(0,0)(31,0)(31,22)(21,22)(21,12)(16,12)(16,14)(0,14)
Polygon:
(0,0)(9,0)(9,9)(7,9)(7,4)(5,4)(5,14)(0,14)
Polygon:
(0,0)(4,0)(4,19)(3,19)(3,1)(1,1)(1,18)(0,18)
Polygon:
(0,0)(29,0)(29,29)(22,29)(22,13)(15,13)(15,16)(0,16)
Polygon:
(0,0)(30,0)(30,20)(26,20)(26,4)(10,4)(10,11)(0,11)
Polygon:
(0,0)(30,0)(30,27)(22,27)(22,13)(5,13)(5,18)(0,18)
Polygon:
(0,0)(30,0)(30,13)(18,13)(18,4)(14,4)(14,14)(0,14)
Polygon:
(0,0)(47,0)(47,25)(36,25)(36,11)(18,11)(18,12)(0,12)
Polygon:
(0,0)(39,0)(39,14)(26,14)(26,8)(8,8)(8,14)(0,14)
Polygon:
(0,0)(18,0)(18,7)(13,7)(13,1)(12,1)(12,8)(0,8)
Polygon:
(0,0)(32,0)(32,26)(22,26)(22,8)(7,8)(7,16)(0,16)
Polygon:
(0,0)(35,0)(35,20)(19,20)(19,3)(9,3)(9,15)(0,15)
Polygon:
(0,0)(35,0)(35,19)(31,19)(31,4)(16,4)(16,8)(0,8)
Polygon:
(0,0)(33,0)(33,25)(17,25)(17,8)(16,8)(16,13)(0,13)
Polygon:
(0,0)(30,0)(30,14)(28,14)(28,11)(13,11)(13,13)(0,13)
Polygon:
(0,0)(17,0)(17,13)(12,13)(12,6)(8,6)(8,16)(0,16)
Polygon:
(0,0)(36,0)(36,19)(21,19)(21,1)(4,1)(4,9)(0,9)
Polygon:
(0,0)(40,0)(40,22)(26,22)(26,4)(10,4)(10,13)(0,13)
Polygon:
(0,0)(37,0)(37,9)(24,9)(24,4)(9,4)(9,5)(0,5)
Polygon:
(0,0)(28,0)(28,14)(23,14)(23,12)(5,12)(5,14)(0,14)
Polygon:
(0,0)(34,0)(34,8)(28,8)(28,2)(15,2)(15,14)(0,14)
Polygon:
(0,0)(34,0)(34,19)(18,19)(18,4)(2,4)(2,12)(0,12)
Polygon:
(0,0)(15,0)(15,23)(13,23)(13,8)(8,8)(8,16)(0,16)
Polygon:
(0,0)(22,0)(22,19)(14,19)(14,10)(13,10)(13,13)(0,13)
Polygon:
(0,0)(41,0)(41,13)(25,13)(25,3)(14,3)(14,11)(0,11)
Polygon:
(0,0)(34,0)(34,19)(22,19)(22,1)(10,1)(10,18)(0,18)
Polygon:
(0,0)(30,0)(30,12)(16,12)(16,3)(1,3)(1,5)(0,5)
Polygon:
(0,0)(43,0)(43,16)(34,16)(34,3)(18,3)(18,18)(0,18)
Polygon:
(0,0)(34,0)(34,16)(24,16)(24,4)(13,4)(13,14)(0,14)
Polygon:
(0,0)(40,0)(40,9)(22,9)(22,3)(14,3)(14,16)(0,16)
Polygon:
(0,0)(27,0)(27,22)(26,22)(26,4)(17,4)(17,8)(0,8)
Polygon:
(0,0)(36,0)(36,26)(25,26)(25,12)(13,12)(13,13)(0,13)
Polygon:
(0,0)(15,0)(15,10)(8,10)(8,7)(5,7)(5,12)(0,12)
Polygon:
(0,0)(29,0)(29,28)(15,28)(15,11)(3,11)(3,17)(0,17)
Polygon:
(0,0)(17,0)(17,10)(16,10)(16,8)(15,8)(15,17)(0,17)
Polygon:
(0,0)(25,0)(25,17)(9,17)(9,1)(1,1)(1,4)(0,4)
Polygon:
(0,0)(29,0)(29,5)(23,5)(23,2)(6,2)(6,4)(0,4)
Polygon:
(0,0)(40,0)(40,3)(30,3)(30,1)(17,1)(17,3)(0,3)
Polygon:
(0,0)(24,0)(24,15)(12,15)(12,5)(7,5)(7,7)(0,7)
Polygon:
(0,0)(29,0)(29,15)(11,15)(11,5)(1,5)(1,16)(0,16)
Polygon:
(0,0)(13,0)(13,18)(9,18)(9,8)(6,8)(6,11)(0,11)
Polygon:
(0,0)(25,0)(25,7)(22,7)(22,3)(5,3)(5,6)(0,6)
Polygon:
(0,0)(20,0)(20,21)(9,21)(9,4)(8,4)(8,9)(0,9)
Polygon:
(0,0)(17,0)(17,21)(15,21)(15,10)(3,10)(3,12)(0,12)
Polygon:
(0,0)(21,0)(21,25)(17,25)(17,12)(15,12)(15,16)(0,16)
Polygon:
(0,0)(32,0)(32,20)(14,20)(14,5)(6,5)(6,10)(0,10)
Polygon:
(0,0)(26,0)(26,21)(20,21)(20,3)(12,3)(12,8)(0,8)
Polygon:
(0,0)(32,0)(32,16)(22,16)(22,5)(7,5)(7,14)(0,14)
Polygon:
(0,0)(22,0)(22,11)(8,11)(8,6)(2,6)(2,16)(0,16)
Polygon:
(0,0)(25,0)(25,27)(18,27)(18,9)(6,9)(6,15)(0,15)
Polygon:
(0,0)(22,0)(22,18)(9,18)(9,2)(1,2)(1,3)(0,3)
Polygon:
(0,0)(41,0)(41,21)(26,21)(26,12)(18,12)(18,16)(0,16)
Polygon:
(0,0)(20,0)(20,23)(18,23)(18,7)(4,7)(4,16)(0,16)
Polygon:
(0,0)(11,0)(11,21)(10,21)(10,9)(4,9)(4,12)(0,12)
Polygon:
(0,0)(32,0)(32,23)(24,23)(24,16)(7,16)(7,17)(0,17)
Polygon:
(0,0)(29,0)(29,29)(16,29)(16,11)(3,11)(3,15)(0,15)
Polygon:
(0,0)(27,0)(27,10)(20,10)(20,5)(4,5)(4,6)(0,6)
Polygon:
(0,0)(23,0)(23,22)(17,22)(17,8)(4,8)(4,14)(0,14)
Polygon:
(0,0)(5,0)(5,15)(4,15)(4,12)(3,12)(3,16)(0,16)
Polygon:
(0,0)(25,0)(25,5)(8,5)(8,3)(4,3)(4,18)(0,18)
Polygon:
(0,0)(32,0)(32,11)(22,11)(22,5)(14,5)(14,10)(0,10)
Polygon:
(0,0)(20,0)(20,18)(19,18)(19,7)(18,7)(18,14)(0,14)
Polygon:
(0,0)(23,0)(23,12)(13,12)(13,30)(0,30)
Polygon:
(0,0)(1,0)(1,9)(0,9)
Polygon:
(0,0)(1,0)(1,18)(0,18)
Polygon:
(0,0)(13,0)(13,18)(0,18)
Polygon:
(0,0)(4,0)(4,17)(0,17)
Polygon:
(0,0)(13,0)(13,6)(0,6)
Polygon:
(0,0)(3,0)(3,8)(0,8)
Polygon:
(0,0)(23,0)(23,25)(17,25)(17,26)(6,26)(6,10)(0,10)
Polygon:
(0,0)(36,0)(36,10)(32,10)(32,19)(18,19)(18,5)(0,5)
Polygon:
(0,0)(16,0)(16,6)(0,6)
Polygon:
(0,0)(29,0)(29,17)(14,17)(14,23)(13,23)(13,8)(0,8)
Polygon:
(0,0)(7,0)(7,8)(0,8)
Polygon:
(0,0)(4,0)(4,3)(0,3)
Polygon:
(0,0)(26,0)(26,5)(10,5)(10,22)(0,22)
Polygon:
(0,0)(14,0)(14,8)(2,8)(2,16)(0,16)
Polygon:
(0,0)(29,0)(29,9)(11,9)(11,23)(0,23)
Polygon:
(0,0)(2,0)(2,10)(0,10)
Polygon:
(0,0)(13,0)(13,12)(0,12)
Polygon:
(0,0)(20,0)(20,25)(19,25)(19,28)(13,28)(13,17)(0,17)
Polygon:
(0,0)(16,0)(16,9)(0,9)
Polygon:
(0,0)(18,0)(18,1)(0,1)
Polygon:
(0,0)(17,0)(17,15)(0,15)
Polygon:
(0,0)(11,0)(11,4)(0,4)
Polygon:
(0,0)(12,0)(12,5)(3,5)(3,6)(0,6)
Polygon:
(0,0)(22,0)(22,22)(12,22)(12,24)(8,24)(8,6)(0,6)
Polygon:
(0,0)(15,0)(15,7)(0,7)
Polygon:
(0,0)(6,0)(6,5)(0,5)
Polygon:
(0,0)(18,0)(18,6)(6,6)(6,22)(0,22)
Polygon:
(0,0)(32,0)(32,11)(17,11)(17,16)(3,16)(3,4)(0,4)
Polygon:
(0,0)(45,0)(45,12)(30,12)(30,20)(12,20)(12,7)(0,7)
Polygon:
(0,0)(10,0)(10,5)(0,5)
Polygon:
(0,0)(24,0)(24,6)(17,6)(17,7)(11,7)(11,1)(0,1)
Polygon:
(0,0)(17,0)(17,15)(0,15)
Polygon:
(0,0)(15,0)(15,8)(0,8)
Polygon:
(0,0)(9,0)(9,14)(0,14)
Polygon:
(0,0)(11,0)(11,1)(0,1)
Polygon:
(0,0)(36,0)(36,14)(21,14)(21,28)(7,28)(7,12)(0,12)
Polygon:
(0,0)(16,0)(16,19)(12,19)(12,20)(4,20)(4,8)(0,8)
Polygon:
(0,0)(13,0)(13,17)(0,17)
Polygon:
(0,0)(11,0)(11,13)(0,13)
Polygon:
(0,0)(29,0)(29,2)(14,2)(14,20)(0,20)
Polygon:
(0,0)(16,0)(16,10)(12,10)(12,11)(11,11)(11,2)(0,2)
Polygon:
(0,0)(20,0)(20,12)(9,12)(9,23)(0,23)
Polygon:
(0,0)(14,0)(14,9)(0,9)
Polygon:
(0,0)(14,0)(14,6)(0,6)
Polygon:
(0,0)(29,0)(29,7)(27,7)(27,14)(10,14)(10,6)(0,6)
Polygon:
(0,0)(14,0)(14,12)(12,12)(12,19)(0,19)
Polygon:
(0,0)(39,0)(39,16)(31,16)(31,31)(17,31)(17,14)(0,14)
Polygon:
(0,0)(35,0)(35,17)(30,17)(30,25)(14,25)(14,15)(0,15)
Polygon:
(0,0)(19,0)(19,11)(14,11)(14,23)(0,23)
Polygon:
(0,0)(3,0)(3,12)(0,12)
Polygon:
(0,0)(23,0)(23,12)(18,12)(18,27)(7,27)(7,18)(0,18)
Polygon:
(0,0)(29,0)(29,15)(12,15)(12,32)(0,32)
Polygon:
(0,0)(1,0)(1,11)(0,11)
Polygon:
(0,0)(10,0)(10,3)(0,3)
Polygon:
(0,0)(11,0)(11,11)(0,11)
Polygon:
(0,0)(10,0)(10,7)(0,7)
Polygon:
(0,0)(15,0)(15,5)(0,5)
Polygon:
(0,0)(18,0)(18,2)(0,2)
Polygon:
(0,0)(16,0)(16,9)(0,9)
Polygon:
(0,0)(10,0)(10,17)(0,17)
Polygon:
(0,0)(5,0)(5,11)(0,11)
Polygon:
(0,0)(13,0)(13,10)(0,10)
Polygon:
(0,0)(7,0)(7,14)(0,14)
Polygon:
(0,0)(8,0)(8,1)(5,1)(5,19)(0,19)
Polygon:
(0,0)(18,0)(18,18)(6,18)(6,32)(0,32)
Polygon:
(0,0)(16,0)(16,3)(0,3)
Polygon:
(0,0)(6,0)(6,6)(3,6)(3,12)(0,12)
Polygon:
(0,0)(6,0)(6,1)(0,1)
Polygon:
(0,0)(29,0)(29,16)(15,16)(15,21)(8,21)(8,3)(0,3)
Polygon:
(0,0)(22,0)(22,12)(7,12)(7,21)(0,21)
Polygon:
(0,0)(17,0)(17,14)(0,14)
Polygon:
(0,0)(22,0)(22,16)(7,16)(7,31)(0,31)
Polygon:
(0,0)(2,0)(2,12)(0,12)
Polygon:
(0,0)(7,0)(7,14)(0,14)
Polygon:
(0,0)(8,0)(8,7)(0,7)
Polygon:
(0,0)(2,0)(2,13)(0,13)
Polygon:
(0,0)(35,0)(35,14)(24,14)(24,18)(10,18)(10,7)(0,7)
Polygon:
(0,0)(4,0)(4,12)(0,12)
Polygon:
(0,0)(10,0)(10,2)(0,2)
