Polygon:
(0,0)(42,0)(42,11)(24,11)(24,10)(7,10)(7,17)(0,17)
Polygon:
(0,0)(25,0)(25,25)(16,25)(16,9)(3,9)(3,14)(0,14)
Polygon:
(0,0)(37,0)(37,18)(22,18)(22,5)(17,5)(17,9)(0,9)
Polygon:
(0,0)(11,0)(11,24)(10,24)(10,6)(2,6)(2,9)(0,9)
Polygon:
(0,0)(36,0)(36,17)(29,17)(29,10)(11,10)(11,13)(0,13)
Polygon:
(0,0)(39,0)(39,13)(21,13)(21,2)(3,2)(3,6)(0,6)
Polygon:
(0,0)(22,0)(22,19)(16,19)(16,11)(8,11)(8,17)(0,17)
Polygon:
(0,0)(39,0)(39,21)(35,21)(35,6)(17,6)(17,15)(0,15)
Polygon:
(0,0)(46,0)(46,14)(31,14)(31,13)(14,13)(14,14)(0,14)
Polygon:
(0,0)(29,0)(29,22)(14,22)(14,8)(1,8)(1,17)(0,17)
Polygon:
(0,0)(41,0)(41,27)(26,27)(26,10)(10,10)(10,14)(0,14)
Polygon:
(0,0)(23,0)(23,18)(21,18)(21,1)(5,1)(5,17)(0,17)
Polygon:
(0,0)(6,0)(6,10)(4,10)(4,6)(1,6)(1,7)(0,7)
Polygon:
(0,0)(39,0)(39,13)(24,13)(24,12)(15,12)(15,13)(0,13)
Polygon:
(0,0)(16,0)(16,13)(11,13)(11,2)(6,2)(6,9)(0,9)
Polygon:
(0,0)(33,0)(33,32)(23,32)(23,15)(7,15)(7,18)(0,18)
Polygon:
(0,0)(36,0)(36,25)(24,25)(24,10)(9,10)(9,18)(0,18)
Polygon:
(0,0)(43,0)(43,16)(28,16)(28,4)(13,4)(13,12)(0,12)
Polygon:
(0,0)(30,0)(30,15)(27,15)(27,2)(14,2)(14,17)(0,17)
Polygon:
(0,0)(36,0)(36,15)(24,15)(24,3)(12,3)(12,4)(0,4)
Polygon:
(0,0)(24,0)(24,29)(15,29)(15,15)(5,15)(5,17)(0,17)
Polygon:
(0,0)(36,0)(36,21)(20,21)(20,5)(16,5)(16,15)(0,15)
Polygon:
(0,0)(21,0)(21,29)(4,29)(4,12)(1,12)(1,16)(0,16)
Polygon:
(0,0)(34,0)(34,7)(21,7)(21,4)(18,4)(18,10)(0,10)
Polygon:
(0,0)(29,0)(29,26)(16,26)(16,10)(5,10)(5,11)(0,11)
Polygon:
(0,0)(33,0)(33,24)(21,24)(21,12)(10,12)(10,16)(0,16)
Polygon:
(0,0)(33,0)(33,17)(32,17)(32,1)(17,1)(17,16)(0,16)
Polygon:
(0,0)(35,0)(35,16)(19,16)(19,5)(7,5)(7,15)(0,15)
Polygon:
(0,0)(30,0)(30,28)(16,28)(16,10)(10,10)(10,11)(0,11)
Polygon:
(0,0)(26,0)(26,15)(21,15)(21,4)(13,4)(13,5)(0,5)
Polygon:
(0,0)(17,0)(17,32)(16,32)(16,16)(1,16)(1,17)(0,17)
Polygon:
(0,0)(40,0)(40,22)(29,22)(29,6)(12,6)(12,18)(0,18)
Polygon:
(0,0)(15,0)(15,15)(7,15)(7,8)(3,8)(3,24)(0,24)
Polygon:
(0,0)(31,0)(31,5)(24,5)(24,1)(6,1)(6,8)(0,8)
Polygon:
(0,0)(37,0)(37,24)(26,24)(26,12)(13,12)(13,26)(0,26)
Polygon:
(0,0)(15,0)(15,26)(13,26)(13,10)(9,10)(9,16)(0,16)
Polygon:
(0,0)(40,0)(40,11)(31,11)(31,2)(15,2)(15,12)(0,12)
Polygon:
(0,0)(38,0)(38,22)(25,22)(25,12)(8,12)(8,15)(0,15)
Polygon:
(0,0)(16,0)(16,21)(15,21)(15,10)(2,10)(2,16)(0,16)
Polygon:
(0,0)(29,0)(29,21)(18,21)(18,4)(11,4)(11,13)(0,13)
Polygon:
(0,0)(37,0)(37,5)(24,5)(24,1)(9,1)(9,6)(0,6)
Polygon:
(0,0)(18,0)(18,4)(16,4)(16,2)(5,2)(5,9)(0,9)
Polygon:
(0,0)(32,0)(32,26)(21,26)(21,9)(4,9)(4,20)(0,20)
Polygon:
(0,0)(25,0)(25,15)(11,15)(11,6)(7,6)(7,11)(0,11)
Polygon:
(0,0)(40,0)(40,16)(23,16)(23,5)(8,5)(8,17)(0,17)
Polygon:
(0,0)(29,0)(29,10)(15,10)(15,6)(9,6)(9,15)(0,15)
Polygon:
(0,0)(29,0)(29,14)(15,14)(15,3)(2,3)(2,13)(0,13)
Polygon:
(0,0)(28,0)(28,17)(15,17)(15,6)(11,6)(11,8)(0,8)
Polygon:
(0,0)(30,0)(30,10)(20,10)(20,6)(14,6)(14,7)(0,7)
Polygon:
(0,0)(34,0)(34,19)(23,19)(23,6)(6,6)(6,7)(0,7)
Polygon:
(0,0)(24,0)(24,22)(19,22)(19,9)(16,9)(16,15)(0,15)
Polygon:
(0,0)(28,0)(28,17)(20,17)(20,5)(16,5)(16,13)(0,13)
Polygon:
(0,0)(13,0)(13,18)(6,18)(6,6)(4,6)(4,7)(0,7)
Polygon:
(0,0)(33,0)(33,4)(19,4)(19,3)(17,3)(17,14)(0,14)
Polygon:
(0,0)(30,0)(30,20)(22,20)(22,7)(6,7)(6,13)(0,13)
Polygon:
(0,0)(22,0)(22,13)(8,13)(8,3)(2,3)(2,15)(0,15)
Polygon:
(0,0)(20,0)(20,8)(18,8)(18,4)(9,4)(9,9)(0,9)
Polygon:
(0,0)(50,0)(50,26)(34,26)(34,11)(16,11)(16,16)(0,16)
Polygon:
(0,0)(34,0)(34,9)(20,9)(20,3)(13,3)(13,6)(0,6)
Polygon:
(0,0)(24,0)(24,28)(21,28)(21,10)(18,10)(18,15)(0,15)
Polygon:
(0,0)(18,0)(18,15)(14,15)(14,7)(6,7)(6,14)(0,14)
Polygon:
(0,0)(29,0)(29,20)(21,20)(21,10)(5,10)(5,15)(0,15)
Polygon:
(0,0)(35,0)(35,9)(22,9)(22,2)(18,2)(18,13)(0,13)
Polygon:
(0,0)(33,0)(33,12)(22,12)(22,2)(8,2)(8,9)(0,9)
Polygon:
(0,0)(41,0)(41,13)(29,13)(29,4)(12,4)(12,8)(0,8)
Polygon:
(0,0)(28,0)(28,24)(23,24)(23,10)(12,10)(12,12)(0,12)
Polygon:
(0,0)(16,0)(16,20)(10,20)(10,7)(4,7)(4,12)(0,12)
Polygon:
(0,0)(34,0)(34,10)(20,10)(20,8)(5,8)(5,11)(0,11)
Polygon:
(0,0)(30,0)(30,9)(17,9)(17,8)(3,8)(3,10)(0,10)
Polygon:
(0,0)(40,0)(40,18)(35,18)(35,6)(18,6)(18,14)(0,14)
Polygon:
(0,0)(20,0)(20,14)(7,14)(7,9)(2,9)(2,16)(0,16)
Polygon:
(0,0)(39,0)(39,16)(29,16)(29,12)(18,12)(18,17)(0,17)
Polygon:
(0,0)(36,0)(36,13)(26,13)(26,9)(18,9)(18,14)(0,14)
Polygon:
(0,0)(30,0)(30,17)(13,17)(13,1)(5,1)(5,13)(0,13)
Polygon:
(0,0)(43,0)(43,27)(36,27)(36,9)(18,9)(18,15)(0,15)
Polygon:
(0,0)(30,0)(30,22)(26,22)(26,10)(13,10)(13,16)(0,16)
Polygon:
(0,0)(29,0)(29,7)(12,7)(12,5)(5,5)(5,6)(0,6)
Polygon:
(0,0)(25,0)(25,19)(7,19)(7,3)(5,3)(5,4)(0,4)
Polygon:
(0,0)(24,0)(24,21)(17,21)(17,3)(9,3)(9,13)(0,13)
Polygon:
(0,0)(28,0)(28,22)(25,22)(25,11)(13,11)(13,12)(0,12)
Polygon:
(0,0)(38,0)(38,10)(32,10)(32,5)(18,5)(18,12)(0,12)
Polygon:
(0,0)(26,0)(26,19)(21,19)(21,8)(4,8)(4,10)(0,10)
Polygon:
(0,0)(29,0)(29,6)(25,6)(25,2)(16,2)(16,11)(0,11)
Polygon:
(0,0)(16,0)(16,11)(6,11)(6,3)(2,3)(2,13)(0,13)
Polygon:
(0,0)(40,0)(40,20)(31,20)(31,4)(17,4)(17,10)(0,10)
Polygon:
(0,0)(16,0)(16,15)(14,15)(14,4)(9,4)(9,9)(0,9)
Polygon:
(0,0)(36,0)(36,9)(24,9)(24,7)(16,7)(16,16)(0,16)
Polygon:
(0,0)(30,0)(30,14)(16,14)(16,3)(6,3)(6,4)(0,4)
Polygon:
(0,0)(20,0)(20,17)(10,17)(10,9)(6,9)(6,12)(0,12)
Polygon:
(0,0)(8,0)(8,12)(6,12)(6,1)(4,1)(4,11)(0,11)
Polygon:
(0,0)(18,0)(18,5)(14,5)(14,1)(8,1)(8,12)(0,12)
Polygon:
(0,0)(42,0)(42,30)(26,30)(26,16)(16,16)(16,17)(0,17)
Polygon:
(0,0)(24,0)(24,10)(12,10)(12,2)(3,2)(3,5)(0,5)
Polygon:
(0,0)(11,0)(11,9)(6,9)(6,2)(2,2)(2,14)(0,14)
Polygon:
(0,0)(29,0)(29,9)(23,9)(23,5)(5,5)(5,18)(0,18)
Polygon:
(0,0)(12,0)(12,14)(5,14)(5,10)(1,10)(1,13)(0,13)
Polygon:
(0,0)(24,0)(24,16)(22,16)(22,6)(4,6)(4,23)(0,23)
Polygon:
(0,0)(28,0)(28,12)(24,12)(24,9)(12,9)(12,19)(0,19)
Polygon:
(0,0)(29,0)(29,19)(16,19)(16,3)(11,3)(11,18)(0,18)
Polygon:
(0,0)(31,0)(31,8)(20,8)(20,2)(2,2)(2,15)(0,15)
Polygon:
(0,0)(34,0)(34,19)(29,19)(29,7)(17,7)(17,18)(0,18)
Polygon:
(0,0)(22,0)(22,12)(14,12)(14,4)(12,4)(12,16)(0,16)
Polygon:
(0,0)(36,0)(36,3)(18,3)(18,2)(2,2)(2,17)(0,17)
Polygon:
(0,0)(27,0)(27,11)(23,11)(23,3)(11,3)(11,5)(0,5)
Polygon:
(0,0)(20,0)(20,23)(11,23)(11,9)(9,9)(9,18)(0,18)
Polygon:
(0,0)(33,0)(33,20)(19,20)(19,4)(18,4)(18,5)(0,5)
Polygon:
(0,0)(34,0)(34,21)(29,21)(29,12)(11,12)(11,16)(0,16)
Polygon:
(0,0)(33,0)(33,16)(17,16)(17,7)(10,7)(10,8)(0,8)
Polygon:
(0,0)(27,0)(27,8)(26,8)(26,2)(14,2)(14,19)(0,19)
Polygon:
(0,0)(43,0)(43,12)(29,12)(29,4)(11,4)(11,16)(0,16)
Polygon:
(0,0)(39,0)(39,22)(29,22)(29,8)(15,8)(15,12)(0,12)
Polygon:
(0,0)(42,0)(42,14)(24,14)(24,13)(7,13)(7,18)(0,18)
Polygon:
(0,0)(29,0)(29,13)(22,13)(22,3)(11,3)(11,6)(0,6)
Polygon:
(0,0)(16,0)(16,4)(9,4)(9,2)(8,2)(8,16)(0,16)
Polygon:
(0,0)(27,0)(27,2)(12,2)(12,1)(8,1)(8,5)(0,5)
Polygon:
(0,0)(36,0)(36,17)(24,17)(24,11)(18,11)(18,13)(0,13)
Polygon:
(0,0)(20,0)(20,18)(11,18)(11,8)(10,8)(10,17)(0,17)
Polygon:
(0,0)(17,0)(17,19)(2,19)(2,8)(1,8)(1,14)(0,14)
Polygon:
(0,0)(28,0)(28,14)(24,14)(24,5)(9,5)(9,14)(0,14)
Polygon:
(0,0)(26,0)(26,25)(21,25)(21,14)(9,14)(9,18)(0,18)
Polygon:
(0,0)(39,0)(39,11)(27,11)(27,8)(16,8)(16,16)(0,16)
Polygon:
(0,0)(27,0)(27,23)(26,23)(26,6)(15,6)(15,17)(0,17)
Polygon:
(0,0)(40,0)(40,21)(31,21)(31,6)(14,6)(14,10)(0,10)
Polygon:
(0,0)(20,0)(20,18)(18,18)(18,1)(6,1)(6,2)(0,2)
Polygon:
(0,0)(26,0)(26,12)(21,12)(21,8)(4,8)(4,14)(0,14)
Polygon:
(0,0)(32,0)(32,3)(16,3)(16,2)(9,2)(9,14)(0,14)
Polygon:
(0,0)(15,0)(15,8)(14,8)(14,2)(3,2)(3,11)(0,11)
Polygon:
(0,0)(15,0)(15,13)(9,13)(9,1)(8,1)(8,14)(0,14)
Polygon:
(0,0)(18,0)(18,19)(15,19)(15,4)(12,4)(12,16)(0,16)
Polygon:
(0,0)(16,0)(16,16)(2,16)(2,6)(1,6)(1,18)(0,18)
Polygon:
(0,0)(12,0)(12,6)(9,6)(9,3)(8,3)(8,11)(0,11)
Polygon:
(0,0)(33,0)(33,19)(30,19)(30,1)(17,1)(17,7)(0,7)
Polygon:
(0,0)(30,0)(30,13)(23,13)(23,5)(7,5)(7,10)(0,10)
Polygon:
(0,0)(22,0)(22,28)(8,28)(8,14)(2,14)(2,18)(0,18)
Polygon:
(0,0)(21,0)(21,7)(18,7)(18,1)(12,1)(12,18)(0,18)
Polygon:
(0,0)(28,0)(28,21)(16,21)(16,17)(2,17)(2,18)(0,18)
Polygon:
(0,0)(10,0)(10,8)(4,8)(4,3)(1,3)(1,6)(0,6)
Polygon:
(0,0)(27,0)(27,10)(23,10)(23,3)(9,3)(9,8)(0,8)
Polygon:
(0,0)(35,0)(35,12)(17,12)(17,6)(3,6)(3,16)(0,16)
Polygon:
(0,0)(17,0)(17,19)(15,19)(15,1)(4,1)(4,15)(0,15)
Polygon:
(0,0)(31,0)(31,10)(14,10)(14,7)(13,7)(13,18)(0,18)
Polygon:
(0,0)(39,0)(39,3)(29,3)(29,2)(15,2)(15,7)(0,7)
Polygon:
(0,0)(29,0)(29,11)(21,11)(21,8)(3,8)(3,16)(0,16)
Polygon:
(0,0)(32,0)(32,15)(27,15)(27,2)(11,2)(11,9)(0,9)
Polygon:
(0,0)(19,0)(19,17)(10,17)(10,16)(5,16)(5,17)(0,17)
Polygon:
(0,0)(25,0)(25,8)(17,8)(17,2)(13,2)(13,8)(0,8)
Polygon:
(0,0)(21,0)(21,19)(16,19)(16,13)(12,13)(12,18)(0,18)
Polygon:
(0,0)(35,0)(35,15)(17,15)(17,8)(6,8)(6,11)(0,11)
Polygon:
(0,0)(19,0)(19,26)(15,26)(15,8)(3,8)(3,12)(0,12)
Polygon:
(0,0)(50,0)(50,20)(35,20)(35,14)(18,14)(18,15)(0,15)
Polygon:
(0,0)(19,0)(19,25)(17,25)(17,11)(3,11)(3,14)(0,14)
Polygon:
(0,0)(28,0)(28,7)(18,7)(18,2)(8,2)(8,18)(0,18)
Polygon:
(0,0)(25,0)(25,8)(20,8)(20,3)(15,3)(15,12)(0,12)
Polygon:
(0,0)(22,0)(22,10)(20,10)(20,2)(6,2)(6,12)(0,12)
Polygon:
(0,0)(16,0)(16,19)(15,19)(15,5)(7,5)(7,6)(0,6)
Polygon:
(0,0)(40,0)(40,16)(25,16)(25,7)(17,7)(17,10)(0,10)
Polygon:
(0,0)(23,0)(23,9)(12,9)(12,5)(4,5)(4,14)(0,14)
Polygon:
(0,0)(26,0)(26,6)(9,6)(9,1)(4,1)(4,4)(0,4)
Polygon:
(0,0)(31,0)(31,21)(22,21)(22,4)(11,4)(11,16)(0,16)
Polygon:
(0,0)(28,0)(28,21)(19,21)(19,6)(3,6)(3,16)(0,16)
Polygon:
(0,0)(43,0)(43,17)(27,17)(27,19)(13,19)(13,8)(0,8)
Polygon:
(0,0)(10,0)(10,12)(0,12)
Polygon:
(0,0)(18,0)(18,5)(15,5)(15,11)(0,11)
Polygon:
(0,0)(7,0)(7,7)(5,7)(5,21)(3,21)(3,3)(0,3)
Polygon:
(0,0)(25,0)(25,9)(22,9)(22,21)(5,21)(5,16)(0,16)
Polygon:
(0,0)(5,0)(5,17)(0,17)
Polygon:
(0,0)(6,0)(6,3)(0,3)
Polygon:
(0,0)(11,0)(11,14)(7,14)(7,19)(0,19)
Polygon:
(0,0)(17,0)(17,10)(4,10)(4,11)(0,11)
Polygon:
(0,0)(11,0)(11,15)(0,15)
Polygon:
(0,0)(42,0)(42,1)(26,1)(26,12)(10,12)(10,2)(0,2)
Polygon:
(0,0)(5,0)(5,7)(0,7)
Polygon:
(0,0)(23,0)(23,25)(16,25)(16,27)(2,27)(2,9)(0,9)
Polygon:
(0,0)(16,0)(16,6)(0,6)
Polygon:
(0,0)(4,0)(4,16)(0,16)
Polygon:
(0,0)(16,0)(16,9)(0,9)
Polygon:
(0,0)(20,0)(20,14)(18,14)(18,27)(2,27)(2,18)(0,18)
Polygon:
(0,0)(20,0)(20,2)(8,2)(8,11)(0,11)
Polygon:
(0,0)(21,0)(21,6)(11,6)(11,13)(4,13)(4,2)(0,2)
Polygon:
(0,0)(12,0)(12,14)(6,14)(6,19)(0,19)
Polygon:
(0,0)(9,0)(9,17)(2,17)(2,27)(1,27)(1,16)(0,16)
Polygon:
(0,0)(12,0)(12,11)(0,11)
Polygon:
(0,0)(5,0)(5,6)(0,6)
Polygon:
(0,0)(14,0)(14,11)(0,11)
Polygon:
(0,0)(3,0)(3,4)(0,4)
Polygon:
(0,0)(33,0)(33,15)(23,15)(23,23)(16,23)(16,7)(0,7)
Polygon:
(0,0)(18,0)(18,3)(14,3)(14,12)(12,12)(12,3)(0,3)
Polygon:
(0,0)(11,0)(11,10)(0,10)
Polygon:
(0,0)(22,0)(22,7)(14,7)(14,23)(0,23)
Polygon:
(0,0)(10,0)(10,4)(0,4)
Polygon:
(0,0)(13,0)(13,11)(0,11)
Polygon:
(0,0)(4,0)(4,2)(0,2)
Polygon:
(0,0)(7,0)(7,17)(3,17)(3,19)(0,19)
Polygon:
(0,0)(9,0)(9,13)(7,13)(7,26)(0,26)
Polygon:
(0,0)(16,0)(16,8)(0,8)
Polygon:
(0,0)(12,0)(12,15)(0,15)
Polygon:
(0,0)(33,0)(33,9)(22,9)(22,11)(16,11)(16,10)(0,10)
Polygon:
(0,0)(15,0)(15,10)(8,10)(8,24)(0,24)
Polygon:
(0,0)(13,0)(13,6)(4,6)(4,16)(0,16)
Polygon:
(0,0)(10,0)(10,3)(0,3)
