Polygon:
(0,0)(20,0)(20,15)(10,15)(10,10)(1,10)(1,15)(0,15)
Polygon:
(0,0)(28,0)(28,23)(16,23)(16,9)(8,9)(8,12)(0,12)
Polygon:
(0,0)(27,0)(27,15)(18,15)(18,3)(5,3)(5,14)(0,14)
Polygon:
(0,0)(20,0)(20,13)(10,13)(10,11)(9,11)(9,16)(0,16)
Polygon:
(0,0)(25,0)(25,16)(22,16)(22,14)(17,14)(17,17)(0,17)
Polygon:
(0,0)(33,0)(33,24)(20,24)(20,12)(14,12)(14,15)(0,15)
Polygon:
(0,0)(37,0)(37,20)(33,20)(33,5)(15,5)(15,17)(0,17)
Polygon:
(0,0)(42,0)(42,19)(31,19)(31,8)(16,8)(16,13)(0,13)
Polygon:
(0,0)(45,0)(45,10)(29,10)(29,1)(17,1)(17,4)(0,4)
Polygon:
(0,0)(45,0)(45,26)(28,26)(28,12)(18,12)(18,14)(0,14)
Polygon:
(0,0)(34,0)(34,13)(21,13)(21,8)(14,8)(14,15)(0,15)
Polygon:
(0,0)(29,0)(29,15)(24,15)(24,1)(9,1)(9,10)(0,10)
Polygon:
(0,0)(35,0)(35,10)(27,10)(27,6)(10,6)(10,18)(0,18)
Polygon:
(0,0)(30,0)(30,28)(24,28)(24,13)(16,13)(16,14)(0,14)
Polygon:
(0,0)(30,0)(30,24)(16,24)(16,6)(6,6)(6,11)(0,11)
Polygon:
(0,0)(17,0)(17,24)(16,24)(16,15)(13,15)(13,17)(0,17)
Polygon:
(0,0)(35,0)(35,18)(17,18)(17,13)(9,13)(9,15)(0,15)
Polygon:
(0,0)(17,0)(17,16)(6,16)(6,10)(1,10)(1,15)(0,15)
Polygon:
(0,0)(39,0)(39,24)(24,24)(24,9)(11,9)(11,13)(0,13)
Polygon:
(0,0)(29,0)(29,6)(13,6)(13,3)(5,3)(5,14)(0,14)
Polygon:
(0,0)(24,0)(24,14)(17,14)(17,2)(1,2)(1,15)(0,15)
Polygon:
(0,0)(29,0)(29,21)(25,21)(25,12)(16,12)(16,14)(0,14)
Polygon:
(0,0)(33,0)(33,28)(31,28)(31,10)(13,10)(13,14)(0,14)
Polygon:
(0,0)(17,0)(17,7)(9,7)(9,5)(2,5)(2,7)(0,7)
Polygon:
(0,0)(22,0)(22,18)(12,18)(12,6)(4,6)(4,15)(0,15)
Polygon:
(0,0)(10,0)(10,7)(8,7)(8,5)(4,5)(4,12)(0,12)
Polygon:
(0,0)(30,0)(30,16)(18,16)(18,4)(4,4)(4,18)(0,18)
Polygon:
(0,0)(32,0)(32,19)(19,19)(19,4)(18,4)(18,10)(0,10)
Polygon:
(0,0)(23,0)(23,5)(19,5)(19,1)(13,1)(13,11)(0,11)
Polygon:
(0,0)(37,0)(37,20)(19,20)(19,6)(5,6)(5,12)(0,12)
Polygon:
(0,0)(28,0)(28,16)(12,16)(12,6)(11,6)(11,18)(0,18)
Polygon:
(0,0)(20,0)(20,21)(17,21)(17,3)(10,3)(10,13)(0,13)
Polygon:
(0,0)(40,0)(40,24)(26,24)(26,12)(17,12)(17,18)(0,18)
Polygon:
(0,0)(32,0)(32,11)(19,11)(19,10)(6,10)(6,11)(0,11)
Polygon:
(0,0)(39,0)(39,15)(24,15)(24,9)(10,9)(10,11)(0,11)
Polygon:
(0,0)(51,0)(51,18)(33,18)(33,5)(18,5)(18,16)(0,16)
Polygon:
(0,0)(41,0)(41,20)(28,20)(28,11)(13,11)(13,14)(0,14)
Polygon:
(0,0)(16,0)(16,16)(7,16)(7,6)(2,6)(2,8)(0,8)
Polygon:
(0,0)(23,0)(23,25)(21,25)(21,9)(13,9)(13,17)(0,17)
Polygon:
(0,0)(14,0)(14,17)(12,17)(12,3)(7,3)(7,5)(0,5)
Polygon:
(0,0)(25,0)(25,18)(18,18)(18,6)(9,6)(9,10)(0,10)
Polygon:
(0,0)(34,0)(34,34)(20,34)(20,16)(3,16)(3,18)(0,18)
Polygon:
(0,0)(34,0)(34,20)(23,20)(23,4)(16,4)(16,12)(0,12)
Polygon:
(0,0)(24,0)(24,11)(15,11)(15,3)(9,3)(9,6)(0,6)
Polygon:
(0,0)(33,0)(33,11)(18,11)(18,4)(16,4)(16,13)(0,13)
Polygon:
(0,0)(53,0)(53,18)(35,18)(35,2)(17,2)(17,14)(0,14)
Polygon:
(0,0)(26,0)(26,12)(24,12)(24,11)(12,11)(12,12)(0,12)
Polygon:
(0,0)(15,0)(15,14)(10,14)(10,3)(7,3)(7,6)(0,6)
Polygon:
(0,0)(13,0)(13,11)(6,11)(6,10)(4,10)(4,17)(0,17)
Polygon:
(0,0)(48,0)(48,13)(32,13)(32,4)(15,4)(15,16)(0,16)
Polygon:
(0,0)(28,0)(28,19)(27,19)(27,3)(17,3)(17,16)(0,16)
Polygon:
(0,0)(30,0)(30,5)(13,5)(13,4)(8,4)(8,6)(0,6)
Polygon:
(0,0)(25,0)(25,12)(24,12)(24,4)(12,4)(12,9)(0,9)
Polygon:
(0,0)(28,0)(28,23)(12,23)(12,7)(7,7)(7,12)(0,12)
Polygon:
(0,0)(32,0)(32,19)(17,19)(17,5)(7,5)(7,18)(0,18)
Polygon:
(0,0)(33,0)(33,24)(22,24)(22,8)(15,8)(15,15)(0,15)
Polygon:
(0,0)(36,0)(36,32)(22,32)(22,17)(10,17)(10,28)(0,28)
Polygon:
(0,0)(18,0)(18,12)(12,12)(12,3)(8,3)(8,18)(0,18)
Polygon:
(0,0)(41,0)(41,32)(29,32)(29,16)(15,16)(15,17)(0,17)
Polygon:
(0,0)(23,0)(23,11)(20,11)(20,4)(15,4)(15,10)(0,10)
Polygon:
(0,0)(13,0)(13,18)(11,18)(11,11)(3,11)(3,12)(0,12)
Polygon:
(0,0)(31,0)(31,18)(27,18)(27,11)(12,11)(12,12)(0,12)
Polygon:
(0,0)(26,0)(26,13)(18,13)(18,1)(10,1)(10,14)(0,14)
Polygon:
(0,0)(25,0)(25,13)(18,13)(18,6)(3,6)(3,18)(0,18)
Polygon:
(0,0)(39,0)(39,15)(21,15)(21,3)(5,3)(5,12)(0,12)
Polygon:
(0,0)(31,0)(31,28)(28,28)(28,15)(13,15)(13,17)(0,17)
Polygon:
(0,0)(46,0)(46,26)(29,26)(29,15)(16,15)(16,16)(0,16)
Polygon:
(0,0)(29,0)(29,9)(19,9)(19,2)(18,2)(18,17)(0,17)
Polygon:
(0,0)(31,0)(31,21)(14,21)(14,4)(7,4)(7,7)(0,7)
Polygon:
(0,0)(21,0)(21,14)(20,14)(20,1)(5,1)(5,12)(0,12)
Polygon:
(0,0)(15,0)(15,28)(14,28)(14,11)(5,11)(5,17)(0,17)
Polygon:
(0,0)(21,0)(21,19)(4,19)(4,3)(2,3)(2,15)(0,15)
Polygon:
(0,0)(17,0)(17,8)(16,8)(16,3)(5,3)(5,4)(0,4)
Polygon:
(0,0)(27,0)(27,20)(14,20)(14,9)(5,9)(5,10)(0,10)
Polygon:
(0,0)(34,0)(34,11)(22,11)(22,2)(18,2)(18,13)(0,13)
Polygon:
(0,0)(34,0)(34,4)(16,4)(16,3)(6,3)(6,17)(0,17)
Polygon:
(0,0)(17,0)(17,16)(12,16)(12,2)(8,2)(8,3)(0,3)
Polygon:
(0,0)(21,0)(21,5)(9,5)(9,3)(6,3)(6,19)(0,19)
Polygon:
(0,0)(23,0)(23,5)(17,5)(17,1)(8,1)(8,4)(0,4)
Polygon:
(0,0)(27,0)(27,5)(12,5)(12,3)(5,3)(5,9)(0,9)
Polygon:
(0,0)(10,0)(10,1)(6,1)(6,11)(0,11)
Polygon:
(0,0)(32,0)(32,11)(18,11)(18,23)(17,23)(17,13)(0,13)
Polygon:
(0,0)(2,0)(2,12)(0,12)
Polygon:
(0,0)(20,0)(20,15)(13,15)(13,25)(0,25)
Polygon:
(0,0)(4,0)(4,7)(0,7)
Polygon:
(0,0)(15,0)(15,2)(0,2)
Polygon:
(0,0)(7,0)(7,11)(4,11)(4,22)(0,22)
Polygon:
(0,0)(15,0)(15,16)(0,16)
Polygon:
(0,0)(6,0)(6,10)(0,10)
Polygon:
(0,0)(12,0)(12,2)(11,2)(11,15)(0,15)
Polygon:
(0,0)(7,0)(7,14)(0,14)
Polygon:
(0,0)(12,0)(12,9)(10,9)(10,27)(0,27)
Polygon:
(0,0)(4,0)(4,17)(0,17)
Polygon:
(0,0)(17,0)(17,9)(0,9)
Polygon:
(0,0)(3,0)(3,14)(0,14)
Polygon:
(0,0)(7,0)(7,4)(0,4)
Polygon:
(0,0)(28,0)(28,8)(21,8)(21,20)(5,20)(5,3)(0,3)
Polygon:
(0,0)(34,0)(34,20)(22,20)(22,26)(8,26)(8,12)(0,12)
Polygon:
(0,0)(31,0)(31,1)(25,1)(25,4)(15,4)(15,3)(0,3)
Polygon:
(0,0)(21,0)(21,21)(14,21)(14,23)(5,23)(5,8)(0,8)
Polygon:
(0,0)(37,0)(37,10)(31,10)(31,20)(14,20)(14,9)(0,9)
Polygon:
(0,0)(39,0)(39,14)(21,14)(21,17)(8,17)(8,4)(0,4)
Polygon:
(0,0)(45,0)(45,20)(34,20)(34,21)(17,21)(17,17)(0,17)
Polygon:
(0,0)(14,0)(14,14)(0,14)
Polygon:
(0,0)(7,0)(7,10)(0,10)
Polygon:
(0,0)(23,0)(23,4)(19,4)(19,20)(2,20)(2,6)(0,6)
Polygon:
(0,0)(3,0)(3,18)(0,18)
Polygon:
(0,0)(13,0)(13,4)(7,4)(7,22)(0,22)
Polygon:
(0,0)(36,0)(36,2)(24,2)(24,11)(18,11)(18,7)(0,7)
Polygon:
(0,0)(25,0)(25,13)(12,13)(12,25)(0,25)
Polygon:
(0,0)(34,0)(34,15)(22,15)(22,23)(5,23)(5,14)(0,14)
Polygon:
(0,0)(16,0)(16,8)(0,8)
Polygon:
(0,0)(7,0)(7,17)(0,17)
Polygon:
(0,0)(18,0)(18,5)(14,5)(14,9)(0,9)
Polygon:
(0,0)(4,0)(4,1)(0,1)
Polygon:
(0,0)(23,0)(23,12)(18,12)(18,19)(1,19)(1,6)(0,6)
Polygon:
(0,0)(16,0)(16,3)(0,3)
Polygon:
(0,0)(5,0)(5,9)(0,9)
Polygon:
(0,0)(18,0)(18,18)(0,18)
Polygon:
(0,0)(5,0)(5,16)(0,16)
Polygon:
(0,0)(23,0)(23,9)(12,9)(12,15)(0,15)
Polygon:
(0,0)(32,0)(32,30)(23,30)(23,32)(6,32)(6,14)(0,14)
Polygon:
(0,0)(22,0)(22,1)(16,1)(16,8)(0,8)
Polygon:
(0,0)(22,0)(22,7)(11,7)(11,11)(0,11)
Polygon:
(0,0)(13,0)(13,2)(0,2)
Polygon:
(0,0)(35,0)(35,12)(32,12)(32,20)(16,20)(16,6)(0,6)
Polygon:
(0,0)(3,0)(3,14)(0,14)
Polygon:
(0,0)(21,0)(21,2)(9,2)(9,19)(0,19)
Polygon:
(0,0)(11,0)(11,7)(0,7)
Polygon:
(0,0)(3,0)(3,1)(0,1)
Polygon:
(0,0)(24,0)(24,7)(15,7)(15,17)(0,17)
Polygon:
(0,0)(35,0)(35,8)(22,8)(22,20)(12,20)(12,6)(0,6)
Polygon:
(0,0)(33,0)(33,26)(25,26)(25,32)(13,32)(13,14)(0,14)
Polygon:
(0,0)(16,0)(16,3)(0,3)
Polygon:
(0,0)(28,0)(28,13)(26,13)(26,16)(9,16)(9,4)(0,4)
Polygon:
(0,0)(5,0)(5,12)(0,12)
Polygon:
(0,0)(30,0)(30,7)(18,7)(18,21)(2,21)(2,18)(0,18)
Polygon:
(0,0)(29,0)(29,9)(16,9)(16,26)(0,26)
Polygon:
(0,0)(22,0)(22,4)(14,4)(14,19)(3,19)(3,3)(0,3)
Polygon:
(0,0)(20,0)(20,6)(15,6)(15,12)(0,12)
Polygon:
(0,0)(4,0)(4,10)(3,10)(3,28)(0,28)
Polygon:
(0,0)(1,0)(1,12)(0,12)
Polygon:
(0,0)(6,0)(6,16)(3,16)(3,30)(0,30)
Polygon:
(0,0)(43,0)(43,13)(30,13)(30,22)(13,22)(13,6)(0,6)
Polygon:
(0,0)(8,0)(8,14)(5,14)(5,17)(0,17)
Polygon:
(0,0)(17,0)(17,8)(9,8)(9,24)(0,24)
Polygon:
(0,0)(19,0)(19,5)(9,5)(9,19)(5,19)(5,1)(0,1)
Polygon:
(0,0)(11,0)(11,8)(6,8)(6,16)(0,16)
Polygon:
(0,0)(10,0)(10,9)(0,9)
Polygon:
(0,0)(42,0)(42,14)(28,14)(28,21)(17,21)(17,14)(0,14)
Polygon:
(0,0)(12,0)(12,14)(0,14)
Polygon:
(0,0)(6,0)(6,3)(0,3)
Polygon:
(0,0)(9,0)(9,7)(0,7)
Polygon:
(0,0)(12,0)(12,10)(0,10)
Polygon:
(0,0)(2,0)(2,14)(0,14)
Polygon:
(0,0)(29,0)(29,4)(14,4)(14,5)(11,5)(11,4)(0,4)
Polygon:
(0,0)(14,0)(14,12)(0,12)
Polygon:
(0,0)(5,0)(5,2)(0,2)
Polygon:
(0,0)(6,0)(6,4)(0,4)
Polygon:
(0,0)(14,0)(14,10)(0,10)
Polygon:
(0,0)(19,0)(19,18)(4,18)(4,22)(0,22)
Polygon:
(0,0)(4,0)(4,14)(0,14)
Polygon:
(0,0)(10,0)(10,7)(0,7)
Polygon:
(0,0)(25,0)(25,8)(7,8)(7,13)(1,13)(1,8)(0,8)
Polygon:
(0,0)(18,0)(18,18)(0,18)
Polygon:
(0,0)(36,0)(36,18)(30,18)(30,22)(17,22)(17,17)(0,17)
Polygon:
(0,0)(18,0)(18,22)(13,22)(13,27)(1,27)(1,12)(0,12)
Polygon:
(0,0)(25,0)(25,5)(8,5)(8,6)(0,6)
Polygon:
(0,0)(35,0)(35,31)(18,31)(18,33)(15,33)(15,15)(0,15)
Polygon:
(0,0)(32,0)(32,14)(27,14)(27,18)(12,18)(12,4)(0,4)
Polygon:
(0,0)(13,0)(13,15)(0,15)
Polygon:
(0,0)(20,0)(20,18)(7,18)(7,35)(0,35)
Polygon:
(0,0)(12,0)(12,9)(0,9)
Polygon:
(0,0)(15,0)(15,14)(0,14)
Polygon:
(0,0)(5,0)(5,11)(0,11)
Polygon:
(0,0)(10,0)(10,18)(0,18)
Polygon:
(0,0)(35,0)(35,5)(21,5)(21,18)(12,18)(12,14)(0,14)
Polygon:
(0,0)(26,0)(26,11)(8,11)(8,18)(0,18)
Polygon:
(0,0)(1,0)(1,13)(0,13)
Polygon:
(0,0)(21,0)(21,11)(16,11)(16,17)(15,17)(15,9)(0,9)
Polygon:
(0,0)(20,0)(20,13)(4,13)(4,29)(0,29)
Polygon:
(0,0)(13,0)(13,9)(6,9)(6,13)(0,13)
Polygon:
(0,0)(30,0)(30,13)(13,13)(13,27)(0,27)
Polygon:
(0,0)(11,0)(11,4)(0,4)
Polygon:
(0,0)(9,0)(9,14)(0,14)
Polygon:
(0,0)(35,0)(35,7)(17,7)(17,17)(14,17)(14,1)(0,1)
Polygon:
(0,0)(48,0)(48,8)(32,8)(32,15)(18,15)(18,4)(0,4)
Polygon:
(0,0)(12,0)(12,4)(0,4)
Polygon:
(0,0)(33,0)(33,19)(21,19)(21,25)(12,25)(12,18)(0,18)
Polygon:
(0,0)(8,0)(8,5)(0,5)
Polygon:
(0,0)(2,0)(2,6)(0,6)
Polygon:
(0,0)(39,0)(39,14)(31,14)(31,31)(16,31)(16,14)(0,14)
Polygon:
(0,0)(3,0)(3,6)(0,6)
Polygon:
(0,0)(16,0)(16,3)(0,3)
Polygon:
(0,0)(21,0)(21,9)(18,9)(18,12)(0,12)
Polygon:
(0,0)(22,0)(22,19)(18,19)(18,28)(1,28)(1,16)(0,16)
Polygon:
(0,0)(28,0)(28,9)(19,9)(19,27)(10,27)(10,12)(0,12)
Polygon:
(0,0)(2,0)(2,12)(0,12)
Polygon:
(0,0)(11,0)(11,10)(0,10)
Polygon:
(0,0)(3,0)(3,12)(0,12)
