Polygon:
(0,0)(23,0)(23,18)(16,18)(16,35)(0,35)
Polygon:
(0,0)(8,0)(8,13)(1,13)(1,16)(0,16)
Polygon:
(0,0)(23,0)(23,10)(16,10)(16,22)(0,22)
Polygon:
(0,0)(12,0)(12,1)(0,1)
Polygon:
(0,0)(14,0)(14,3)(0,3)
Polygon:
(0,0)(6,0)(6,5)(0,5)
Polygon:
(0,0)(19,0)(19,18)(12,18)(12,34)(0,34)
Polygon:
(0,0)(9,0)(9,1)(0,1)
Polygon:
(0,0)(4,0)(4,2)(0,2)
Polygon:
(0,0)(10,0)(10,16)(3,16)(3,22)(0,22)
Polygon:
(0,0)(23,0)(23,13)(5,13)(5,27)(2,27)(2,15)(0,15)
Polygon:
(0,0)(10,0)(10,10)(0,10)
Polygon:
(0,0)(8,0)(8,17)(0,17)
Polygon:
(0,0)(8,0)(8,1)(6,1)(6,2)(0,2)
Polygon:
(0,0)(3,0)(3,13)(0,13)
Polygon:
(0,0)(33,0)(33,8)(23,8)(23,13)(17,13)(17,2)(0,2)
Polygon:
(0,0)(30,0)(30,13)(18,13)(18,16)(0,16)
Polygon:
(0,0)(17,0)(17,8)(5,8)(5,11)(0,11)
Polygon:
(0,0)(28,0)(28,9)(11,9)(11,15)(0,15)
Polygon:
(0,0)(37,0)(37,6)(25,6)(25,7)(9,7)(9,2)(0,2)
Polygon:
(0,0)(3,0)(3,13)(0,13)
Polygon:
(0,0)(18,0)(18,5)(0,5)
Polygon:
(0,0)(3,0)(3,3)(0,3)
Polygon:
(0,0)(15,0)(15,15)(0,15)
Polygon:
(0,0)(23,0)(23,7)(9,7)(9,18)(4,18)(4,4)(0,4)
Polygon:
(0,0)(28,0)(28,6)(10,6)(10,23)(0,23)
Polygon:
(0,0)(28,0)(28,17)(18,17)(18,29)(15,29)(15,18)(0,18)
Polygon:
(0,0)(5,0)(5,11)(0,11)
Polygon:
(0,0)(13,0)(13,15)(0,15)
Polygon:
(0,0)(14,0)(14,9)(0,9)
Polygon:
(0,0)(1,0)(1,4)(0,4)
Polygon:
(0,0)(14,0)(14,18)(0,18)
Polygon:
(0,0)(44,0)(44,7)(26,7)(26,17)(10,17)(10,12)(0,12)
Polygon:
(0,0)(26,0)(26,17)(12,17)(12,23)(2,23)(2,12)(0,12)
Polygon:
(0,0)(8,0)(8,16)(0,16)
Polygon:
(0,0)(8,0)(8,10)(0,10)
Polygon:
(0,0)(36,0)(36,17)(27,17)(27,23)(9,23)(9,8)(0,8)
Polygon:
(0,0)(21,0)(21,8)(7,8)(7,25)(0,25)
Polygon:
(0,0)(28,0)(28,3)(23,3)(23,14)(5,14)(5,6)(0,6)
Polygon:
(0,0)(5,0)(5,4)(0,4)
Polygon:
(0,0)(10,0)(10,16)(0,16)
Polygon:
(0,0)(16,0)(16,17)(0,17)
Polygon:
(0,0)(18,0)(18,16)(0,16)
Polygon:
(0,0)(17,0)(17,6)(2,6)(2,15)(0,15)
Polygon:
(0,0)(11,0)(11,15)(0,15)
Polygon:
(0,0)(26,0)(26,13)(15,13)(15,14)(2,14)(2,2)(0,2)
Polygon:
(0,0)(16,0)(16,6)(15,6)(15,7)(4,7)(4,2)(0,2)
Polygon:
(0,0)(4,0)(4,2)(0,2)
Polygon:
(0,0)(10,0)(10,18)(0,18)
Polygon:
(0,0)(31,0)(31,12)(17,12)(17,27)(0,27)
Polygon:
(0,0)(26,0)(26,4)(16,4)(16,9)(8,9)(8,8)(0,8)
Polygon:
(0,0)(11,0)(11,11)(0,11)
Polygon:
(0,0)(4,0)(4,8)(0,8)
Polygon:
(0,0)(4,0)(4,11)(0,11)
Polygon:
(0,0)(14,0)(14,13)(0,13)
Polygon:
(0,0)(25,0)(25,7)(15,7)(15,24)(13,24)(13,17)(0,17)
Polygon:
(0,0)(42,0)(42,10)(33,10)(33,19)(15,19)(15,3)(0,3)
Polygon:
(0,0)(9,0)(9,17)(0,17)
Polygon:
(0,0)(2,0)(2,1)(0,1)
Polygon:
(0,0)(9,0)(9,16)(0,16)
Polygon:
(0,0)(19,0)(19,11)(1,11)(1,19)(0,19)
Polygon:
(0,0)(31,0)(31,10)(14,10)(14,19)(13,19)(13,3)(0,3)
Polygon:
(0,0)(41,0)(41,20)(25,20)(25,23)(18,23)(18,5)(0,5)
Polygon:
(0,0)(34,0)(34,18)(17,18)(17,19)(12,19)(12,4)(0,4)
Polygon:
(0,0)(18,0)(18,3)(1,3)(1,11)(0,11)
Polygon:
(0,0)(13,0)(13,4)(0,4)
Polygon:
(0,0)(14,0)(14,2)(0,2)
Polygon:
(0,0)(15,0)(15,16)(0,16)
Polygon:
(0,0)(26,0)(26,17)(22,17)(22,29)(10,29)(10,12)(0,12)
Polygon:
(0,0)(2,0)(2,14)(0,14)
Polygon:
(0,0)(24,0)(24,6)(12,6)(12,13)(0,13)
Polygon:
(0,0)(8,0)(8,10)(0,10)
Polygon:
(0,0)(3,0)(3,11)(0,11)
Polygon:
(0,0)(16,0)(16,17)(0,17)
Polygon:
(0,0)(1,0)(1,8)(0,8)
Polygon:
(0,0)(10,0)(10,3)(0,3)
Polygon:
(0,0)(29,0)(29,13)(12,13)(12,22)(0,22)
Polygon:
(0,0)(18,0)(18,1)(0,1)
Polygon:
(0,0)(31,0)(31,9)(13,9)(13,27)(6,27)(6,14)(0,14)
Polygon:
(0,0)(34,0)(34,11)(22,11)(22,23)(13,23)(13,11)(0,11)
Polygon:
(0,0)(1,0)(1,18)(0,18)
Polygon:
(0,0)(7,0)(7,9)(3,9)(3,13)(0,13)
Polygon:
(0,0)(5,0)(5,11)(0,11)
Polygon:
(0,0)(16,0)(16,15)(0,15)
Polygon:
(0,0)(14,0)(14,14)(10,14)(10,28)(0,28)
Polygon:
(0,0)(11,0)(11,1)(0,1)
Polygon:
(0,0)(28,0)(28,4)(20,4)(20,17)(9,17)(9,16)(0,16)
Polygon:
(0,0)(10,0)(10,3)(0,3)
Polygon:
(0,0)(13,0)(13,11)(0,11)
Polygon:
(0,0)(16,0)(16,3)(0,3)
Polygon:
(0,0)(11,0)(11,14)(0,14)
Polygon:
(0,0)(7,0)(7,15)(4,15)(4,16)(0,16)
Polygon:
(0,0)(16,0)(16,10)(0,10)
Polygon:
(0,0)(9,0)(9,14)(0,14)
Polygon:
(0,0)(10,0)(10,10)(0,10)
Polygon:
(0,0)(21,0)(21,1)(13,1)(13,5)(0,5)
Polygon:
(0,0)(10,0)(10,2)(0,2)
Polygon:
(0,0)(13,0)(13,8)(0,8)
Polygon:
(0,0)(2,0)(2,14)(0,14)
Polygon:
(0,0)(24,0)(24,15)(12,15)(12,17)(0,17)
Polygon:
(0,0)(34,0)(34,20)(16,20)(16,26)(13,26)(13,12)(0,12)
Polygon:
(0,0)(10,0)(10,11)(8,11)(8,21)(0,21)
Polygon:
(0,0)(17,0)(17,20)(14,20)(14,25)(7,25)(7,9)(0,9)
Polygon:
(0,0)(51,0)(51,19)(35,19)(35,35)(18,35)(18,18)(0,18)
Polygon:
(0,0)(13,0)(13,11)(0,11)
Polygon:
(0,0)(16,0)(16,14)(12,14)(12,20)(0,20)
Polygon:
(0,0)(3,0)(3,18)(0,18)
Polygon:
(0,0)(14,0)(14,16)(5,16)(5,21)(0,21)
Polygon:
(0,0)(16,0)(16,8)(0,8)
Polygon:
(0,0)(22,0)(22,18)(8,18)(8,23)(0,23)
Polygon:
(0,0)(20,0)(20,14)(10,14)(10,25)(0,25)
Polygon:
(0,0)(9,0)(9,9)(0,9)
Polygon:
(0,0)(12,0)(12,5)(0,5)
Polygon:
(0,0)(24,0)(24,5)(10,5)(10,22)(3,22)(3,12)(0,12)
Polygon:
(0,0)(18,0)(18,11)(0,11)
Polygon:
(0,0)(19,0)(19,20)(16,20)(16,25)(4,25)(4,13)(0,13)
Polygon:
(0,0)(23,0)(23,7)(14,7)(14,22)(0,22)
Polygon:
(0,0)(24,0)(24,11)(12,11)(12,13)(0,13)
Polygon:
(0,0)(1,0)(1,17)(0,17)
Polygon:
(0,0)(12,0)(12,8)(0,8)
Polygon:
(0,0)(13,0)(13,12)(10,12)(10,18)(4,18)(4,5)(0,5)
Polygon:
(0,0)(17,0)(17,2)(0,2)
Polygon:
(0,0)(11,0)(11,18)(0,18)
Polygon:
(0,0)(30,0)(30,18)(23,18)(23,26)(5,26)(5,17)(0,17)
Polygon:
(0,0)(10,0)(10,10)(5,10)(5,22)(0,22)
Polygon:
(0,0)(22,0)(22,15)(13,15)(13,21)(4,21)(4,6)(0,6)
Polygon:
(0,0)(17,0)(17,17)(10,17)(10,19)(9,19)(9,12)(0,12)
Polygon:
(0,0)(36,0)(36,30)(27,30)(27,33)(11,33)(11,15)(0,15)
Polygon:
(0,0)(10,0)(10,13)(0,13)
Polygon:
(0,0)(4,0)(4,5)(0,5)
Polygon:
(0,0)(15,0)(15,18)(0,18)
Polygon:
(0,0)(21,0)(21,16)(19,16)(19,28)(4,28)(4,11)(0,11)
Polygon:
(0,0)(6,0)(6,13)(0,13)
Polygon:
(0,0)(15,0)(15,16)(0,16)
Polygon:
(0,0)(3,0)(3,18)(0,18)
Polygon:
(0,0)(9,0)(9,11)(4,11)(4,27)(0,27)
Polygon:
(0,0)(23,0)(23,7)(10,7)(10,23)(0,23)
Polygon:
(0,0)(32,0)(32,15)(20,15)(20,19)(7,19)(7,11)(0,11)
Polygon:
(0,0)(26,0)(26,13)(13,13)(13,15)(0,15)
Polygon:
(0,0)(15,0)(15,11)(0,11)
Polygon:
(0,0)(18,0)(18,7)(2,7)(2,12)(0,12)
Polygon:
(0,0)(3,0)(3,2)(0,2)
Polygon:
(0,0)(31,0)(31,10)(13,10)(13,22)(2,22)(2,14)(0,14)
Polygon:
(0,0)(27,0)(27,1)(13,1)(13,12)(0,12)
Polygon:
(0,0)(4,0)(4,6)(0,6)
Polygon:
(0,0)(2,0)(2,7)(1,7)(1,13)(0,13)
Polygon:
(0,0)(4,0)(4,6)(0,6)
Polygon:
(0,0)(14,0)(14,17)(0,17)
Polygon:
(0,0)(5,0)(5,9)(0,9)
Polygon:
(0,0)(18,0)(18,9)(0,9)
Polygon:
(0,0)(8,0)(8,5)(0,5)
Polygon:
(0,0)(3,0)(3,2)(0,2)
Polygon:
(0,0)(20,0)(20,8)(18,8)(18,18)(11,18)(11,13)(0,13)
Polygon:
(0,0)(17,0)(17,13)(0,13)
Polygon:
(0,0)(13,0)(13,1)(0,1)
Polygon:
(0,0)(18,0)(18,23)(6,23)(6,24)(5,24)(5,12)(0,12)
Polygon:
(0,0)(8,0)(8,15)(0,15)
Polygon:
(0,0)(43,0)(43,20)(25,20)(25,26)(10,26)(10,9)(0,9)
Polygon:
(0,0)(7,0)(7,17)(0,17)
Polygon:
(0,0)(9,0)(9,3)(0,3)
Polygon:
(0,0)(6,0)(6,13)(0,13)
Polygon:
(0,0)(10,0)(10,16)(0,16)
Polygon:
(0,0)(9,0)(9,1)(0,1)
Polygon:
(0,0)(19,0)(19,17)(12,17)(12,21)(3,21)(3,4)(0,4)
Polygon:
(0,0)(17,0)(17,18)(0,18)
Polygon:
(0,0)(11,0)(11,11)(0,11)
Polygon:
(0,0)(11,0)(11,3)(0,3)
Polygon:
(0,0)(22,0)(22,19)(15,19)(15,31)(3,31)(3,13)(0,13)
Polygon:
(0,0)(15,0)(15,4)(11,4)(11,22)(0,22)
Polygon:
(0,0)(6,0)(6,16)(0,16)
Polygon:
(0,0)(10,0)(10,16)(8,16)(8,32)(0,32)
Polygon:
(0,0)(8,0)(8,8)(0,8)
Polygon:
(0,0)(26,0)(26,15)(24,15)(24,19)(12,19)(12,6)(0,6)
Polygon:
(0,0)(29,0)(29,19)(26,19)(26,20)(13,20)(13,2)(0,2)
Polygon:
(0,0)(14,0)(14,10)(3,10)(3,22)(0,22)
Polygon:
(0,0)(31,0)(31,5)(13,5)(13,23)(3,23)(3,10)(0,10)
Polygon:
(0,0)(16,0)(16,1)(0,1)
Polygon:
(0,0)(10,0)(10,9)(5,9)(5,20)(0,20)
Polygon:
(0,0)(21,0)(21,3)(11,3)(11,12)(8,12)(8,3)(0,3)
Polygon:
(0,0)(15,0)(15,8)(9,8)(9,17)(0,17)
Polygon:
(0,0)(34,0)(34,13)(23,13)(23,18)(17,18)(17,9)(0,9)
Polygon:
(0,0)(1,0)(1,12)(0,12)
Polygon:
(0,0)(27,0)(27,17)(14,17)(14,18)(0,18)
Polygon:
(0,0)(7,0)(7,6)(0,6)
Polygon:
(0,0)(16,0)(16,17)(0,17)
Polygon:
(0,0)(13,0)(13,5)(0,5)
Polygon:
(0,0)(15,0)(15,15)(13,15)(13,21)(9,21)(9,16)(0,16)
Polygon:
(0,0)(6,0)(6,6)(0,6)
Polygon:
(0,0)(28,0)(28,7)(18,7)(18,24)(0,24)
Polygon:
(0,0)(4,0)(4,10)(0,10)
Polygon:
(0,0)(1,0)(1,9)(0,9)
Polygon:
(0,0)(20,0)(20,7)(19,7)(19,11)(9,11)(9,1)(0,1)
Polygon:
(0,0)(38,0)(38,24)(25,24)(25,25)(18,25)(18,12)(0,12)
Polygon:
(0,0)(18,0)(18,7)(0,7)
Polygon:
(0,0)(3,0)(3,14)(1,14)(1,22)(0,22)
Polygon:
(0,0)(6,0)(6,14)(0,14)
Polygon:
(0,0)(27,0)(27,18)(16,18)(16,27)(0,27)
Polygon:
(0,0)(30,0)(30,14)(16,14)(16,16)(1,16)(1,2)(0,2)
Polygon:
(0,0)(37,0)(37,8)(29,8)(29,18)(14,18)(14,12)(0,12)
Polygon:
(0,0)(12,0)(12,2)(0,2)
