Polygon:
(0,0)(29,0)(29,12)(14,12)(14,10)(1,10)(1,15)(0,15)
Polygon:
(0,0)(43,0)(43,24)(30,24)(30,10)(14,10)(14,16)(0,16)
Polygon:
(0,0)(7,0)(7,19)(5,19)(5,5)(3,5)(3,14)(0,14)
Polygon:
(0,0)(31,0)(31,16)(28,16)(28,2)(14,2)(14,16)(0,16)
Polygon:
(0,0)(40,0)(40,21)(23,21)(23,6)(5,6)(5,13)(0,13)
Polygon:
(0,0)(23,0)(23,16)(21,16)(21,1)(16,1)(16,9)(0,9)
Polygon:
(0,0)(23,0)(23,21)(19,21)(19,4)(3,4)(3,17)(0,17)
Polygon:
(0,0)(29,0)(29,11)(18,11)(18,7)(2,7)(2,17)(0,17)
Polygon:
(0,0)(12,0)(12,14)(9,14)(9,1)(7,1)(7,11)(0,11)
Polygon:
(0,0)(13,0)(13,21)(8,21)(8,13)(6,13)(6,15)(0,15)
Polygon:
(0,0)(28,0)(28,14)(12,14)(12,2)(6,2)(6,8)(0,8)
Polygon:
(0,0)(29,0)(29,13)(25,13)(25,7)(10,7)(10,8)(0,8)
Polygon:
(0,0)(24,0)(24,17)(22,17)(22,13)(14,13)(14,14)(0,14)
Polygon:
(0,0)(34,0)(34,16)(27,16)(27,2)(17,2)(17,11)(0,11)
Polygon:
(0,0)(40,0)(40,5)(30,5)(30,4)(15,4)(15,10)(0,10)
Polygon:
(0,0)(31,0)(31,10)(15,10)(15,4)(3,4)(3,10)(0,10)
Polygon:
(0,0)(36,0)(36,15)(35,15)(35,10)(18,10)(18,12)(0,12)
Polygon:
(0,0)(35,0)(35,11)(19,11)(19,4)(18,4)(18,5)(0,5)
Polygon:
(0,0)(36,0)(36,15)(22,15)(22,6)(15,6)(15,11)(0,11)
Polygon:
(0,0)(21,0)(21,10)(7,10)(7,1)(5,1)(5,6)(0,6)
Polygon:
(0,0)(43,0)(43,21)(27,21)(27,6)(9,6)(9,10)(0,10)
Polygon:
(0,0)(37,0)(37,24)(21,24)(21,9)(11,9)(11,16)(0,16)
Polygon:
(0,0)(26,0)(26,6)(21,6)(21,4)(13,4)(13,8)(0,8)
Polygon:
(0,0)(26,0)(26,15)(17,15)(17,4)(3,4)(3,12)(0,12)
Polygon:
(0,0)(27,0)(27,15)(12,15)(12,11)(10,11)(10,12)(0,12)
Polygon:
(0,0)(31,0)(31,16)(16,16)(16,6)(12,6)(12,7)(0,7)
Polygon:
(0,0)(34,0)(34,5)(19,5)(19,3)(9,3)(9,6)(0,6)
Polygon:
(0,0)(35,0)(35,6)(24,6)(24,1)(13,1)(13,15)(0,15)
Polygon:
(0,0)(48,0)(48,16)(30,16)(30,8)(12,8)(12,14)(0,14)
Polygon:
(0,0)(26,0)(26,18)(8,18)(8,1)(5,1)(5,7)(0,7)
Polygon:
(0,0)(35,0)(35,15)(20,15)(20,13)(12,13)(12,16)(0,16)
Polygon:
(0,0)(37,0)(37,5)(22,5)(22,4)(7,4)(7,14)(0,14)
Polygon:
(0,0)(27,0)(27,6)(10,6)(10,2)(2,2)(2,11)(0,11)
Polygon:
(0,0)(33,0)(33,20)(24,20)(24,9)(13,9)(13,11)(0,11)
Polygon:
(0,0)(30,0)(30,16)(22,16)(22,5)(7,5)(7,9)(0,9)
Polygon:
(0,0)(18,0)(18,25)(17,25)(17,8)(3,8)(3,15)(0,15)
Polygon:
(0,0)(50,0)(50,19)(35,19)(35,2)(17,2)(17,15)(0,15)
Polygon:
(0,0)(28,0)(28,6)(13,6)(13,1)(9,1)(9,8)(0,8)
Polygon:
(0,0)(24,0)(24,21)(13,21)(13,13)(6,13)(6,18)(0,18)
Polygon:
(0,0)(32,0)(32,31)(16,31)(16,16)(13,16)(13,21)(0,21)
Polygon:
(0,0)(35,0)(35,18)(27,18)(27,11)(10,11)(10,13)(0,13)
Polygon:
(0,0)(25,0)(25,24)(24,24)(24,6)(10,6)(10,8)(0,8)
Polygon:
(0,0)(22,0)(22,20)(15,20)(15,2)(6,2)(6,17)(0,17)
Polygon:
(0,0)(30,0)(30,20)(15,20)(15,4)(10,4)(10,13)(0,13)
Polygon:
(0,0)(33,0)(33,25)(19,25)(19,8)(18,8)(18,12)(0,12)
Polygon:
(0,0)(37,0)(37,9)(19,9)(19,6)(5,6)(5,15)(0,15)
Polygon:
(0,0)(35,0)(35,25)(23,25)(23,7)(5,7)(5,14)(0,14)
Polygon:
(0,0)(22,0)(22,19)(10,19)(10,8)(1,8)(1,9)(0,9)
Polygon:
(0,0)(33,0)(33,19)(28,19)(28,2)(12,2)(12,18)(0,18)
Polygon:
(0,0)(17,0)(17,9)(12,9)(12,3)(1,3)(1,11)(0,11)
Polygon:
(0,0)(34,0)(34,17)(23,17)(23,12)(18,12)(18,14)(0,14)
Polygon:
(0,0)(13,0)(13,24)(11,24)(11,11)(10,11)(10,15)(0,15)
Polygon:
(0,0)(26,0)(26,15)(11,15)(11,4)(4,4)(4,6)(0,6)
Polygon:
(0,0)(28,0)(28,11)(10,11)(10,10)(4,10)(4,18)(0,18)
Polygon:
(0,0)(32,0)(32,15)(18,15)(18,9)(11,9)(11,11)(0,11)
Polygon:
(0,0)(33,0)(33,22)(28,22)(28,4)(15,4)(15,16)(0,16)
Polygon:
(0,0)(39,0)(39,20)(25,20)(25,7)(15,7)(15,11)(0,11)
Polygon:
(0,0)(30,0)(30,14)(22,14)(22,6)(8,6)(8,12)(0,12)
Polygon:
(0,0)(21,0)(21,14)(3,14)(3,12)(1,12)(1,13)(0,13)
Polygon:
(0,0)(25,0)(25,14)(16,14)(16,3)(7,3)(7,14)(0,14)
Polygon:
(0,0)(37,0)(37,20)(29,20)(29,5)(15,5)(15,11)(0,11)
Polygon:
(0,0)(33,0)(33,15)(16,15)(16,6)(11,6)(11,14)(0,14)
Polygon:
(0,0)(12,0)(12,16)(6,16)(6,3)(3,3)(3,8)(0,8)
Polygon:
(0,0)(15,0)(15,15)(14,15)(14,9)(11,9)(11,17)(0,17)
Polygon:
(0,0)(32,0)(32,17)(15,17)(15,5)(11,5)(11,12)(0,12)
Polygon:
(0,0)(21,0)(21,8)(16,8)(16,7)(14,7)(14,9)(0,9)
Polygon:
(0,0)(21,0)(21,23)(10,23)(10,5)(5,5)(5,18)(0,18)
Polygon:
(0,0)(23,0)(23,12)(19,12)(19,2)(10,2)(10,4)(0,4)
Polygon:
(0,0)(48,0)(48,20)(33,20)(33,4)(18,4)(18,5)(0,5)
Polygon:
(0,0)(24,0)(24,12)(16,12)(16,11)(5,11)(5,14)(0,14)
Polygon:
(0,0)(35,0)(35,9)(19,9)(19,6)(9,6)(9,13)(0,13)
Polygon:
(0,0)(13,0)(13,20)(10,20)(10,5)(1,5)(1,7)(0,7)
Polygon:
(0,0)(12,0)(12,3)(5,3)(5,2)(2,2)(2,9)(0,9)
Polygon:
(0,0)(24,0)(24,6)(22,6)(22,4)(7,4)(7,14)(0,14)
Polygon:
(0,0)(14,0)(14,12)(13,12)(13,2)(12,2)(12,15)(0,15)
Polygon:
(0,0)(8,0)(8,16)(6,16)(6,1)(5,1)(5,17)(0,17)
Polygon:
(0,0)(22,0)(22,11)(10,11)(10,8)(5,8)(5,17)(0,17)
Polygon:
(0,0)(43,0)(43,10)(25,10)(25,4)(11,4)(11,7)(0,7)
Polygon:
(0,0)(45,0)(45,7)(30,7)(30,1)(13,1)(13,10)(0,10)
Polygon:
(0,0)(41,0)(41,13)(31,13)(31,4)(13,4)(13,6)(0,6)
Polygon:
(0,0)(27,0)(27,18)(17,18)(17,28)(0,28)
Polygon:
(0,0)(25,0)(25,10)(21,10)(21,22)(5,22)(5,17)(0,17)
Polygon:
(0,0)(31,0)(31,16)(20,16)(20,18)(6,18)(6,13)(0,13)
Polygon:
(0,0)(25,0)(25,15)(20,15)(20,27)(3,27)(3,11)(0,11)
Polygon:
(0,0)(9,0)(9,8)(0,8)
Polygon:
(0,0)(17,0)(17,2)(0,2)
Polygon:
(0,0)(8,0)(8,16)(1,16)(1,29)(0,29)
Polygon:
(0,0)(18,0)(18,8)(17,8)(17,9)(0,9)
Polygon:
(0,0)(28,0)(28,27)(13,27)(13,30)(12,30)(12,18)(0,18)
Polygon:
(0,0)(7,0)(7,10)(0,10)
Polygon:
(0,0)(29,0)(29,10)(15,10)(15,21)(0,21)
Polygon:
(0,0)(11,0)(11,3)(0,3)
Polygon:
(0,0)(2,0)(2,18)(0,18)
Polygon:
(0,0)(2,0)(2,15)(0,15)
Polygon:
(0,0)(28,0)(28,7)(14,7)(14,15)(1,15)(1,12)(0,12)
Polygon:
(0,0)(16,0)(16,4)(0,4)
Polygon:
(0,0)(35,0)(35,13)(25,13)(25,17)(9,17)(9,9)(0,9)
Polygon:
(0,0)(3,0)(3,17)(0,17)
Polygon:
(0,0)(32,0)(32,20)(22,20)(22,23)(9,23)(9,15)(0,15)
Polygon:
(0,0)(13,0)(13,3)(0,3)
Polygon:
(0,0)(20,0)(20,11)(18,11)(18,26)(2,26)(2,11)(0,11)
Polygon:
(0,0)(27,0)(27,5)(13,5)(13,11)(10,11)(10,8)(0,8)
Polygon:
(0,0)(16,0)(16,13)(0,13)
Polygon:
(0,0)(17,0)(17,16)(0,16)
Polygon:
(0,0)(14,0)(14,3)(0,3)
Polygon:
(0,0)(13,0)(13,8)(0,8)
Polygon:
(0,0)(4,0)(4,10)(0,10)
Polygon:
(0,0)(8,0)(8,5)(0,5)
Polygon:
(0,0)(7,0)(7,17)(1,17)(1,32)(0,32)
Polygon:
(0,0)(24,0)(24,10)(11,10)(11,23)(0,23)
Polygon:
(0,0)(15,0)(15,17)(0,17)
Polygon:
(0,0)(11,0)(11,2)(0,2)
Polygon:
(0,0)(9,0)(9,1)(0,1)
Polygon:
(0,0)(8,0)(8,7)(0,7)
Polygon:
(0,0)(7,0)(7,4)(0,4)
Polygon:
(0,0)(9,0)(9,17)(0,17)
Polygon:
(0,0)(12,0)(12,4)(1,4)(1,10)(0,10)
Polygon:
(0,0)(13,0)(13,1)(0,1)
Polygon:
(0,0)(25,0)(25,5)(18,5)(18,15)(0,15)
Polygon:
(0,0)(34,0)(34,13)(26,13)(26,14)(11,14)(11,1)(0,1)
Polygon:
(0,0)(20,0)(20,1)(17,1)(17,16)(0,16)
Polygon:
(0,0)(26,0)(26,19)(24,19)(24,29)(18,29)(18,15)(0,15)
Polygon:
(0,0)(6,0)(6,8)(0,8)
Polygon:
(0,0)(18,0)(18,7)(7,7)(7,23)(6,23)(6,15)(0,15)
Polygon:
(0,0)(17,0)(17,7)(13,7)(13,22)(0,22)
Polygon:
(0,0)(6,0)(6,13)(0,13)
Polygon:
(0,0)(15,0)(15,16)(0,16)
Polygon:
(0,0)(14,0)(14,12)(0,12)
Polygon:
(0,0)(6,0)(6,10)(0,10)
Polygon:
(0,0)(1,0)(1,4)(0,4)
Polygon:
(0,0)(20,0)(20,18)(7,18)(7,26)(0,26)
Polygon:
(0,0)(15,0)(15,15)(0,15)
Polygon:
(0,0)(5,0)(5,9)(2,9)(2,15)(0,15)
Polygon:
(0,0)(26,0)(26,9)(21,9)(21,18)(18,18)(18,3)(0,3)
Polygon:
(0,0)(8,0)(8,7)(0,7)
Polygon:
(0,0)(15,0)(15,13)(0,13)
Polygon:
(0,0)(8,0)(8,11)(0,11)
Polygon:
(0,0)(18,0)(18,16)(16,16)(16,20)(0,20)
Polygon:
(0,0)(40,0)(40,1)(28,1)(28,11)(12,11)(12,3)(0,3)
Polygon:
(0,0)(8,0)(8,18)(1,18)(1,27)(0,27)
Polygon:
(0,0)(18,0)(18,4)(0,4)
Polygon:
(0,0)(6,0)(6,17)(0,17)
Polygon:
(0,0)(14,0)(14,13)(0,13)
Polygon:
(0,0)(9,0)(9,9)(0,9)
Polygon:
(0,0)(2,0)(2,13)(0,13)
Polygon:
(0,0)(25,0)(25,2)(9,2)(9,18)(4,18)(4,7)(0,7)
Polygon:
(0,0)(1,0)(1,1)(0,1)
Polygon:
(0,0)(15,0)(15,9)(0,9)
Polygon:
(0,0)(2,0)(2,4)(0,4)
Polygon:
(0,0)(6,0)(6,12)(0,12)
Polygon:
(0,0)(15,0)(15,17)(0,17)
Polygon:
(0,0)(3,0)(3,13)(0,13)
Polygon:
(0,0)(34,0)(34,11)(23,11)(23,16)(5,16)(5,1)(0,1)
Polygon:
(0,0)(15,0)(15,6)(0,6)
Polygon:
(0,0)(18,0)(18,5)(15,5)(15,19)(1,19)(1,17)(0,17)
Polygon:
(0,0)(13,0)(13,5)(0,5)
Polygon:
(0,0)(7,0)(7,13)(0,13)
Polygon:
(0,0)(15,0)(15,10)(0,10)
Polygon:
(0,0)(28,0)(28,9)(25,9)(25,12)(13,12)(13,8)(0,8)
Polygon:
(0,0)(23,0)(23,17)(15,17)(15,27)(0,27)
Polygon:
(0,0)(15,0)(15,13)(0,13)
Polygon:
(0,0)(9,0)(9,18)(0,18)
Polygon:
(0,0)(14,0)(14,3)(0,3)
Polygon:
(0,0)(13,0)(13,15)(6,15)(6,17)(0,17)
Polygon:
(0,0)(16,0)(16,5)(3,5)(3,21)(0,21)
Polygon:
(0,0)(18,0)(18,6)(0,6)
Polygon:
(0,0)(24,0)(24,14)(15,14)(15,19)(0,19)
Polygon:
(0,0)(11,0)(11,15)(0,15)
Polygon:
(0,0)(9,0)(9,10)(0,10)
Polygon:
(0,0)(9,0)(9,12)(0,12)
Polygon:
(0,0)(6,0)(6,11)(0,11)
Polygon:
(0,0)(18,0)(18,13)(0,13)
Polygon:
(0,0)(30,0)(30,7)(17,7)(17,8)(9,8)(9,2)(0,2)
Polygon:
(0,0)(16,0)(16,13)(0,13)
Polygon:
(0,0)(20,0)(20,13)(11,13)(11,20)(0,20)
Polygon:
(0,0)(13,0)(13,13)(4,13)(4,17)(0,17)
Polygon:
(0,0)(5,0)(5,4)(1,4)(1,21)(0,21)
Polygon:
(0,0)(22,0)(22,25)(8,25)(8,26)(2,26)(2,11)(0,11)
Polygon:
(0,0)(3,0)(3,9)(0,9)
Polygon:
(0,0)(17,0)(17,16)(0,16)
Polygon:
(0,0)(2,0)(2,14)(0,14)
Polygon:
(0,0)(13,0)(13,9)(0,9)
Polygon:
(0,0)(35,0)(35,8)(22,8)(22,9)(8,9)(8,7)(0,7)
Polygon:
(0,0)(39,0)(39,22)(25,22)(25,27)(10,27)(10,11)(0,11)
Polygon:
(0,0)(4,0)(4,1)(0,1)
Polygon:
(0,0)(19,0)(19,22)(11,22)(11,25)(9,25)(9,7)(0,7)
Polygon:
(0,0)(11,0)(11,2)(0,2)
Polygon:
(0,0)(23,0)(23,8)(15,8)(15,17)(0,17)
Polygon:
(0,0)(36,0)(36,11)(28,11)(28,15)(18,15)(18,1)(0,1)
Polygon:
(0,0)(1,0)(1,9)(0,9)
Polygon:
(0,0)(12,0)(12,1)(0,1)
Polygon:
(0,0)(9,0)(9,17)(0,17)
Polygon:
(0,0)(6,0)(6,15)(0,15)
Polygon:
(0,0)(27,0)(27,3)(11,3)(11,6)(0,6)
Polygon:
(0,0)(35,0)(35,6)(23,6)(23,12)(18,12)(18,2)(0,2)
Polygon:
(0,0)(17,0)(17,5)(11,5)(11,21)(7,21)(7,16)(0,16)
Polygon:
(0,0)(28,0)(28,4)(26,4)(26,18)(18,18)(18,10)(0,10)
Polygon:
(0,0)(45,0)(45,12)(29,12)(29,28)(16,28)(16,17)(0,17)
Polygon:
(0,0)(27,0)(27,2)(17,2)(17,20)(2,20)(2,8)(0,8)
Polygon:
(0,0)(31,0)(31,3)(18,3)(18,18)(1,18)(1,2)(0,2)
Polygon:
(0,0)(18,0)(18,3)(0,3)
Polygon:
(0,0)(24,0)(24,24)(21,24)(21,26)(15,26)(15,10)(0,10)
Polygon:
(0,0)(19,0)(19,10)(17,10)(17,15)(14,15)(14,1)(0,1)
Polygon:
(0,0)(3,0)(3,2)(0,2)
Polygon:
(0,0)(35,0)(35,8)(18,8)(18,18)(3,18)(3,3)(0,3)
Polygon:
(0,0)(11,0)(11,15)(4,15)(4,31)(0,31)
Polygon:
(0,0)(6,0)(6,12)(0,12)
Polygon:
(0,0)(17,0)(17,12)(0,12)
Polygon:
(0,0)(5,0)(5,4)(0,4)
Polygon:
(0,0)(21,0)(21,11)(17,11)(17,27)(7,27)(7,15)(0,15)
Polygon:
(0,0)(22,0)(22,14)(6,14)(6,27)(0,27)
Polygon:
(0,0)(25,0)(25,7)(10,7)(10,24)(0,24)
Polygon:
(0,0)(17,0)(17,8)(0,8)
Polygon:
(0,0)(16,0)(16,1)(0,1)
Polygon:
(0,0)(46,0)(46,7)(30,7)(30,15)(12,15)(12,2)(0,2)
Polygon:
(0,0)(14,0)(14,9)(0,9)
Polygon:
(0,0)(16,0)(16,1)(0,1)
Polygon:
(0,0)(6,0)(6,3)(0,3)
Polygon:
(0,0)(16,0)(16,17)(14,17)(14,19)(0,19)
Polygon:
(0,0)(16,0)(16,14)(15,14)(15,22)(12,22)(12,7)(0,7)
Polygon:
(0,0)(10,0)(10,2)(0,2)
Polygon:
(0,0)(11,0)(11,1)(0,1)
Polygon:
(0,0)(18,0)(18,17)(0,17)
Polygon:
(0,0)(26,0)(26,8)(11,8)(11,20)(1,20)(1,8)(0,8)
Polygon:
(0,0)(43,0)(43,11)(30,11)(30,14)(17,14)(17,1)(0,1)
Polygon:
(0,0)(1,0)(1,11)(0,11)
Polygon:
(0,0)(23,0)(23,10)(8,10)(8,27)(3,27)(3,17)(0,17)
Polygon:
(0,0)(12,0)(12,17)(0,17)
Polygon:
(0,0)(3,0)(3,16)(0,16)
Polygon:
(0,0)(17,0)(17,5)(3,5)(3,12)(0,12)
Polygon:
(0,0)(35,0)(35,7)(19,7)(19,11)(12,11)(12,7)(0,7)
Polygon:
(0,0)(25,0)(25,10)(17,10)(17,27)(1,27)(1,9)(0,9)
Polygon:
(0,0)(27,0)(27,7)(16,7)(16,17)(0,17)
Polygon:
(0,0)(20,0)(20,10)(18,10)(18,26)(5,26)(5,8)(0,8)
Polygon:
(0,0)(48,0)(48,5)(32,5)(32,15)(16,15)(16,3)(0,3)
Polygon:
(0,0)(28,0)(28,10)(11,10)(11,14)(1,14)(1,12)(0,12)
Polygon:
(0,0)(10,0)(10,16)(0,16)
Polygon:
(0,0)(25,0)(25,17)(12,17)(12,18)(0,18)
Polygon:
(0,0)(32,0)(32,15)(14,15)(14,30)(0,30)
Polygon:
(0,0)(18,0)(18,3)(16,3)(16,19)(2,19)(2,11)(0,11)
Polygon:
(0,0)(18,0)(18,9)(0,9)
Polygon:
(0,0)(2,0)(2,2)(0,2)
Polygon:
(0,0)(27,0)(27,18)(16,18)(16,29)(0,29)
Polygon:
(0,0)(3,0)(3,3)(0,3)
Polygon:
(0,0)(8,0)(8,10)(5,10)(5,15)(0,15)
Polygon:
(0,0)(17,0)(17,8)(0,8)
Polygon:
(0,0)(3,0)(3,18)(2,18)(2,22)(0,22)
Polygon:
(0,0)(11,0)(11,10)(8,10)(8,12)(0,12)
Polygon:
(0,0)(20,0)(20,1)(13,1)(13,2)(0,2)
Polygon:
(0,0)(22,0)(22,2)(18,2)(18,11)(0,11)
Polygon:
(0,0)(5,0)(5,5)(0,5)
Polygon:
(0,0)(8,0)(8,14)(0,14)
Polygon:
(0,0)(3,0)(3,2)(0,2)
Polygon:
(0,0)(13,0)(13,11)(0,11)
Polygon:
(0,0)(32,0)(32,2)(20,2)(20,19)(9,19)(9,1)(0,1)
Polygon:
(0,0)(18,0)(18,17)(0,17)
Polygon:
(0,0)(30,0)(30,9)(13,9)(13,21)(0,21)
Polygon:
(0,0)(9,0)(9,9)(2,9)(2,20)(0,20)
Polygon:
(0,0)(20,0)(20,10)(18,10)(18,25)(9,25)(9,14)(0,14)
Polygon:
(0,0)(1,0)(1,6)(0,6)
Polygon:
(0,0)(10,0)(10,16)(0,16)
Polygon:
(0,0)(9,0)(9,9)(0,9)
Polygon:
(0,0)(38,0)(38,9)(33,9)(33,25)(16,25)(16,16)(0,16)
Polygon:
(0,0)(32,0)(32,9)(24,9)(24,16)(6,16)(6,5)(0,5)
Polygon:
(0,0)(7,0)(7,15)(2,15)(2,26)(0,26)
Polygon:
(0,0)(23,0)(23,10)(12,10)(12,25)(0,25)
Polygon:
(0,0)(5,0)(5,7)(0,7)
Polygon:
(0,0)(35,0)(35,15)(21,15)(21,25)(13,25)(13,9)(0,9)
Polygon:
(0,0)(4,0)(4,18)(0,18)
Polygon:
(0,0)(18,0)(18,12)(9,12)(9,27)(8,27)(8,10)(0,10)
Polygon:
(0,0)(30,0)(30,12)(29,12)(29,14)(13,14)(13,4)(0,4)
Polygon:
(0,0)(4,0)(4,18)(0,18)
Polygon:
(0,0)(15,0)(15,15)(8,15)(8,25)(0,25)
Polygon:
(0,0)(3,0)(3,3)(0,3)
Polygon:
(0,0)(13,0)(13,7)(0,7)
Polygon:
(0,0)(11,0)(11,9)(0,9)
Polygon:
(0,0)(4,0)(4,11)(0,11)
Polygon:
(0,0)(40,0)(40,11)(29,11)(29,24)(17,24)(17,10)(0,10)
Polygon:
(0,0)(18,0)(18,17)(15,17)(15,19)(10,19)(10,6)(0,6)
Polygon:
(0,0)(31,0)(31,15)(18,15)(18,31)(0,31)
Polygon:
(0,0)(15,0)(15,12)(10,12)(10,13)(0,13)
Polygon:
(0,0)(23,0)(23,13)(21,13)(21,17)(12,17)(12,10)(0,10)
Polygon:
(0,0)(9,0)(9,17)(0,17)
Polygon:
(0,0)(5,0)(5,2)(0,2)
Polygon:
(0,0)(16,0)(16,16)(0,16)
Polygon:
(0,0)(12,0)(12,18)(10,18)(10,27)(0,27)
Polygon:
(0,0)(18,0)(18,1)(5,1)(5,7)(0,7)
Polygon:
(0,0)(31,0)(31,7)(17,7)(17,17)(14,17)(14,2)(0,2)
Polygon:
(0,0)(29,0)(29,10)(15,10)(15,22)(12,22)(12,15)(0,15)
Polygon:
(0,0)(7,0)(7,10)(0,10)
Polygon:
(0,0)(16,0)(16,4)(0,4)
Polygon:
(0,0)(26,0)(26,6)(15,6)(15,18)(0,18)
Polygon:
(0,0)(11,0)(11,7)(0,7)
Polygon:
(0,0)(3,0)(3,17)(0,17)
Polygon:
(0,0)(22,0)(22,2)(7,2)(7,10)(0,10)
Polygon:
(0,0)(6,0)(6,13)(0,13)
Polygon:
(0,0)(2,0)(2,11)(0,11)
Polygon:
(0,0)(14,0)(14,16)(0,16)
Polygon:
(0,0)(8,0)(8,12)(0,12)
Polygon:
(0,0)(5,0)(5,6)(0,6)
Polygon:
(0,0)(13,0)(13,7)(4,7)(4,23)(0,23)
Polygon:
(0,0)(25,0)(25,3)(15,3)(15,19)(0,19)
Polygon:
(0,0)(23,0)(23,10)(9,10)(9,11)(0,11)
Polygon:
(0,0)(19,0)(19,8)(16,8)(16,17)(10,17)(10,1)(0,1)
Polygon:
(0,0)(19,0)(19,2)(3,2)(3,14)(0,14)
Polygon:
(0,0)(38,0)(38,19)(21,19)(21,27)(8,27)(8,14)(0,14)
Polygon:
(0,0)(14,0)(14,5)(0,5)
Polygon:
(0,0)(16,0)(16,3)(0,3)
Polygon:
(0,0)(5,0)(5,10)(2,10)(2,12)(0,12)
Polygon:
(0,0)(38,0)(38,16)(26,16)(26,27)(17,27)(17,9)(0,9)
Polygon:
(0,0)(4,0)(4,7)(0,7)
Polygon:
(0,0)(20,0)(20,8)(13,8)(13,26)(0,26)
Polygon:
(0,0)(12,0)(12,17)(0,17)
Polygon:
(0,0)(11,0)(11,11)(0,11)
Polygon:
(0,0)(14,0)(14,5)(0,5)
Polygon:
(0,0)(14,0)(14,13)(6,13)(6,28)(0,28)
Polygon:
(0,0)(34,0)(34,12)(18,12)(18,14)(17,14)(17,12)(0,12)
Polygon:
(0,0)(4,0)(4,6)(0,6)
Polygon:
(0,0)(1,0)(1,7)(0,7)
Polygon:
(0,0)(16,0)(16,8)(10,8)(10,15)(0,15)
Polygon:
(0,0)(4,0)(4,13)(0,13)
Polygon:
(0,0)(12,0)(12,16)(0,16)
Polygon:
(0,0)(37,0)(37,21)(27,21)(27,33)(9,33)(9,15)(0,15)
Polygon:
(0,0)(9,0)(9,13)(0,13)
Polygon:
(0,0)(13,0)(13,21)(11,21)(11,26)(9,26)(9,9)(0,9)
Polygon:
(0,0)(27,0)(27,13)(18,13)(18,29)(0,29)
Polygon:
(0,0)(4,0)(4,10)(0,10)
Polygon:
(0,0)(6,0)(6,11)(0,11)
Polygon:
(0,0)(13,0)(13,5)(0,5)
Polygon:
(0,0)(4,0)(4,8)(0,8)
Polygon:
(0,0)(22,0)(22,13)(16,13)(16,14)(8,14)(8,9)(0,9)
Polygon:
(0,0)(4,0)(4,5)(0,5)
Polygon:
(0,0)(45,0)(45,14)(28,14)(28,15)(11,15)(11,14)(0,14)
Polygon:
(0,0)(15,0)(15,17)(1,17)(1,27)(0,27)
Polygon:
(0,0)(31,0)(31,7)(14,7)(14,18)(0,18)
Polygon:
(0,0)(16,0)(16,17)(0,17)
Polygon:
(0,0)(26,0)(26,3)(16,3)(16,14)(0,14)
Polygon:
(0,0)(15,0)(15,15)(0,15)
Polygon:
(0,0)(2,0)(2,11)(0,11)
Polygon:
(0,0)(10,0)(10,16)(2,16)(2,27)(0,27)
Polygon:
(0,0)(14,0)(14,16)(0,16)
Polygon:
(0,0)(7,0)(7,3)(0,3)
Polygon:
(0,0)(8,0)(8,10)(0,10)
Polygon:
(0,0)(9,0)(9,25)(4,25)(4,30)(3,30)(3,12)(0,12)
Polygon:
(0,0)(12,0)(12,3)(0,3)
Polygon:
(0,0)(6,0)(6,11)(5,11)(5,15)(0,15)
Polygon:
(0,0)(28,0)(28,10)(22,10)(22,17)(17,17)(17,2)(0,2)
Polygon:
(0,0)(24,0)(24,10)(9,10)(9,25)(0,25)
Polygon:
(0,0)(16,0)(16,7)(0,7)
Polygon:
(0,0)(14,0)(14,10)(0,10)
Polygon:
(0,0)(16,0)(16,7)(0,7)
Polygon:
(0,0)(2,0)(2,10)(0,10)
Polygon:
(0,0)(15,0)(15,3)(7,3)(7,17)(0,17)
Polygon:
(0,0)(14,0)(14,6)(13,6)(13,15)(12,15)(12,8)(0,8)
Polygon:
(0,0)(23,0)(23,9)(11,9)(11,14)(1,14)(1,1)(0,1)
Polygon:
(0,0)(36,0)(36,5)(33,5)(33,7)(17,7)(17,6)(0,6)
Polygon:
(0,0)(17,0)(17,10)(0,10)
Polygon:
(0,0)(9,0)(9,1)(0,1)
Polygon:
(0,0)(21,0)(21,16)(20,16)(20,19)(18,19)(18,8)(0,8)
Polygon:
(0,0)(2,0)(2,2)(0,2)
Polygon:
(0,0)(13,0)(13,15)(0,15)
Polygon:
(0,0)(18,0)(18,2)(0,2)
Polygon:
(0,0)(7,0)(7,12)(0,12)
Polygon:
(0,0)(11,0)(11,17)(2,17)(2,34)(0,34)
Polygon:
(0,0)(11,0)(11,13)(0,13)
Polygon:
(0,0)(2,0)(2,7)(0,7)
Polygon:
(0,0)(24,0)(24,9)(9,9)(9,14)(3,14)(3,7)(0,7)
Polygon:
(0,0)(17,0)(17,8)(0,8)
Polygon:
(0,0)(27,0)(27,13)(11,13)(11,14)(0,14)
Polygon:
(0,0)(5,0)(5,11)(1,11)(1,15)(0,15)
Polygon:
(0,0)(34,0)(34,1)(28,1)(28,11)(16,11)(16,7)(0,7)
Polygon:
(0,0)(15,0)(15,4)(0,4)
Polygon:
(0,0)(9,0)(9,15)(0,15)
Polygon:
(0,0)(21,0)(21,17)(16,17)(16,35)(0,35)
Polygon:
(0,0)(45,0)(45,7)(28,7)(28,8)(16,8)(16,4)(0,4)
Polygon:
(0,0)(12,0)(12,11)(3,11)(3,20)(0,20)
Polygon:
(0,0)(26,0)(26,14)(16,14)(16,27)(0,27)
Polygon:
(0,0)(1,0)(1,13)(0,13)
Polygon:
(0,0)(8,0)(8,3)(2,3)(2,4)(0,4)
Polygon:
(0,0)(23,0)(23,12)(18,12)(18,29)(0,29)
Polygon:
(0,0)(17,0)(17,16)(0,16)
Polygon:
(0,0)(14,0)(14,9)(0,9)
Polygon:
(0,0)(15,0)(15,1)(0,1)
Polygon:
(0,0)(27,0)(27,24)(12,24)(12,25)(6,25)(6,16)(0,16)
Polygon:
(0,0)(10,0)(10,9)(0,9)
Polygon:
(0,0)(13,0)(13,10)(0,10)
Polygon:
(0,0)(16,0)(16,11)(0,11)
Polygon:
(0,0)(30,0)(30,5)(16,5)(16,23)(0,23)
Polygon:
(0,0)(15,0)(15,16)(10,16)(10,27)(0,27)
Polygon:
(0,0)(32,0)(32,18)(23,18)(23,23)(11,23)(11,7)(0,7)
Polygon:
(0,0)(22,0)(22,8)(18,8)(18,22)(0,22)
Polygon:
(0,0)(23,0)(23,3)(7,3)(7,11)(0,11)
Polygon:
(0,0)(16,0)(16,11)(0,11)
Polygon:
(0,0)(31,0)(31,12)(18,12)(18,14)(0,14)
Polygon:
(0,0)(6,0)(6,4)(0,4)
Polygon:
(0,0)(11,0)(11,7)(0,7)
Polygon:
(0,0)(17,0)(17,13)(4,13)(4,29)(0,29)
Polygon:
(0,0)(24,0)(24,10)(10,10)(10,19)(0,19)
Polygon:
(0,0)(13,0)(13,5)(0,5)
Polygon:
(0,0)(4,0)(4,13)(0,13)
