Polygon:
(0,0)(34,0)(34,28)(18,28)(18,16)(1,16)(1,18)(0,18)
Polygon:
(0,0)(24,0)(24,16)(11,16)(11,8)(1,8)(1,15)(0,15)
Polygon:
(0,0)(12,0)(12,14)(11,14)(11,10)(5,10)(5,16)(0,16)
Polygon:
(0,0)(31,0)(31,10)(22,10)(22,4)(10,4)(10,18)(0,18)
Polygon:
(0,0)(24,0)(24,13)(18,13)(18,2)(16,2)(16,7)(0,7)
Polygon:
(0,0)(32,0)(32,4)(31,4)(31,2)(18,2)(18,6)(0,6)
Polygon:
(0,0)(32,0)(32,17)(29,17)(29,1)(12,1)(12,14)(0,14)
Polygon:
(0,0)(28,0)(28,5)(17,5)(17,4)(14,4)(14,13)(0,13)
Polygon:
(0,0)(24,0)(24,12)(20,12)(20,7)(9,7)(9,13)(0,13)
Polygon:
(0,0)(33,0)(33,16)(25,16)(25,5)(15,5)(15,6)(0,6)
Polygon:
(0,0)(24,0)(24,11)(18,11)(18,7)(15,7)(15,14)(0,14)
Polygon:
(0,0)(37,0)(37,25)(28,25)(28,7)(13,7)(13,18)(0,18)
Polygon:
(0,0)(28,0)(28,5)(18,5)(18,4)(6,4)(6,8)(0,8)
Polygon:
(0,0)(52,0)(52,24)(34,24)(34,6)(17,6)(17,12)(0,12)
Polygon:
(0,0)(11,0)(11,14)(10,14)(10,6)(1,6)(1,16)(0,16)
Polygon:
(0,0)(20,0)(20,4)(17,4)(17,1)(9,1)(9,8)(0,8)
Polygon:
(0,0)(39,0)(39,14)(35,14)(35,6)(18,6)(18,9)(0,9)
Polygon:
(0,0)(31,0)(31,31)(21,31)(21,13)(17,13)(17,17)(0,17)
Polygon:
(0,0)(42,0)(42,24)(29,24)(29,12)(15,12)(15,17)(0,17)
Polygon:
(0,0)(33,0)(33,10)(18,10)(18,6)(13,6)(13,12)(0,12)
Polygon:
(0,0)(29,0)(29,24)(25,24)(25,6)(13,6)(13,13)(0,13)
Polygon:
(0,0)(23,0)(23,10)(10,10)(10,7)(8,7)(8,9)(0,9)
Polygon:
(0,0)(30,0)(30,15)(27,15)(27,6)(16,6)(16,13)(0,13)
Polygon:
(0,0)(29,0)(29,15)(17,15)(17,9)(4,9)(4,16)(0,16)
Polygon:
(0,0)(13,0)(13,16)(6,16)(6,1)(2,1)(2,7)(0,7)
Polygon:
(0,0)(47,0)(47,21)(31,21)(31,6)(16,6)(16,7)(0,7)
Polygon:
(0,0)(18,0)(18,14)(13,14)(13,9)(2,9)(2,17)(0,17)
Polygon:
(0,0)(22,0)(22,24)(15,24)(15,9)(5,9)(5,11)(0,11)
Polygon:
(0,0)(25,0)(25,24)(16,24)(16,11)(8,11)(8,16)(0,16)
Polygon:
(0,0)(40,0)(40,11)(29,11)(29,10)(18,10)(18,18)(0,18)
Polygon:
(0,0)(29,0)(29,14)(27,14)(27,1)(12,1)(12,5)(0,5)
Polygon:
(0,0)(22,0)(22,4)(14,4)(14,1)(11,1)(11,8)(0,8)
Polygon:
(0,0)(17,0)(17,12)(10,12)(10,5)(5,5)(5,9)(0,9)
Polygon:
(0,0)(15,0)(15,15)(14,15)(14,4)(4,4)(4,13)(0,13)
Polygon:
(0,0)(20,0)(20,10)(12,10)(12,4)(2,4)(2,13)(0,13)
Polygon:
(0,0)(34,0)(34,16)(28,16)(28,5)(10,5)(10,11)(0,11)
Polygon:
(0,0)(21,0)(21,24)(13,24)(13,13)(1,13)(1,16)(0,16)
Polygon:
(0,0)(16,0)(16,15)(14,15)(14,5)(13,5)(13,9)(0,9)
Polygon:
(0,0)(43,0)(43,7)(32,7)(32,1)(16,1)(16,15)(0,15)
Polygon:
(0,0)(34,0)(34,19)(25,19)(25,6)(13,6)(13,17)(0,17)
Polygon:
(0,0)(25,0)(25,5)(22,5)(22,3)(14,3)(14,18)(0,18)
Polygon:
(0,0)(30,0)(30,23)(29,23)(29,9)(17,9)(17,14)(0,14)
Polygon:
(0,0)(30,0)(30,20)(23,20)(23,6)(7,6)(7,10)(0,10)
Polygon:
(0,0)(24,0)(24,5)(16,5)(16,1)(11,1)(11,18)(0,18)
Polygon:
(0,0)(38,0)(38,20)(26,20)(26,17)(16,17)(16,21)(0,21)
Polygon:
(0,0)(24,0)(24,12)(18,12)(18,5)(5,5)(5,12)(0,12)
Polygon:
(0,0)(30,0)(30,9)(18,9)(18,2)(12,2)(12,3)(0,3)
Polygon:
(0,0)(20,0)(20,14)(10,14)(10,1)(3,1)(3,7)(0,7)
Polygon:
(0,0)(28,0)(28,16)(15,16)(15,9)(4,9)(4,11)(0,11)
Polygon:
(0,0)(24,0)(24,16)(7,16)(7,3)(1,3)(1,14)(0,14)
Polygon:
(0,0)(26,0)(26,17)(20,17)(20,1)(7,1)(7,16)(0,16)
Polygon:
(0,0)(18,0)(18,9)(14,9)(14,3)(6,3)(6,5)(0,5)
Polygon:
(0,0)(47,0)(47,14)(31,14)(31,2)(15,2)(15,12)(0,12)
Polygon:
(0,0)(36,0)(36,18)(28,18)(28,1)(15,1)(15,6)(0,6)
Polygon:
(0,0)(46,0)(46,8)(29,8)(29,7)(13,7)(13,13)(0,13)
Polygon:
(0,0)(22,0)(22,10)(19,10)(19,9)(14,9)(14,13)(0,13)
Polygon:
(0,0)(20,0)(20,22)(18,22)(18,7)(2,7)(2,8)(0,8)
Polygon:
(0,0)(33,0)(33,2)(18,2)(18,1)(17,1)(17,12)(0,12)
Polygon:
(0,0)(37,0)(37,19)(22,19)(22,1)(5,1)(5,16)(0,16)
Polygon:
(0,0)(31,0)(31,20)(25,20)(25,10)(18,10)(18,11)(0,11)
Polygon:
(0,0)(21,0)(21,15)(14,15)(14,12)(7,12)(7,16)(0,16)
Polygon:
(0,0)(38,0)(38,8)(22,8)(22,5)(4,5)(4,14)(0,14)
Polygon:
(0,0)(31,0)(31,20)(19,20)(19,3)(3,3)(3,8)(0,8)
Polygon:
(0,0)(29,0)(29,16)(21,16)(21,7)(14,7)(14,13)(0,13)
Polygon:
(0,0)(32,0)(32,22)(14,22)(14,4)(1,4)(1,7)(0,7)
Polygon:
(0,0)(19,0)(19,13)(18,13)(18,12)(9,12)(9,14)(0,14)
Polygon:
(0,0)(28,0)(28,6)(21,6)(21,1)(11,1)(11,16)(0,16)
Polygon:
(0,0)(20,0)(20,19)(19,19)(19,1)(14,1)(14,10)(0,10)
Polygon:
(0,0)(37,0)(37,20)(19,20)(19,2)(10,2)(10,4)(0,4)
Polygon:
(0,0)(22,0)(22,15)(19,15)(19,9)(12,9)(12,12)(0,12)
Polygon:
(0,0)(12,0)(12,6)(11,6)(11,4)(5,4)(5,5)(0,5)
Polygon:
(0,0)(24,0)(24,10)(14,10)(14,5)(13,5)(13,13)(0,13)
Polygon:
(0,0)(28,0)(28,12)(15,12)(15,1)(14,1)(14,9)(0,9)
Polygon:
(0,0)(23,0)(23,18)(15,18)(15,1)(13,1)(13,3)(0,3)
Polygon:
(0,0)(29,0)(29,7)(19,7)(19,1)(13,1)(13,14)(0,14)
Polygon:
(0,0)(48,0)(48,13)(30,13)(30,11)(12,11)(12,15)(0,15)
Polygon:
(0,0)(34,0)(34,7)(19,7)(19,3)(7,3)(7,6)(0,6)
Polygon:
(0,0)(28,0)(28,12)(14,12)(14,5)(11,5)(11,14)(0,14)
Polygon:
(0,0)(29,0)(29,8)(14,8)(14,5)(3,5)(3,15)(0,15)
Polygon:
(0,0)(21,0)(21,11)(10,11)(10,2)(5,2)(5,3)(0,3)
Polygon:
(0,0)(47,0)(47,17)(29,17)(29,7)(15,7)(15,11)(0,11)
Polygon:
(0,0)(44,0)(44,6)(28,6)(28,4)(15,4)(15,14)(0,14)
Polygon:
(0,0)(15,0)(15,23)(11,23)(11,8)(6,8)(6,15)(0,15)
Polygon:
(0,0)(38,0)(38,18)(20,18)(20,4)(7,4)(7,10)(0,10)
Polygon:
(0,0)(36,0)(36,14)(24,14)(24,2)(9,2)(9,12)(0,12)
Polygon:
(0,0)(29,0)(29,22)(18,22)(18,8)(5,8)(5,18)(0,18)
Polygon:
(0,0)(31,0)(31,19)(15,19)(15,1)(14,1)(14,2)(0,2)
Polygon:
(0,0)(36,0)(36,6)(18,6)(18,5)(3,5)(3,10)(0,10)
Polygon:
(0,0)(49,0)(49,15)(33,15)(33,4)(18,4)(18,12)(0,12)
Polygon:
(0,0)(17,0)(17,27)(16,27)(16,16)(1,16)(1,17)(0,17)
Polygon:
(0,0)(29,0)(29,26)(26,26)(26,9)(13,9)(13,22)(0,22)
Polygon:
(0,0)(27,0)(27,20)(22,20)(22,8)(11,8)(11,16)(0,16)
Polygon:
(0,0)(27,0)(27,20)(22,20)(22,6)(15,6)(15,12)(0,12)
Polygon:
(0,0)(22,0)(22,23)(8,23)(8,5)(6,5)(6,8)(0,8)
Polygon:
(0,0)(36,0)(36,22)(27,22)(27,12)(10,12)(10,18)(0,18)
Polygon:
(0,0)(30,0)(30,6)(17,6)(17,4)(6,4)(6,18)(0,18)
Polygon:
(0,0)(34,0)(34,3)(25,3)(25,2)(14,2)(14,12)(0,12)
Polygon:
(0,0)(38,0)(38,19)(33,19)(33,5)(18,5)(18,18)(0,18)
Polygon:
(0,0)(18,0)(18,9)(15,9)(15,2)(13,2)(13,4)(0,4)
Polygon:
(0,0)(19,0)(19,14)(14,14)(14,1)(4,1)(4,3)(0,3)
Polygon:
(0,0)(28,0)(28,10)(22,10)(22,3)(6,3)(6,10)(0,10)
Polygon:
(0,0)(23,0)(23,18)(15,18)(15,16)(7,16)(7,18)(0,18)
Polygon:
(0,0)(47,0)(47,20)(29,20)(29,14)(17,14)(17,18)(0,18)
Polygon:
(0,0)(45,0)(45,3)(27,3)(27,1)(10,1)(10,11)(0,11)
Polygon:
(0,0)(24,0)(24,24)(17,24)(17,11)(14,11)(14,14)(0,14)
Polygon:
(0,0)(26,0)(26,5)(13,5)(13,2)(8,2)(8,8)(0,8)
Polygon:
(0,0)(40,0)(40,18)(22,18)(22,16)(14,16)(14,17)(0,17)
Polygon:
(0,0)(36,0)(36,31)(27,31)(27,18)(9,18)(9,20)(0,20)
Polygon:
(0,0)(33,0)(33,19)(15,19)(15,4)(7,4)(7,13)(0,13)
Polygon:
(0,0)(35,0)(35,15)(22,15)(22,9)(16,9)(16,11)(0,11)
Polygon:
(0,0)(20,0)(20,32)(17,32)(17,15)(14,15)(14,16)(0,16)
Polygon:
(0,0)(27,0)(27,12)(23,12)(23,3)(10,3)(10,15)(0,15)
Polygon:
(0,0)(30,0)(30,23)(14,23)(14,7)(2,7)(2,25)(0,25)
Polygon:
(0,0)(16,0)(16,17)(15,17)(15,3)(13,3)(13,8)(0,8)
Polygon:
(0,0)(30,0)(30,18)(22,18)(22,3)(5,3)(5,6)(0,6)
Polygon:
(0,0)(7,0)(7,12)(5,12)(5,9)(1,9)(1,11)(0,11)
Polygon:
(0,0)(17,0)(17,13)(15,13)(15,2)(5,2)(5,18)(0,18)
Polygon:
(0,0)(36,0)(36,11)(21,11)(21,2)(3,2)(3,15)(0,15)
Polygon:
(0,0)(24,0)(24,26)(21,26)(21,13)(12,13)(12,20)(0,20)
Polygon:
(0,0)(30,0)(30,22)(26,22)(26,5)(15,5)(15,14)(0,14)
Polygon:
(0,0)(34,0)(34,11)(26,11)(26,7)(11,7)(11,8)(0,8)
Polygon:
(0,0)(25,0)(25,16)(13,16)(13,5)(12,5)(12,13)(0,13)
Polygon:
(0,0)(37,0)(37,20)(29,20)(29,4)(17,4)(17,14)(0,14)
Polygon:
(0,0)(36,0)(36,35)(23,35)(23,17)(14,17)(14,18)(0,18)
Polygon:
(0,0)(32,0)(32,17)(20,17)(20,3)(2,3)(2,18)(0,18)
Polygon:
(0,0)(43,0)(43,6)(27,6)(27,2)(9,2)(9,8)(0,8)
Polygon:
(0,0)(29,0)(29,22)(17,22)(17,5)(4,5)(4,10)(0,10)
Polygon:
(0,0)(25,0)(25,9)(18,9)(18,2)(7,2)(7,15)(0,15)
Polygon:
(0,0)(16,0)(16,18)(14,18)(14,7)(13,7)(13,16)(0,16)
Polygon:
(0,0)(48,0)(48,14)(30,14)(30,10)(13,10)(13,13)(0,13)
Polygon:
(0,0)(48,0)(48,19)(31,19)(31,2)(15,2)(15,3)(0,3)
Polygon:
(0,0)(34,0)(34,6)(25,6)(25,3)(16,3)(16,9)(0,9)
Polygon:
(0,0)(33,0)(33,21)(24,21)(24,9)(16,9)(16,11)(0,11)
Polygon:
(0,0)(39,0)(39,29)(22,29)(22,13)(5,13)(5,21)(0,21)
Polygon:
(0,0)(16,0)(16,26)(11,26)(11,18)(5,18)(5,27)(0,27)
Polygon:
(0,0)(38,0)(38,17)(28,17)(28,3)(12,3)(12,15)(0,15)
Polygon:
(0,0)(29,0)(29,9)(25,9)(25,6)(12,6)(12,7)(0,7)
Polygon:
(0,0)(35,0)(35,25)(26,25)(26,7)(14,7)(14,15)(0,15)
Polygon:
(0,0)(27,0)(27,26)(16,26)(16,9)(10,9)(10,15)(0,15)
Polygon:
(0,0)(38,0)(38,26)(30,26)(30,13)(15,13)(15,18)(0,18)
Polygon:
(0,0)(41,0)(41,11)(23,11)(23,5)(15,5)(15,6)(0,6)
Polygon:
(0,0)(36,0)(36,30)(25,30)(25,12)(15,12)(15,18)(0,18)
Polygon:
(0,0)(34,0)(34,19)(31,19)(31,2)(13,2)(13,18)(0,18)
Polygon:
(0,0)(43,0)(43,21)(26,21)(26,4)(16,4)(16,16)(0,16)
Polygon:
(0,0)(25,0)(25,7)(22,7)(22,2)(6,2)(6,16)(0,16)
Polygon:
(0,0)(28,0)(28,8)(14,8)(14,3)(8,3)(8,14)(0,14)
Polygon:
(0,0)(36,0)(36,4)(25,4)(25,2)(16,2)(16,13)(0,13)
Polygon:
(0,0)(25,0)(25,15)(7,15)(7,1)(2,1)(2,8)(0,8)
Polygon:
(0,0)(23,0)(23,18)(16,18)(16,4)(4,4)(4,9)(0,9)
Polygon:
(0,0)(31,0)(31,7)(28,7)(28,1)(13,1)(13,5)(0,5)
Polygon:
(0,0)(39,0)(39,25)(32,25)(32,7)(14,7)(14,12)(0,12)
Polygon:
(0,0)(20,0)(20,17)(19,17)(19,1)(17,1)(17,2)(0,2)
Polygon:
(0,0)(10,0)(10,23)(7,23)(7,6)(1,6)(1,8)(0,8)
Polygon:
(0,0)(39,0)(39,12)(34,12)(34,9)(17,9)(17,11)(0,11)
Polygon:
(0,0)(31,0)(31,22)(19,22)(19,13)(16,13)(16,17)(0,17)
Polygon:
(0,0)(35,0)(35,22)(18,22)(18,4)(6,4)(6,9)(0,9)
Polygon:
(0,0)(28,0)(28,28)(25,28)(25,10)(9,10)(9,13)(0,13)
Polygon:
(0,0)(29,0)(29,13)(22,13)(22,2)(8,2)(8,4)(0,4)
Polygon:
(0,0)(34,0)(34,23)(23,23)(23,8)(12,8)(12,16)(0,16)
Polygon:
(0,0)(47,0)(47,18)(31,18)(31,11)(15,11)(15,15)(0,15)
Polygon:
(0,0)(11,0)(11,15)(0,15)
Polygon:
(0,0)(17,0)(17,17)(0,17)
Polygon:
(0,0)(30,0)(30,14)(13,14)(13,23)(5,23)(5,10)(0,10)
Polygon:
(0,0)(2,0)(2,2)(1,2)(1,3)(0,3)
Polygon:
(0,0)(16,0)(16,7)(0,7)
Polygon:
(0,0)(13,0)(13,11)(0,11)
Polygon:
(0,0)(3,0)(3,15)(0,15)
Polygon:
(0,0)(10,0)(10,1)(5,1)(5,8)(0,8)
Polygon:
(0,0)(6,0)(6,3)(0,3)
Polygon:
(0,0)(13,0)(13,11)(0,11)
Polygon:
(0,0)(20,0)(20,6)(6,6)(6,9)(0,9)
Polygon:
(0,0)(6,0)(6,6)(0,6)
Polygon:
(0,0)(18,0)(18,5)(0,5)
Polygon:
(0,0)(14,0)(14,5)(10,5)(10,19)(0,19)
Polygon:
(0,0)(17,0)(17,9)(7,9)(7,26)(0,26)
Polygon:
(0,0)(24,0)(24,8)(22,8)(22,24)(15,24)(15,9)(0,9)
Polygon:
(0,0)(25,0)(25,4)(11,4)(11,14)(0,14)
Polygon:
(0,0)(10,0)(10,13)(0,13)
Polygon:
(0,0)(29,0)(29,18)(14,18)(14,33)(0,33)
Polygon:
(0,0)(5,0)(5,14)(0,14)
Polygon:
(0,0)(6,0)(6,15)(0,15)
Polygon:
(0,0)(18,0)(18,8)(0,8)
Polygon:
(0,0)(15,0)(15,9)(5,9)(5,20)(0,20)
Polygon:
(0,0)(12,0)(12,14)(0,14)
Polygon:
(0,0)(15,0)(15,18)(0,18)
Polygon:
(0,0)(1,0)(1,7)(0,7)
Polygon:
(0,0)(13,0)(13,11)(0,11)
Polygon:
(0,0)(30,0)(30,29)(16,29)(16,33)(2,33)(2,15)(0,15)
Polygon:
(0,0)(12,0)(12,14)(0,14)
Polygon:
(0,0)(12,0)(12,18)(0,18)
Polygon:
(0,0)(23,0)(23,1)(21,1)(21,12)(5,12)(5,5)(0,5)
Polygon:
(0,0)(6,0)(6,17)(0,17)
Polygon:
(0,0)(32,0)(32,4)(22,4)(22,5)(14,5)(14,4)(0,4)
Polygon:
(0,0)(16,0)(16,9)(0,9)
Polygon:
(0,0)(14,0)(14,5)(0,5)
Polygon:
(0,0)(2,0)(2,9)(0,9)
Polygon:
(0,0)(18,0)(18,1)(10,1)(10,4)(0,4)
Polygon:
(0,0)(10,0)(10,18)(4,18)(4,24)(0,24)
Polygon:
(0,0)(19,0)(19,9)(16,9)(16,12)(9,12)(9,7)(0,7)
Polygon:
(0,0)(5,0)(5,16)(4,16)(4,23)(0,23)
Polygon:
(0,0)(16,0)(16,3)(0,3)
Polygon:
(0,0)(9,0)(9,18)(0,18)
Polygon:
(0,0)(16,0)(16,1)(0,1)
Polygon:
(0,0)(3,0)(3,8)(0,8)
Polygon:
(0,0)(17,0)(17,2)(14,2)(14,7)(0,7)
Polygon:
(0,0)(19,0)(19,3)(15,3)(15,8)(0,8)
Polygon:
(0,0)(17,0)(17,13)(4,13)(4,31)(0,31)
Polygon:
(0,0)(8,0)(8,3)(0,3)
Polygon:
(0,0)(33,0)(33,3)(26,3)(26,17)(16,17)(16,4)(0,4)
Polygon:
(0,0)(39,0)(39,16)(24,16)(24,20)(13,20)(13,16)(0,16)
Polygon:
(0,0)(34,0)(34,26)(19,26)(19,27)(1,27)(1,15)(0,15)
Polygon:
(0,0)(34,0)(34,5)(26,5)(26,16)(8,16)(8,3)(0,3)
Polygon:
(0,0)(23,0)(23,19)(11,19)(11,24)(10,24)(10,12)(0,12)
Polygon:
(0,0)(27,0)(27,19)(23,19)(23,27)(18,27)(18,11)(0,11)
Polygon:
(0,0)(15,0)(15,14)(0,14)
Polygon:
(0,0)(18,0)(18,3)(0,3)
Polygon:
(0,0)(30,0)(30,4)(29,4)(29,7)(18,7)(18,2)(0,2)
Polygon:
(0,0)(18,0)(18,18)(0,18)
Polygon:
(0,0)(30,0)(30,4)(21,4)(21,11)(9,11)(9,7)(0,7)
Polygon:
(0,0)(15,0)(15,10)(0,10)
Polygon:
(0,0)(14,0)(14,6)(0,6)
Polygon:
(0,0)(29,0)(29,8)(15,8)(15,21)(11,21)(11,5)(0,5)
Polygon:
(0,0)(17,0)(17,16)(0,16)
Polygon:
(0,0)(2,0)(2,8)(0,8)
Polygon:
(0,0)(19,0)(19,12)(12,12)(12,18)(0,18)
Polygon:
(0,0)(24,0)(24,5)(16,5)(16,20)(0,20)
Polygon:
(0,0)(2,0)(2,17)(0,17)
Polygon:
(0,0)(18,0)(18,5)(7,5)(7,10)(0,10)
Polygon:
(0,0)(38,0)(38,16)(20,16)(20,21)(12,21)(12,4)(0,4)
Polygon:
(0,0)(18,0)(18,10)(16,10)(16,13)(0,13)
Polygon:
(0,0)(4,0)(4,6)(0,6)
Polygon:
(0,0)(33,0)(33,8)(19,8)(19,17)(8,17)(8,2)(0,2)
Polygon:
(0,0)(18,0)(18,16)(0,16)
Polygon:
(0,0)(25,0)(25,15)(18,15)(18,16)(0,16)
Polygon:
(0,0)(28,0)(28,6)(23,6)(23,20)(14,20)(14,16)(0,16)
Polygon:
(0,0)(12,0)(12,10)(0,10)
Polygon:
(0,0)(6,0)(6,8)(0,8)
Polygon:
(0,0)(1,0)(1,15)(0,15)
Polygon:
(0,0)(10,0)(10,17)(0,17)
Polygon:
(0,0)(28,0)(28,5)(26,5)(26,8)(10,8)(10,4)(0,4)
Polygon:
(0,0)(38,0)(38,2)(28,2)(28,12)(18,12)(18,4)(0,4)
Polygon:
(0,0)(4,0)(4,17)(1,17)(1,26)(0,26)
Polygon:
(0,0)(4,0)(4,6)(0,6)
Polygon:
(0,0)(5,0)(5,13)(0,13)
Polygon:
(0,0)(38,0)(38,12)(22,12)(22,24)(5,24)(5,6)(0,6)
Polygon:
(0,0)(9,0)(9,18)(8,18)(8,34)(0,34)
Polygon:
(0,0)(7,0)(7,17)(0,17)
Polygon:
(0,0)(7,0)(7,8)(0,8)
Polygon:
(0,0)(16,0)(16,1)(0,1)
Polygon:
(0,0)(6,0)(6,11)(4,11)(4,22)(0,22)
Polygon:
(0,0)(7,0)(7,9)(0,9)
Polygon:
(0,0)(13,0)(13,6)(12,6)(12,21)(6,21)(6,10)(0,10)
Polygon:
(0,0)(15,0)(15,16)(0,16)
Polygon:
(0,0)(36,0)(36,13)(29,13)(29,17)(16,17)(16,2)(0,2)
Polygon:
(0,0)(14,0)(14,14)(8,14)(8,16)(3,16)(3,4)(0,4)
Polygon:
(0,0)(2,0)(2,15)(0,15)
Polygon:
(0,0)(3,0)(3,2)(0,2)
Polygon:
(0,0)(26,0)(26,18)(13,18)(13,27)(0,27)
Polygon:
(0,0)(22,0)(22,31)(18,31)(18,32)(9,32)(9,14)(0,14)
Polygon:
(0,0)(35,0)(35,10)(18,10)(18,19)(0,19)
Polygon:
(0,0)(20,0)(20,13)(5,13)(5,28)(0,28)
Polygon:
(0,0)(18,0)(18,5)(14,5)(14,10)(0,10)
Polygon:
(0,0)(5,0)(5,1)(0,1)
Polygon:
(0,0)(49,0)(49,6)(34,6)(34,14)(17,14)(17,7)(0,7)
Polygon:
(0,0)(21,0)(21,8)(15,8)(15,17)(10,17)(10,3)(0,3)
Polygon:
(0,0)(22,0)(22,12)(17,12)(17,26)(0,26)
Polygon:
(0,0)(22,0)(22,1)(6,1)(6,12)(0,12)
Polygon:
(0,0)(16,0)(16,26)(15,26)(15,33)(8,33)(8,15)(0,15)
Polygon:
(0,0)(14,0)(14,9)(0,9)
Polygon:
(0,0)(18,0)(18,18)(10,18)(10,21)(0,21)
Polygon:
(0,0)(10,0)(10,6)(5,6)(5,11)(0,11)
Polygon:
(0,0)(15,0)(15,9)(0,9)
Polygon:
(0,0)(9,0)(9,9)(1,9)(1,15)(0,15)
Polygon:
(0,0)(1,0)(1,8)(0,8)
Polygon:
(0,0)(38,0)(38,14)(29,14)(29,31)(14,31)(14,17)(0,17)
Polygon:
(0,0)(10,0)(10,3)(0,3)
Polygon:
(0,0)(15,0)(15,9)(6,9)(6,27)(0,27)
Polygon:
(0,0)(10,0)(10,7)(0,7)
Polygon:
(0,0)(24,0)(24,10)(16,10)(16,25)(0,25)
Polygon:
(0,0)(5,0)(5,6)(0,6)
Polygon:
(0,0)(22,0)(22,11)(6,11)(6,23)(0,23)
Polygon:
(0,0)(36,0)(36,16)(18,16)(18,31)(7,31)(7,18)(0,18)
Polygon:
(0,0)(10,0)(10,2)(0,2)
Polygon:
(0,0)(41,0)(41,7)(29,7)(29,21)(11,21)(11,12)(0,12)
Polygon:
(0,0)(1,0)(1,10)(0,10)
Polygon:
(0,0)(17,0)(17,12)(15,12)(15,29)(0,29)
Polygon:
(0,0)(17,0)(17,6)(9,6)(9,20)(0,20)
Polygon:
(0,0)(28,0)(28,1)(15,1)(15,15)(13,15)(13,10)(0,10)
Polygon:
(0,0)(16,0)(16,17)(0,17)
Polygon:
(0,0)(20,0)(20,11)(19,11)(19,12)(1,12)(1,2)(0,2)
Polygon:
(0,0)(18,0)(18,16)(0,16)
Polygon:
(0,0)(7,0)(7,12)(0,12)
Polygon:
(0,0)(15,0)(15,10)(0,10)
Polygon:
(0,0)(9,0)(9,10)(0,10)
Polygon:
(0,0)(25,0)(25,15)(23,15)(23,26)(8,26)(8,16)(0,16)
Polygon:
(0,0)(27,0)(27,6)(11,6)(11,21)(0,21)
Polygon:
(0,0)(26,0)(26,3)(16,3)(16,10)(0,10)
Polygon:
(0,0)(4,0)(4,4)(0,4)
Polygon:
(0,0)(14,0)(14,6)(6,6)(6,22)(0,22)
Polygon:
(0,0)(26,0)(26,2)(23,2)(23,14)(14,14)(14,3)(0,3)
Polygon:
(0,0)(32,0)(32,2)(18,2)(18,3)(0,3)
Polygon:
(0,0)(14,0)(14,6)(3,6)(3,11)(0,11)
Polygon:
(0,0)(21,0)(21,11)(18,11)(18,13)(6,13)(6,3)(0,3)
Polygon:
(0,0)(6,0)(6,7)(0,7)
Polygon:
(0,0)(9,0)(9,14)(7,14)(7,26)(0,26)
Polygon:
(0,0)(1,0)(1,12)(0,12)
Polygon:
(0,0)(8,0)(8,16)(3,16)(3,34)(0,34)
Polygon:
(0,0)(11,0)(11,10)(3,10)(3,19)(1,19)(1,7)(0,7)
Polygon:
(0,0)(2,0)(2,1)(0,1)
Polygon:
(0,0)(12,0)(12,13)(0,13)
Polygon:
(0,0)(24,0)(24,17)(17,17)(17,23)(0,23)
Polygon:
(0,0)(2,0)(2,11)(0,11)
Polygon:
(0,0)(19,0)(19,9)(16,9)(16,14)(0,14)
Polygon:
(0,0)(16,0)(16,3)(1,3)(1,11)(0,11)
Polygon:
(0,0)(10,0)(10,16)(0,16)
Polygon:
(0,0)(14,0)(14,6)(0,6)
Polygon:
(0,0)(27,0)(27,7)(20,7)(20,15)(14,15)(14,1)(0,1)
Polygon:
(0,0)(25,0)(25,18)(10,18)(10,19)(4,19)(4,4)(0,4)
Polygon:
(0,0)(37,0)(37,9)(19,9)(19,17)(2,17)(2,1)(0,1)
Polygon:
(0,0)(34,0)(34,15)(21,15)(21,18)(8,18)(8,1)(0,1)
Polygon:
(0,0)(9,0)(9,13)(0,13)
Polygon:
(0,0)(18,0)(18,4)(0,4)
Polygon:
(0,0)(13,0)(13,10)(0,10)
Polygon:
(0,0)(9,0)(9,11)(0,11)
Polygon:
(0,0)(31,0)(31,3)(29,3)(29,14)(16,14)(16,5)(0,5)
Polygon:
(0,0)(34,0)(34,7)(17,7)(17,21)(9,21)(9,15)(0,15)
Polygon:
(0,0)(39,0)(39,12)(26,12)(26,15)(15,15)(15,2)(0,2)
Polygon:
(0,0)(32,0)(32,5)(14,5)(14,11)(0,11)
Polygon:
(0,0)(14,0)(14,16)(0,16)
Polygon:
(0,0)(45,0)(45,2)(29,2)(29,20)(11,20)(11,10)(0,10)
Polygon:
(0,0)(17,0)(17,16)(0,16)
Polygon:
(0,0)(9,0)(9,14)(0,14)
Polygon:
(0,0)(22,0)(22,16)(17,16)(17,25)(0,25)
Polygon:
(0,0)(46,0)(46,27)(28,27)(28,33)(14,33)(14,18)(0,18)
Polygon:
(0,0)(25,0)(25,7)(19,7)(19,23)(3,23)(3,16)(0,16)
Polygon:
(0,0)(44,0)(44,3)(27,3)(27,16)(18,16)(18,11)(0,11)
Polygon:
(0,0)(17,0)(17,17)(0,17)
Polygon:
(0,0)(3,0)(3,4)(0,4)
Polygon:
(0,0)(24,0)(24,9)(20,9)(20,12)(18,12)(18,4)(0,4)
Polygon:
(0,0)(32,0)(32,12)(18,12)(18,27)(0,27)
Polygon:
(0,0)(17,0)(17,7)(0,7)
Polygon:
(0,0)(10,0)(10,4)(0,4)
Polygon:
(0,0)(9,0)(9,5)(0,5)
Polygon:
(0,0)(17,0)(17,16)(9,16)(9,27)(1,27)(1,12)(0,12)
Polygon:
(0,0)(8,0)(8,14)(6,14)(6,29)(0,29)
Polygon:
(0,0)(14,0)(14,12)(0,12)
Polygon:
(0,0)(6,0)(6,12)(0,12)
Polygon:
(0,0)(27,0)(27,20)(19,20)(19,26)(15,26)(15,15)(0,15)
Polygon:
(0,0)(6,0)(6,3)(0,3)
Polygon:
(0,0)(28,0)(28,10)(25,10)(25,13)(17,13)(17,4)(0,4)
Polygon:
(0,0)(26,0)(26,2)(16,2)(16,11)(0,11)
Polygon:
(0,0)(15,0)(15,18)(0,18)
Polygon:
(0,0)(21,0)(21,14)(18,14)(18,17)(0,17)
Polygon:
(0,0)(9,0)(9,12)(0,12)
Polygon:
(0,0)(7,0)(7,3)(0,3)
Polygon:
(0,0)(13,0)(13,1)(0,1)
Polygon:
(0,0)(23,0)(23,11)(15,11)(15,29)(0,29)
Polygon:
(0,0)(18,0)(18,2)(0,2)
Polygon:
(0,0)(28,0)(28,20)(24,20)(24,25)(12,25)(12,17)(0,17)
Polygon:
(0,0)(25,0)(25,9)(16,9)(16,18)(12,18)(12,9)(0,9)
Polygon:
(0,0)(25,0)(25,9)(21,9)(21,26)(5,26)(5,15)(0,15)
Polygon:
(0,0)(32,0)(32,24)(26,24)(26,25)(9,25)(9,7)(0,7)
Polygon:
(0,0)(12,0)(12,6)(0,6)
Polygon:
(0,0)(5,0)(5,1)(0,1)
Polygon:
(0,0)(10,0)(10,9)(0,9)
Polygon:
(0,0)(3,0)(3,10)(0,10)
Polygon:
(0,0)(6,0)(6,8)(2,8)(2,14)(0,14)
Polygon:
(0,0)(31,0)(31,8)(21,8)(21,23)(3,23)(3,12)(0,12)
Polygon:
(0,0)(12,0)(12,5)(10,5)(10,15)(0,15)
Polygon:
(0,0)(22,0)(22,6)(5,6)(5,12)(0,12)
Polygon:
(0,0)(20,0)(20,6)(5,6)(5,12)(0,12)
Polygon:
(0,0)(10,0)(10,14)(0,14)
Polygon:
(0,0)(8,0)(8,10)(0,10)
Polygon:
(0,0)(18,0)(18,4)(0,4)
Polygon:
(0,0)(11,0)(11,4)(3,4)(3,6)(0,6)
Polygon:
(0,0)(9,0)(9,2)(0,2)
Polygon:
(0,0)(18,0)(18,12)(0,12)
Polygon:
(0,0)(27,0)(27,15)(16,15)(16,30)(0,30)
Polygon:
(0,0)(8,0)(8,16)(0,16)
Polygon:
(0,0)(13,0)(13,18)(0,18)
Polygon:
(0,0)(11,0)(11,13)(0,13)
Polygon:
(0,0)(15,0)(15,10)(5,10)(5,22)(0,22)
Polygon:
(0,0)(20,0)(20,3)(11,3)(11,6)(0,6)
Polygon:
(0,0)(43,0)(43,6)(28,6)(28,16)(12,16)(12,13)(0,13)
Polygon:
(0,0)(12,0)(12,14)(0,14)
Polygon:
(0,0)(15,0)(15,8)(10,8)(10,16)(7,16)(7,7)(0,7)
Polygon:
(0,0)(16,0)(16,10)(2,10)(2,16)(0,16)
Polygon:
(0,0)(13,0)(13,13)(1,13)(1,28)(0,28)
Polygon:
(0,0)(10,0)(10,4)(0,4)
Polygon:
(0,0)(13,0)(13,9)(0,9)
Polygon:
(0,0)(35,0)(35,16)(21,16)(21,22)(12,22)(12,16)(0,16)
Polygon:
(0,0)(13,0)(13,14)(0,14)
Polygon:
(0,0)(3,0)(3,16)(0,16)
Polygon:
(0,0)(15,0)(15,8)(0,8)
Polygon:
(0,0)(6,0)(6,4)(0,4)
Polygon:
(0,0)(4,0)(4,13)(0,13)
Polygon:
(0,0)(8,0)(8,15)(0,15)
Polygon:
(0,0)(28,0)(28,5)(17,5)(17,20)(0,20)
Polygon:
(0,0)(24,0)(24,11)(11,11)(11,17)(9,17)(9,13)(0,13)
Polygon:
(0,0)(12,0)(12,2)(0,2)
