Polygon:
(0,0)(15,0)(15,10)(8,10)(8,5)(3,5)(3,7)(0,7)
Polygon:
(0,0)(21,0)(21,27)(17,27)(17,9)(8,9)(8,15)(0,15)
Polygon:
(0,0)(33,0)(33,20)(29,20)(29,2)(18,2)(18,15)(0,15)
Polygon:
(0,0)(20,0)(20,20)(10,20)(10,3)(2,3)(2,5)(0,5)
Polygon:
(0,0)(28,0)(28,15)(20,15)(20,2)(5,2)(5,12)(0,12)
Polygon:
(0,0)(26,0)(26,15)(17,15)(17,5)(8,5)(8,12)(0,12)
Polygon:
(0,0)(49,0)(49,3)(31,3)(31,1)(14,1)(14,15)(0,15)
Polygon:
(0,0)(22,0)(22,15)(19,15)(19,2)(9,2)(9,6)(0,6)
Polygon:
(0,0)(12,0)(12,8)(11,8)(11,4)(4,4)(4,11)(0,11)
Polygon:
(0,0)(21,0)(21,15)(18,15)(18,5)(6,5)(6,14)(0,14)
Polygon:
(0,0)(16,0)(16,28)(12,28)(12,12)(10,12)(10,14)(0,14)
Polygon:
(0,0)(18,0)(18,16)(13,16)(13,5)(6,5)(6,6)(0,6)
Polygon:
(0,0)(26,0)(26,14)(10,14)(10,5)(5,5)(5,18)(0,18)
Polygon:
(0,0)(19,0)(19,13)(17,13)(17,2)(8,2)(8,15)(0,15)
Polygon:
(0,0)(36,0)(36,22)(24,22)(24,8)(14,8)(14,9)(0,9)
Polygon:
(0,0)(31,0)(31,19)(27,19)(27,10)(9,10)(9,13)(0,13)
Polygon:
(0,0)(35,0)(35,29)(17,29)(17,11)(4,11)(4,12)(0,12)
Polygon:
(0,0)(18,0)(18,10)(7,10)(7,3)(6,3)(6,9)(0,9)
Polygon:
(0,0)(28,0)(28,18)(12,18)(12,4)(9,4)(9,6)(0,6)
Polygon:
(0,0)(36,0)(36,6)(19,6)(19,4)(18,4)(18,13)(0,13)
Polygon:
(0,0)(20,0)(20,15)(18,15)(18,7)(14,7)(14,9)(0,9)
Polygon:
(0,0)(21,0)(21,16)(9,16)(9,2)(4,2)(4,17)(0,17)
Polygon:
(0,0)(35,0)(35,26)(21,26)(21,16)(15,16)(15,17)(0,17)
Polygon:
(0,0)(32,0)(32,11)(14,11)(14,2)(5,2)(5,4)(0,4)
Polygon:
(0,0)(34,0)(34,17)(21,17)(21,11)(15,11)(15,14)(0,14)
Polygon:
(0,0)(21,0)(21,8)(7,8)(7,3)(2,3)(2,18)(0,18)
Polygon:
(0,0)(25,0)(25,6)(15,6)(15,2)(5,2)(5,15)(0,15)
Polygon:
(0,0)(22,0)(22,30)(20,30)(20,12)(6,12)(6,17)(0,17)
Polygon:
(0,0)(32,0)(32,11)(22,11)(22,1)(11,1)(11,17)(0,17)
Polygon:
(0,0)(9,0)(9,16)(6,16)(6,4)(4,4)(4,9)(0,9)
Polygon:
(0,0)(42,0)(42,20)(24,20)(24,3)(14,3)(14,8)(0,8)
Polygon:
(0,0)(31,0)(31,17)(25,17)(25,14)(17,14)(17,18)(0,18)
Polygon:
(0,0)(27,0)(27,8)(19,8)(19,2)(3,2)(3,3)(0,3)
Polygon:
(0,0)(26,0)(26,13)(22,13)(22,8)(12,8)(12,9)(0,9)
Polygon:
(0,0)(27,0)(27,11)(9,11)(9,1)(6,1)(6,14)(0,14)
Polygon:
(0,0)(34,0)(34,9)(17,9)(17,3)(16,3)(16,15)(0,15)
Polygon:
(0,0)(19,0)(19,8)(8,8)(8,1)(6,1)(6,7)(0,7)
Polygon:
(0,0)(33,0)(33,7)(29,7)(29,3)(17,3)(17,13)(0,13)
Polygon:
(0,0)(34,0)(34,26)(27,26)(27,12)(9,12)(9,18)(0,18)
Polygon:
(0,0)(11,0)(11,10)(7,10)(7,6)(1,6)(1,22)(0,22)
Polygon:
(0,0)(37,0)(37,18)(35,18)(35,4)(18,4)(18,16)(0,16)
Polygon:
(0,0)(27,0)(27,18)(22,18)(22,8)(4,8)(4,11)(0,11)
Polygon:
(0,0)(28,0)(28,16)(10,16)(10,2)(1,2)(1,18)(0,18)
Polygon:
(0,0)(35,0)(35,16)(29,16)(29,4)(15,4)(15,14)(0,14)
Polygon:
(0,0)(19,0)(19,25)(16,25)(16,7)(3,7)(3,8)(0,8)
Polygon:
(0,0)(14,0)(14,12)(6,12)(6,1)(1,1)(1,10)(0,10)
Polygon:
(0,0)(13,0)(13,5)(7,5)(7,2)(1,2)(1,17)(0,17)
Polygon:
(0,0)(28,0)(28,15)(17,15)(17,1)(12,1)(12,14)(0,14)
Polygon:
(0,0)(23,0)(23,13)(13,13)(13,9)(10,9)(10,13)(0,13)
Polygon:
(0,0)(33,0)(33,4)(28,4)(28,2)(16,2)(16,12)(0,12)
Polygon:
(0,0)(28,0)(28,7)(10,7)(10,2)(7,2)(7,13)(0,13)
Polygon:
(0,0)(22,0)(22,21)(4,21)(4,15)(1,15)(1,17)(0,17)
Polygon:
(0,0)(32,0)(32,3)(23,3)(23,2)(14,2)(14,11)(0,11)
Polygon:
(0,0)(19,0)(19,25)(13,25)(13,9)(5,9)(5,12)(0,12)
Polygon:
(0,0)(29,0)(29,8)(15,8)(15,6)(8,6)(8,11)(0,11)
Polygon:
(0,0)(33,0)(33,13)(19,13)(19,3)(14,3)(14,7)(0,7)
Polygon:
(0,0)(32,0)(32,14)(28,14)(28,12)(16,12)(16,15)(0,15)
Polygon:
(0,0)(26,0)(26,13)(15,13)(15,7)(11,7)(11,12)(0,12)
Polygon:
(0,0)(17,0)(17,14)(7,14)(7,7)(2,7)(2,8)(0,8)
Polygon:
(0,0)(14,0)(14,24)(11,24)(11,9)(9,9)(9,18)(0,18)
Polygon:
(0,0)(18,0)(18,16)(14,16)(14,1)(2,1)(2,8)(0,8)
Polygon:
(0,0)(29,0)(29,30)(18,30)(18,15)(2,15)(2,18)(0,18)
Polygon:
(0,0)(8,0)(8,14)(4,14)(4,1)(2,1)(2,4)(0,4)
Polygon:
(0,0)(21,0)(21,6)(10,6)(10,3)(1,3)(1,15)(0,15)
Polygon:
(0,0)(47,0)(47,4)(33,4)(33,2)(16,2)(16,16)(0,16)
Polygon:
(0,0)(24,0)(24,9)(14,9)(14,2)(8,2)(8,6)(0,6)
Polygon:
(0,0)(28,0)(28,13)(20,13)(20,7)(10,7)(10,11)(0,11)
Polygon:
(0,0)(32,0)(32,4)(23,4)(23,3)(9,3)(9,6)(0,6)
Polygon:
(0,0)(32,0)(32,28)(23,28)(23,10)(17,10)(17,15)(0,15)
Polygon:
(0,0)(37,0)(37,13)(32,13)(32,1)(14,1)(14,8)(0,8)
Polygon:
(0,0)(29,0)(29,22)(28,22)(28,11)(12,11)(12,16)(0,16)
Polygon:
(0,0)(29,0)(29,25)(23,25)(23,14)(6,14)(6,17)(0,17)
Polygon:
(0,0)(39,0)(39,18)(22,18)(22,3)(12,3)(12,8)(0,8)
Polygon:
(0,0)(34,0)(34,15)(32,15)(32,9)(18,9)(18,15)(0,15)
Polygon:
(0,0)(27,0)(27,19)(19,19)(19,7)(11,7)(11,15)(0,15)
Polygon:
(0,0)(22,0)(22,17)(14,17)(14,4)(13,4)(13,12)(0,12)
Polygon:
(0,0)(22,0)(22,18)(20,18)(20,4)(13,4)(13,16)(0,16)
Polygon:
(0,0)(40,0)(40,19)(25,19)(25,10)(9,10)(9,12)(0,12)
Polygon:
(0,0)(17,0)(17,10)(12,10)(12,5)(11,5)(11,7)(0,7)
Polygon:
(0,0)(25,0)(25,22)(24,22)(24,7)(9,7)(9,10)(0,10)
Polygon:
(0,0)(29,0)(29,28)(17,28)(17,10)(6,10)(6,12)(0,12)
Polygon:
(0,0)(27,0)(27,7)(25,7)(25,3)(9,3)(9,11)(0,11)
Polygon:
(0,0)(46,0)(46,11)(28,11)(28,6)(18,6)(18,16)(0,16)
Polygon:
(0,0)(30,0)(30,9)(26,9)(26,2)(12,2)(12,13)(0,13)
Polygon:
(0,0)(41,0)(41,24)(24,24)(24,8)(18,8)(18,16)(0,16)
Polygon:
(0,0)(23,0)(23,11)(7,11)(7,3)(6,3)(6,12)(0,12)
Polygon:
(0,0)(38,0)(38,8)(22,8)(22,5)(4,5)(4,11)(0,11)
Polygon:
(0,0)(24,0)(24,14)(8,14)(8,1)(7,1)(7,5)(0,5)
Polygon:
(0,0)(22,0)(22,10)(8,10)(8,2)(5,2)(5,7)(0,7)
Polygon:
(0,0)(22,0)(22,14)(21,14)(21,10)(17,10)(17,17)(0,17)
Polygon:
(0,0)(33,0)(33,20)(21,20)(21,7)(17,7)(17,17)(0,17)
Polygon:
(0,0)(29,0)(29,21)(18,21)(18,10)(5,10)(5,16)(0,16)
Polygon:
(0,0)(32,0)(32,21)(17,21)(17,4)(13,4)(13,8)(0,8)
Polygon:
(0,0)(22,0)(22,7)(5,7)(5,3)(3,3)(3,10)(0,10)
Polygon:
(0,0)(13,0)(13,20)(12,20)(12,9)(5,9)(5,15)(0,15)
Polygon:
(0,0)(28,0)(28,21)(19,21)(19,11)(6,11)(6,17)(0,17)
Polygon:
(0,0)(34,0)(34,9)(19,9)(19,8)(9,8)(9,20)(0,20)
Polygon:
(0,0)(33,0)(33,20)(25,20)(25,9)(18,9)(18,15)(0,15)
Polygon:
(0,0)(27,0)(27,5)(12,5)(12,4)(5,4)(5,8)(0,8)
Polygon:
(0,0)(36,0)(36,28)(27,28)(27,12)(17,12)(17,17)(0,17)
Polygon:
(0,0)(28,0)(28,18)(23,18)(23,1)(17,1)(17,8)(0,8)
Polygon:
(0,0)(19,0)(19,16)(11,16)(11,12)(2,12)(2,18)(0,18)
Polygon:
(0,0)(41,0)(41,20)(23,20)(23,12)(13,12)(13,14)(0,14)
Polygon:
(0,0)(41,0)(41,32)(29,32)(29,14)(16,14)(16,32)(0,32)
Polygon:
(0,0)(22,0)(22,9)(12,9)(12,1)(6,1)(6,4)(0,4)
Polygon:
(0,0)(26,0)(26,13)(12,13)(12,11)(9,11)(9,16)(0,16)
Polygon:
(0,0)(31,0)(31,20)(18,20)(18,4)(11,4)(11,8)(0,8)
Polygon:
(0,0)(42,0)(42,13)(28,13)(28,11)(12,11)(12,17)(0,17)
Polygon:
(0,0)(33,0)(33,3)(21,3)(21,1)(5,1)(5,10)(0,10)
Polygon:
(0,0)(26,0)(26,21)(21,21)(21,3)(12,3)(12,6)(0,6)
Polygon:
(0,0)(33,0)(33,5)(16,5)(16,4)(15,4)(15,11)(0,11)
Polygon:
(0,0)(31,0)(31,16)(21,16)(21,4)(16,4)(16,10)(0,10)
Polygon:
(0,0)(21,0)(21,27)(11,27)(11,13)(6,13)(6,17)(0,17)
Polygon:
(0,0)(42,0)(42,17)(25,17)(25,7)(14,7)(14,10)(0,10)
Polygon:
(0,0)(25,0)(25,17)(10,17)(10,14)(7,14)(7,17)(0,17)
Polygon:
(0,0)(28,0)(28,5)(21,5)(21,2)(6,2)(6,12)(0,12)
Polygon:
(0,0)(17,0)(17,22)(16,22)(16,4)(1,4)(1,11)(0,11)
Polygon:
(0,0)(30,0)(30,10)(21,10)(21,1)(4,1)(4,14)(0,14)
Polygon:
(0,0)(27,0)(27,9)(16,9)(16,3)(3,3)(3,10)(0,10)
Polygon:
(0,0)(22,0)(22,11)(19,11)(19,5)(15,5)(15,15)(0,15)
Polygon:
(0,0)(31,0)(31,15)(19,15)(19,1)(3,1)(3,9)(0,9)
Polygon:
(0,0)(17,0)(17,10)(14,10)(14,5)(6,5)(6,18)(0,18)
Polygon:
(0,0)(12,0)(12,22)(11,22)(11,11)(8,11)(8,18)(0,18)
Polygon:
(0,0)(20,0)(20,20)(16,20)(16,8)(15,8)(15,18)(0,18)
Polygon:
(0,0)(17,0)(17,17)(16,17)(16,6)(12,6)(12,14)(0,14)
Polygon:
(0,0)(43,0)(43,27)(25,27)(25,12)(9,12)(9,14)(0,14)
Polygon:
(0,0)(28,0)(28,12)(14,12)(14,4)(11,4)(11,6)(0,6)
Polygon:
(0,0)(31,0)(31,12)(20,12)(20,8)(16,8)(16,17)(0,17)
Polygon:
(0,0)(41,0)(41,8)(30,8)(30,1)(15,1)(15,17)(0,17)
Polygon:
(0,0)(25,0)(25,19)(20,19)(20,4)(4,4)(4,14)(0,14)
Polygon:
(0,0)(20,0)(20,29)(11,29)(11,14)(4,14)(4,29)(0,29)
Polygon:
(0,0)(33,0)(33,8)(24,8)(24,7)(18,7)(18,10)(0,10)
Polygon:
(0,0)(21,0)(21,18)(19,18)(19,11)(15,11)(15,12)(0,12)
Polygon:
(0,0)(21,0)(21,15)(17,15)(17,9)(8,9)(8,17)(0,17)
Polygon:
(0,0)(31,0)(31,24)(16,24)(16,8)(9,8)(9,18)(0,18)
Polygon:
(0,0)(29,0)(29,34)(28,34)(28,16)(11,16)(11,17)(0,17)
Polygon:
(0,0)(31,0)(31,23)(23,23)(23,7)(18,7)(18,9)(0,9)
Polygon:
(0,0)(37,0)(37,14)(27,14)(27,1)(13,1)(13,14)(0,14)
Polygon:
(0,0)(20,0)(20,22)(6,22)(6,7)(4,7)(4,9)(0,9)
Polygon:
(0,0)(46,0)(46,22)(32,22)(32,4)(18,4)(18,7)(0,7)
Polygon:
(0,0)(35,0)(35,17)(17,17)(17,1)(6,1)(6,4)(0,4)
Polygon:
(0,0)(26,0)(26,25)(12,25)(12,10)(7,10)(7,12)(0,12)
Polygon:
(0,0)(25,0)(25,19)(21,19)(21,11)(14,11)(14,12)(0,12)
Polygon:
(0,0)(18,0)(18,19)(17,19)(17,2)(16,2)(16,13)(0,13)
Polygon:
(0,0)(32,0)(32,17)(28,17)(28,10)(11,10)(11,11)(0,11)
Polygon:
(0,0)(37,0)(37,19)(24,19)(24,4)(15,4)(15,16)(0,16)
Polygon:
(0,0)(20,0)(20,8)(18,8)(18,7)(12,7)(12,14)(0,14)
Polygon:
(0,0)(28,0)(28,14)(16,14)(16,2)(13,2)(13,7)(0,7)
Polygon:
(0,0)(23,0)(23,12)(16,12)(16,2)(14,2)(14,4)(0,4)
Polygon:
(0,0)(29,0)(29,25)(22,25)(22,11)(9,11)(9,13)(0,13)
Polygon:
(0,0)(21,0)(21,17)(19,17)(19,12)(13,12)(13,16)(0,16)
Polygon:
(0,0)(35,0)(35,6)(21,6)(21,4)(14,4)(14,9)(0,9)
Polygon:
(0,0)(27,0)(27,14)(16,14)(16,10)(2,10)(2,11)(0,11)
Polygon:
(0,0)(33,0)(33,24)(18,24)(18,9)(1,9)(1,11)(0,11)
Polygon:
(0,0)(12,0)(12,17)(11,17)(11,4)(1,4)(1,8)(0,8)
Polygon:
(0,0)(17,0)(17,13)(9,13)(9,2)(4,2)(4,7)(0,7)
Polygon:
(0,0)(22,0)(22,18)(14,18)(14,7)(1,7)(1,10)(0,10)
Polygon:
(0,0)(30,0)(30,19)(17,19)(17,2)(3,2)(3,13)(0,13)
Polygon:
(0,0)(25,0)(25,18)(17,18)(17,9)(6,9)(6,10)(0,10)
Polygon:
(0,0)(27,0)(27,18)(25,18)(25,10)(15,10)(15,14)(0,14)
Polygon:
(0,0)(34,0)(34,21)(30,21)(30,9)(15,9)(15,16)(0,16)
Polygon:
(0,0)(28,0)(28,16)(22,16)(22,3)(4,3)(4,14)(0,14)
Polygon:
(0,0)(23,0)(23,13)(6,13)(6,12)(1,12)(1,17)(0,17)
Polygon:
(0,0)(28,0)(28,16)(19,16)(19,2)(1,2)(1,14)(0,14)
Polygon:
(0,0)(10,0)(10,18)(2,18)(2,2)(1,2)(1,17)(0,17)
Polygon:
(0,0)(32,0)(32,8)(23,8)(23,6)(14,6)(14,17)(0,17)
Polygon:
(0,0)(28,0)(28,24)(17,24)(17,11)(10,11)(10,17)(0,17)
Polygon:
(0,0)(28,0)(28,14)(15,14)(15,7)(8,7)(8,11)(0,11)
Polygon:
(0,0)(47,0)(47,5)(30,5)(30,2)(16,2)(16,8)(0,8)
Polygon:
(0,0)(24,0)(24,28)(19,28)(19,12)(8,12)(8,13)(0,13)
Polygon:
(0,0)(28,0)(28,11)(18,11)(18,3)(2,3)(2,10)(0,10)
Polygon:
(0,0)(18,0)(18,17)(14,17)(14,4)(8,4)(8,10)(0,10)
Polygon:
(0,0)(28,0)(28,3)(18,3)(18,2)(13,2)(13,18)(0,18)
Polygon:
(0,0)(39,0)(39,29)(25,29)(25,11)(8,11)(8,17)(0,17)
Polygon:
(0,0)(38,0)(38,14)(20,14)(20,8)(9,8)(9,16)(0,16)
Polygon:
(0,0)(33,0)(33,21)(16,21)(16,9)(7,9)(7,18)(0,18)
Polygon:
(0,0)(22,0)(22,17)(20,17)(20,2)(17,2)(17,6)(0,6)
Polygon:
(0,0)(28,0)(28,15)(20,15)(20,7)(15,7)(15,9)(0,9)
Polygon:
(0,0)(36,0)(36,21)(20,21)(20,10)(5,10)(5,18)(0,18)
Polygon:
(0,0)(24,0)(24,15)(17,15)(17,1)(16,1)(16,2)(0,2)
Polygon:
(0,0)(20,0)(20,12)(18,12)(18,2)(9,2)(9,8)(0,8)
Polygon:
(0,0)(17,0)(17,10)(14,10)(14,1)(5,1)(5,14)(0,14)
Polygon:
(0,0)(18,0)(18,20)(4,20)(4,8)(1,8)(1,11)(0,11)
Polygon:
(0,0)(42,0)(42,14)(24,14)(24,3)(10,3)(10,10)(0,10)
Polygon:
(0,0)(41,0)(41,16)(23,16)(23,2)(16,2)(16,4)(0,4)
Polygon:
(0,0)(21,0)(21,12)(18,12)(18,2)(15,2)(15,7)(0,7)
Polygon:
(0,0)(6,0)(6,12)(5,12)(5,6)(2,6)(2,12)(0,12)
Polygon:
(0,0)(36,0)(36,17)(19,17)(19,13)(18,13)(18,14)(0,14)
Polygon:
(0,0)(6,0)(6,28)(5,28)(5,12)(2,12)(2,13)(0,13)
Polygon:
(0,0)(16,0)(16,7)(8,7)(8,2)(7,2)(7,16)(0,16)
Polygon:
(0,0)(32,0)(32,32)(19,32)(19,15)(4,15)(4,18)(0,18)
Polygon:
(0,0)(10,0)(10,9)(7,9)(7,2)(2,2)(2,14)(0,14)
Polygon:
(0,0)(27,0)(27,15)(13,15)(13,2)(2,2)(2,16)(0,16)
Polygon:
(0,0)(28,0)(28,22)(24,22)(24,10)(15,10)(15,17)(0,17)
Polygon:
(0,0)(43,0)(43,24)(30,24)(30,6)(16,6)(16,9)(0,9)
Polygon:
(0,0)(36,0)(36,25)(25,25)(25,8)(11,8)(11,10)(0,10)
Polygon:
(0,0)(46,0)(46,23)(31,23)(31,8)(13,8)(13,14)(0,14)
Polygon:
(0,0)(16,0)(16,14)(8,14)(8,4)(3,4)(3,7)(0,7)
Polygon:
(0,0)(44,0)(44,26)(33,26)(33,14)(16,14)(16,18)(0,18)
Polygon:
(0,0)(31,0)(31,2)(20,2)(20,1)(4,1)(4,6)(0,6)
Polygon:
(0,0)(20,0)(20,16)(19,16)(19,9)(15,9)(15,10)(0,10)
Polygon:
(0,0)(20,0)(20,7)(18,7)(18,2)(11,2)(11,10)(0,10)
Polygon:
(0,0)(27,0)(27,11)(25,11)(25,2)(8,2)(8,15)(0,15)
Polygon:
(0,0)(15,0)(15,16)(14,16)(14,2)(10,2)(10,13)(0,13)
Polygon:
(0,0)(40,0)(40,11)(22,11)(22,3)(15,3)(15,17)(0,17)
Polygon:
(0,0)(40,0)(40,26)(32,26)(32,15)(17,15)(17,18)(0,18)
Polygon:
(0,0)(20,0)(20,7)(14,7)(14,5)(3,5)(3,9)(0,9)
Polygon:
(0,0)(44,0)(44,13)(27,13)(27,9)(18,9)(18,10)(0,10)
Polygon:
(0,0)(26,0)(26,22)(20,22)(20,15)(13,15)(13,16)(0,16)
Polygon:
(0,0)(16,0)(16,28)(9,28)(9,16)(8,16)(8,23)(0,23)
Polygon:
(0,0)(14,0)(14,20)(12,20)(12,4)(5,4)(5,6)(0,6)
Polygon:
(0,0)(43,0)(43,13)(30,13)(30,4)(16,4)(16,6)(0,6)
Polygon:
(0,0)(21,0)(21,9)(19,9)(19,6)(17,6)(17,7)(0,7)
Polygon:
(0,0)(31,0)(31,17)(28,17)(28,5)(12,5)(12,14)(0,14)
Polygon:
(0,0)(11,0)(11,11)(7,11)(7,3)(5,3)(5,5)(0,5)
Polygon:
(0,0)(30,0)(30,22)(20,22)(20,5)(12,5)(12,17)(0,17)
Polygon:
(0,0)(15,0)(15,30)(14,30)(14,13)(5,13)(5,15)(0,15)
Polygon:
(0,0)(44,0)(44,21)(34,21)(34,15)(16,15)(16,17)(0,17)
Polygon:
(0,0)(38,0)(38,26)(24,26)(24,8)(18,8)(18,14)(0,14)
Polygon:
(0,0)(36,0)(36,10)(21,10)(21,2)(9,2)(9,7)(0,7)
Polygon:
(0,0)(22,0)(22,21)(21,21)(21,3)(12,3)(12,11)(0,11)
Polygon:
(0,0)(16,0)(16,25)(13,25)(13,13)(7,13)(7,18)(0,18)
Polygon:
(0,0)(40,0)(40,18)(33,18)(33,4)(15,4)(15,14)(0,14)
Polygon:
(0,0)(30,0)(30,8)(18,8)(18,6)(17,6)(17,17)(0,17)
Polygon:
(0,0)(31,0)(31,10)(15,10)(15,8)(10,8)(10,17)(0,17)
Polygon:
(0,0)(36,0)(36,16)(19,16)(19,1)(2,1)(2,11)(0,11)
Polygon:
(0,0)(28,0)(28,16)(23,16)(23,2)(10,2)(10,4)(0,4)
Polygon:
(0,0)(20,0)(20,11)(6,11)(6,9)(1,9)(1,13)(0,13)
Polygon:
(0,0)(29,0)(29,18)(18,18)(18,12)(4,12)(4,15)(0,15)
Polygon:
(0,0)(11,0)(11,16)(9,16)(9,2)(6,2)(6,16)(0,16)
Polygon:
(0,0)(18,0)(18,11)(11,11)(11,8)(8,8)(8,10)(0,10)
Polygon:
(0,0)(19,0)(19,21)(15,21)(15,4)(13,4)(13,7)(0,7)
Polygon:
(0,0)(32,0)(32,15)(20,15)(20,8)(5,8)(5,16)(0,16)
Polygon:
(0,0)(32,0)(32,24)(24,24)(24,13)(9,13)(9,16)(0,16)
Polygon:
(0,0)(36,0)(36,9)(20,9)(20,4)(10,4)(10,12)(0,12)
Polygon:
(0,0)(21,0)(21,6)(15,6)(15,4)(5,4)(5,18)(0,18)
Polygon:
(0,0)(43,0)(43,22)(25,22)(25,4)(16,4)(16,13)(0,13)
Polygon:
(0,0)(32,0)(32,8)(18,8)(18,7)(9,7)(9,14)(0,14)
Polygon:
(0,0)(38,0)(38,30)(20,30)(20,14)(5,14)(5,17)(0,17)
Polygon:
(0,0)(36,0)(36,27)(27,27)(27,14)(15,14)(15,15)(0,15)
Polygon:
(0,0)(24,0)(24,17)(10,17)(10,2)(5,2)(5,9)(0,9)
Polygon:
(0,0)(39,0)(39,21)(23,21)(23,9)(5,9)(5,11)(0,11)
Polygon:
(0,0)(15,0)(15,3)(9,3)(9,2)(8,2)(8,6)(0,6)
Polygon:
(0,0)(32,0)(32,24)(21,24)(21,7)(14,7)(14,18)(0,18)
Polygon:
(0,0)(32,0)(32,8)(26,8)(26,5)(18,5)(18,7)(0,7)
Polygon:
(0,0)(30,0)(30,20)(19,20)(19,17)(11,17)(11,18)(0,18)
Polygon:
(0,0)(9,0)(9,15)(6,15)(6,1)(5,1)(5,16)(0,16)
Polygon:
(0,0)(24,0)(24,13)(17,13)(17,9)(12,9)(12,14)(0,14)
Polygon:
(0,0)(20,0)(20,12)(17,12)(17,2)(16,2)(16,11)(0,11)
Polygon:
(0,0)(27,0)(27,11)(13,11)(13,1)(4,1)(4,8)(0,8)
Polygon:
(0,0)(34,0)(34,21)(22,21)(22,4)(18,4)(18,11)(0,11)
Polygon:
(0,0)(34,0)(34,29)(18,29)(18,15)(2,15)(2,29)(0,29)
Polygon:
(0,0)(20,0)(20,7)(14,7)(14,1)(2,1)(2,7)(0,7)
Polygon:
(0,0)(24,0)(24,12)(17,12)(17,2)(6,2)(6,15)(0,15)
Polygon:
(0,0)(23,0)(23,20)(21,20)(21,15)(5,15)(5,18)(0,18)
Polygon:
(0,0)(15,0)(15,20)(11,20)(11,3)(3,3)(3,12)(0,12)
Polygon:
(0,0)(26,0)(26,7)(19,7)(19,3)(16,3)(16,8)(0,8)
Polygon:
(0,0)(44,0)(44,16)(30,16)(30,1)(17,1)(17,10)(0,10)
Polygon:
(0,0)(30,0)(30,20)(18,20)(18,2)(5,2)(5,5)(0,5)
Polygon:
(0,0)(11,0)(11,22)(10,22)(10,6)(2,6)(2,16)(0,16)
Polygon:
(0,0)(19,0)(19,5)(9,5)(9,4)(7,4)(7,16)(0,16)
Polygon:
(0,0)(34,0)(34,19)(17,19)(17,6)(1,6)(1,15)(0,15)
Polygon:
(0,0)(24,0)(24,19)(23,19)(23,1)(7,1)(7,9)(0,9)
Polygon:
(0,0)(37,0)(37,14)(24,14)(24,3)(8,3)(8,8)(0,8)
Polygon:
(0,0)(31,0)(31,21)(15,21)(15,6)(9,6)(9,13)(0,13)
Polygon:
(0,0)(10,0)(10,10)(7,10)(7,7)(5,7)(5,14)(0,14)
Polygon:
(0,0)(41,0)(41,10)(24,10)(24,3)(17,3)(17,10)(0,10)
Polygon:
(0,0)(25,0)(25,10)(24,10)(24,4)(8,4)(8,6)(0,6)
Polygon:
(0,0)(27,0)(27,11)(14,11)(14,6)(9,6)(9,11)(0,11)
Polygon:
(0,0)(36,0)(36,20)(24,20)(24,4)(8,4)(8,16)(0,16)
Polygon:
(0,0)(21,0)(21,35)(8,35)(8,17)(2,17)(2,18)(0,18)
Polygon:
(0,0)(33,0)(33,15)(17,15)(17,4)(1,4)(1,6)(0,6)
Polygon:
(0,0)(28,0)(28,5)(27,5)(27,4)(14,4)(14,6)(0,6)
Polygon:
(0,0)(26,0)(26,10)(21,10)(21,3)(16,3)(16,12)(0,12)
Polygon:
(0,0)(15,0)(15,27)(2,27)(2,12)(1,12)(1,15)(0,15)
Polygon:
(0,0)(19,0)(19,3)(18,3)(18,2)(8,2)(8,10)(0,10)
Polygon:
(0,0)(29,0)(29,18)(19,18)(19,7)(3,7)(3,13)(0,13)
Polygon:
(0,0)(42,0)(42,28)(26,28)(26,10)(18,10)(18,12)(0,12)
Polygon:
(0,0)(29,0)(29,15)(24,15)(24,11)(9,11)(9,12)(0,12)
Polygon:
(0,0)(36,0)(36,19)(20,19)(20,10)(18,10)(18,16)(0,16)
Polygon:
(0,0)(27,0)(27,16)(18,16)(18,2)(15,2)(15,15)(0,15)
Polygon:
(0,0)(33,0)(33,19)(21,19)(21,5)(17,5)(17,10)(0,10)
Polygon:
(0,0)(25,0)(25,7)(15,7)(15,1)(6,1)(6,3)(0,3)
Polygon:
(0,0)(19,0)(19,15)(14,15)(14,13)(4,13)(4,17)(0,17)
Polygon:
(0,0)(23,0)(23,5)(18,5)(18,2)(9,2)(9,11)(0,11)
Polygon:
(0,0)(43,0)(43,3)(26,3)(26,2)(10,2)(10,5)(0,5)
Polygon:
(0,0)(35,0)(35,22)(17,22)(17,9)(1,9)(1,10)(0,10)
Polygon:
(0,0)(28,0)(28,16)(21,16)(21,9)(10,9)(10,12)(0,12)
Polygon:
(0,0)(28,0)(28,23)(12,23)(12,5)(11,5)(11,6)(0,6)
Polygon:
(0,0)(26,0)(26,23)(9,23)(9,17)(8,17)(8,18)(0,18)
Polygon:
(0,0)(24,0)(24,24)(12,24)(12,9)(2,9)(2,17)(0,17)
Polygon:
(0,0)(24,0)(24,23)(20,23)(20,6)(13,6)(13,16)(0,16)
Polygon:
(0,0)(27,0)(27,5)(12,5)(12,4)(10,4)(10,16)(0,16)
Polygon:
(0,0)(25,0)(25,24)(8,24)(8,10)(5,10)(5,16)(0,16)
Polygon:
(0,0)(44,0)(44,18)(26,18)(26,3)(17,3)(17,12)(0,12)
Polygon:
(0,0)(32,0)(32,25)(17,25)(17,13)(8,13)(8,18)(0,18)
Polygon:
(0,0)(22,0)(22,28)(13,28)(13,14)(4,14)(4,15)(0,15)
Polygon:
(0,0)(37,0)(37,15)(28,15)(28,2)(15,2)(15,14)(0,14)
Polygon:
(0,0)(37,0)(37,15)(22,15)(22,3)(17,3)(17,16)(0,16)
Polygon:
(0,0)(34,0)(34,4)(32,4)(32,1)(15,1)(15,10)(0,10)
Polygon:
(0,0)(28,0)(28,18)(11,18)(11,4)(2,4)(2,6)(0,6)
Polygon:
(0,0)(23,0)(23,26)(18,26)(18,8)(6,8)(6,11)(0,11)
Polygon:
(0,0)(15,0)(15,22)(5,22)(5,5)(1,5)(1,14)(0,14)
Polygon:
(0,0)(20,0)(20,20)(15,20)(15,15)(8,15)(8,18)(0,18)
Polygon:
(0,0)(22,0)(22,30)(15,30)(15,13)(2,13)(2,17)(0,17)
Polygon:
(0,0)(45,0)(45,17)(34,17)(34,4)(16,4)(16,6)(0,6)
Polygon:
(0,0)(38,0)(38,26)(20,26)(20,13)(12,13)(12,14)(0,14)
Polygon:
(0,0)(21,0)(21,8)(15,8)(15,3)(10,3)(10,12)(0,12)
Polygon:
(0,0)(42,0)(42,5)(24,5)(24,3)(18,3)(18,4)(0,4)
Polygon:
(0,0)(41,0)(41,7)(31,7)(31,2)(13,2)(13,16)(0,16)
Polygon:
(0,0)(24,0)(24,21)(9,21)(9,9)(5,9)(5,18)(0,18)
Polygon:
(0,0)(13,0)(13,3)(8,3)(8,2)(5,2)(5,8)(0,8)
Polygon:
(0,0)(24,0)(24,24)(10,24)(10,9)(9,9)(9,10)(0,10)
Polygon:
(0,0)(43,0)(43,17)(25,17)(25,11)(10,11)(10,12)(0,12)
Polygon:
(0,0)(21,0)(21,8)(11,8)(11,4)(10,4)(10,10)(0,10)
Polygon:
(0,0)(32,0)(32,21)(14,21)(14,4)(11,4)(11,10)(0,10)
Polygon:
(0,0)(23,0)(23,18)(16,18)(16,4)(13,4)(13,9)(0,9)
Polygon:
(0,0)(49,0)(49,17)(31,17)(31,2)(17,2)(17,8)(0,8)
Polygon:
(0,0)(44,0)(44,5)(29,5)(29,3)(12,3)(12,7)(0,7)
Polygon:
(0,0)(20,0)(20,15)(14,15)(14,3)(12,3)(12,8)(0,8)
Polygon:
(0,0)(41,0)(41,4)(23,4)(23,12)(13,12)(13,1)(0,1)
Polygon:
(0,0)(34,0)(34,14)(18,14)(18,28)(0,28)
Polygon:
(0,0)(32,0)(32,12)(22,12)(22,22)(13,22)(13,17)(0,17)
Polygon:
(0,0)(5,0)(5,12)(0,12)
Polygon:
(0,0)(5,0)(5,14)(0,14)
Polygon:
(0,0)(19,0)(19,16)(9,16)(9,19)(0,19)
Polygon:
(0,0)(12,0)(12,12)(0,12)
Polygon:
(0,0)(7,0)(7,6)(0,6)
Polygon:
(0,0)(18,0)(18,6)(0,6)
Polygon:
(0,0)(9,0)(9,15)(0,15)
Polygon:
(0,0)(18,0)(18,11)(0,11)
Polygon:
(0,0)(15,0)(15,8)(10,8)(10,21)(0,21)
Polygon:
(0,0)(5,0)(5,2)(0,2)
Polygon:
(0,0)(27,0)(27,11)(11,11)(11,14)(0,14)
Polygon:
(0,0)(21,0)(21,15)(6,15)(6,27)(0,27)
Polygon:
(0,0)(34,0)(34,7)(20,7)(20,10)(14,10)(14,9)(0,9)
Polygon:
(0,0)(33,0)(33,18)(25,18)(25,25)(14,25)(14,16)(0,16)
Polygon:
(0,0)(14,0)(14,8)(0,8)
Polygon:
(0,0)(39,0)(39,16)(23,16)(23,19)(12,19)(12,16)(0,16)
Polygon:
(0,0)(24,0)(24,17)(6,17)(6,19)(0,19)
Polygon:
(0,0)(14,0)(14,12)(0,12)
Polygon:
(0,0)(18,0)(18,9)(0,9)
Polygon:
(0,0)(5,0)(5,11)(0,11)
Polygon:
(0,0)(12,0)(12,7)(0,7)
Polygon:
(0,0)(30,0)(30,19)(16,19)(16,20)(11,20)(11,3)(0,3)
Polygon:
(0,0)(27,0)(27,13)(15,13)(15,18)(13,18)(13,11)(0,11)
Polygon:
(0,0)(1,0)(1,7)(0,7)
Polygon:
(0,0)(15,0)(15,10)(0,10)
Polygon:
(0,0)(20,0)(20,4)(4,4)(4,14)(0,14)
Polygon:
(0,0)(27,0)(27,6)(19,6)(19,19)(16,19)(16,11)(0,11)
Polygon:
(0,0)(17,0)(17,6)(16,6)(16,10)(15,10)(15,5)(0,5)
Polygon:
(0,0)(19,0)(19,2)(16,2)(16,8)(13,8)(13,7)(0,7)
Polygon:
(0,0)(29,0)(29,7)(18,7)(18,15)(0,15)
Polygon:
(0,0)(22,0)(22,6)(5,6)(5,11)(0,11)
Polygon:
(0,0)(16,0)(16,12)(3,12)(3,24)(0,24)
Polygon:
(0,0)(2,0)(2,12)(0,12)
Polygon:
(0,0)(7,0)(7,17)(0,17)
Polygon:
(0,0)(8,0)(8,14)(0,14)
Polygon:
(0,0)(19,0)(19,6)(12,6)(12,23)(0,23)
Polygon:
(0,0)(19,0)(19,15)(13,15)(13,18)(0,18)
Polygon:
(0,0)(1,0)(1,16)(0,16)
Polygon:
(0,0)(25,0)(25,14)(21,14)(21,15)(4,15)(4,2)(0,2)
Polygon:
(0,0)(16,0)(16,3)(0,3)
Polygon:
(0,0)(10,0)(10,15)(0,15)
Polygon:
(0,0)(14,0)(14,7)(0,7)
Polygon:
(0,0)(38,0)(38,14)(20,14)(20,25)(9,25)(9,7)(0,7)
Polygon:
(0,0)(23,0)(23,7)(10,7)(10,20)(0,20)
Polygon:
(0,0)(4,0)(4,11)(0,11)
Polygon:
(0,0)(11,0)(11,14)(3,14)(3,30)(0,30)
Polygon:
(0,0)(33,0)(33,4)(17,4)(17,8)(0,8)
Polygon:
(0,0)(11,0)(11,9)(0,9)
Polygon:
(0,0)(9,0)(9,15)(0,15)
Polygon:
(0,0)(47,0)(47,13)(36,13)(36,16)(18,16)(18,8)(0,8)
Polygon:
(0,0)(39,0)(39,10)(22,10)(22,11)(17,11)(17,9)(0,9)
Polygon:
(0,0)(23,0)(23,9)(6,9)(6,19)(0,19)
Polygon:
(0,0)(6,0)(6,17)(2,17)(2,26)(0,26)
Polygon:
(0,0)(14,0)(14,4)(0,4)
Polygon:
(0,0)(12,0)(12,2)(0,2)
Polygon:
(0,0)(2,0)(2,14)(0,14)
Polygon:
(0,0)(34,0)(34,5)(16,5)(16,12)(2,12)(2,1)(0,1)
Polygon:
(0,0)(7,0)(7,14)(0,14)
Polygon:
(0,0)(36,0)(36,16)(24,16)(24,19)(11,19)(11,5)(0,5)
Polygon:
(0,0)(18,0)(18,14)(0,14)
Polygon:
(0,0)(48,0)(48,6)(34,6)(34,23)(18,23)(18,11)(0,11)
Polygon:
(0,0)(15,0)(15,13)(0,13)
Polygon:
(0,0)(20,0)(20,17)(18,17)(18,26)(0,26)
Polygon:
(0,0)(5,0)(5,7)(0,7)
Polygon:
(0,0)(12,0)(12,16)(0,16)
Polygon:
(0,0)(24,0)(24,3)(7,3)(7,9)(0,9)
Polygon:
(0,0)(34,0)(34,16)(21,16)(21,17)(4,17)(4,8)(0,8)
Polygon:
(0,0)(5,0)(5,13)(0,13)
Polygon:
(0,0)(29,0)(29,1)(11,1)(11,7)(0,7)
Polygon:
(0,0)(15,0)(15,15)(0,15)
Polygon:
(0,0)(23,0)(23,6)(16,6)(16,17)(6,17)(6,13)(0,13)
Polygon:
(0,0)(37,0)(37,16)(23,16)(23,18)(5,18)(5,15)(0,15)
Polygon:
(0,0)(8,0)(8,8)(3,8)(3,23)(0,23)
Polygon:
(0,0)(9,0)(9,4)(0,4)
Polygon:
(0,0)(13,0)(13,16)(7,16)(7,23)(0,23)
Polygon:
(0,0)(31,0)(31,15)(16,15)(16,17)(5,17)(5,4)(0,4)
Polygon:
(0,0)(17,0)(17,11)(3,11)(3,15)(0,15)
