Polygon:
(0,0)(22,0)(22,19)(19,19)(19,10)(17,10)(17,12)(0,12)
Polygon:
(0,0)(19,0)(19,19)(13,19)(13,3)(2,3)(2,9)(0,9)
Polygon:
(0,0)(33,0)(33,19)(27,19)(27,3)(15,3)(15,4)(0,4)
Polygon:
(0,0)(21,0)(21,24)(19,24)(19,7)(6,7)(6,15)(0,15)
Polygon:
(0,0)(40,0)(40,9)(32,9)(32,8)(18,8)(18,18)(0,18)
Polygon:
(0,0)(8,0)(8,13)(6,13)(6,9)(1,9)(1,12)(0,12)
Polygon:
(0,0)(40,0)(40,24)(26,24)(26,8)(16,8)(16,18)(0,18)
Polygon:
(0,0)(38,0)(38,21)(21,21)(21,11)(14,11)(14,17)(0,17)
Polygon:
(0,0)(26,0)(26,14)(15,14)(15,9)(8,9)(8,16)(0,16)
Polygon:
(0,0)(31,0)(31,14)(23,14)(23,2)(9,2)(9,15)(0,15)
Polygon:
(0,0)(16,0)(16,16)(11,16)(11,15)(8,15)(8,17)(0,17)
Polygon:
(0,0)(26,0)(26,14)(24,14)(24,10)(12,10)(12,16)(0,16)
Polygon:
(0,0)(37,0)(37,21)(22,21)(22,4)(17,4)(17,17)(0,17)
Polygon:
(0,0)(19,0)(19,13)(12,13)(12,12)(6,12)(6,16)(0,16)
Polygon:
(0,0)(29,0)(29,11)(21,11)(21,5)(6,5)(6,9)(0,9)
Polygon:
(0,0)(40,0)(40,20)(22,20)(22,9)(15,9)(15,15)(0,15)
Polygon:
(0,0)(36,0)(36,23)(22,23)(22,5)(10,5)(10,10)(0,10)
Polygon:
(0,0)(24,0)(24,3)(23,3)(23,2)(15,2)(15,17)(0,17)
Polygon:
(0,0)(29,0)(29,18)(25,18)(25,1)(8,1)(8,11)(0,11)
Polygon:
(0,0)(41,0)(41,18)(24,18)(24,3)(14,3)(14,10)(0,10)
Polygon:
(0,0)(27,0)(27,17)(14,17)(14,4)(13,4)(13,6)(0,6)
Polygon:
(0,0)(40,0)(40,23)(23,23)(23,5)(13,5)(13,13)(0,13)
Polygon:
(0,0)(25,0)(25,11)(12,11)(12,4)(11,4)(11,14)(0,14)
Polygon:
(0,0)(5,0)(5,15)(4,15)(4,11)(3,11)(3,16)(0,16)
Polygon:
(0,0)(31,0)(31,22)(14,22)(14,5)(1,5)(1,8)(0,8)
Polygon:
(0,0)(19,0)(19,8)(15,8)(15,4)(2,4)(2,11)(0,11)
Polygon:
(0,0)(34,0)(34,5)(31,5)(31,1)(17,1)(17,9)(0,9)
Polygon:
(0,0)(32,0)(32,23)(20,23)(20,6)(16,6)(16,18)(0,18)
Polygon:
(0,0)(34,0)(34,11)(30,11)(30,7)(17,7)(17,9)(0,9)
Polygon:
(0,0)(41,0)(41,11)(28,11)(28,8)(13,8)(13,13)(0,13)
Polygon:
(0,0)(30,0)(30,16)(18,16)(18,3)(10,3)(10,15)(0,15)
Polygon:
(0,0)(42,0)(42,15)(30,15)(30,9)(14,9)(14,15)(0,15)
Polygon:
(0,0)(24,0)(24,19)(20,19)(20,6)(13,6)(13,9)(0,9)
Polygon:
(0,0)(34,0)(34,13)(20,13)(20,2)(12,2)(12,15)(0,15)
Polygon:
(0,0)(28,0)(28,4)(11,4)(11,3)(2,3)(2,14)(0,14)
Polygon:
(0,0)(28,0)(28,16)(18,16)(18,4)(1,4)(1,6)(0,6)
Polygon:
(0,0)(33,0)(33,5)(32,5)(32,2)(18,2)(18,8)(0,8)
Polygon:
(0,0)(20,0)(20,5)(19,5)(19,4)(2,4)(2,9)(0,9)
Polygon:
(0,0)(32,0)(32,15)(20,15)(20,11)(18,11)(18,17)(0,17)
Polygon:
(0,0)(38,0)(38,14)(32,14)(32,2)(15,2)(15,15)(0,15)
Polygon:
(0,0)(20,0)(20,20)(15,20)(15,12)(10,12)(10,18)(0,18)
Polygon:
(0,0)(26,0)(26,18)(22,18)(22,15)(16,15)(16,17)(0,17)
Polygon:
(0,0)(39,0)(39,19)(22,19)(22,6)(13,6)(13,18)(0,18)
Polygon:
(0,0)(16,0)(16,12)(12,12)(12,3)(3,3)(3,6)(0,6)
Polygon:
(0,0)(35,0)(35,16)(21,16)(21,1)(9,1)(9,16)(0,16)
Polygon:
(0,0)(36,0)(36,18)(22,18)(22,6)(10,6)(10,10)(0,10)
Polygon:
(0,0)(22,0)(22,14)(17,14)(17,10)(11,10)(11,11)(0,11)
Polygon:
(0,0)(33,0)(33,13)(18,13)(18,1)(7,1)(7,5)(0,5)
Polygon:
(0,0)(44,0)(44,29)(27,29)(27,12)(14,12)(14,13)(0,13)
Polygon:
(0,0)(29,0)(29,12)(14,12)(14,1)(13,1)(13,3)(0,3)
Polygon:
(0,0)(14,0)(14,11)(3,11)(3,6)(1,6)(1,9)(0,9)
Polygon:
(0,0)(29,0)(29,9)(16,9)(16,1)(1,1)(1,16)(0,16)
Polygon:
(0,0)(31,0)(31,14)(14,14)(14,5)(3,5)(3,18)(0,18)
Polygon:
(0,0)(37,0)(37,23)(27,23)(27,9)(15,9)(15,14)(0,14)
Polygon:
(0,0)(20,0)(20,28)(11,28)(11,14)(9,14)(9,15)(0,15)
Polygon:
(0,0)(36,0)(36,24)(19,24)(19,9)(14,9)(14,13)(0,13)
Polygon:
(0,0)(26,0)(26,17)(13,17)(13,2)(7,2)(7,5)(0,5)
Polygon:
(0,0)(34,0)(34,19)(21,19)(21,3)(12,3)(12,7)(0,7)
Polygon:
(0,0)(36,0)(36,14)(35,14)(35,2)(17,2)(17,8)(0,8)
Polygon:
(0,0)(29,0)(29,7)(23,7)(23,4)(7,4)(7,17)(0,17)
Polygon:
(0,0)(29,0)(29,16)(24,16)(24,1)(10,1)(10,18)(0,18)
Polygon:
(0,0)(22,0)(22,14)(15,14)(15,9)(14,9)(14,16)(0,16)
Polygon:
(0,0)(19,0)(19,20)(17,20)(17,11)(1,11)(1,25)(0,25)
Polygon:
(0,0)(22,0)(22,26)(14,26)(14,17)(5,17)(5,18)(0,18)
Polygon:
(0,0)(30,0)(30,18)(16,18)(16,6)(3,6)(3,10)(0,10)
Polygon:
(0,0)(29,0)(29,7)(19,7)(19,6)(12,6)(12,7)(0,7)
Polygon:
(0,0)(31,0)(31,22)(26,22)(26,4)(18,4)(18,17)(0,17)
Polygon:
(0,0)(25,0)(25,20)(15,20)(15,3)(6,3)(6,13)(0,13)
Polygon:
(0,0)(30,0)(30,15)(13,15)(13,3)(11,3)(11,18)(0,18)
Polygon:
(0,0)(33,0)(33,31)(18,31)(18,14)(16,14)(16,18)(0,18)
Polygon:
(0,0)(34,0)(34,15)(31,15)(31,11)(17,11)(17,16)(0,16)
Polygon:
(0,0)(20,0)(20,14)(14,14)(14,4)(4,4)(4,18)(0,18)
Polygon:
(0,0)(33,0)(33,21)(24,21)(24,11)(10,11)(10,16)(0,16)
Polygon:
(0,0)(29,0)(29,20)(20,20)(20,6)(16,6)(16,10)(0,10)
Polygon:
(0,0)(23,0)(23,18)(9,18)(9,4)(4,4)(4,18)(0,18)
Polygon:
(0,0)(23,0)(23,18)(15,18)(15,2)(3,2)(3,12)(0,12)
Polygon:
(0,0)(31,0)(31,2)(30,2)(30,1)(17,1)(17,10)(0,10)
Polygon:
(0,0)(23,0)(23,15)(9,15)(9,2)(8,2)(8,12)(0,12)
Polygon:
(0,0)(26,0)(26,14)(13,14)(13,6)(8,6)(8,11)(0,11)
Polygon:
(0,0)(19,0)(19,29)(11,29)(11,11)(8,11)(8,15)(0,15)
Polygon:
(0,0)(32,0)(32,3)(15,3)(15,2)(13,2)(13,14)(0,14)
Polygon:
(0,0)(21,0)(21,20)(16,20)(16,15)(8,15)(8,16)(0,16)
Polygon:
(0,0)(31,0)(31,12)(19,12)(19,8)(3,8)(3,15)(0,15)
Polygon:
(0,0)(30,0)(30,16)(18,16)(18,6)(6,6)(6,15)(0,15)
Polygon:
(0,0)(24,0)(24,12)(19,12)(19,1)(8,1)(8,3)(0,3)
Polygon:
(0,0)(34,0)(34,12)(18,12)(18,1)(10,1)(10,16)(0,16)
Polygon:
(0,0)(18,0)(18,7)(17,7)(17,6)(10,6)(10,16)(0,16)
Polygon:
(0,0)(35,0)(35,10)(18,10)(18,7)(7,7)(7,8)(0,8)
Polygon:
(0,0)(18,0)(18,18)(4,18)(4,7)(2,7)(2,11)(0,11)
Polygon:
(0,0)(30,0)(30,14)(26,14)(26,4)(15,4)(15,12)(0,12)
Polygon:
(0,0)(26,0)(26,5)(25,5)(25,2)(15,2)(15,14)(0,14)
Polygon:
(0,0)(44,0)(44,11)(26,11)(26,9)(14,9)(14,14)(0,14)
Polygon:
(0,0)(43,0)(43,15)(25,15)(25,3)(14,3)(14,9)(0,9)
Polygon:
(0,0)(34,0)(34,15)(25,15)(25,12)(9,12)(9,15)(0,15)
Polygon:
(0,0)(16,0)(16,10)(9,10)(9,4)(2,4)(2,15)(0,15)
Polygon:
(0,0)(13,0)(13,20)(10,20)(10,10)(9,10)(9,13)(0,13)
Polygon:
(0,0)(12,0)(12,23)(11,23)(11,8)(5,8)(5,19)(0,19)
Polygon:
(0,0)(34,0)(34,14)(27,14)(27,2)(9,2)(9,5)(0,5)
Polygon:
(0,0)(36,0)(36,22)(20,22)(20,5)(4,5)(4,14)(0,14)
Polygon:
(0,0)(35,0)(35,13)(19,13)(19,11)(15,11)(15,18)(0,18)
Polygon:
(0,0)(21,0)(21,9)(20,9)(20,7)(8,7)(8,12)(0,12)
Polygon:
(0,0)(34,0)(34,16)(19,16)(19,4)(1,4)(1,11)(0,11)
Polygon:
(0,0)(46,0)(46,5)(28,5)(28,3)(16,3)(16,4)(0,4)
Polygon:
(0,0)(12,0)(12,19)(7,19)(7,3)(5,3)(5,5)(0,5)
Polygon:
(0,0)(33,0)(33,15)(32,15)(32,3)(14,3)(14,15)(0,15)
Polygon:
(0,0)(24,0)(24,17)(13,17)(13,7)(3,7)(3,8)(0,8)
Polygon:
(0,0)(14,0)(14,9)(11,9)(11,6)(8,6)(8,11)(0,11)
Polygon:
(0,0)(36,0)(36,11)(27,11)(27,2)(12,2)(12,18)(0,18)
Polygon:
(0,0)(38,0)(38,17)(27,17)(27,14)(12,14)(12,18)(0,18)
Polygon:
(0,0)(16,0)(16,9)(8,9)(8,1)(5,1)(5,14)(0,14)
Polygon:
(0,0)(43,0)(43,26)(25,26)(25,11)(10,11)(10,16)(0,16)
Polygon:
(0,0)(5,0)(5,13)(3,13)(3,12)(1,12)(1,17)(0,17)
Polygon:
(0,0)(26,0)(26,26)(15,26)(15,13)(8,13)(8,14)(0,14)
Polygon:
(0,0)(35,0)(35,6)(28,6)(28,4)(16,4)(16,12)(0,12)
Polygon:
(0,0)(26,0)(26,20)(9,20)(9,3)(4,3)(4,11)(0,11)
Polygon:
(0,0)(34,0)(34,21)(16,21)(16,3)(4,3)(4,7)(0,7)
Polygon:
(0,0)(29,0)(29,17)(27,17)(27,5)(11,5)(11,13)(0,13)
Polygon:
(0,0)(44,0)(44,23)(28,23)(28,8)(12,8)(12,16)(0,16)
Polygon:
(0,0)(24,0)(24,11)(9,11)(9,2)(2,2)(2,17)(0,17)
Polygon:
(0,0)(32,0)(32,18)(21,18)(21,6)(9,6)(9,14)(0,14)
Polygon:
(0,0)(23,0)(23,13)(21,13)(21,12)(11,12)(11,16)(0,16)
Polygon:
(0,0)(49,0)(49,25)(32,25)(32,15)(18,15)(18,18)(0,18)
Polygon:
(0,0)(30,0)(30,29)(14,29)(14,15)(2,15)(2,20)(0,20)
Polygon:
(0,0)(28,0)(28,22)(16,22)(16,10)(10,10)(10,18)(0,18)
Polygon:
(0,0)(36,0)(36,22)(18,22)(18,7)(15,7)(15,17)(0,17)
Polygon:
(0,0)(30,0)(30,20)(17,20)(17,3)(5,3)(5,18)(0,18)
Polygon:
(0,0)(26,0)(26,20)(15,20)(15,7)(11,7)(11,16)(0,16)
Polygon:
(0,0)(16,0)(16,19)(15,19)(15,11)(9,11)(9,16)(0,16)
Polygon:
(0,0)(18,0)(18,6)(16,6)(16,4)(9,4)(9,13)(0,13)
Polygon:
(0,0)(25,0)(25,18)(23,18)(23,3)(17,3)(17,11)(0,11)
Polygon:
(0,0)(49,0)(49,17)(33,17)(33,2)(17,2)(17,8)(0,8)
Polygon:
(0,0)(20,0)(20,4)(15,4)(15,2)(12,2)(12,17)(0,17)
Polygon:
(0,0)(23,0)(23,11)(12,11)(12,9)(4,9)(4,18)(0,18)
Polygon:
(0,0)(35,0)(35,10)(19,10)(19,8)(1,8)(1,12)(0,12)
Polygon:
(0,0)(16,0)(16,8)(10,8)(10,2)(5,2)(5,16)(0,16)
Polygon:
(0,0)(27,0)(27,23)(18,23)(18,6)(7,6)(7,15)(0,15)
Polygon:
(0,0)(20,0)(20,9)(15,9)(15,5)(8,5)(8,8)(0,8)
Polygon:
(0,0)(29,0)(29,19)(11,19)(11,8)(6,8)(6,10)(0,10)
Polygon:
(0,0)(50,0)(50,16)(35,16)(35,5)(17,5)(17,15)(0,15)
Polygon:
(0,0)(38,0)(38,5)(20,5)(20,4)(16,4)(16,11)(0,11)
Polygon:
(0,0)(43,0)(43,18)(27,18)(27,13)(12,13)(12,18)(0,18)
Polygon:
(0,0)(31,0)(31,18)(29,18)(29,9)(18,9)(18,17)(0,17)
Polygon:
(0,0)(35,0)(35,12)(30,12)(30,4)(16,4)(16,11)(0,11)
Polygon:
(0,0)(15,0)(15,17)(14,17)(14,6)(9,6)(9,8)(0,8)
Polygon:
(0,0)(21,0)(21,6)(14,6)(14,2)(11,2)(11,3)(0,3)
Polygon:
(0,0)(19,0)(19,21)(17,21)(17,8)(16,8)(16,11)(0,11)
Polygon:
(0,0)(39,0)(39,9)(23,9)(23,2)(18,2)(18,12)(0,12)
Polygon:
(0,0)(23,0)(23,21)(12,21)(12,5)(11,5)(11,14)(0,14)
Polygon:
(0,0)(20,0)(20,30)(18,30)(18,12)(6,12)(6,14)(0,14)
Polygon:
(0,0)(27,0)(27,21)(16,21)(16,4)(6,4)(6,15)(0,15)
Polygon:
(0,0)(29,0)(29,9)(27,9)(27,4)(16,4)(16,8)(0,8)
Polygon:
(0,0)(41,0)(41,16)(26,16)(26,7)(18,7)(18,14)(0,14)
Polygon:
(0,0)(24,0)(24,17)(14,17)(14,3)(8,3)(8,4)(0,4)
Polygon:
(0,0)(34,0)(34,13)(25,13)(25,1)(16,1)(16,13)(0,13)
Polygon:
(0,0)(26,0)(26,32)(14,32)(14,17)(8,17)(8,18)(0,18)
Polygon:
(0,0)(33,0)(33,23)(16,23)(16,7)(12,7)(12,15)(0,15)
Polygon:
(0,0)(34,0)(34,28)(26,28)(26,10)(18,10)(18,15)(0,15)
Polygon:
(0,0)(33,0)(33,15)(20,15)(20,2)(6,2)(6,14)(0,14)
Polygon:
(0,0)(40,0)(40,9)(25,9)(25,6)(15,6)(15,14)(0,14)
Polygon:
(0,0)(19,0)(19,19)(10,19)(10,2)(4,2)(4,8)(0,8)
Polygon:
(0,0)(48,0)(48,27)(32,27)(32,14)(14,14)(14,15)(0,15)
Polygon:
(0,0)(44,0)(44,21)(28,21)(28,12)(15,12)(15,18)(0,18)
Polygon:
(0,0)(29,0)(29,10)(19,10)(19,8)(11,8)(11,13)(0,13)
Polygon:
(0,0)(32,0)(32,19)(16,19)(16,6)(3,6)(3,13)(0,13)
Polygon:
(0,0)(14,0)(14,12)(8,12)(8,11)(3,11)(3,18)(0,18)
Polygon:
(0,0)(28,0)(28,19)(27,19)(27,5)(9,5)(9,14)(0,14)
Polygon:
(0,0)(27,0)(27,21)(16,21)(16,6)(12,6)(12,12)(0,12)
Polygon:
(0,0)(37,0)(37,4)(24,4)(24,1)(12,1)(12,9)(0,9)
Polygon:
(0,0)(39,0)(39,15)(22,15)(22,9)(16,9)(16,18)(0,18)
Polygon:
(0,0)(9,0)(9,17)(4,17)(4,1)(1,1)(1,4)(0,4)
Polygon:
(0,0)(29,0)(29,7)(11,7)(11,4)(5,4)(5,18)(0,18)
Polygon:
(0,0)(20,0)(20,14)(19,14)(19,4)(8,4)(8,11)(0,11)
Polygon:
(0,0)(33,0)(33,15)(16,15)(16,3)(8,3)(8,4)(0,4)
Polygon:
(0,0)(35,0)(35,19)(22,19)(22,3)(14,3)(14,7)(0,7)
Polygon:
(0,0)(26,0)(26,17)(21,17)(21,3)(14,3)(14,16)(0,16)
Polygon:
(0,0)(49,0)(49,21)(34,21)(34,10)(17,10)(17,15)(0,15)
Polygon:
(0,0)(32,0)(32,15)(31,15)(31,11)(16,11)(16,17)(0,17)
Polygon:
(0,0)(28,0)(28,23)(14,23)(14,6)(1,6)(1,7)(0,7)
Polygon:
(0,0)(33,0)(33,9)(21,9)(21,8)(17,8)(17,15)(0,15)
Polygon:
(0,0)(26,0)(26,6)(15,6)(15,1)(1,1)(1,3)(0,3)
Polygon:
(0,0)(29,0)(29,25)(21,25)(21,9)(17,9)(17,16)(0,16)
Polygon:
(0,0)(11,0)(11,24)(9,24)(9,13)(1,13)(1,16)(0,16)
Polygon:
(0,0)(33,0)(33,12)(32,12)(32,1)(14,1)(14,18)(0,18)
Polygon:
(0,0)(17,0)(17,20)(13,20)(13,4)(11,4)(11,11)(0,11)
Polygon:
(0,0)(10,0)(10,2)(5,2)(5,1)(2,1)(2,12)(0,12)
Polygon:
(0,0)(40,0)(40,23)(27,23)(27,7)(10,7)(10,17)(0,17)
Polygon:
(0,0)(40,0)(40,17)(34,17)(34,5)(18,5)(18,18)(0,18)
Polygon:
(0,0)(35,0)(35,8)(19,8)(19,4)(9,4)(9,7)(0,7)
Polygon:
(0,0)(23,0)(23,13)(20,13)(20,1)(10,1)(10,8)(0,8)
Polygon:
(0,0)(22,0)(22,12)(18,12)(18,4)(1,4)(1,16)(0,16)
Polygon:
(0,0)(34,0)(34,26)(33,26)(33,11)(16,11)(16,14)(0,14)
Polygon:
(0,0)(34,0)(34,6)(21,6)(21,1)(17,1)(17,13)(0,13)
Polygon:
(0,0)(41,0)(41,6)(25,6)(25,1)(16,1)(16,5)(0,5)
Polygon:
(0,0)(51,0)(51,15)(33,15)(33,1)(16,1)(16,5)(0,5)
Polygon:
(0,0)(22,0)(22,22)(18,22)(18,4)(1,4)(1,15)(0,15)
Polygon:
(0,0)(34,0)(34,15)(30,15)(30,5)(15,5)(15,12)(0,12)
Polygon:
(0,0)(41,0)(41,11)(27,11)(27,2)(12,2)(12,12)(0,12)
Polygon:
(0,0)(46,0)(46,21)(33,21)(33,4)(15,4)(15,14)(0,14)
Polygon:
(0,0)(39,0)(39,14)(26,14)(26,1)(13,1)(13,3)(0,3)
Polygon:
(0,0)(9,0)(9,15)(8,15)(8,5)(7,5)(7,8)(0,8)
Polygon:
(0,0)(39,0)(39,7)(26,7)(26,2)(16,2)(16,11)(0,11)
Polygon:
(0,0)(31,0)(31,13)(30,13)(30,1)(17,1)(17,12)(0,12)
Polygon:
(0,0)(33,0)(33,11)(17,11)(17,8)(8,8)(8,17)(0,17)
Polygon:
(0,0)(36,0)(36,10)(21,10)(21,4)(17,4)(17,15)(0,15)
Polygon:
(0,0)(35,0)(35,9)(27,9)(27,4)(13,4)(13,5)(0,5)
Polygon:
(0,0)(33,0)(33,13)(16,13)(16,11)(7,11)(7,13)(0,13)
Polygon:
(0,0)(15,0)(15,16)(3,16)(3,9)(2,9)(2,14)(0,14)
Polygon:
(0,0)(30,0)(30,12)(23,12)(23,8)(8,8)(8,10)(0,10)
Polygon:
(0,0)(28,0)(28,20)(24,20)(24,5)(10,5)(10,18)(0,18)
Polygon:
(0,0)(27,0)(27,20)(10,20)(10,3)(5,3)(5,7)(0,7)
Polygon:
(0,0)(35,0)(35,20)(28,20)(28,3)(18,3)(18,15)(0,15)
Polygon:
(0,0)(13,0)(13,27)(12,27)(12,15)(8,15)(8,16)(0,16)
Polygon:
(0,0)(16,0)(16,6)(15,6)(15,5)(3,5)(3,15)(0,15)
Polygon:
(0,0)(19,0)(19,15)(11,15)(11,3)(6,3)(6,13)(0,13)
Polygon:
(0,0)(18,0)(18,23)(7,23)(7,6)(1,6)(1,7)(0,7)
Polygon:
(0,0)(44,0)(44,23)(32,23)(32,7)(16,7)(16,10)(0,10)
Polygon:
(0,0)(37,0)(37,25)(22,25)(22,9)(17,9)(17,15)(0,15)
Polygon:
(0,0)(43,0)(43,18)(26,18)(26,6)(17,6)(17,24)(0,24)
Polygon:
(0,0)(33,0)(33,19)(25,19)(25,3)(12,3)(12,4)(0,4)
Polygon:
(0,0)(17,0)(17,22)(14,22)(14,9)(3,9)(3,10)(0,10)
Polygon:
(0,0)(36,0)(36,11)(18,11)(18,8)(12,8)(12,11)(0,11)
Polygon:
(0,0)(33,0)(33,21)(17,21)(17,9)(8,9)(8,12)(0,12)
Polygon:
(0,0)(21,0)(21,24)(5,24)(5,12)(1,12)(1,17)(0,17)
Polygon:
(0,0)(21,0)(21,22)(14,22)(14,12)(1,12)(1,16)(0,16)
Polygon:
(0,0)(34,0)(34,24)(27,24)(27,13)(18,13)(18,17)(0,17)
Polygon:
(0,0)(19,0)(19,23)(15,23)(15,5)(3,5)(3,9)(0,9)
Polygon:
(0,0)(31,0)(31,20)(21,20)(21,13)(15,13)(15,17)(0,17)
Polygon:
(0,0)(12,0)(12,11)(7,11)(7,5)(1,5)(1,16)(0,16)
Polygon:
(0,0)(37,0)(37,6)(27,6)(27,5)(10,5)(10,18)(0,18)
Polygon:
(0,0)(25,0)(25,10)(16,10)(16,3)(1,3)(1,5)(0,5)
Polygon:
(0,0)(24,0)(24,15)(19,15)(19,6)(10,6)(10,18)(0,18)
Polygon:
(0,0)(26,0)(26,18)(11,18)(11,2)(7,2)(7,16)(0,16)
Polygon:
(0,0)(28,0)(28,15)(21,15)(21,10)(13,10)(13,16)(0,16)
Polygon:
(0,0)(34,0)(34,11)(31,11)(31,4)(16,4)(16,8)(0,8)
Polygon:
(0,0)(33,0)(33,34)(17,34)(17,18)(12,18)(12,31)(0,31)
Polygon:
(0,0)(25,0)(25,22)(15,22)(15,8)(11,8)(11,10)(0,10)
Polygon:
(0,0)(32,0)(32,12)(22,12)(22,7)(18,7)(18,8)(0,8)
Polygon:
(0,0)(25,0)(25,19)(7,19)(7,14)(4,14)(4,17)(0,17)
Polygon:
(0,0)(40,0)(40,11)(34,11)(34,8)(16,8)(16,18)(0,18)
Polygon:
(0,0)(42,0)(42,13)(25,13)(25,6)(7,6)(7,7)(0,7)
Polygon:
(0,0)(31,0)(31,14)(16,14)(16,23)(0,23)
Polygon:
(0,0)(28,0)(28,4)(14,4)(14,16)(11,16)(11,7)(0,7)
Polygon:
(0,0)(30,0)(30,13)(27,13)(27,20)(13,20)(13,5)(0,5)
Polygon:
(0,0)(14,0)(14,15)(0,15)
Polygon:
(0,0)(25,0)(25,21)(23,21)(23,27)(17,27)(17,11)(0,11)
Polygon:
(0,0)(18,0)(18,3)(14,3)(14,15)(0,15)
Polygon:
(0,0)(5,0)(5,14)(0,14)
Polygon:
(0,0)(18,0)(18,5)(0,5)
Polygon:
(0,0)(9,0)(9,3)(3,3)(3,14)(0,14)
Polygon:
(0,0)(14,0)(14,6)(0,6)
Polygon:
(0,0)(13,0)(13,17)(0,17)
Polygon:
(0,0)(3,0)(3,13)(0,13)
Polygon:
(0,0)(25,0)(25,11)(10,11)(10,22)(2,22)(2,9)(0,9)
Polygon:
(0,0)(18,0)(18,17)(0,17)
Polygon:
(0,0)(30,0)(30,16)(15,16)(15,21)(4,21)(4,7)(0,7)
Polygon:
(0,0)(10,0)(10,14)(0,14)
Polygon:
(0,0)(21,0)(21,2)(19,2)(19,14)(14,14)(14,12)(0,12)
Polygon:
(0,0)(40,0)(40,12)(26,12)(26,28)(15,28)(15,15)(0,15)
Polygon:
(0,0)(7,0)(7,18)(0,18)
Polygon:
(0,0)(5,0)(5,7)(0,7)
Polygon:
(0,0)(17,0)(17,4)(0,4)
Polygon:
(0,0)(9,0)(9,1)(0,1)
Polygon:
(0,0)(15,0)(15,15)(0,15)
Polygon:
(0,0)(26,0)(26,24)(21,24)(21,27)(15,27)(15,9)(0,9)
Polygon:
(0,0)(8,0)(8,13)(0,13)
Polygon:
(0,0)(8,0)(8,10)(0,10)
Polygon:
(0,0)(3,0)(3,6)(0,6)
Polygon:
(0,0)(22,0)(22,1)(15,1)(15,9)(0,9)
Polygon:
(0,0)(33,0)(33,16)(26,16)(26,18)(18,18)(18,17)(0,17)
Polygon:
(0,0)(24,0)(24,3)(15,3)(15,17)(13,17)(13,1)(0,1)
Polygon:
(0,0)(28,0)(28,15)(20,15)(20,16)(10,16)(10,3)(0,3)
Polygon:
(0,0)(19,0)(19,14)(16,14)(16,16)(0,16)
Polygon:
(0,0)(37,0)(37,19)(20,19)(20,24)(13,24)(13,18)(0,18)
Polygon:
(0,0)(28,0)(28,16)(18,16)(18,26)(0,26)
Polygon:
(0,0)(42,0)(42,13)(24,13)(24,24)(8,24)(8,7)(0,7)
Polygon:
(0,0)(2,0)(2,4)(0,4)
Polygon:
(0,0)(14,0)(14,11)(0,11)
Polygon:
(0,0)(1,0)(1,1)(0,1)
Polygon:
(0,0)(20,0)(20,14)(15,14)(15,27)(0,27)
Polygon:
(0,0)(19,0)(19,16)(7,16)(7,34)(0,34)
Polygon:
(0,0)(18,0)(18,8)(17,8)(17,19)(9,19)(9,13)(0,13)
Polygon:
(0,0)(10,0)(10,12)(2,12)(2,14)(0,14)
Polygon:
(0,0)(19,0)(19,3)(12,3)(12,13)(0,13)
Polygon:
(0,0)(14,0)(14,9)(0,9)
Polygon:
(0,0)(16,0)(16,17)(9,17)(9,25)(0,25)
Polygon:
(0,0)(7,0)(7,14)(0,14)
Polygon:
(0,0)(26,0)(26,4)(14,4)(14,6)(0,6)
Polygon:
(0,0)(19,0)(19,9)(10,9)(10,11)(0,11)
Polygon:
(0,0)(8,0)(8,10)(0,10)
Polygon:
(0,0)(1,0)(1,11)(0,11)
Polygon:
(0,0)(5,0)(5,15)(0,15)
Polygon:
(0,0)(8,0)(8,13)(0,13)
Polygon:
(0,0)(26,0)(26,14)(16,14)(16,17)(9,17)(9,2)(0,2)
Polygon:
(0,0)(6,0)(6,6)(0,6)
Polygon:
(0,0)(6,0)(6,16)(1,16)(1,22)(0,22)
Polygon:
(0,0)(5,0)(5,15)(0,15)
Polygon:
(0,0)(14,0)(14,2)(0,2)
Polygon:
(0,0)(23,0)(23,7)(16,7)(16,14)(0,14)
Polygon:
(0,0)(11,0)(11,13)(2,13)(2,23)(0,23)
Polygon:
(0,0)(11,0)(11,13)(0,13)
Polygon:
(0,0)(35,0)(35,12)(29,12)(29,15)(17,15)(17,11)(0,11)
Polygon:
(0,0)(10,0)(10,4)(0,4)
Polygon:
(0,0)(17,0)(17,3)(0,3)
Polygon:
(0,0)(28,0)(28,11)(17,11)(17,24)(15,24)(15,6)(0,6)
Polygon:
(0,0)(13,0)(13,7)(0,7)
Polygon:
(0,0)(11,0)(11,1)(0,1)
Polygon:
(0,0)(5,0)(5,11)(0,11)
Polygon:
(0,0)(12,0)(12,3)(0,3)
Polygon:
(0,0)(1,0)(1,16)(0,16)
Polygon:
(0,0)(13,0)(13,9)(0,9)
Polygon:
(0,0)(29,0)(29,5)(24,5)(24,6)(8,6)(8,4)(0,4)
Polygon:
(0,0)(10,0)(10,14)(0,14)
Polygon:
(0,0)(22,0)(22,7)(20,7)(20,22)(15,22)(15,5)(0,5)
Polygon:
(0,0)(16,0)(16,14)(7,14)(7,24)(0,24)
Polygon:
(0,0)(2,0)(2,3)(0,3)
Polygon:
(0,0)(8,0)(8,12)(0,12)
Polygon:
(0,0)(30,0)(30,2)(19,2)(19,14)(15,14)(15,7)(0,7)
Polygon:
(0,0)(30,0)(30,10)(18,10)(18,16)(0,16)
Polygon:
(0,0)(8,0)(8,11)(0,11)
Polygon:
(0,0)(4,0)(4,1)(1,1)(1,17)(0,17)
Polygon:
(0,0)(33,0)(33,22)(23,22)(23,23)(7,23)(7,14)(0,14)
Polygon:
(0,0)(12,0)(12,16)(0,16)
Polygon:
(0,0)(20,0)(20,14)(4,14)(4,22)(0,22)
Polygon:
(0,0)(4,0)(4,2)(0,2)
Polygon:
(0,0)(17,0)(17,4)(5,4)(5,13)(0,13)
Polygon:
(0,0)(23,0)(23,7)(11,7)(11,8)(0,8)
Polygon:
(0,0)(10,0)(10,17)(0,17)
Polygon:
(0,0)(7,0)(7,8)(0,8)
Polygon:
(0,0)(12,0)(12,17)(1,17)(1,35)(0,35)
Polygon:
(0,0)(22,0)(22,11)(8,11)(8,20)(5,20)(5,16)(0,16)
Polygon:
(0,0)(26,0)(26,15)(17,15)(17,16)(2,16)(2,9)(0,9)
Polygon:
(0,0)(10,0)(10,16)(0,16)
Polygon:
(0,0)(21,0)(21,4)(3,4)(3,6)(0,6)
Polygon:
(0,0)(23,0)(23,9)(12,9)(12,27)(3,27)(3,13)(0,13)
Polygon:
(0,0)(16,0)(16,5)(0,5)
Polygon:
(0,0)(5,0)(5,2)(0,2)
Polygon:
(0,0)(7,0)(7,13)(0,13)
Polygon:
(0,0)(1,0)(1,10)(0,10)
Polygon:
(0,0)(16,0)(16,4)(10,4)(10,11)(1,11)(1,5)(0,5)
Polygon:
(0,0)(4,0)(4,15)(0,15)
Polygon:
(0,0)(31,0)(31,16)(13,16)(13,31)(0,31)
Polygon:
(0,0)(9,0)(9,1)(0,1)
Polygon:
(0,0)(20,0)(20,6)(15,6)(15,8)(6,8)(6,3)(0,3)
Polygon:
(0,0)(2,0)(2,6)(0,6)
Polygon:
(0,0)(6,0)(6,12)(0,12)
Polygon:
(0,0)(7,0)(7,10)(0,10)
Polygon:
(0,0)(20,0)(20,1)(12,1)(12,14)(0,14)
Polygon:
(0,0)(25,0)(25,2)(7,2)(7,16)(0,16)
Polygon:
(0,0)(16,0)(16,16)(0,16)
Polygon:
(0,0)(21,0)(21,6)(16,6)(16,21)(0,21)
Polygon:
(0,0)(14,0)(14,11)(0,11)
Polygon:
(0,0)(18,0)(18,1)(5,1)(5,17)(0,17)
Polygon:
(0,0)(11,0)(11,12)(0,12)
Polygon:
(0,0)(24,0)(24,12)(11,12)(11,14)(0,14)
Polygon:
(0,0)(18,0)(18,16)(0,16)
Polygon:
(0,0)(4,0)(4,8)(0,8)
Polygon:
(0,0)(6,0)(6,1)(0,1)
Polygon:
(0,0)(8,0)(8,14)(0,14)
Polygon:
(0,0)(37,0)(37,8)(23,8)(23,17)(17,17)(17,13)(0,13)
Polygon:
(0,0)(6,0)(6,12)(0,12)
Polygon:
(0,0)(9,0)(9,8)(0,8)
Polygon:
(0,0)(21,0)(21,12)(14,12)(14,29)(0,29)
Polygon:
(0,0)(10,0)(10,2)(0,2)
Polygon:
(0,0)(12,0)(12,1)(0,1)
Polygon:
(0,0)(21,0)(21,12)(19,12)(19,20)(7,20)(7,9)(0,9)
Polygon:
(0,0)(29,0)(29,12)(16,12)(16,24)(0,24)
Polygon:
(0,0)(33,0)(33,5)(26,5)(26,12)(9,12)(9,8)(0,8)
Polygon:
(0,0)(9,0)(9,7)(1,7)(1,15)(0,15)
Polygon:
(0,0)(16,0)(16,16)(0,16)
Polygon:
(0,0)(5,0)(5,8)(0,8)
Polygon:
(0,0)(6,0)(6,14)(5,14)(5,15)(1,15)(1,10)(0,10)
Polygon:
(0,0)(12,0)(12,16)(0,16)
Polygon:
(0,0)(5,0)(5,6)(0,6)
Polygon:
(0,0)(21,0)(21,18)(5,18)(5,27)(0,27)
Polygon:
(0,0)(13,0)(13,9)(0,9)
Polygon:
(0,0)(42,0)(42,11)(24,11)(24,26)(18,26)(18,12)(0,12)
Polygon:
(0,0)(30,0)(30,25)(13,25)(13,26)(12,26)(12,10)(0,10)
Polygon:
(0,0)(16,0)(16,5)(0,5)
Polygon:
(0,0)(12,0)(12,9)(0,9)
Polygon:
(0,0)(6,0)(6,3)(0,3)
Polygon:
(0,0)(22,0)(22,6)(18,6)(18,21)(0,21)
Polygon:
(0,0)(20,0)(20,17)(16,17)(16,30)(1,30)(1,18)(0,18)
Polygon:
(0,0)(4,0)(4,13)(0,13)
Polygon:
(0,0)(12,0)(12,2)(0,2)
Polygon:
(0,0)(28,0)(28,5)(11,5)(11,19)(0,19)
Polygon:
(0,0)(6,0)(6,14)(0,14)
Polygon:
(0,0)(27,0)(27,22)(15,22)(15,23)(10,23)(10,8)(0,8)
Polygon:
(0,0)(9,0)(9,5)(0,5)
Polygon:
(0,0)(1,0)(1,2)(0,2)
Polygon:
(0,0)(27,0)(27,17)(15,17)(15,25)(0,25)
Polygon:
(0,0)(11,0)(11,6)(0,6)
Polygon:
(0,0)(20,0)(20,18)(12,18)(12,29)(0,29)
Polygon:
(0,0)(18,0)(18,11)(17,11)(17,16)(12,16)(12,4)(0,4)
Polygon:
(0,0)(10,0)(10,15)(0,15)
Polygon:
(0,0)(21,0)(21,5)(18,5)(18,16)(2,16)(2,5)(0,5)
Polygon:
(0,0)(12,0)(12,5)(0,5)
Polygon:
(0,0)(18,0)(18,7)(0,7)
Polygon:
(0,0)(21,0)(21,17)(18,17)(18,34)(0,34)
Polygon:
(0,0)(24,0)(24,4)(13,4)(13,18)(3,18)(3,4)(0,4)
Polygon:
(0,0)(21,0)(21,15)(3,15)(3,17)(0,17)
