Polygon:
(0,0)(21,0)(21,20)(19,20)(19,3)(12,3)(12,17)(0,17)
Polygon:
(0,0)(22,0)(22,7)(6,7)(6,5)(3,5)(3,14)(0,14)
Polygon:
(0,0)(34,0)(34,23)(18,23)(18,6)(14,6)(14,9)(0,9)
Polygon:
(0,0)(44,0)(44,14)(27,14)(27,4)(14,4)(14,10)(0,10)
Polygon:
(0,0)(32,0)(32,17)(22,17)(22,5)(6,5)(6,18)(0,18)
Polygon:
(0,0)(29,0)(29,17)(11,17)(11,12)(7,12)(7,17)(0,17)
Polygon:
(0,0)(40,0)(40,20)(26,20)(26,8)(8,8)(8,10)(0,10)
Polygon:
(0,0)(37,0)(37,29)(28,29)(28,11)(14,11)(14,12)(0,12)
Polygon:
(0,0)(17,0)(17,17)(13,17)(13,4)(10,4)(10,11)(0,11)
Polygon:
(0,0)(46,0)(46,17)(29,17)(29,14)(13,14)(13,17)(0,17)
Polygon:
(0,0)(20,0)(20,17)(13,17)(13,7)(10,7)(10,14)(0,14)
Polygon:
(0,0)(19,0)(19,10)(18,10)(18,5)(7,5)(7,17)(0,17)
Polygon:
(0,0)(40,0)(40,6)(24,6)(24,3)(7,3)(7,18)(0,18)
Polygon:
(0,0)(22,0)(22,16)(12,16)(12,2)(6,2)(6,5)(0,5)
Polygon:
(0,0)(17,0)(17,20)(15,20)(15,11)(11,11)(11,17)(0,17)
Polygon:
(0,0)(38,0)(38,24)(25,24)(25,6)(13,6)(13,13)(0,13)
Polygon:
(0,0)(36,0)(36,12)(18,12)(18,9)(8,9)(8,17)(0,17)
Polygon:
(0,0)(39,0)(39,24)(30,24)(30,6)(17,6)(17,17)(0,17)
Polygon:
(0,0)(43,0)(43,19)(28,19)(28,7)(10,7)(10,16)(0,16)
Polygon:
(0,0)(46,0)(46,12)(28,12)(28,4)(15,4)(15,7)(0,7)
Polygon:
(0,0)(38,0)(38,17)(23,17)(23,10)(8,10)(8,11)(0,11)
Polygon:
(0,0)(36,0)(36,33)(18,33)(18,15)(10,15)(10,16)(0,16)
Polygon:
(0,0)(33,0)(33,19)(15,19)(15,5)(4,5)(4,18)(0,18)
Polygon:
(0,0)(28,0)(28,8)(22,8)(22,7)(11,7)(11,10)(0,10)
Polygon:
(0,0)(27,0)(27,10)(15,10)(15,8)(9,8)(9,18)(0,18)
Polygon:
(0,0)(23,0)(23,8)(10,8)(10,5)(8,5)(8,16)(0,16)
Polygon:
(0,0)(36,0)(36,10)(24,10)(24,5)(16,5)(16,14)(0,14)
Polygon:
(0,0)(30,0)(30,22)(19,22)(19,4)(13,4)(13,7)(0,7)
Polygon:
(0,0)(25,0)(25,13)(21,13)(21,1)(4,1)(4,18)(0,18)
Polygon:
(0,0)(42,0)(42,13)(32,13)(32,5)(18,5)(18,15)(0,15)
Polygon:
(0,0)(20,0)(20,13)(18,13)(18,4)(17,4)(17,6)(0,6)
Polygon:
(0,0)(32,0)(32,25)(17,25)(17,16)(4,16)(4,18)(0,18)
Polygon:
(0,0)(17,0)(17,6)(12,6)(12,5)(3,5)(3,9)(0,9)
Polygon:
(0,0)(39,0)(39,19)(30,19)(30,12)(16,12)(16,16)(0,16)
Polygon:
(0,0)(22,0)(22,7)(9,7)(9,2)(6,2)(6,3)(0,3)
Polygon:
(0,0)(21,0)(21,16)(14,16)(14,3)(12,3)(12,5)(0,5)
Polygon:
(0,0)(22,0)(22,15)(14,15)(14,9)(7,9)(7,10)(0,10)
Polygon:
(0,0)(44,0)(44,9)(32,9)(32,2)(16,2)(16,9)(0,9)
Polygon:
(0,0)(30,0)(30,6)(27,6)(27,4)(12,4)(12,17)(0,17)
Polygon:
(0,0)(27,0)(27,9)(19,9)(19,8)(9,8)(9,9)(0,9)
Polygon:
(0,0)(32,0)(32,22)(20,22)(20,7)(6,7)(6,8)(0,8)
Polygon:
(0,0)(24,0)(24,10)(22,10)(22,1)(16,1)(16,12)(0,12)
Polygon:
(0,0)(30,0)(30,16)(20,16)(20,3)(9,3)(9,4)(0,4)
Polygon:
(0,0)(42,0)(42,20)(34,20)(34,3)(16,3)(16,6)(0,6)
Polygon:
(0,0)(19,0)(19,18)(10,18)(10,3)(8,3)(8,18)(0,18)
Polygon:
(0,0)(34,0)(34,13)(20,13)(20,9)(9,9)(9,17)(0,17)
Polygon:
(0,0)(14,0)(14,10)(9,10)(9,2)(8,2)(8,10)(0,10)
Polygon:
(0,0)(29,0)(29,19)(20,19)(20,12)(6,12)(6,13)(0,13)
Polygon:
(0,0)(25,0)(25,10)(22,10)(22,4)(10,4)(10,13)(0,13)
Polygon:
(0,0)(34,0)(34,15)(21,15)(21,10)(3,10)(3,14)(0,14)
Polygon:
(0,0)(28,0)(28,5)(19,5)(19,1)(6,1)(6,6)(0,6)
Polygon:
(0,0)(19,0)(19,13)(17,13)(17,11)(4,11)(4,18)(0,18)
Polygon:
(0,0)(24,0)(24,17)(10,17)(10,8)(4,8)(4,10)(0,10)
Polygon:
(0,0)(34,0)(34,19)(22,19)(22,2)(8,2)(8,9)(0,9)
Polygon:
(0,0)(22,0)(22,10)(10,10)(10,2)(7,2)(7,15)(0,15)
Polygon:
(0,0)(34,0)(34,33)(31,33)(31,17)(14,17)(14,18)(0,18)
Polygon:
(0,0)(30,0)(30,29)(21,29)(21,11)(7,11)(7,18)(0,18)
Polygon:
(0,0)(17,0)(17,28)(8,28)(8,12)(7,12)(7,17)(0,17)
Polygon:
(0,0)(17,0)(17,9)(11,9)(11,3)(1,3)(1,12)(0,12)
Polygon:
(0,0)(24,0)(24,27)(12,27)(12,9)(9,9)(9,18)(0,18)
Polygon:
(0,0)(18,0)(18,11)(3,11)(3,1)(1,1)(1,11)(0,11)
Polygon:
(0,0)(31,0)(31,10)(20,10)(20,9)(10,9)(10,13)(0,13)
Polygon:
(0,0)(45,0)(45,8)(27,8)(27,5)(16,5)(16,18)(0,18)
Polygon:
(0,0)(22,0)(22,13)(18,13)(18,1)(14,1)(14,9)(0,9)
Polygon:
(0,0)(28,0)(28,3)(13,3)(13,2)(1,2)(1,12)(0,12)
Polygon:
(0,0)(39,0)(39,20)(31,20)(31,5)(14,5)(14,18)(0,18)
Polygon:
(0,0)(42,0)(42,30)(25,30)(25,16)(12,16)(12,17)(0,17)
Polygon:
(0,0)(43,0)(43,12)(29,12)(29,8)(15,8)(15,10)(0,10)
Polygon:
(0,0)(45,0)(45,20)(31,20)(31,10)(13,10)(13,16)(0,16)
Polygon:
(0,0)(33,0)(33,15)(25,15)(25,5)(7,5)(7,9)(0,9)
Polygon:
(0,0)(32,0)(32,8)(23,8)(23,2)(15,2)(15,4)(0,4)
Polygon:
(0,0)(37,0)(37,18)(23,18)(23,7)(5,7)(5,15)(0,15)
Polygon:
(0,0)(20,0)(20,23)(19,23)(19,7)(10,7)(10,16)(0,16)
Polygon:
(0,0)(43,0)(43,19)(31,19)(31,3)(18,3)(18,6)(0,6)
Polygon:
(0,0)(20,0)(20,7)(18,7)(18,4)(3,4)(3,12)(0,12)
Polygon:
(0,0)(25,0)(25,10)(16,10)(16,1)(10,1)(10,2)(0,2)
Polygon:
(0,0)(28,0)(28,16)(22,16)(22,9)(18,9)(18,20)(0,20)
Polygon:
(0,0)(23,0)(23,7)(12,7)(12,2)(8,2)(8,13)(0,13)
Polygon:
(0,0)(25,0)(25,4)(9,4)(9,2)(1,2)(1,7)(0,7)
Polygon:
(0,0)(45,0)(45,6)(29,6)(29,3)(13,3)(13,17)(0,17)
Polygon:
(0,0)(27,0)(27,11)(19,11)(19,10)(10,10)(10,11)(0,11)
Polygon:
(0,0)(16,0)(16,23)(13,23)(13,11)(11,11)(11,18)(0,18)
Polygon:
(0,0)(46,0)(46,16)(28,16)(28,1)(12,1)(12,18)(0,18)
Polygon:
(0,0)(18,0)(18,8)(14,8)(14,6)(5,6)(5,8)(0,8)
Polygon:
(0,0)(25,0)(25,27)(22,27)(22,9)(14,9)(14,10)(0,10)
Polygon:
(0,0)(34,0)(34,20)(23,20)(23,4)(7,4)(7,5)(0,5)
Polygon:
(0,0)(31,0)(31,19)(20,19)(20,6)(15,6)(15,16)(0,16)
Polygon:
(0,0)(16,0)(16,15)(7,15)(7,13)(5,13)(5,18)(0,18)
Polygon:
(0,0)(43,0)(43,11)(30,11)(30,2)(15,2)(15,8)(0,8)
Polygon:
(0,0)(34,0)(34,16)(28,16)(28,1)(13,1)(13,2)(0,2)
Polygon:
(0,0)(30,0)(30,17)(21,17)(21,4)(13,4)(13,5)(0,5)
Polygon:
(0,0)(19,0)(19,8)(12,8)(12,4)(10,4)(10,11)(0,11)
Polygon:
(0,0)(49,0)(49,13)(31,13)(31,5)(17,5)(17,7)(0,7)
Polygon:
(0,0)(38,0)(38,11)(20,11)(20,9)(9,9)(9,10)(0,10)
Polygon:
(0,0)(41,0)(41,22)(24,22)(24,7)(11,7)(11,16)(0,16)
Polygon:
(0,0)(34,0)(34,30)(30,30)(30,16)(14,16)(14,17)(0,17)
Polygon:
(0,0)(44,0)(44,21)(29,21)(29,5)(12,5)(12,11)(0,11)
Polygon:
(0,0)(21,0)(21,29)(9,29)(9,14)(2,14)(2,27)(0,27)
Polygon:
(0,0)(15,0)(15,25)(14,25)(14,9)(5,9)(5,12)(0,12)
Polygon:
(0,0)(29,0)(29,18)(24,18)(24,8)(11,8)(11,9)(0,9)
Polygon:
(0,0)(32,0)(32,19)(28,19)(28,8)(10,8)(10,11)(0,11)
Polygon:
(0,0)(30,0)(30,10)(18,10)(18,5)(4,5)(4,8)(0,8)
Polygon:
(0,0)(38,0)(38,16)(30,16)(30,10)(13,10)(13,14)(0,14)
Polygon:
(0,0)(30,0)(30,12)(17,12)(17,1)(12,1)(12,18)(0,18)
Polygon:
(0,0)(24,0)(24,13)(17,13)(17,1)(12,1)(12,11)(0,11)
Polygon:
(0,0)(25,0)(25,20)(17,20)(17,12)(15,12)(15,13)(0,13)
Polygon:
(0,0)(21,0)(21,21)(9,21)(9,11)(1,11)(1,18)(0,18)
Polygon:
(0,0)(29,0)(29,12)(20,12)(20,2)(18,2)(18,13)(0,13)
Polygon:
(0,0)(28,0)(28,24)(21,24)(21,6)(15,6)(15,18)(0,18)
Polygon:
(0,0)(13,0)(13,10)(10,10)(10,1)(5,1)(5,11)(0,11)
Polygon:
(0,0)(13,0)(13,7)(10,7)(10,1)(2,1)(2,15)(0,15)
Polygon:
(0,0)(25,0)(25,7)(18,7)(18,3)(8,3)(8,8)(0,8)
Polygon:
(0,0)(45,0)(45,19)(34,19)(34,1)(18,1)(18,9)(0,9)
Polygon:
(0,0)(48,0)(48,24)(32,24)(32,16)(15,16)(15,24)(0,24)
Polygon:
(0,0)(15,0)(15,16)(13,16)(13,9)(4,9)(4,12)(0,12)
Polygon:
(0,0)(35,0)(35,11)(23,11)(23,8)(12,8)(12,17)(0,17)
Polygon:
(0,0)(34,0)(34,20)(31,20)(31,11)(16,11)(16,18)(0,18)
Polygon:
(0,0)(25,0)(25,16)(16,16)(16,8)(8,8)(8,15)(0,15)
Polygon:
(0,0)(30,0)(30,11)(18,11)(18,7)(4,7)(4,16)(0,16)
Polygon:
(0,0)(23,0)(23,21)(13,21)(13,14)(9,14)(9,16)(0,16)
Polygon:
(0,0)(44,0)(44,17)(29,17)(29,1)(18,1)(18,10)(0,10)
Polygon:
(0,0)(28,0)(28,17)(18,17)(18,8)(15,8)(15,14)(0,14)
Polygon:
(0,0)(33,0)(33,27)(22,27)(22,9)(18,9)(18,17)(0,17)
Polygon:
(0,0)(9,0)(9,13)(5,13)(5,2)(4,2)(4,17)(0,17)
Polygon:
(0,0)(32,0)(32,19)(19,19)(19,8)(16,8)(16,16)(0,16)
Polygon:
(0,0)(35,0)(35,27)(34,27)(34,9)(17,9)(17,14)(0,14)
Polygon:
(0,0)(30,0)(30,12)(12,12)(12,2)(3,2)(3,14)(0,14)
Polygon:
(0,0)(41,0)(41,18)(28,18)(28,4)(18,4)(18,16)(0,16)
Polygon:
(0,0)(35,0)(35,19)(18,19)(18,12)(3,12)(3,13)(0,13)
Polygon:
(0,0)(25,0)(25,13)(16,13)(16,1)(11,1)(11,5)(0,5)
Polygon:
(0,0)(28,0)(28,19)(23,19)(23,2)(5,2)(5,13)(0,13)
Polygon:
(0,0)(23,0)(23,23)(17,23)(17,7)(5,7)(5,18)(0,18)
Polygon:
(0,0)(27,0)(27,16)(22,16)(22,3)(11,3)(11,15)(0,15)
Polygon:
(0,0)(13,0)(13,8)(9,8)(9,3)(4,3)(4,11)(0,11)
Polygon:
(0,0)(34,0)(34,23)(20,23)(20,8)(2,8)(2,10)(0,10)
Polygon:
(0,0)(26,0)(26,18)(23,18)(23,1)(6,1)(6,8)(0,8)
Polygon:
(0,0)(34,0)(34,7)(19,7)(19,6)(8,6)(8,7)(0,7)
Polygon:
(0,0)(31,0)(31,16)(21,16)(21,7)(17,7)(17,15)(0,15)
Polygon:
(0,0)(15,0)(15,33)(10,33)(10,15)(8,15)(8,18)(0,18)
Polygon:
(0,0)(21,0)(21,23)(8,23)(8,8)(5,8)(5,14)(0,14)
Polygon:
(0,0)(33,0)(33,21)(15,21)(15,7)(1,7)(1,12)(0,12)
Polygon:
(0,0)(26,0)(26,25)(20,25)(20,11)(9,11)(9,14)(0,14)
Polygon:
(0,0)(10,0)(10,33)(6,33)(6,18)(4,18)(4,28)(0,28)
Polygon:
(0,0)(47,0)(47,20)(31,20)(31,4)(15,4)(15,14)(0,14)
Polygon:
(0,0)(49,0)(49,10)(32,10)(32,2)(14,2)(14,18)(0,18)
Polygon:
(0,0)(48,0)(48,20)(30,20)(30,6)(17,6)(17,9)(0,9)
Polygon:
(0,0)(16,0)(16,12)(8,12)(8,2)(2,2)(2,11)(0,11)
Polygon:
(0,0)(22,0)(22,11)(11,11)(11,5)(7,5)(7,14)(0,14)
Polygon:
(0,0)(27,0)(27,6)(9,6)(9,2)(2,2)(2,4)(0,4)
Polygon:
(0,0)(41,0)(41,12)(31,12)(31,10)(15,10)(15,13)(0,13)
Polygon:
(0,0)(31,0)(31,28)(19,28)(19,11)(7,11)(7,12)(0,12)
Polygon:
(0,0)(27,0)(27,16)(13,16)(13,4)(11,4)(11,17)(0,17)
Polygon:
(0,0)(17,0)(17,23)(12,23)(12,16)(3,16)(3,18)(0,18)
Polygon:
(0,0)(43,0)(43,6)(27,6)(27,4)(14,4)(14,13)(0,13)
Polygon:
(0,0)(27,0)(27,6)(18,6)(18,4)(2,4)(2,17)(0,17)
Polygon:
(0,0)(37,0)(37,17)(27,17)(27,5)(18,5)(18,14)(0,14)
Polygon:
(0,0)(40,0)(40,13)(25,13)(25,12)(18,12)(18,13)(0,13)
Polygon:
(0,0)(25,0)(25,24)(10,24)(10,7)(1,7)(1,12)(0,12)
Polygon:
(0,0)(35,0)(35,11)(18,11)(18,3)(14,3)(14,13)(0,13)
Polygon:
(0,0)(47,0)(47,6)(29,6)(29,4)(17,4)(17,11)(0,11)
Polygon:
(0,0)(35,0)(35,21)(22,21)(22,13)(5,13)(5,14)(0,14)
Polygon:
(0,0)(7,0)(7,16)(3,16)(3,4)(2,4)(2,18)(0,18)
Polygon:
(0,0)(27,0)(27,18)(18,18)(18,10)(5,10)(5,14)(0,14)
Polygon:
(0,0)(16,0)(16,11)(9,11)(9,1)(2,1)(2,16)(0,16)
Polygon:
(0,0)(35,0)(35,20)(18,20)(18,3)(2,3)(2,11)(0,11)
Polygon:
(0,0)(19,0)(19,21)(11,21)(11,4)(6,4)(6,14)(0,14)
Polygon:
(0,0)(36,0)(36,26)(28,26)(28,12)(12,12)(12,18)(0,18)
Polygon:
(0,0)(28,0)(28,27)(15,27)(15,9)(4,9)(4,11)(0,11)
Polygon:
(0,0)(27,0)(27,8)(12,8)(12,2)(7,2)(7,17)(0,17)
Polygon:
(0,0)(18,0)(18,9)(9,9)(9,3)(8,3)(8,14)(0,14)
Polygon:
(0,0)(23,0)(23,24)(17,24)(17,11)(5,11)(5,15)(0,15)
Polygon:
(0,0)(22,0)(22,4)(8,4)(8,2)(3,2)(3,3)(0,3)
Polygon:
(0,0)(27,0)(27,12)(21,12)(21,6)(18,6)(18,11)(0,11)
Polygon:
(0,0)(25,0)(25,23)(17,23)(17,16)(7,16)(7,18)(0,18)
Polygon:
(0,0)(20,0)(20,12)(15,12)(15,6)(2,6)(2,7)(0,7)
Polygon:
(0,0)(25,0)(25,9)(20,9)(20,6)(7,6)(7,11)(0,11)
Polygon:
(0,0)(36,0)(36,12)(23,12)(23,9)(12,9)(12,10)(0,10)
Polygon:
(0,0)(42,0)(42,20)(29,20)(29,7)(18,7)(18,14)(0,14)
Polygon:
(0,0)(21,0)(21,18)(11,18)(11,15)(8,15)(8,17)(0,17)
Polygon:
(0,0)(31,0)(31,29)(16,29)(16,16)(2,16)(2,18)(0,18)
Polygon:
(0,0)(46,0)(46,5)(30,5)(30,2)(17,2)(17,3)(0,3)
Polygon:
(0,0)(8,0)(8,19)(5,19)(5,3)(4,3)(4,9)(0,9)
Polygon:
(0,0)(28,0)(28,13)(16,13)(16,1)(13,1)(13,2)(0,2)
Polygon:
(0,0)(33,0)(33,12)(29,12)(29,3)(12,3)(12,11)(0,11)
Polygon:
(0,0)(30,0)(30,16)(18,16)(18,2)(2,2)(2,3)(0,3)
Polygon:
(0,0)(21,0)(21,17)(13,17)(13,1)(7,1)(7,12)(0,12)
Polygon:
(0,0)(35,0)(35,15)(24,15)(24,10)(13,10)(13,16)(0,16)
Polygon:
(0,0)(14,0)(14,19)(9,19)(9,11)(8,11)(8,14)(0,14)
Polygon:
(0,0)(20,0)(20,28)(18,28)(18,12)(14,12)(14,16)(0,16)
Polygon:
(0,0)(31,0)(31,31)(19,31)(19,15)(13,15)(13,16)(0,16)
Polygon:
(0,0)(37,0)(37,7)(32,7)(32,2)(16,2)(16,8)(0,8)
Polygon:
(0,0)(24,0)(24,15)(14,15)(14,1)(11,1)(11,9)(0,9)
Polygon:
(0,0)(21,0)(21,27)(19,27)(19,16)(8,16)(8,20)(0,20)
Polygon:
(0,0)(40,0)(40,17)(22,17)(22,5)(16,5)(16,7)(0,7)
Polygon:
(0,0)(17,0)(17,7)(8,7)(8,3)(1,3)(1,4)(0,4)
Polygon:
(0,0)(16,0)(16,8)(8,8)(8,1)(1,1)(1,16)(0,16)
Polygon:
(0,0)(15,0)(15,11)(11,11)(11,4)(7,4)(7,14)(0,14)
Polygon:
(0,0)(26,0)(26,15)(21,15)(21,5)(11,5)(11,12)(0,12)
Polygon:
(0,0)(36,0)(36,11)(22,11)(22,4)(12,4)(12,13)(0,13)
Polygon:
(0,0)(29,0)(29,9)(15,9)(15,5)(13,5)(13,15)(0,15)
Polygon:
(0,0)(27,0)(27,7)(25,7)(25,1)(9,1)(9,18)(0,18)
Polygon:
(0,0)(28,0)(28,7)(25,7)(25,1)(13,1)(13,8)(0,8)
Polygon:
(0,0)(22,0)(22,17)(19,17)(19,3)(16,3)(16,18)(0,18)
Polygon:
(0,0)(41,0)(41,21)(31,21)(31,16)(14,16)(14,17)(0,17)
Polygon:
(0,0)(16,0)(16,9)(9,9)(9,3)(8,3)(8,14)(0,14)
Polygon:
(0,0)(20,0)(20,17)(10,17)(10,4)(1,4)(1,16)(0,16)
Polygon:
(0,0)(30,0)(30,6)(22,6)(22,4)(4,4)(4,14)(0,14)
Polygon:
(0,0)(24,0)(24,24)(23,24)(23,15)(16,15)(16,18)(0,18)
Polygon:
(0,0)(18,0)(18,15)(11,15)(11,1)(6,1)(6,8)(0,8)
Polygon:
(0,0)(23,0)(23,21)(22,21)(22,4)(4,4)(4,15)(0,15)
Polygon:
(0,0)(24,0)(24,20)(13,20)(13,10)(9,10)(9,11)(0,11)
Polygon:
(0,0)(24,0)(24,10)(22,10)(22,8)(14,8)(14,13)(0,13)
Polygon:
(0,0)(33,0)(33,15)(30,15)(30,2)(12,2)(12,7)(0,7)
Polygon:
(0,0)(38,0)(38,11)(35,11)(35,10)(17,10)(17,16)(0,16)
Polygon:
(0,0)(41,0)(41,19)(23,19)(23,7)(7,7)(7,11)(0,11)
Polygon:
(0,0)(16,0)(16,6)(3,6)(3,2)(2,2)(2,4)(0,4)
Polygon:
(0,0)(19,0)(19,10)(4,10)(4,7)(3,7)(3,15)(0,15)
Polygon:
(0,0)(29,0)(29,10)(22,10)(22,9)(11,9)(11,13)(0,13)
Polygon:
(0,0)(34,0)(34,25)(27,25)(27,9)(9,9)(9,11)(0,11)
Polygon:
(0,0)(30,0)(30,17)(21,17)(21,4)(3,4)(3,13)(0,13)
Polygon:
(0,0)(15,0)(15,21)(14,21)(14,3)(4,3)(4,14)(0,14)
Polygon:
(0,0)(10,0)(10,21)(6,21)(6,5)(4,5)(4,9)(0,9)
Polygon:
(0,0)(16,0)(16,31)(15,31)(15,16)(13,16)(13,18)(0,18)
Polygon:
(0,0)(35,0)(35,28)(28,28)(28,12)(15,12)(15,15)(0,15)
Polygon:
(0,0)(28,0)(28,26)(18,26)(18,9)(12,9)(12,13)(0,13)
Polygon:
(0,0)(28,0)(28,10)(13,10)(13,4)(12,4)(12,7)(0,7)
Polygon:
(0,0)(30,0)(30,31)(23,31)(23,13)(9,13)(9,14)(0,14)
Polygon:
(0,0)(18,0)(18,13)(10,13)(10,8)(8,8)(8,13)(0,13)
Polygon:
(0,0)(25,0)(25,19)(20,19)(20,7)(10,7)(10,13)(0,13)
Polygon:
(0,0)(29,0)(29,18)(13,18)(13,3)(9,3)(9,11)(0,11)
Polygon:
(0,0)(23,0)(23,9)(11,9)(11,5)(5,5)(5,12)(0,12)
Polygon:
(0,0)(32,0)(32,15)(22,15)(22,9)(5,9)(5,15)(0,15)
Polygon:
(0,0)(37,0)(37,24)(31,24)(31,6)(17,6)(17,15)(0,15)
Polygon:
(0,0)(35,0)(35,8)(22,8)(22,2)(18,2)(18,13)(0,13)
Polygon:
(0,0)(8,0)(8,24)(5,24)(5,9)(1,9)(1,16)(0,16)
Polygon:
(0,0)(41,0)(41,25)(25,25)(25,9)(9,9)(9,15)(0,15)
Polygon:
(0,0)(28,0)(28,17)(26,17)(26,7)(13,7)(13,11)(0,11)
Polygon:
(0,0)(24,0)(24,15)(18,15)(18,10)(3,10)(3,12)(0,12)
Polygon:
(0,0)(23,0)(23,24)(22,24)(22,14)(6,14)(6,15)(0,15)
Polygon:
(0,0)(10,0)(10,4)(9,4)(9,1)(6,1)(6,11)(0,11)
Polygon:
(0,0)(16,0)(16,15)(11,15)(11,2)(9,2)(9,15)(0,15)
Polygon:
(0,0)(18,0)(18,18)(12,18)(12,1)(5,1)(5,5)(0,5)
Polygon:
(0,0)(35,0)(35,16)(19,16)(19,13)(12,13)(12,15)(0,15)
Polygon:
(0,0)(19,0)(19,11)(12,11)(12,6)(7,6)(7,14)(0,14)
Polygon:
(0,0)(26,0)(26,19)(21,19)(21,1)(4,1)(4,9)(0,9)
Polygon:
(0,0)(23,0)(23,8)(14,8)(14,5)(7,5)(7,17)(0,17)
Polygon:
(0,0)(35,0)(35,16)(23,16)(23,2)(13,2)(13,3)(0,3)
Polygon:
(0,0)(29,0)(29,23)(22,23)(22,5)(4,5)(4,18)(0,18)
Polygon:
(0,0)(32,0)(32,16)(31,16)(31,7)(13,7)(13,17)(0,17)
Polygon:
(0,0)(31,0)(31,10)(13,10)(13,1)(9,1)(9,2)(0,2)
Polygon:
(0,0)(20,0)(20,18)(18,18)(18,1)(2,1)(2,3)(0,3)
Polygon:
(0,0)(24,0)(24,15)(22,15)(22,8)(10,8)(10,12)(0,12)
Polygon:
(0,0)(35,0)(35,6)(29,6)(29,2)(11,2)(11,14)(0,14)
Polygon:
(0,0)(37,0)(37,25)(24,25)(24,14)(10,14)(10,18)(0,18)
Polygon:
(0,0)(27,0)(27,9)(17,9)(17,4)(2,4)(2,17)(0,17)
Polygon:
(0,0)(35,0)(35,19)(21,19)(21,5)(14,5)(14,10)(0,10)
Polygon:
(0,0)(45,0)(45,19)(27,19)(27,2)(18,2)(18,5)(0,5)
Polygon:
(0,0)(40,0)(40,19)(29,19)(29,5)(11,5)(11,8)(0,8)
Polygon:
(0,0)(9,0)(9,12)(4,12)(4,1)(1,1)(1,8)(0,8)
Polygon:
(0,0)(31,0)(31,29)(30,29)(30,11)(13,11)(13,18)(0,18)
Polygon:
(0,0)(24,0)(24,11)(18,11)(18,4)(2,4)(2,18)(0,18)
Polygon:
(0,0)(20,0)(20,22)(9,22)(9,7)(2,7)(2,16)(0,16)
Polygon:
(0,0)(11,0)(11,9)(3,9)(3,3)(1,3)(1,16)(0,16)
Polygon:
(0,0)(28,0)(28,20)(23,20)(23,5)(9,5)(9,16)(0,16)
Polygon:
(0,0)(25,0)(25,10)(13,10)(13,4)(6,4)(6,16)(0,16)
Polygon:
(0,0)(22,0)(22,20)(10,20)(10,6)(4,6)(4,17)(0,17)
Polygon:
(0,0)(23,0)(23,4)(8,4)(8,1)(3,1)(3,13)(0,13)
Polygon:
(0,0)(12,0)(12,9)(6,9)(6,4)(1,4)(1,12)(0,12)
Polygon:
(0,0)(29,0)(29,12)(22,12)(22,2)(9,2)(9,4)(0,4)
Polygon:
(0,0)(26,0)(26,16)(14,16)(14,11)(8,11)(8,15)(0,15)
Polygon:
(0,0)(23,0)(23,10)(20,10)(20,1)(5,1)(5,2)(0,2)
Polygon:
(0,0)(38,0)(38,21)(33,21)(33,7)(15,7)(15,11)(0,11)
Polygon:
(0,0)(44,0)(44,9)(29,9)(29,7)(18,7)(18,11)(0,11)
Polygon:
(0,0)(46,0)(46,11)(31,11)(31,6)(18,6)(18,9)(0,9)
Polygon:
(0,0)(31,0)(31,6)(29,6)(29,4)(12,4)(12,18)(0,18)
Polygon:
(0,0)(16,0)(16,19)(9,19)(9,4)(4,4)(4,11)(0,11)
Polygon:
(0,0)(30,0)(30,21)(22,21)(22,14)(5,14)(5,27)(0,27)
Polygon:
(0,0)(26,0)(26,16)(10,16)(10,5)(5,5)(5,9)(0,9)
Polygon:
(0,0)(31,0)(31,9)(19,9)(19,8)(4,8)(4,16)(0,16)
Polygon:
(0,0)(29,0)(29,7)(14,7)(14,5)(11,5)(11,14)(0,14)
Polygon:
(0,0)(47,0)(47,26)(31,26)(31,9)(15,9)(15,16)(0,16)
Polygon:
(0,0)(40,0)(40,14)(28,14)(28,4)(14,4)(14,15)(0,15)
Polygon:
(0,0)(22,0)(22,21)(21,21)(21,11)(15,11)(15,12)(0,12)
Polygon:
(0,0)(23,0)(23,29)(18,29)(18,13)(15,13)(15,14)(0,14)
Polygon:
(0,0)(26,0)(26,22)(16,22)(16,5)(13,5)(13,10)(0,10)
Polygon:
(0,0)(37,0)(37,13)(21,13)(21,3)(11,3)(11,5)(0,5)
Polygon:
(0,0)(31,0)(31,21)(28,21)(28,10)(13,10)(13,16)(0,16)
Polygon:
(0,0)(36,0)(36,30)(30,30)(30,16)(18,16)(18,17)(0,17)
Polygon:
(0,0)(24,0)(24,22)(8,22)(8,6)(4,6)(4,17)(0,17)
Polygon:
(0,0)(22,0)(22,11)(17,11)(17,5)(8,5)(8,14)(0,14)
Polygon:
(0,0)(27,0)(27,25)(11,25)(11,9)(10,9)(10,15)(0,15)
Polygon:
(0,0)(30,0)(30,22)(22,22)(22,6)(10,6)(10,10)(0,10)
Polygon:
(0,0)(18,0)(18,20)(8,20)(8,8)(5,8)(5,17)(0,17)
Polygon:
(0,0)(46,0)(46,27)(35,27)(35,11)(18,11)(18,17)(0,17)
Polygon:
(0,0)(24,0)(24,15)(12,15)(12,13)(4,13)(4,17)(0,17)
Polygon:
(0,0)(41,0)(41,26)(32,26)(32,12)(18,12)(18,17)(0,17)
Polygon:
(0,0)(31,0)(31,13)(29,13)(29,2)(11,2)(11,18)(0,18)
Polygon:
(0,0)(32,0)(32,13)(16,13)(16,2)(10,2)(10,14)(0,14)
Polygon:
(0,0)(40,0)(40,26)(27,26)(27,11)(11,11)(11,17)(0,17)
Polygon:
(0,0)(23,0)(23,10)(16,10)(16,3)(11,3)(11,14)(0,14)
Polygon:
(0,0)(40,0)(40,3)(23,3)(23,2)(10,2)(10,16)(0,16)
Polygon:
(0,0)(41,0)(41,27)(26,27)(26,12)(10,12)(10,18)(0,18)
Polygon:
(0,0)(33,0)(33,16)(18,16)(18,10)(16,10)(16,23)(0,23)
Polygon:
(0,0)(28,0)(28,13)(26,13)(26,4)(14,4)(14,10)(0,10)
Polygon:
(0,0)(23,0)(23,20)(15,20)(15,9)(9,9)(9,16)(0,16)
Polygon:
(0,0)(27,0)(27,9)(22,9)(22,1)(4,1)(4,16)(0,16)
Polygon:
(0,0)(40,0)(40,19)(29,19)(29,12)(12,12)(12,14)(0,14)
Polygon:
(0,0)(9,0)(9,28)(8,28)(8,11)(2,11)(2,13)(0,13)
Polygon:
(0,0)(18,0)(18,8)(9,8)(9,4)(8,4)(8,14)(0,14)
Polygon:
(0,0)(21,0)(21,8)(12,8)(12,1)(4,1)(4,8)(0,8)
Polygon:
(0,0)(24,0)(24,16)(13,16)(13,4)(11,4)(11,6)(0,6)
Polygon:
(0,0)(40,0)(40,22)(22,22)(22,11)(12,11)(12,13)(0,13)
Polygon:
(0,0)(18,0)(18,5)(17,5)(17,2)(16,2)(16,4)(0,4)
Polygon:
(0,0)(53,0)(53,11)(36,11)(36,1)(18,1)(18,12)(0,12)
Polygon:
(0,0)(22,0)(22,15)(9,15)(9,4)(8,4)(8,7)(0,7)
Polygon:
(0,0)(18,0)(18,25)(11,25)(11,10)(8,10)(8,17)(0,17)
Polygon:
(0,0)(46,0)(46,17)(33,17)(33,8)(18,8)(18,15)(0,15)
Polygon:
(0,0)(23,0)(23,21)(15,21)(15,16)(10,16)(10,18)(0,18)
Polygon:
(0,0)(31,0)(31,14)(30,14)(30,4)(14,4)(14,18)(0,18)
Polygon:
(0,0)(18,0)(18,20)(15,20)(15,3)(5,3)(5,17)(0,17)
Polygon:
(0,0)(28,0)(28,9)(24,9)(24,2)(9,2)(9,15)(0,15)
Polygon:
(0,0)(45,0)(45,12)(30,12)(30,8)(17,8)(17,17)(0,17)
Polygon:
(0,0)(40,0)(40,10)(28,10)(28,1)(12,1)(12,12)(0,12)
Polygon:
(0,0)(37,0)(37,6)(27,6)(27,2)(17,2)(17,17)(0,17)
Polygon:
(0,0)(31,0)(31,21)(30,21)(30,3)(18,3)(18,17)(0,17)
Polygon:
(0,0)(32,0)(32,9)(24,9)(24,8)(11,8)(11,17)(0,17)
Polygon:
(0,0)(41,0)(41,14)(24,14)(24,3)(18,3)(18,15)(0,15)
Polygon:
(0,0)(32,0)(32,18)(27,18)(27,11)(15,11)(15,13)(0,13)
Polygon:
(0,0)(44,0)(44,22)(26,22)(26,8)(12,8)(12,10)(0,10)
Polygon:
(0,0)(35,0)(35,24)(26,24)(26,11)(12,11)(12,16)(0,16)
Polygon:
(0,0)(20,0)(20,10)(11,10)(11,1)(6,1)(6,6)(0,6)
Polygon:
(0,0)(29,0)(29,14)(20,14)(20,13)(11,13)(11,14)(0,14)
Polygon:
(0,0)(35,0)(35,24)(17,24)(17,7)(15,7)(15,18)(0,18)
Polygon:
(0,0)(44,0)(44,24)(30,24)(30,9)(15,9)(15,16)(0,16)
Polygon:
(0,0)(36,0)(36,3)(23,3)(23,2)(5,2)(5,12)(0,12)
Polygon:
(0,0)(17,0)(17,6)(15,6)(15,1)(14,1)(14,3)(0,3)
Polygon:
(0,0)(23,0)(23,21)(10,21)(10,3)(3,3)(3,10)(0,10)
Polygon:
(0,0)(18,0)(18,15)(16,15)(16,2)(7,2)(7,5)(0,5)
Polygon:
(0,0)(33,0)(33,26)(19,26)(19,9)(7,9)(7,18)(0,18)
Polygon:
(0,0)(24,0)(24,14)(22,14)(22,7)(9,7)(9,15)(0,15)
Polygon:
(0,0)(33,0)(33,9)(20,9)(20,2)(9,2)(9,5)(0,5)
Polygon:
(0,0)(13,0)(13,22)(3,22)(3,5)(1,5)(1,17)(0,17)
Polygon:
(0,0)(34,0)(34,18)(33,18)(33,1)(16,1)(16,17)(0,17)
Polygon:
(0,0)(28,0)(28,29)(22,29)(22,11)(9,11)(9,18)(0,18)
Polygon:
(0,0)(25,0)(25,24)(23,24)(23,9)(13,9)(13,17)(0,17)
Polygon:
(0,0)(9,0)(9,21)(7,21)(7,10)(5,10)(5,18)(0,18)
Polygon:
(0,0)(45,0)(45,18)(29,18)(29,15)(16,15)(16,16)(0,16)
Polygon:
(0,0)(22,0)(22,19)(17,19)(17,1)(16,1)(16,3)(0,3)
Polygon:
(0,0)(31,0)(31,19)(17,19)(17,13)(11,13)(11,14)(0,14)
Polygon:
(0,0)(19,0)(19,18)(17,18)(17,4)(1,4)(1,17)(0,17)
Polygon:
(0,0)(24,0)(24,19)(20,19)(20,3)(4,3)(4,15)(0,15)
Polygon:
(0,0)(38,0)(38,25)(25,25)(25,10)(15,10)(15,11)(0,11)
Polygon:
(0,0)(33,0)(33,13)(25,13)(25,4)(7,4)(7,6)(0,6)
Polygon:
(0,0)(32,0)(32,13)(14,13)(14,6)(3,6)(3,15)(0,15)
Polygon:
(0,0)(11,0)(11,10)(9,10)(9,6)(6,6)(6,17)(0,17)
Polygon:
(0,0)(26,0)(26,10)(21,10)(21,3)(13,3)(13,6)(0,6)
Polygon:
(0,0)(15,0)(15,10)(10,10)(10,1)(5,1)(5,15)(0,15)
Polygon:
(0,0)(32,0)(32,9)(27,9)(27,2)(12,2)(12,14)(0,14)
Polygon:
(0,0)(7,0)(7,4)(3,4)(3,1)(2,1)(2,17)(0,17)
Polygon:
(0,0)(23,0)(23,29)(18,29)(18,11)(17,11)(17,12)(0,12)
Polygon:
(0,0)(43,0)(43,11)(35,11)(35,12)(17,12)(17,3)(0,3)
Polygon:
(0,0)(3,0)(3,11)(0,11)
Polygon:
(0,0)(19,0)(19,3)(16,3)(16,21)(3,21)(3,10)(0,10)
Polygon:
(0,0)(1,0)(1,6)(0,6)
Polygon:
(0,0)(34,0)(34,6)(19,6)(19,22)(17,22)(17,5)(0,5)
Polygon:
(0,0)(13,0)(13,10)(0,10)
Polygon:
(0,0)(35,0)(35,4)(24,4)(24,18)(17,18)(17,17)(0,17)
Polygon:
(0,0)(18,0)(18,14)(0,14)
Polygon:
(0,0)(27,0)(27,18)(13,18)(13,19)(0,19)
Polygon:
(0,0)(38,0)(38,15)(26,15)(26,16)(15,16)(15,6)(0,6)
Polygon:
(0,0)(13,0)(13,17)(1,17)(1,20)(0,20)
Polygon:
(0,0)(19,0)(19,1)(11,1)(11,12)(0,12)
Polygon:
(0,0)(19,0)(19,23)(12,23)(12,28)(6,28)(6,15)(0,15)
Polygon:
(0,0)(30,0)(30,1)(15,1)(15,17)(0,17)
Polygon:
(0,0)(26,0)(26,17)(11,17)(11,29)(6,29)(6,17)(0,17)
Polygon:
(0,0)(6,0)(6,18)(2,18)(2,20)(0,20)
Polygon:
(0,0)(4,0)(4,7)(0,7)
Polygon:
(0,0)(15,0)(15,3)(0,3)
Polygon:
(0,0)(29,0)(29,10)(11,10)(11,23)(0,23)
Polygon:
(0,0)(27,0)(27,13)(15,13)(15,15)(0,15)
Polygon:
(0,0)(3,0)(3,5)(0,5)
Polygon:
(0,0)(10,0)(10,10)(0,10)
Polygon:
(0,0)(27,0)(27,6)(10,6)(10,9)(0,9)
Polygon:
(0,0)(25,0)(25,12)(14,12)(14,30)(3,30)(3,16)(0,16)
Polygon:
(0,0)(12,0)(12,1)(0,1)
Polygon:
(0,0)(5,0)(5,5)(0,5)
Polygon:
(0,0)(15,0)(15,26)(13,26)(13,31)(5,31)(5,16)(0,16)
Polygon:
(0,0)(11,0)(11,3)(0,3)
Polygon:
(0,0)(30,0)(30,3)(15,3)(15,5)(13,5)(13,1)(0,1)
Polygon:
(0,0)(24,0)(24,18)(16,18)(16,30)(0,30)
Polygon:
(0,0)(31,0)(31,2)(16,2)(16,4)(0,4)
Polygon:
(0,0)(24,0)(24,11)(8,11)(8,28)(0,28)
Polygon:
(0,0)(13,0)(13,6)(0,6)
Polygon:
(0,0)(20,0)(20,16)(18,16)(18,25)(0,25)
Polygon:
(0,0)(22,0)(22,16)(12,16)(12,25)(3,25)(3,7)(0,7)
Polygon:
(0,0)(29,0)(29,12)(16,12)(16,20)(8,20)(8,8)(0,8)
Polygon:
(0,0)(5,0)(5,17)(0,17)
Polygon:
(0,0)(28,0)(28,18)(14,18)(14,34)(0,34)
Polygon:
(0,0)(17,0)(17,6)(1,6)(1,24)(0,24)
Polygon:
(0,0)(12,0)(12,6)(0,6)
Polygon:
(0,0)(17,0)(17,14)(0,14)
Polygon:
(0,0)(42,0)(42,29)(25,29)(25,31)(15,31)(15,15)(0,15)
Polygon:
(0,0)(1,0)(1,13)(0,13)
Polygon:
(0,0)(8,0)(8,5)(0,5)
Polygon:
(0,0)(18,0)(18,16)(0,16)
Polygon:
(0,0)(21,0)(21,3)(9,3)(9,20)(0,20)
Polygon:
(0,0)(35,0)(35,7)(18,7)(18,25)(0,25)
Polygon:
(0,0)(11,0)(11,7)(6,7)(6,20)(0,20)
Polygon:
(0,0)(15,0)(15,6)(11,6)(11,13)(0,13)
Polygon:
(0,0)(8,0)(8,3)(0,3)
Polygon:
(0,0)(29,0)(29,24)(24,24)(24,31)(6,31)(6,17)(0,17)
Polygon:
(0,0)(14,0)(14,12)(0,12)
Polygon:
(0,0)(15,0)(15,4)(0,4)
Polygon:
(0,0)(27,0)(27,5)(16,5)(16,23)(0,23)
Polygon:
(0,0)(24,0)(24,8)(14,8)(14,11)(0,11)
Polygon:
(0,0)(1,0)(1,10)(0,10)
Polygon:
(0,0)(17,0)(17,4)(0,4)
Polygon:
(0,0)(30,0)(30,11)(13,11)(13,20)(0,20)
Polygon:
(0,0)(4,0)(4,7)(0,7)
Polygon:
(0,0)(5,0)(5,12)(0,12)
Polygon:
(0,0)(3,0)(3,10)(0,10)
Polygon:
(0,0)(17,0)(17,3)(0,3)
Polygon:
(0,0)(8,0)(8,10)(0,10)
Polygon:
(0,0)(26,0)(26,12)(11,12)(11,28)(0,28)
Polygon:
(0,0)(35,0)(35,20)(32,20)(32,22)(15,22)(15,5)(0,5)
Polygon:
(0,0)(13,0)(13,11)(0,11)
Polygon:
(0,0)(12,0)(12,1)(0,1)
Polygon:
(0,0)(7,0)(7,18)(0,18)
Polygon:
(0,0)(7,0)(7,2)(0,2)
Polygon:
(0,0)(1,0)(1,8)(0,8)
Polygon:
(0,0)(13,0)(13,3)(0,3)
Polygon:
(0,0)(13,0)(13,16)(0,16)
Polygon:
(0,0)(8,0)(8,14)(0,14)
Polygon:
(0,0)(12,0)(12,1)(5,1)(5,6)(0,6)
Polygon:
(0,0)(29,0)(29,12)(16,12)(16,18)(9,18)(9,5)(0,5)
Polygon:
(0,0)(15,0)(15,15)(5,15)(5,25)(0,25)
Polygon:
(0,0)(11,0)(11,18)(0,18)
Polygon:
(0,0)(17,0)(17,16)(5,16)(5,18)(4,18)(4,8)(0,8)
Polygon:
(0,0)(35,0)(35,6)(28,6)(28,19)(11,19)(11,9)(0,9)
Polygon:
(0,0)(11,0)(11,1)(0,1)
Polygon:
(0,0)(14,0)(14,7)(0,7)
Polygon:
(0,0)(1,0)(1,14)(0,14)
Polygon:
(0,0)(14,0)(14,5)(1,5)(1,19)(0,19)
Polygon:
(0,0)(21,0)(21,6)(16,6)(16,20)(15,20)(15,2)(0,2)
Polygon:
(0,0)(9,0)(9,7)(0,7)
Polygon:
(0,0)(7,0)(7,7)(0,7)
Polygon:
(0,0)(8,0)(8,7)(0,7)
Polygon:
(0,0)(3,0)(3,10)(0,10)
Polygon:
(0,0)(13,0)(13,15)(0,15)
Polygon:
(0,0)(18,0)(18,5)(0,5)
Polygon:
(0,0)(9,0)(9,15)(0,15)
Polygon:
(0,0)(20,0)(20,9)(14,9)(14,26)(0,26)
Polygon:
(0,0)(32,0)(32,2)(29,2)(29,9)(17,9)(17,5)(0,5)
Polygon:
(0,0)(22,0)(22,12)(12,12)(12,17)(0,17)
Polygon:
(0,0)(30,0)(30,14)(14,14)(14,29)(0,29)
Polygon:
(0,0)(35,0)(35,24)(17,24)(17,28)(6,28)(6,12)(0,12)
Polygon:
(0,0)(8,0)(8,4)(0,4)
Polygon:
(0,0)(6,0)(6,18)(0,18)
Polygon:
(0,0)(13,0)(13,18)(4,18)(4,21)(2,21)(2,9)(0,9)
Polygon:
(0,0)(14,0)(14,10)(0,10)
Polygon:
(0,0)(4,0)(4,3)(0,3)
Polygon:
(0,0)(17,0)(17,5)(4,5)(4,14)(0,14)
Polygon:
(0,0)(29,0)(29,1)(16,1)(16,16)(0,16)
Polygon:
(0,0)(24,0)(24,12)(15,12)(15,24)(0,24)
Polygon:
(0,0)(5,0)(5,7)(0,7)
Polygon:
(0,0)(13,0)(13,2)(0,2)
Polygon:
(0,0)(11,0)(11,8)(0,8)
Polygon:
(0,0)(1,0)(1,11)(0,11)
Polygon:
(0,0)(15,0)(15,6)(0,6)
Polygon:
(0,0)(9,0)(9,16)(8,16)(8,20)(0,20)
Polygon:
(0,0)(37,0)(37,15)(25,15)(25,17)(16,17)(16,5)(0,5)
Polygon:
(0,0)(27,0)(27,12)(14,12)(14,28)(0,28)
Polygon:
(0,0)(31,0)(31,19)(19,19)(19,24)(10,24)(10,8)(0,8)
Polygon:
(0,0)(31,0)(31,4)(13,4)(13,8)(0,8)
Polygon:
(0,0)(1,0)(1,14)(0,14)
Polygon:
(0,0)(14,0)(14,11)(12,11)(12,16)(0,16)
Polygon:
(0,0)(16,0)(16,10)(14,10)(14,20)(7,20)(7,13)(0,13)
Polygon:
(0,0)(18,0)(18,8)(9,8)(9,18)(0,18)
Polygon:
(0,0)(20,0)(20,13)(6,13)(6,26)(0,26)
Polygon:
(0,0)(4,0)(4,15)(0,15)
Polygon:
(0,0)(9,0)(9,7)(0,7)
Polygon:
(0,0)(3,0)(3,12)(0,12)
Polygon:
(0,0)(9,0)(9,16)(0,16)
Polygon:
(0,0)(10,0)(10,16)(0,16)
Polygon:
(0,0)(18,0)(18,10)(0,10)
Polygon:
(0,0)(24,0)(24,10)(11,10)(11,21)(0,21)
Polygon:
(0,0)(8,0)(8,1)(5,1)(5,15)(0,15)
Polygon:
(0,0)(9,0)(9,7)(0,7)
Polygon:
(0,0)(16,0)(16,3)(0,3)
Polygon:
(0,0)(19,0)(19,5)(15,5)(15,11)(0,11)
Polygon:
(0,0)(18,0)(18,18)(0,18)
Polygon:
(0,0)(21,0)(21,4)(18,4)(18,9)(0,9)
Polygon:
(0,0)(6,0)(6,1)(0,1)
Polygon:
(0,0)(21,0)(21,6)(12,6)(12,18)(0,18)
Polygon:
(0,0)(7,0)(7,8)(0,8)
Polygon:
(0,0)(3,0)(3,11)(0,11)
Polygon:
(0,0)(28,0)(28,4)(13,4)(13,18)(6,18)(6,9)(0,9)
Polygon:
(0,0)(3,0)(3,15)(0,15)
Polygon:
(0,0)(38,0)(38,10)(33,10)(33,21)(16,21)(16,5)(0,5)
Polygon:
(0,0)(8,0)(8,8)(0,8)
Polygon:
(0,0)(15,0)(15,9)(0,9)
Polygon:
(0,0)(10,0)(10,15)(0,15)
Polygon:
(0,0)(17,0)(17,12)(2,12)(2,28)(0,28)
Polygon:
(0,0)(11,0)(11,3)(3,3)(3,9)(0,9)
Polygon:
(0,0)(7,0)(7,4)(0,4)
Polygon:
(0,0)(22,0)(22,14)(18,14)(18,16)(16,16)(16,2)(0,2)
Polygon:
(0,0)(4,0)(4,10)(1,10)(1,26)(0,26)
Polygon:
(0,0)(16,0)(16,6)(4,6)(4,21)(0,21)
Polygon:
(0,0)(15,0)(15,4)(9,4)(9,6)(0,6)
Polygon:
(0,0)(8,0)(8,6)(0,6)
Polygon:
(0,0)(23,0)(23,1)(15,1)(15,18)(1,18)(1,10)(0,10)
Polygon:
(0,0)(16,0)(16,3)(0,3)
Polygon:
(0,0)(20,0)(20,15)(15,15)(15,20)(0,20)
Polygon:
(0,0)(4,0)(4,7)(0,7)
Polygon:
(0,0)(12,0)(12,14)(0,14)
Polygon:
(0,0)(1,0)(1,5)(0,5)
Polygon:
(0,0)(26,0)(26,16)(11,16)(11,33)(0,33)
Polygon:
(0,0)(6,0)(6,10)(2,10)(2,20)(0,20)
Polygon:
(0,0)(13,0)(13,18)(0,18)
Polygon:
(0,0)(8,0)(8,3)(4,3)(4,6)(0,6)
Polygon:
(0,0)(5,0)(5,14)(3,14)(3,18)(0,18)
Polygon:
(0,0)(11,0)(11,5)(0,5)
Polygon:
(0,0)(36,0)(36,24)(25,24)(25,26)(14,26)(14,10)(0,10)
Polygon:
(0,0)(35,0)(35,22)(24,22)(24,26)(15,26)(15,8)(0,8)
Polygon:
(0,0)(23,0)(23,4)(8,4)(8,11)(0,11)
Polygon:
(0,0)(6,0)(6,11)(0,11)
Polygon:
(0,0)(9,0)(9,14)(0,14)
Polygon:
(0,0)(3,0)(3,9)(1,9)(1,27)(0,27)
Polygon:
(0,0)(17,0)(17,5)(0,5)
Polygon:
(0,0)(18,0)(18,3)(0,3)
Polygon:
(0,0)(15,0)(15,14)(3,14)(3,24)(0,24)
Polygon:
(0,0)(14,0)(14,17)(12,17)(12,22)(0,22)
Polygon:
(0,0)(11,0)(11,14)(0,14)
Polygon:
(0,0)(16,0)(16,17)(11,17)(11,23)(0,23)
Polygon:
(0,0)(29,0)(29,10)(12,10)(12,21)(7,21)(7,10)(0,10)
Polygon:
(0,0)(10,0)(10,12)(4,12)(4,15)(0,15)
Polygon:
(0,0)(30,0)(30,6)(18,6)(18,12)(14,12)(14,5)(0,5)
Polygon:
(0,0)(26,0)(26,9)(11,9)(11,27)(0,27)
Polygon:
(0,0)(20,0)(20,11)(7,11)(7,28)(0,28)
Polygon:
(0,0)(1,0)(1,1)(0,1)
Polygon:
(0,0)(23,0)(23,17)(10,17)(10,23)(0,23)
Polygon:
(0,0)(5,0)(5,4)(0,4)
Polygon:
(0,0)(1,0)(1,1)(0,1)
Polygon:
(0,0)(6,0)(6,4)(3,4)(3,17)(0,17)
Polygon:
(0,0)(28,0)(28,9)(13,9)(13,24)(0,24)
Polygon:
(0,0)(17,0)(17,17)(16,17)(16,27)(10,27)(10,13)(0,13)
Polygon:
(0,0)(7,0)(7,13)(0,13)
Polygon:
(0,0)(38,0)(38,5)(25,5)(25,11)(7,11)(7,1)(0,1)
Polygon:
(0,0)(5,0)(5,11)(0,11)
Polygon:
(0,0)(18,0)(18,6)(16,6)(16,10)(0,10)
Polygon:
(0,0)(16,0)(16,11)(5,11)(5,21)(0,21)
Polygon:
(0,0)(4,0)(4,12)(0,12)
Polygon:
(0,0)(16,0)(16,2)(0,2)
Polygon:
(0,0)(3,0)(3,1)(0,1)
Polygon:
(0,0)(31,0)(31,7)(15,7)(15,19)(0,19)
Polygon:
(0,0)(7,0)(7,18)(0,18)
Polygon:
(0,0)(7,0)(7,3)(5,3)(5,17)(0,17)
Polygon:
(0,0)(19,0)(19,8)(8,8)(8,18)(0,18)
Polygon:
(0,0)(31,0)(31,17)(14,17)(14,19)(3,19)(3,18)(0,18)
Polygon:
(0,0)(11,0)(11,18)(0,18)
Polygon:
(0,0)(4,0)(4,2)(0,2)
Polygon:
(0,0)(31,0)(31,22)(20,22)(20,28)(8,28)(8,11)(0,11)
Polygon:
(0,0)(25,0)(25,7)(16,7)(16,25)(0,25)
Polygon:
(0,0)(22,0)(22,2)(16,2)(16,7)(11,7)(11,3)(0,3)
Polygon:
(0,0)(17,0)(17,5)(10,5)(10,19)(0,19)
Polygon:
(0,0)(2,0)(2,8)(0,8)
Polygon:
(0,0)(15,0)(15,13)(0,13)
Polygon:
(0,0)(26,0)(26,12)(8,12)(8,14)(0,14)
Polygon:
(0,0)(12,0)(12,11)(0,11)
Polygon:
(0,0)(11,0)(11,4)(0,4)
Polygon:
(0,0)(1,0)(1,13)(0,13)
Polygon:
(0,0)(14,0)(14,2)(0,2)
Polygon:
(0,0)(14,0)(14,14)(0,14)
Polygon:
(0,0)(25,0)(25,6)(13,6)(13,22)(0,22)
Polygon:
(0,0)(4,0)(4,17)(0,17)
Polygon:
(0,0)(27,0)(27,15)(9,15)(9,25)(0,25)
Polygon:
(0,0)(23,0)(23,21)(22,21)(22,30)(4,30)(4,15)(0,15)
Polygon:
(0,0)(9,0)(9,14)(0,14)
Polygon:
(0,0)(12,0)(12,3)(0,3)
Polygon:
(0,0)(19,0)(19,17)(12,17)(12,21)(5,21)(5,3)(0,3)
Polygon:
(0,0)(11,0)(11,12)(0,12)
Polygon:
(0,0)(35,0)(35,7)(24,7)(24,20)(9,20)(9,7)(0,7)
Polygon:
(0,0)(14,0)(14,9)(3,9)(3,14)(0,14)
Polygon:
(0,0)(15,0)(15,4)(0,4)
Polygon:
(0,0)(31,0)(31,15)(27,15)(27,25)(16,25)(16,11)(0,11)
Polygon:
(0,0)(13,0)(13,5)(0,5)
Polygon:
(0,0)(26,0)(26,10)(18,10)(18,15)(0,15)
Polygon:
(0,0)(16,0)(16,8)(12,8)(12,19)(0,19)
Polygon:
(0,0)(38,0)(38,4)(22,4)(22,13)(13,13)(13,2)(0,2)
Polygon:
(0,0)(1,0)(1,7)(0,7)
Polygon:
(0,0)(13,0)(13,16)(0,16)
Polygon:
(0,0)(17,0)(17,15)(0,15)
Polygon:
(0,0)(36,0)(36,10)(28,10)(28,25)(11,25)(11,9)(0,9)
Polygon:
(0,0)(34,0)(34,8)(20,8)(20,12)(8,12)(8,4)(0,4)
Polygon:
(0,0)(6,0)(6,13)(0,13)
Polygon:
(0,0)(13,0)(13,3)(2,3)(2,16)(0,16)
Polygon:
(0,0)(25,0)(25,12)(18,12)(18,16)(8,16)(8,9)(0,9)
Polygon:
(0,0)(8,0)(8,15)(0,15)
Polygon:
(0,0)(12,0)(12,6)(8,6)(8,20)(0,20)
Polygon:
(0,0)(11,0)(11,5)(0,5)
