Polygon:
(0,0)(44,0)(44,21)(29,21)(29,9)(18,9)(18,12)(0,12)
Polygon:
(0,0)(34,0)(34,21)(21,21)(21,16)(6,16)(6,34)(0,34)
Polygon:
(0,0)(38,0)(38,7)(24,7)(24,6)(13,6)(13,16)(0,16)
Polygon:
(0,0)(33,0)(33,19)(18,19)(18,6)(8,6)(8,15)(0,15)
Polygon:
(0,0)(29,0)(29,9)(11,9)(11,5)(4,5)(4,9)(0,9)
Polygon:
(0,0)(37,0)(37,13)(19,13)(19,12)(14,12)(14,15)(0,15)
Polygon:
(0,0)(49,0)(49,8)(33,8)(33,6)(18,6)(18,17)(0,17)
Polygon:
(0,0)(26,0)(26,17)(12,17)(12,15)(11,15)(11,16)(0,16)
Polygon:
(0,0)(30,0)(30,7)(29,7)(29,5)(11,5)(11,8)(0,8)
Polygon:
(0,0)(30,0)(30,30)(16,30)(16,12)(3,12)(3,14)(0,14)
Polygon:
(0,0)(24,0)(24,12)(19,12)(19,4)(13,4)(13,7)(0,7)
Polygon:
(0,0)(20,0)(20,22)(19,22)(19,12)(2,12)(2,16)(0,16)
Polygon:
(0,0)(37,0)(37,8)(31,8)(31,6)(17,6)(17,9)(0,9)
Polygon:
(0,0)(26,0)(26,16)(19,16)(19,12)(12,12)(12,13)(0,13)
Polygon:
(0,0)(20,0)(20,18)(12,18)(12,10)(3,10)(3,16)(0,16)
Polygon:
(0,0)(28,0)(28,5)(18,5)(18,3)(1,3)(1,17)(0,17)
Polygon:
(0,0)(18,0)(18,7)(11,7)(11,4)(9,4)(9,15)(0,15)
Polygon:
(0,0)(44,0)(44,13)(31,13)(31,8)(17,8)(17,15)(0,15)
Polygon:
(0,0)(51,0)(51,8)(35,8)(35,7)(17,7)(17,17)(0,17)
Polygon:
(0,0)(45,0)(45,12)(30,12)(30,5)(13,5)(13,17)(0,17)
Polygon:
(0,0)(26,0)(26,20)(22,20)(22,10)(5,10)(5,13)(0,13)
Polygon:
(0,0)(33,0)(33,16)(29,16)(29,6)(11,6)(11,7)(0,7)
Polygon:
(0,0)(32,0)(32,14)(18,14)(18,6)(5,6)(5,10)(0,10)
Polygon:
(0,0)(43,0)(43,9)(31,9)(31,5)(14,5)(14,13)(0,13)
Polygon:
(0,0)(33,0)(33,4)(23,4)(23,2)(11,2)(11,15)(0,15)
Polygon:
(0,0)(31,0)(31,14)(18,14)(18,2)(1,2)(1,15)(0,15)
Polygon:
(0,0)(26,0)(26,14)(12,14)(12,2)(3,2)(3,5)(0,5)
Polygon:
(0,0)(39,0)(39,4)(33,4)(33,3)(17,3)(17,16)(0,16)
Polygon:
(0,0)(41,0)(41,13)(23,13)(23,4)(17,4)(17,11)(0,11)
Polygon:
(0,0)(52,0)(52,21)(35,21)(35,13)(18,13)(18,15)(0,15)
Polygon:
(0,0)(15,0)(15,3)(6,3)(6,1)(3,1)(3,18)(0,18)
Polygon:
(0,0)(17,0)(17,35)(10,35)(10,17)(3,17)(3,18)(0,18)
Polygon:
(0,0)(16,0)(16,19)(13,19)(13,8)(1,8)(1,10)(0,10)
Polygon:
(0,0)(34,0)(34,26)(17,26)(17,8)(5,8)(5,15)(0,15)
Polygon:
(0,0)(18,0)(18,23)(16,23)(16,11)(14,11)(14,15)(0,15)
Polygon:
(0,0)(35,0)(35,11)(19,11)(19,9)(12,9)(12,15)(0,15)
Polygon:
(0,0)(27,0)(27,13)(16,13)(16,12)(10,12)(10,16)(0,16)
Polygon:
(0,0)(24,0)(24,26)(8,26)(8,11)(3,11)(3,16)(0,16)
Polygon:
(0,0)(28,0)(28,14)(14,14)(14,8)(1,8)(1,15)(0,15)
Polygon:
(0,0)(44,0)(44,19)(26,19)(26,10)(17,10)(17,14)(0,14)
Polygon:
(0,0)(19,0)(19,5)(13,5)(13,4)(11,4)(11,18)(0,18)
Polygon:
(0,0)(24,0)(24,3)(18,3)(18,1)(7,1)(7,8)(0,8)
Polygon:
(0,0)(28,0)(28,7)(16,7)(16,4)(10,4)(10,16)(0,16)
Polygon:
(0,0)(14,0)(14,17)(9,17)(9,10)(3,10)(3,15)(0,15)
Polygon:
(0,0)(21,0)(21,13)(19,13)(19,1)(13,1)(13,10)(0,10)
Polygon:
(0,0)(38,0)(38,10)(29,10)(29,1)(12,1)(12,16)(0,16)
Polygon:
(0,0)(33,0)(33,34)(26,34)(26,16)(17,16)(17,17)(0,17)
Polygon:
(0,0)(38,0)(38,12)(25,12)(25,2)(15,2)(15,17)(0,17)
Polygon:
(0,0)(36,0)(36,20)(25,20)(25,15)(7,15)(7,17)(0,17)
Polygon:
(0,0)(26,0)(26,8)(10,8)(10,3)(6,3)(6,18)(0,18)
Polygon:
(0,0)(31,0)(31,6)(13,6)(13,1)(2,1)(2,15)(0,15)
Polygon:
(0,0)(26,0)(26,11)(20,11)(20,6)(3,6)(3,17)(0,17)
Polygon:
(0,0)(29,0)(29,18)(17,18)(17,1)(5,1)(5,4)(0,4)
Polygon:
(0,0)(29,0)(29,22)(12,22)(12,9)(2,9)(2,15)(0,15)
Polygon:
(0,0)(42,0)(42,12)(26,12)(26,8)(13,8)(13,18)(0,18)
Polygon:
(0,0)(33,0)(33,11)(21,11)(21,5)(9,5)(9,10)(0,10)
Polygon:
(0,0)(45,0)(45,12)(33,12)(33,1)(17,1)(17,10)(0,10)
Polygon:
(0,0)(28,0)(28,5)(23,5)(23,4)(11,4)(11,7)(0,7)
Polygon:
(0,0)(15,0)(15,19)(14,19)(14,2)(7,2)(7,14)(0,14)
Polygon:
(0,0)(34,0)(34,18)(22,18)(22,14)(17,14)(17,32)(0,32)
Polygon:
(0,0)(24,0)(24,17)(13,17)(13,5)(1,5)(1,11)(0,11)
Polygon:
(0,0)(17,0)(17,18)(11,18)(11,7)(7,7)(7,9)(0,9)
Polygon:
(0,0)(27,0)(27,13)(15,13)(15,3)(13,3)(13,8)(0,8)
Polygon:
(0,0)(29,0)(29,5)(22,5)(22,1)(14,1)(14,11)(0,11)
Polygon:
(0,0)(38,0)(38,14)(21,14)(21,1)(9,1)(9,14)(0,14)
Polygon:
(0,0)(22,0)(22,15)(15,15)(15,3)(4,3)(4,8)(0,8)
Polygon:
(0,0)(21,0)(21,7)(19,7)(19,1)(6,1)(6,18)(0,18)
Polygon:
(0,0)(19,0)(19,20)(6,20)(6,2)(5,2)(5,8)(0,8)
Polygon:
(0,0)(44,0)(44,13)(29,13)(29,4)(16,4)(16,6)(0,6)
Polygon:
(0,0)(28,0)(28,15)(15,15)(15,7)(1,7)(1,18)(0,18)
Polygon:
(0,0)(30,0)(30,17)(23,17)(23,8)(18,8)(18,14)(0,14)
Polygon:
(0,0)(47,0)(47,6)(29,6)(29,3)(15,3)(15,7)(0,7)
Polygon:
(0,0)(32,0)(32,28)(16,28)(16,10)(1,10)(1,13)(0,13)
Polygon:
(0,0)(44,0)(44,16)(29,16)(29,10)(18,10)(18,18)(0,18)
Polygon:
(0,0)(44,0)(44,8)(27,8)(27,2)(9,2)(9,11)(0,11)
Polygon:
(0,0)(10,0)(10,9)(3,9)(3,3)(1,3)(1,12)(0,12)
Polygon:
(0,0)(23,0)(23,23)(22,23)(22,7)(8,7)(8,8)(0,8)
Polygon:
(0,0)(23,0)(23,10)(22,10)(22,1)(16,1)(16,13)(0,13)
Polygon:
(0,0)(10,0)(10,7)(9,7)(9,5)(4,5)(4,12)(0,12)
Polygon:
(0,0)(17,0)(17,7)(11,7)(11,1)(5,1)(5,16)(0,16)
Polygon:
(0,0)(27,0)(27,28)(15,28)(15,16)(5,16)(5,31)(0,31)
Polygon:
(0,0)(35,0)(35,8)(27,8)(27,7)(12,7)(12,11)(0,11)
Polygon:
(0,0)(24,0)(24,6)(11,6)(11,5)(10,5)(10,11)(0,11)
Polygon:
(0,0)(33,0)(33,4)(18,4)(18,1)(10,1)(10,9)(0,9)
Polygon:
(0,0)(21,0)(21,14)(16,14)(16,3)(15,3)(15,18)(0,18)
Polygon:
(0,0)(26,0)(26,16)(12,16)(12,1)(7,1)(7,13)(0,13)
Polygon:
(0,0)(30,0)(30,20)(16,20)(16,6)(6,6)(6,13)(0,13)
Polygon:
(0,0)(17,0)(17,21)(7,21)(7,12)(5,12)(5,13)(0,13)
Polygon:
(0,0)(33,0)(33,16)(15,16)(15,2)(12,2)(12,7)(0,7)
Polygon:
(0,0)(31,0)(31,17)(15,17)(15,7)(9,7)(9,13)(0,13)
Polygon:
(0,0)(32,0)(32,18)(18,18)(18,4)(15,4)(15,10)(0,10)
Polygon:
(0,0)(30,0)(30,10)(22,10)(22,7)(4,7)(4,8)(0,8)
Polygon:
(0,0)(29,0)(29,16)(12,16)(12,8)(5,8)(5,14)(0,14)
Polygon:
(0,0)(26,0)(26,5)(16,5)(16,3)(11,3)(11,7)(0,7)
Polygon:
(0,0)(27,0)(27,11)(20,11)(20,4)(11,4)(11,14)(0,14)
Polygon:
(0,0)(31,0)(31,10)(13,10)(13,2)(8,2)(8,14)(0,14)
Polygon:
(0,0)(38,0)(38,20)(22,20)(22,12)(17,12)(17,13)(0,13)
Polygon:
(0,0)(19,0)(19,16)(5,16)(5,3)(4,3)(4,14)(0,14)
Polygon:
(0,0)(27,0)(27,14)(20,14)(20,9)(8,9)(8,14)(0,14)
Polygon:
(0,0)(30,0)(30,20)(21,20)(21,7)(11,7)(11,14)(0,14)
Polygon:
(0,0)(14,0)(14,19)(13,19)(13,15)(2,15)(2,27)(0,27)
Polygon:
(0,0)(38,0)(38,9)(32,9)(32,1)(16,1)(16,4)(0,4)
Polygon:
(0,0)(12,0)(12,10)(9,10)(9,8)(5,8)(5,15)(0,15)
Polygon:
(0,0)(32,0)(32,9)(24,9)(24,8)(18,8)(18,12)(0,12)
Polygon:
(0,0)(43,0)(43,22)(28,22)(28,10)(18,10)(18,13)(0,13)
Polygon:
(0,0)(18,0)(18,19)(17,19)(17,6)(13,6)(13,12)(0,12)
Polygon:
(0,0)(24,0)(24,20)(23,20)(23,4)(16,4)(16,15)(0,15)
Polygon:
(0,0)(37,0)(37,16)(25,16)(25,2)(14,2)(14,10)(0,10)
Polygon:
(0,0)(44,0)(44,24)(31,24)(31,8)(13,8)(13,17)(0,17)
Polygon:
(0,0)(36,0)(36,17)(18,17)(18,5)(15,5)(15,6)(0,6)
Polygon:
(0,0)(9,0)(9,14)(5,14)(5,1)(1,1)(1,17)(0,17)
Polygon:
(0,0)(32,0)(32,13)(20,13)(20,1)(15,1)(15,10)(0,10)
Polygon:
(0,0)(42,0)(42,24)(26,24)(26,6)(15,6)(15,9)(0,9)
Polygon:
(0,0)(25,0)(25,27)(12,27)(12,12)(11,12)(11,16)(0,16)
Polygon:
(0,0)(26,0)(26,10)(17,10)(17,1)(2,1)(2,9)(0,9)
Polygon:
(0,0)(27,0)(27,18)(24,18)(24,9)(13,9)(13,12)(0,12)
Polygon:
(0,0)(16,0)(16,15)(12,15)(12,3)(10,3)(10,4)(0,4)
Polygon:
(0,0)(16,0)(16,12)(7,12)(7,3)(4,3)(4,10)(0,10)
Polygon:
(0,0)(12,0)(12,18)(3,18)(3,1)(1,1)(1,18)(0,18)
Polygon:
(0,0)(16,0)(16,18)(15,18)(15,1)(6,1)(6,5)(0,5)
Polygon:
(0,0)(12,0)(12,11)(0,11)
Polygon:
(0,0)(21,0)(21,1)(17,1)(17,10)(0,10)
Polygon:
(0,0)(12,0)(12,16)(0,16)
Polygon:
(0,0)(13,0)(13,8)(0,8)
Polygon:
(0,0)(18,0)(18,16)(0,16)
Polygon:
(0,0)(14,0)(14,7)(0,7)
Polygon:
(0,0)(27,0)(27,3)(9,3)(9,18)(0,18)
Polygon:
(0,0)(11,0)(11,5)(0,5)
Polygon:
(0,0)(7,0)(7,2)(2,2)(2,10)(0,10)
Polygon:
(0,0)(8,0)(8,14)(0,14)
Polygon:
(0,0)(12,0)(12,15)(0,15)
Polygon:
(0,0)(1,0)(1,6)(0,6)
Polygon:
(0,0)(11,0)(11,12)(0,12)
Polygon:
(0,0)(23,0)(23,11)(6,11)(6,26)(0,26)
Polygon:
(0,0)(13,0)(13,3)(0,3)
Polygon:
(0,0)(5,0)(5,11)(0,11)
Polygon:
(0,0)(13,0)(13,1)(0,1)
Polygon:
(0,0)(5,0)(5,17)(0,17)
Polygon:
(0,0)(4,0)(4,16)(0,16)
Polygon:
(0,0)(22,0)(22,2)(9,2)(9,9)(0,9)
Polygon:
(0,0)(3,0)(3,6)(0,6)
Polygon:
(0,0)(18,0)(18,14)(0,14)
Polygon:
(0,0)(2,0)(2,4)(0,4)
Polygon:
(0,0)(12,0)(12,5)(0,5)
Polygon:
(0,0)(1,0)(1,17)(0,17)
Polygon:
(0,0)(10,0)(10,6)(0,6)
Polygon:
(0,0)(11,0)(11,11)(1,11)(1,23)(0,23)
Polygon:
(0,0)(15,0)(15,4)(13,4)(13,14)(0,14)
Polygon:
(0,0)(19,0)(19,1)(12,1)(12,17)(0,17)
Polygon:
(0,0)(38,0)(38,15)(21,15)(21,22)(13,22)(13,6)(0,6)
Polygon:
(0,0)(13,0)(13,2)(0,2)
Polygon:
(0,0)(16,0)(16,16)(11,16)(11,31)(0,31)
Polygon:
(0,0)(13,0)(13,6)(0,6)
Polygon:
(0,0)(18,0)(18,7)(0,7)
Polygon:
(0,0)(5,0)(5,4)(0,4)
Polygon:
(0,0)(12,0)(12,4)(0,4)
Polygon:
(0,0)(16,0)(16,17)(0,17)
Polygon:
(0,0)(15,0)(15,2)(0,2)
Polygon:
(0,0)(25,0)(25,12)(11,12)(11,20)(0,20)
Polygon:
(0,0)(26,0)(26,17)(24,17)(24,21)(16,21)(16,5)(0,5)
Polygon:
(0,0)(18,0)(18,8)(0,8)
Polygon:
(0,0)(17,0)(17,18)(0,18)
Polygon:
(0,0)(7,0)(7,9)(0,9)
Polygon:
(0,0)(47,0)(47,14)(29,14)(29,25)(12,25)(12,17)(0,17)
Polygon:
(0,0)(5,0)(5,14)(0,14)
Polygon:
(0,0)(47,0)(47,14)(32,14)(32,21)(15,21)(15,7)(0,7)
Polygon:
(0,0)(23,0)(23,17)(12,17)(12,24)(8,24)(8,7)(0,7)
Polygon:
(0,0)(1,0)(1,13)(0,13)
Polygon:
(0,0)(32,0)(32,21)(25,21)(25,25)(16,25)(16,12)(0,12)
Polygon:
(0,0)(30,0)(30,19)(12,19)(12,20)(7,20)(7,16)(0,16)
Polygon:
(0,0)(12,0)(12,10)(0,10)
Polygon:
(0,0)(14,0)(14,13)(0,13)
Polygon:
(0,0)(23,0)(23,5)(11,5)(11,16)(0,16)
Polygon:
(0,0)(5,0)(5,3)(0,3)
Polygon:
(0,0)(6,0)(6,2)(0,2)
Polygon:
(0,0)(20,0)(20,2)(8,2)(8,19)(0,19)
Polygon:
(0,0)(5,0)(5,16)(0,16)
Polygon:
(0,0)(2,0)(2,8)(0,8)
Polygon:
(0,0)(13,0)(13,3)(7,3)(7,6)(0,6)
Polygon:
(0,0)(17,0)(17,15)(0,15)
Polygon:
(0,0)(21,0)(21,16)(8,16)(8,29)(0,29)
Polygon:
(0,0)(36,0)(36,10)(34,10)(34,15)(18,15)(18,2)(0,2)
Polygon:
(0,0)(24,0)(24,15)(12,15)(12,30)(0,30)
Polygon:
(0,0)(16,0)(16,7)(0,7)
Polygon:
(0,0)(21,0)(21,9)(9,9)(9,21)(0,21)
Polygon:
(0,0)(1,0)(1,10)(0,10)
Polygon:
(0,0)(15,0)(15,8)(0,8)
Polygon:
(0,0)(12,0)(12,3)(0,3)
Polygon:
(0,0)(8,0)(8,12)(0,12)
Polygon:
(0,0)(11,0)(11,16)(4,16)(4,19)(0,19)
Polygon:
(0,0)(24,0)(24,4)(13,4)(13,22)(12,22)(12,7)(0,7)
Polygon:
(0,0)(15,0)(15,3)(4,3)(4,12)(0,12)
Polygon:
(0,0)(35,0)(35,23)(24,23)(24,26)(16,26)(16,9)(0,9)
Polygon:
(0,0)(18,0)(18,3)(17,3)(17,10)(0,10)
Polygon:
(0,0)(11,0)(11,16)(0,16)
Polygon:
(0,0)(12,0)(12,17)(0,17)
Polygon:
(0,0)(3,0)(3,18)(0,18)
Polygon:
(0,0)(10,0)(10,6)(6,6)(6,10)(0,10)
Polygon:
(0,0)(37,0)(37,24)(20,24)(20,26)(2,26)(2,13)(0,13)
Polygon:
(0,0)(14,0)(14,4)(0,4)
Polygon:
(0,0)(8,0)(8,15)(0,15)
Polygon:
(0,0)(36,0)(36,11)(22,11)(22,15)(11,15)(11,2)(0,2)
Polygon:
(0,0)(22,0)(22,6)(7,6)(7,21)(0,21)
Polygon:
(0,0)(24,0)(24,8)(9,8)(9,12)(0,12)
Polygon:
(0,0)(33,0)(33,31)(32,31)(32,35)(15,35)(15,17)(0,17)
Polygon:
(0,0)(31,0)(31,15)(22,15)(22,28)(10,28)(10,17)(0,17)
Polygon:
(0,0)(20,0)(20,14)(16,14)(16,21)(11,21)(11,11)(0,11)
Polygon:
(0,0)(2,0)(2,5)(0,5)
Polygon:
(0,0)(21,0)(21,10)(5,10)(5,26)(0,26)
Polygon:
(0,0)(10,0)(10,17)(0,17)
Polygon:
(0,0)(13,0)(13,3)(0,3)
Polygon:
(0,0)(7,0)(7,7)(0,7)
Polygon:
(0,0)(14,0)(14,16)(0,16)
Polygon:
(0,0)(21,0)(21,7)(11,7)(11,14)(2,14)(2,3)(0,3)
Polygon:
(0,0)(10,0)(10,1)(0,1)
Polygon:
(0,0)(39,0)(39,11)(27,11)(27,13)(12,13)(12,3)(0,3)
Polygon:
(0,0)(11,0)(11,10)(0,10)
Polygon:
(0,0)(1,0)(1,16)(0,16)
Polygon:
(0,0)(14,0)(14,2)(0,2)
Polygon:
(0,0)(13,0)(13,8)(1,8)(1,13)(0,13)
Polygon:
(0,0)(21,0)(21,7)(3,7)(3,17)(0,17)
Polygon:
(0,0)(18,0)(18,5)(0,5)
Polygon:
(0,0)(44,0)(44,16)(28,16)(28,24)(14,24)(14,6)(0,6)
Polygon:
(0,0)(28,0)(28,6)(15,6)(15,20)(11,20)(11,13)(0,13)
Polygon:
(0,0)(17,0)(17,16)(12,16)(12,32)(0,32)
Polygon:
(0,0)(38,0)(38,9)(24,9)(24,16)(13,16)(13,12)(0,12)
Polygon:
(0,0)(43,0)(43,4)(25,4)(25,11)(17,11)(17,1)(0,1)
Polygon:
(0,0)(18,0)(18,16)(16,16)(16,19)(0,19)
Polygon:
(0,0)(14,0)(14,11)(9,11)(9,13)(0,13)
Polygon:
(0,0)(9,0)(9,14)(0,14)
Polygon:
(0,0)(30,0)(30,17)(16,17)(16,31)(0,31)
Polygon:
(0,0)(17,0)(17,2)(0,2)
Polygon:
(0,0)(20,0)(20,15)(8,15)(8,16)(0,16)
Polygon:
(0,0)(27,0)(27,7)(12,7)(12,12)(0,12)
Polygon:
(0,0)(13,0)(13,15)(0,15)
Polygon:
(0,0)(17,0)(17,5)(0,5)
Polygon:
(0,0)(9,0)(9,17)(0,17)
Polygon:
(0,0)(10,0)(10,21)(8,21)(8,24)(6,24)(6,10)(0,10)
Polygon:
(0,0)(13,0)(13,15)(0,15)
Polygon:
(0,0)(15,0)(15,15)(0,15)
Polygon:
(0,0)(11,0)(11,12)(5,12)(5,19)(0,19)
Polygon:
(0,0)(13,0)(13,5)(0,5)
Polygon:
(0,0)(8,0)(8,9)(0,9)
Polygon:
(0,0)(12,0)(12,3)(0,3)
Polygon:
(0,0)(9,0)(9,15)(0,15)
Polygon:
(0,0)(16,0)(16,15)(0,15)
Polygon:
(0,0)(26,0)(26,17)(12,17)(12,18)(11,18)(11,7)(0,7)
Polygon:
(0,0)(1,0)(1,14)(0,14)
Polygon:
(0,0)(17,0)(17,14)(8,14)(8,25)(0,25)
Polygon:
(0,0)(17,0)(17,2)(16,2)(16,7)(13,7)(13,2)(0,2)
Polygon:
(0,0)(10,0)(10,17)(0,17)
Polygon:
(0,0)(1,0)(1,17)(0,17)
Polygon:
(0,0)(11,0)(11,16)(0,16)
Polygon:
(0,0)(35,0)(35,12)(18,12)(18,24)(0,24)
Polygon:
(0,0)(27,0)(27,13)(13,13)(13,19)(0,19)
Polygon:
(0,0)(33,0)(33,12)(25,12)(25,26)(9,26)(9,17)(0,17)
Polygon:
(0,0)(10,0)(10,4)(0,4)
Polygon:
(0,0)(9,0)(9,5)(0,5)
Polygon:
(0,0)(25,0)(25,2)(10,2)(10,8)(0,8)
Polygon:
(0,0)(13,0)(13,4)(11,4)(11,18)(7,18)(7,1)(0,1)
Polygon:
(0,0)(21,0)(21,19)(15,19)(15,27)(11,27)(11,10)(0,10)
Polygon:
(0,0)(15,0)(15,14)(0,14)
Polygon:
(0,0)(9,0)(9,1)(0,1)
Polygon:
(0,0)(11,0)(11,5)(2,5)(2,9)(0,9)
Polygon:
(0,0)(27,0)(27,6)(10,6)(10,20)(0,20)
Polygon:
(0,0)(13,0)(13,18)(0,18)
Polygon:
(0,0)(38,0)(38,2)(26,2)(26,13)(18,13)(18,3)(0,3)
Polygon:
(0,0)(18,0)(18,10)(12,10)(12,18)(1,18)(1,1)(0,1)
Polygon:
(0,0)(12,0)(12,10)(0,10)
Polygon:
(0,0)(16,0)(16,13)(0,13)
Polygon:
(0,0)(16,0)(16,7)(0,7)
Polygon:
(0,0)(4,0)(4,12)(0,12)
Polygon:
(0,0)(22,0)(22,13)(10,13)(10,23)(0,23)
Polygon:
(0,0)(5,0)(5,7)(0,7)
Polygon:
(0,0)(13,0)(13,2)(0,2)
Polygon:
(0,0)(37,0)(37,12)(31,12)(31,17)(14,17)(14,6)(0,6)
Polygon:
(0,0)(11,0)(11,13)(6,13)(6,30)(5,30)(5,14)(0,14)
Polygon:
(0,0)(1,0)(1,16)(0,16)
Polygon:
(0,0)(6,0)(6,11)(5,11)(5,16)(0,16)
Polygon:
(0,0)(14,0)(14,3)(0,3)
Polygon:
(0,0)(4,0)(4,14)(0,14)
Polygon:
(0,0)(18,0)(18,14)(0,14)
Polygon:
(0,0)(36,0)(36,18)(19,18)(19,19)(1,19)(1,3)(0,3)
Polygon:
(0,0)(6,0)(6,4)(0,4)
Polygon:
(0,0)(21,0)(21,4)(13,4)(13,14)(0,14)
Polygon:
(0,0)(27,0)(27,1)(10,1)(10,13)(0,13)
Polygon:
(0,0)(11,0)(11,2)(0,2)
Polygon:
(0,0)(11,0)(11,3)(0,3)
Polygon:
(0,0)(38,0)(38,12)(35,12)(35,26)(18,26)(18,10)(0,10)
Polygon:
(0,0)(21,0)(21,13)(4,13)(4,16)(0,16)
Polygon:
(0,0)(19,0)(19,28)(17,28)(17,29)(1,29)(1,14)(0,14)
Polygon:
(0,0)(24,0)(24,8)(15,8)(15,12)(12,12)(12,8)(0,8)
Polygon:
(0,0)(14,0)(14,5)(0,5)
Polygon:
(0,0)(18,0)(18,1)(14,1)(14,12)(0,12)
Polygon:
(0,0)(15,0)(15,13)(0,13)
Polygon:
(0,0)(32,0)(32,18)(22,18)(22,20)(8,20)(8,7)(0,7)
Polygon:
(0,0)(21,0)(21,17)(13,17)(13,29)(0,29)
Polygon:
(0,0)(8,0)(8,9)(0,9)
Polygon:
(0,0)(9,0)(9,3)(0,3)
Polygon:
(0,0)(2,0)(2,7)(0,7)
Polygon:
(0,0)(6,0)(6,13)(1,13)(1,15)(0,15)
Polygon:
(0,0)(5,0)(5,5)(0,5)
Polygon:
(0,0)(31,0)(31,15)(14,15)(14,29)(0,29)
Polygon:
(0,0)(16,0)(16,1)(1,1)(1,7)(0,7)
Polygon:
(0,0)(17,0)(17,17)(4,17)(4,26)(0,26)
Polygon:
(0,0)(13,0)(13,9)(0,9)
Polygon:
(0,0)(9,0)(9,10)(0,10)
Polygon:
(0,0)(35,0)(35,12)(20,12)(20,23)(3,23)(3,14)(0,14)
Polygon:
(0,0)(31,0)(31,9)(13,9)(13,18)(8,18)(8,3)(0,3)
Polygon:
(0,0)(29,0)(29,10)(28,10)(28,19)(13,19)(13,7)(0,7)
Polygon:
(0,0)(6,0)(6,12)(0,12)
Polygon:
(0,0)(20,0)(20,4)(5,4)(5,13)(0,13)
Polygon:
(0,0)(16,0)(16,9)(0,9)
Polygon:
(0,0)(47,0)(47,13)(29,13)(29,29)(17,29)(17,14)(0,14)
Polygon:
(0,0)(10,0)(10,15)(0,15)
Polygon:
(0,0)(36,0)(36,1)(25,1)(25,14)(9,14)(9,10)(0,10)
Polygon:
(0,0)(15,0)(15,10)(8,10)(8,18)(0,18)
Polygon:
(0,0)(27,0)(27,9)(13,9)(13,27)(0,27)
Polygon:
(0,0)(11,0)(11,10)(0,10)
Polygon:
(0,0)(29,0)(29,7)(15,7)(15,13)(0,13)
Polygon:
(0,0)(18,0)(18,8)(0,8)
Polygon:
(0,0)(17,0)(17,9)(12,9)(12,20)(0,20)
Polygon:
(0,0)(11,0)(11,14)(0,14)
Polygon:
(0,0)(18,0)(18,11)(0,11)
Polygon:
(0,0)(14,0)(14,1)(0,1)
Polygon:
(0,0)(17,0)(17,2)(0,2)
Polygon:
(0,0)(1,0)(1,18)(0,18)
Polygon:
(0,0)(18,0)(18,11)(1,11)(1,12)(0,12)
Polygon:
(0,0)(21,0)(21,14)(17,14)(17,23)(1,23)(1,7)(0,7)
Polygon:
(0,0)(3,0)(3,2)(0,2)
Polygon:
(0,0)(18,0)(18,17)(6,17)(6,19)(0,19)
Polygon:
(0,0)(3,0)(3,14)(0,14)
Polygon:
(0,0)(19,0)(19,13)(7,13)(7,18)(0,18)
Polygon:
(0,0)(17,0)(17,9)(0,9)
Polygon:
(0,0)(17,0)(17,16)(2,16)(2,25)(0,25)
Polygon:
(0,0)(32,0)(32,19)(30,19)(30,29)(13,29)(13,11)(0,11)
Polygon:
(0,0)(3,0)(3,8)(0,8)
Polygon:
(0,0)(19,0)(19,3)(15,3)(15,20)(0,20)
Polygon:
(0,0)(24,0)(24,15)(9,15)(9,27)(5,27)(5,17)(0,17)
Polygon:
(0,0)(16,0)(16,17)(0,17)
Polygon:
(0,0)(10,0)(10,13)(0,13)
Polygon:
(0,0)(4,0)(4,3)(0,3)
Polygon:
(0,0)(10,0)(10,15)(0,15)
Polygon:
(0,0)(34,0)(34,8)(18,8)(18,14)(0,14)
Polygon:
(0,0)(18,0)(18,6)(0,6)
Polygon:
(0,0)(10,0)(10,2)(0,2)
Polygon:
(0,0)(21,0)(21,13)(18,13)(18,24)(2,24)(2,13)(0,13)
Polygon:
(0,0)(16,0)(16,10)(0,10)
Polygon:
(0,0)(22,0)(22,14)(16,14)(16,30)(0,30)
Polygon:
(0,0)(14,0)(14,11)(6,11)(6,15)(0,15)
Polygon:
(0,0)(29,0)(29,7)(21,7)(21,9)(8,9)(8,6)(0,6)
Polygon:
(0,0)(14,0)(14,17)(0,17)
Polygon:
(0,0)(30,0)(30,9)(13,9)(13,26)(7,26)(7,18)(0,18)
Polygon:
(0,0)(12,0)(12,6)(6,6)(6,20)(0,20)
Polygon:
(0,0)(2,0)(2,10)(0,10)
Polygon:
(0,0)(3,0)(3,1)(0,1)
Polygon:
(0,0)(47,0)(47,31)(31,31)(31,33)(16,33)(16,15)(0,15)
Polygon:
(0,0)(11,0)(11,9)(0,9)
Polygon:
(0,0)(5,0)(5,10)(3,10)(3,23)(0,23)
Polygon:
(0,0)(3,0)(3,10)(0,10)
Polygon:
(0,0)(6,0)(6,7)(0,7)
Polygon:
(0,0)(33,0)(33,16)(21,16)(21,21)(3,21)(3,4)(0,4)
Polygon:
(0,0)(21,0)(21,9)(10,9)(10,23)(0,23)
Polygon:
(0,0)(36,0)(36,14)(21,14)(21,16)(7,16)(7,4)(0,4)
Polygon:
(0,0)(42,0)(42,12)(35,12)(35,16)(17,16)(17,11)(0,11)
Polygon:
(0,0)(19,0)(19,14)(14,14)(14,23)(0,23)
Polygon:
(0,0)(7,0)(7,3)(0,3)
Polygon:
(0,0)(41,0)(41,2)(31,2)(31,10)(15,10)(15,7)(0,7)
Polygon:
(0,0)(27,0)(27,19)(13,19)(13,20)(12,20)(12,3)(0,3)
Polygon:
(0,0)(20,0)(20,14)(2,14)(2,21)(0,21)
Polygon:
(0,0)(13,0)(13,14)(0,14)
Polygon:
(0,0)(29,0)(29,1)(23,1)(23,6)(14,6)(14,2)(0,2)
Polygon:
(0,0)(13,0)(13,13)(0,13)
Polygon:
(0,0)(8,0)(8,13)(0,13)
Polygon:
(0,0)(13,0)(13,18)(7,18)(7,25)(0,25)
Polygon:
(0,0)(14,0)(14,18)(0,18)
Polygon:
(0,0)(21,0)(21,29)(11,29)(11,30)(3,30)(3,12)(0,12)
Polygon:
(0,0)(13,0)(13,3)(0,3)
Polygon:
(0,0)(12,0)(12,16)(0,16)
Polygon:
(0,0)(17,0)(17,11)(0,11)
Polygon:
(0,0)(4,0)(4,11)(0,11)
Polygon:
(0,0)(10,0)(10,4)(0,4)
Polygon:
(0,0)(22,0)(22,18)(4,18)(4,27)(0,27)
Polygon:
(0,0)(43,0)(43,16)(25,16)(25,20)(14,20)(14,17)(0,17)
Polygon:
(0,0)(18,0)(18,20)(10,20)(10,25)(4,25)(4,18)(0,18)
Polygon:
(0,0)(1,0)(1,15)(0,15)
Polygon:
(0,0)(23,0)(23,6)(16,6)(16,15)(0,15)
Polygon:
(0,0)(11,0)(11,16)(4,16)(4,25)(0,25)
Polygon:
(0,0)(26,0)(26,10)(9,10)(9,11)(0,11)
Polygon:
(0,0)(8,0)(8,7)(0,7)
Polygon:
(0,0)(10,0)(10,16)(0,16)
Polygon:
(0,0)(16,0)(16,8)(0,8)
Polygon:
(0,0)(16,0)(16,16)(0,16)
Polygon:
(0,0)(31,0)(31,6)(14,6)(14,14)(7,14)(7,7)(0,7)
Polygon:
(0,0)(1,0)(1,10)(0,10)
Polygon:
(0,0)(11,0)(11,10)(0,10)
Polygon:
(0,0)(14,0)(14,1)(0,1)
Polygon:
(0,0)(17,0)(17,12)(9,12)(9,27)(0,27)
Polygon:
(0,0)(17,0)(17,16)(0,16)
Polygon:
(0,0)(12,0)(12,15)(3,15)(3,33)(0,33)
Polygon:
(0,0)(13,0)(13,18)(0,18)
Polygon:
(0,0)(13,0)(13,5)(0,5)
Polygon:
(0,0)(22,0)(22,8)(15,8)(15,22)(13,22)(13,14)(0,14)
Polygon:
(0,0)(8,0)(8,11)(5,11)(5,27)(0,27)
Polygon:
(0,0)(22,0)(22,18)(19,18)(19,19)(14,19)(14,1)(0,1)
Polygon:
(0,0)(9,0)(9,7)(0,7)
Polygon:
(0,0)(13,0)(13,18)(0,18)
Polygon:
(0,0)(12,0)(12,16)(1,16)(1,28)(0,28)
Polygon:
(0,0)(15,0)(15,16)(0,16)
Polygon:
(0,0)(7,0)(7,15)(0,15)
Polygon:
(0,0)(9,0)(9,9)(0,9)
Polygon:
(0,0)(15,0)(15,17)(6,17)(6,23)(3,23)(3,5)(0,5)
Polygon:
(0,0)(14,0)(14,2)(0,2)
Polygon:
(0,0)(8,0)(8,1)(0,1)
Polygon:
(0,0)(9,0)(9,17)(0,17)
Polygon:
(0,0)(9,0)(9,10)(0,10)
Polygon:
(0,0)(13,0)(13,6)(6,6)(6,15)(0,15)
Polygon:
(0,0)(31,0)(31,2)(16,2)(16,10)(0,10)
Polygon:
(0,0)(10,0)(10,5)(0,5)
Polygon:
(0,0)(11,0)(11,8)(0,8)
Polygon:
(0,0)(8,0)(8,13)(0,13)
Polygon:
(0,0)(8,0)(8,16)(2,16)(2,33)(0,33)
Polygon:
(0,0)(5,0)(5,5)(0,5)
Polygon:
(0,0)(43,0)(43,12)(33,12)(33,20)(18,20)(18,18)(0,18)
Polygon:
(0,0)(8,0)(8,17)(0,17)
Polygon:
(0,0)(22,0)(22,14)(16,14)(16,20)(9,20)(9,5)(0,5)
Polygon:
(0,0)(29,0)(29,1)(14,1)(14,13)(0,13)
Polygon:
(0,0)(18,0)(18,3)(1,3)(1,8)(0,8)
Polygon:
(0,0)(36,0)(36,11)(20,11)(20,23)(13,23)(13,16)(0,16)
Polygon:
(0,0)(29,0)(29,20)(12,20)(12,22)(4,22)(4,9)(0,9)
Polygon:
(0,0)(19,0)(19,12)(18,12)(18,19)(0,19)
Polygon:
(0,0)(34,0)(34,6)(21,6)(21,18)(9,18)(9,3)(0,3)
Polygon:
(0,0)(16,0)(16,11)(0,11)
Polygon:
(0,0)(22,0)(22,5)(9,5)(9,16)(0,16)
Polygon:
(0,0)(22,0)(22,16)(16,16)(16,26)(3,26)(3,11)(0,11)
Polygon:
(0,0)(26,0)(26,5)(20,5)(20,20)(14,20)(14,4)(0,4)
Polygon:
(0,0)(1,0)(1,7)(0,7)
Polygon:
(0,0)(14,0)(14,3)(0,3)
Polygon:
(0,0)(4,0)(4,8)(0,8)
Polygon:
(0,0)(16,0)(16,11)(0,11)
Polygon:
(0,0)(37,0)(37,14)(23,14)(23,28)(13,28)(13,13)(0,13)
Polygon:
(0,0)(34,0)(34,16)(16,16)(16,20)(6,20)(6,8)(0,8)
Polygon:
(0,0)(30,0)(30,9)(16,9)(16,19)(0,19)
Polygon:
(0,0)(1,0)(1,15)(0,15)
Polygon:
(0,0)(6,0)(6,16)(0,16)
Polygon:
(0,0)(11,0)(11,18)(0,18)
Polygon:
(0,0)(12,0)(12,6)(0,6)
Polygon:
(0,0)(37,0)(37,13)(19,13)(19,19)(5,19)(5,16)(0,16)
Polygon:
(0,0)(32,0)(32,17)(26,17)(26,22)(10,22)(10,14)(0,14)
Polygon:
(0,0)(28,0)(28,28)(17,28)(17,31)(8,31)(8,13)(0,13)
Polygon:
(0,0)(13,0)(13,18)(11,18)(11,29)(0,29)
Polygon:
(0,0)(4,0)(4,4)(0,4)
Polygon:
(0,0)(9,0)(9,9)(0,9)
Polygon:
(0,0)(24,0)(24,21)(20,21)(20,27)(5,27)(5,11)(0,11)
Polygon:
(0,0)(24,0)(24,18)(17,18)(17,22)(0,22)
Polygon:
(0,0)(50,0)(50,10)(33,10)(33,26)(18,26)(18,9)(0,9)
Polygon:
(0,0)(9,0)(9,14)(0,14)
Polygon:
(0,0)(1,0)(1,12)(0,12)
Polygon:
(0,0)(7,0)(7,5)(0,5)
Polygon:
(0,0)(27,0)(27,2)(13,2)(13,14)(11,14)(11,1)(0,1)
Polygon:
(0,0)(3,0)(3,7)(0,7)
Polygon:
(0,0)(33,0)(33,10)(15,10)(15,23)(8,23)(8,7)(0,7)
Polygon:
(0,0)(4,0)(4,10)(0,10)
Polygon:
(0,0)(21,0)(21,9)(20,9)(20,17)(10,17)(10,10)(0,10)
Polygon:
(0,0)(3,0)(3,18)(0,18)
Polygon:
(0,0)(17,0)(17,12)(0,12)
Polygon:
(0,0)(3,0)(3,15)(0,15)
Polygon:
(0,0)(22,0)(22,16)(4,16)(4,24)(0,24)
Polygon:
(0,0)(15,0)(15,5)(12,5)(12,16)(0,16)
Polygon:
(0,0)(15,0)(15,11)(0,11)
Polygon:
(0,0)(26,0)(26,8)(25,8)(25,12)(17,12)(17,8)(0,8)
Polygon:
(0,0)(3,0)(3,11)(0,11)
Polygon:
(0,0)(3,0)(3,8)(0,8)
Polygon:
(0,0)(18,0)(18,14)(15,14)(15,16)(0,16)
Polygon:
(0,0)(34,0)(34,8)(17,8)(17,17)(12,17)(12,4)(0,4)
Polygon:
(0,0)(30,0)(30,9)(16,9)(16,17)(1,17)(1,8)(0,8)
Polygon:
(0,0)(5,0)(5,3)(0,3)
Polygon:
(0,0)(10,0)(10,14)(0,14)
Polygon:
(0,0)(6,0)(6,4)(0,4)
Polygon:
(0,0)(21,0)(21,17)(16,17)(16,30)(0,30)
Polygon:
(0,0)(11,0)(11,9)(5,9)(5,13)(0,13)
Polygon:
(0,0)(11,0)(11,10)(0,10)
Polygon:
(0,0)(13,0)(13,4)(0,4)
Polygon:
(0,0)(15,0)(15,1)(0,1)
Polygon:
(0,0)(37,0)(37,2)(23,2)(23,10)(13,10)(13,2)(0,2)
Polygon:
(0,0)(17,0)(17,1)(5,1)(5,10)(0,10)
Polygon:
(0,0)(31,0)(31,3)(24,3)(24,20)(15,20)(15,16)(0,16)
Polygon:
(0,0)(18,0)(18,16)(8,16)(8,29)(2,29)(2,11)(0,11)
Polygon:
(0,0)(2,0)(2,1)(0,1)
Polygon:
(0,0)(2,0)(2,8)(0,8)
Polygon:
(0,0)(16,0)(16,1)(0,1)
Polygon:
(0,0)(16,0)(16,13)(15,13)(15,26)(0,26)
Polygon:
(0,0)(16,0)(16,18)(5,18)(5,21)(0,21)
Polygon:
(0,0)(3,0)(3,9)(0,9)
Polygon:
(0,0)(23,0)(23,7)(7,7)(7,22)(5,22)(5,8)(0,8)
Polygon:
(0,0)(34,0)(34,15)(16,15)(16,22)(12,22)(12,4)(0,4)
Polygon:
(0,0)(6,0)(6,7)(0,7)
Polygon:
(0,0)(5,0)(5,10)(0,10)
Polygon:
(0,0)(8,0)(8,1)(0,1)
Polygon:
(0,0)(24,0)(24,8)(19,8)(19,23)(9,23)(9,13)(0,13)
Polygon:
(0,0)(16,0)(16,13)(11,13)(11,31)(0,31)
Polygon:
(0,0)(1,0)(1,3)(0,3)
Polygon:
(0,0)(20,0)(20,1)(13,1)(13,17)(11,17)(11,3)(0,3)
Polygon:
(0,0)(34,0)(34,14)(18,14)(18,19)(4,19)(4,13)(0,13)
Polygon:
(0,0)(10,0)(10,4)(7,4)(7,18)(0,18)
Polygon:
(0,0)(14,0)(14,1)(0,1)
Polygon:
(0,0)(11,0)(11,17)(10,17)(10,22)(0,22)
Polygon:
(0,0)(44,0)(44,25)(31,25)(31,31)(18,31)(18,16)(0,16)
Polygon:
(0,0)(8,0)(8,15)(0,15)
Polygon:
(0,0)(2,0)(2,2)(0,2)
Polygon:
(0,0)(15,0)(15,15)(0,15)
Polygon:
(0,0)(29,0)(29,4)(12,4)(12,13)(0,13)
Polygon:
(0,0)(1,0)(1,9)(0,9)
Polygon:
(0,0)(9,0)(9,4)(0,4)
Polygon:
(0,0)(22,0)(22,18)(12,18)(12,34)(0,34)
Polygon:
(0,0)(15,0)(15,6)(0,6)
Polygon:
(0,0)(6,0)(6,15)(0,15)
Polygon:
(0,0)(34,0)(34,9)(18,9)(18,13)(0,13)
Polygon:
(0,0)(10,0)(10,16)(2,16)(2,32)(0,32)
Polygon:
(0,0)(15,0)(15,8)(0,8)
Polygon:
(0,0)(11,0)(11,2)(1,2)(1,17)(0,17)
Polygon:
(0,0)(26,0)(26,14)(8,14)(8,16)(0,16)
Polygon:
(0,0)(24,0)(24,5)(18,5)(18,7)(15,7)(15,2)(0,2)
Polygon:
(0,0)(12,0)(12,13)(0,13)
Polygon:
(0,0)(8,0)(8,7)(0,7)
Polygon:
(0,0)(32,0)(32,8)(21,8)(21,23)(7,23)(7,7)(0,7)
Polygon:
(0,0)(9,0)(9,16)(0,16)
Polygon:
(0,0)(9,0)(9,9)(0,9)
Polygon:
(0,0)(3,0)(3,6)(0,6)
Polygon:
(0,0)(34,0)(34,21)(23,21)(23,26)(5,26)(5,10)(0,10)
Polygon:
(0,0)(4,0)(4,11)(0,11)
Polygon:
(0,0)(31,0)(31,8)(25,8)(25,21)(17,21)(17,15)(0,15)
Polygon:
(0,0)(17,0)(17,13)(2,13)(2,26)(0,26)
Polygon:
(0,0)(17,0)(17,18)(8,18)(8,26)(0,26)
Polygon:
(0,0)(31,0)(31,12)(13,12)(13,26)(5,26)(5,9)(0,9)
Polygon:
(0,0)(5,0)(5,11)(0,11)
Polygon:
(0,0)(25,0)(25,5)(21,5)(21,20)(10,20)(10,14)(0,14)
Polygon:
(0,0)(18,0)(18,17)(16,17)(16,21)(1,21)(1,6)(0,6)
Polygon:
(0,0)(21,0)(21,11)(13,11)(13,19)(0,19)
Polygon:
(0,0)(27,0)(27,16)(13,16)(13,27)(0,27)
Polygon:
(0,0)(3,0)(3,17)(0,17)
Polygon:
(0,0)(4,0)(4,6)(0,6)
Polygon:
(0,0)(40,0)(40,12)(27,12)(27,21)(10,21)(10,12)(0,12)
Polygon:
(0,0)(26,0)(26,14)(18,14)(18,23)(15,23)(15,6)(0,6)
Polygon:
(0,0)(30,0)(30,12)(25,12)(25,26)(15,26)(15,13)(0,13)
Polygon:
(0,0)(36,0)(36,18)(22,18)(22,35)(18,35)(18,17)(0,17)
Polygon:
(0,0)(14,0)(14,7)(0,7)
Polygon:
(0,0)(37,0)(37,12)(23,12)(23,17)(10,17)(10,6)(0,6)
Polygon:
(0,0)(30,0)(30,13)(21,13)(21,18)(15,18)(15,16)(0,16)
Polygon:
(0,0)(5,0)(5,15)(0,15)
Polygon:
(0,0)(28,0)(28,6)(10,6)(10,13)(0,13)
Polygon:
(0,0)(3,0)(3,15)(0,15)
Polygon:
(0,0)(32,0)(32,8)(17,8)(17,24)(5,24)(5,12)(0,12)
Polygon:
(0,0)(40,0)(40,8)(32,8)(32,21)(16,21)(16,13)(0,13)
Polygon:
(0,0)(26,0)(26,13)(8,13)(8,31)(0,31)
Polygon:
(0,0)(6,0)(6,4)(0,4)
Polygon:
(0,0)(4,0)(4,5)(0,5)
Polygon:
(0,0)(27,0)(27,3)(11,3)(11,4)(0,4)
Polygon:
(0,0)(10,0)(10,9)(0,9)
Polygon:
(0,0)(16,0)(16,10)(0,10)
Polygon:
(0,0)(4,0)(4,9)(0,9)
Polygon:
(0,0)(7,0)(7,13)(0,13)
Polygon:
(0,0)(2,0)(2,17)(0,17)
Polygon:
(0,0)(19,0)(19,14)(1,14)(1,19)(0,19)
Polygon:
(0,0)(2,0)(2,13)(0,13)
Polygon:
(0,0)(19,0)(19,7)(5,7)(5,22)(0,22)
Polygon:
(0,0)(19,0)(19,15)(4,15)(4,17)(0,17)
Polygon:
(0,0)(12,0)(12,4)(0,4)
Polygon:
(0,0)(32,0)(32,14)(16,14)(16,18)(7,18)(7,11)(0,11)
Polygon:
(0,0)(17,0)(17,12)(0,12)
Polygon:
(0,0)(23,0)(23,13)(10,13)(10,16)(9,16)(9,2)(0,2)
Polygon:
(0,0)(16,0)(16,3)(0,3)
Polygon:
(0,0)(15,0)(15,16)(0,16)
Polygon:
(0,0)(6,0)(6,11)(0,11)
Polygon:
(0,0)(21,0)(21,15)(13,15)(13,27)(0,27)
Polygon:
(0,0)(14,0)(14,18)(0,18)
Polygon:
(0,0)(6,0)(6,1)(0,1)
Polygon:
(0,0)(22,0)(22,8)(11,8)(11,20)(0,20)
Polygon:
(0,0)(40,0)(40,7)(28,7)(28,16)(11,16)(11,3)(0,3)
Polygon:
(0,0)(14,0)(14,1)(0,1)
Polygon:
(0,0)(18,0)(18,6)(0,6)
Polygon:
(0,0)(17,0)(17,6)(13,6)(13,13)(0,13)
Polygon:
(0,0)(17,0)(17,6)(13,6)(13,24)(6,24)(6,13)(0,13)
Polygon:
(0,0)(28,0)(28,1)(17,1)(17,2)(0,2)
Polygon:
(0,0)(28,0)(28,2)(10,2)(10,13)(4,13)(4,1)(0,1)
Polygon:
(0,0)(17,0)(17,7)(15,7)(15,17)(0,17)
Polygon:
(0,0)(35,0)(35,11)(17,11)(17,16)(9,16)(9,6)(0,6)
Polygon:
(0,0)(18,0)(18,15)(12,15)(12,24)(9,24)(9,6)(0,6)
Polygon:
(0,0)(5,0)(5,12)(0,12)
Polygon:
(0,0)(16,0)(16,18)(0,18)
Polygon:
(0,0)(7,0)(7,8)(0,8)
Polygon:
(0,0)(10,0)(10,6)(0,6)
Polygon:
(0,0)(2,0)(2,3)(0,3)
Polygon:
(0,0)(2,0)(2,6)(0,6)
Polygon:
(0,0)(3,0)(3,9)(0,9)
Polygon:
(0,0)(13,0)(13,16)(0,16)
Polygon:
(0,0)(3,0)(3,16)(0,16)
Polygon:
(0,0)(8,0)(8,13)(0,13)
Polygon:
(0,0)(28,0)(28,10)(20,10)(20,15)(17,15)(17,6)(0,6)
Polygon:
(0,0)(14,0)(14,17)(0,17)
