Polygon:
(0,0)(20,0)(20,18)(17,18)(17,9)(16,9)(16,13)(0,13)
Polygon:
(0,0)(33,0)(33,12)(29,12)(29,4)(14,4)(14,16)(0,16)
Polygon:
(0,0)(8,0)(8,25)(6,25)(6,10)(4,10)(4,15)(0,15)
Polygon:
(0,0)(30,0)(30,22)(21,22)(21,5)(16,5)(16,11)(0,11)
Polygon:
(0,0)(13,0)(13,17)(6,17)(6,6)(5,6)(5,10)(0,10)
Polygon:
(0,0)(23,0)(23,28)(11,28)(11,11)(1,11)(1,16)(0,16)
Polygon:
(0,0)(24,0)(24,17)(19,17)(19,13)(3,13)(3,17)(0,17)
Polygon:
(0,0)(20,0)(20,17)(18,17)(18,5)(2,5)(2,6)(0,6)
Polygon:
(0,0)(30,0)(30,21)(24,21)(24,9)(13,9)(13,11)(0,11)
Polygon:
(0,0)(24,0)(24,18)(23,18)(23,11)(18,11)(18,16)(0,16)
Polygon:
(0,0)(22,0)(22,17)(17,17)(17,7)(12,7)(12,8)(0,8)
Polygon:
(0,0)(43,0)(43,27)(26,27)(26,16)(15,16)(15,17)(0,17)
Polygon:
(0,0)(30,0)(30,19)(23,19)(23,7)(17,7)(17,21)(0,21)
Polygon:
(0,0)(27,0)(27,6)(18,6)(18,4)(6,4)(6,22)(0,22)
Polygon:
(0,0)(15,0)(15,11)(11,11)(11,3)(4,3)(4,13)(0,13)
Polygon:
(0,0)(19,0)(19,24)(15,24)(15,10)(8,10)(8,13)(0,13)
Polygon:
(0,0)(18,0)(18,17)(13,17)(13,2)(7,2)(7,9)(0,9)
Polygon:
(0,0)(49,0)(49,15)(35,15)(35,8)(17,8)(17,16)(0,16)
Polygon:
(0,0)(30,0)(30,26)(23,26)(23,9)(7,9)(7,17)(0,17)
Polygon:
(0,0)(38,0)(38,22)(24,22)(24,13)(6,13)(6,14)(0,14)
Polygon:
(0,0)(28,0)(28,20)(20,20)(20,12)(9,12)(9,14)(0,14)
Polygon:
(0,0)(40,0)(40,10)(24,10)(24,3)(10,3)(10,7)(0,7)
Polygon:
(0,0)(35,0)(35,15)(22,15)(22,5)(17,5)(17,6)(0,6)
Polygon:
(0,0)(18,0)(18,11)(14,11)(14,3)(1,3)(1,6)(0,6)
Polygon:
(0,0)(32,0)(32,7)(26,7)(26,1)(14,1)(14,18)(0,18)
Polygon:
(0,0)(39,0)(39,23)(32,23)(32,7)(15,7)(15,12)(0,12)
Polygon:
(0,0)(36,0)(36,5)(29,5)(29,4)(11,4)(11,12)(0,12)
Polygon:
(0,0)(26,0)(26,19)(17,19)(17,14)(10,14)(10,17)(0,17)
Polygon:
(0,0)(26,0)(26,11)(17,11)(17,7)(8,7)(8,10)(0,10)
Polygon:
(0,0)(22,0)(22,22)(16,22)(16,9)(12,9)(12,16)(0,16)
Polygon:
(0,0)(24,0)(24,8)(10,8)(10,2)(2,2)(2,6)(0,6)
Polygon:
(0,0)(31,0)(31,13)(29,13)(29,3)(12,3)(12,4)(0,4)
Polygon:
(0,0)(22,0)(22,20)(8,20)(8,2)(5,2)(5,4)(0,4)
Polygon:
(0,0)(48,0)(48,22)(32,22)(32,4)(18,4)(18,18)(0,18)
Polygon:
(0,0)(29,0)(29,15)(18,15)(18,4)(1,4)(1,14)(0,14)
Polygon:
(0,0)(42,0)(42,18)(28,18)(28,1)(12,1)(12,18)(0,18)
Polygon:
(0,0)(37,0)(37,17)(28,17)(28,2)(18,2)(18,11)(0,11)
Polygon:
(0,0)(16,0)(16,15)(11,15)(11,3)(1,3)(1,10)(0,10)
Polygon:
(0,0)(32,0)(32,16)(26,16)(26,2)(16,2)(16,7)(0,7)
Polygon:
(0,0)(36,0)(36,31)(34,31)(34,13)(18,13)(18,17)(0,17)
Polygon:
(0,0)(21,0)(21,2)(17,2)(17,1)(8,1)(8,17)(0,17)
Polygon:
(0,0)(12,0)(12,17)(8,17)(8,10)(6,10)(6,13)(0,13)
Polygon:
(0,0)(8,0)(8,30)(5,30)(5,13)(2,13)(2,16)(0,16)
Polygon:
(0,0)(35,0)(35,19)(22,19)(22,14)(12,14)(12,16)(0,16)
Polygon:
(0,0)(35,0)(35,23)(19,23)(19,8)(18,8)(18,18)(0,18)
Polygon:
(0,0)(37,0)(37,30)(31,30)(31,12)(17,12)(17,16)(0,16)
Polygon:
(0,0)(31,0)(31,15)(27,15)(27,4)(18,4)(18,18)(0,18)
Polygon:
(0,0)(38,0)(38,7)(22,7)(22,3)(12,3)(12,6)(0,6)
Polygon:
(0,0)(39,0)(39,20)(24,20)(24,8)(16,8)(16,12)(0,12)
Polygon:
(0,0)(31,0)(31,6)(19,6)(19,5)(4,5)(4,15)(0,15)
Polygon:
(0,0)(21,0)(21,23)(13,23)(13,5)(3,5)(3,10)(0,10)
Polygon:
(0,0)(15,0)(15,18)(13,18)(13,6)(8,6)(8,14)(0,14)
Polygon:
(0,0)(13,0)(13,26)(12,26)(12,10)(5,10)(5,13)(0,13)
Polygon:
(0,0)(36,0)(36,23)(22,23)(22,9)(11,9)(11,12)(0,12)
Polygon:
(0,0)(45,0)(45,19)(34,19)(34,4)(16,4)(16,9)(0,9)
Polygon:
(0,0)(35,0)(35,15)(17,15)(17,1)(9,1)(9,14)(0,14)
Polygon:
(0,0)(23,0)(23,10)(22,10)(22,2)(5,2)(5,16)(0,16)
Polygon:
(0,0)(23,0)(23,18)(22,18)(22,9)(16,9)(16,17)(0,17)
Polygon:
(0,0)(21,0)(21,25)(16,25)(16,10)(14,10)(14,18)(0,18)
Polygon:
(0,0)(21,0)(21,19)(6,19)(6,13)(1,13)(1,16)(0,16)
Polygon:
(0,0)(38,0)(38,9)(26,9)(26,4)(9,4)(9,11)(0,11)
Polygon:
(0,0)(23,0)(23,16)(8,16)(8,4)(1,4)(1,13)(0,13)
Polygon:
(0,0)(23,0)(23,15)(10,15)(10,1)(5,1)(5,4)(0,4)
Polygon:
(0,0)(18,0)(18,24)(13,24)(13,7)(1,7)(1,18)(0,18)
Polygon:
(0,0)(31,0)(31,5)(19,5)(19,4)(10,4)(10,14)(0,14)
Polygon:
(0,0)(20,0)(20,27)(18,27)(18,9)(7,9)(7,10)(0,10)
Polygon:
(0,0)(25,0)(25,17)(24,17)(24,9)(18,9)(18,12)(0,12)
Polygon:
(0,0)(26,0)(26,14)(10,14)(10,9)(3,9)(3,14)(0,14)
Polygon:
(0,0)(31,0)(31,17)(25,17)(25,13)(14,13)(14,18)(0,18)
Polygon:
(0,0)(29,0)(29,30)(25,30)(25,14)(12,14)(12,18)(0,18)
Polygon:
(0,0)(32,0)(32,14)(14,14)(14,8)(3,8)(3,14)(0,14)
Polygon:
(0,0)(47,0)(47,9)(31,9)(31,1)(18,1)(18,13)(0,13)
Polygon:
(0,0)(20,0)(20,14)(18,14)(18,6)(16,6)(16,13)(0,13)
Polygon:
(0,0)(27,0)(27,13)(23,13)(23,2)(11,2)(11,15)(0,15)
Polygon:
(0,0)(35,0)(35,18)(19,18)(19,4)(1,4)(1,7)(0,7)
Polygon:
(0,0)(31,0)(31,4)(19,4)(19,3)(1,3)(1,9)(0,9)
Polygon:
(0,0)(42,0)(42,3)(30,3)(30,1)(12,1)(12,13)(0,13)
Polygon:
(0,0)(42,0)(42,8)(28,8)(28,1)(16,1)(16,11)(0,11)
Polygon:
(0,0)(39,0)(39,7)(36,7)(36,3)(18,3)(18,7)(0,7)
Polygon:
(0,0)(17,0)(17,8)(8,8)(8,7)(6,7)(6,8)(0,8)
Polygon:
(0,0)(39,0)(39,26)(21,26)(21,14)(10,14)(10,31)(0,31)
Polygon:
(0,0)(28,0)(28,15)(18,15)(18,8)(9,8)(9,18)(0,18)
Polygon:
(0,0)(28,0)(28,23)(22,23)(22,12)(9,12)(9,17)(0,17)
Polygon:
(0,0)(33,0)(33,27)(19,27)(19,10)(2,10)(2,14)(0,14)
Polygon:
(0,0)(5,0)(5,20)(4,20)(4,10)(3,10)(3,18)(0,18)
Polygon:
(0,0)(18,0)(18,16)(16,16)(16,11)(10,11)(10,13)(0,13)
Polygon:
(0,0)(23,0)(23,19)(12,19)(12,12)(11,12)(11,15)(0,15)
Polygon:
(0,0)(31,0)(31,15)(21,15)(21,12)(12,12)(12,19)(0,19)
Polygon:
(0,0)(24,0)(24,14)(6,14)(6,5)(2,5)(2,9)(0,9)
Polygon:
(0,0)(40,0)(40,23)(28,23)(28,11)(11,11)(11,12)(0,12)
Polygon:
(0,0)(13,0)(13,20)(9,20)(9,2)(3,2)(3,3)(0,3)
Polygon:
(0,0)(24,0)(24,15)(18,15)(18,2)(15,2)(15,7)(0,7)
Polygon:
(0,0)(31,0)(31,20)(25,20)(25,6)(17,6)(17,14)(0,14)
Polygon:
(0,0)(25,0)(25,13)(24,13)(24,5)(16,5)(16,16)(0,16)
Polygon:
(0,0)(34,0)(34,17)(19,17)(19,2)(4,2)(4,14)(0,14)
Polygon:
(0,0)(19,0)(19,12)(18,12)(18,2)(6,2)(6,15)(0,15)
Polygon:
(0,0)(30,0)(30,22)(21,22)(21,13)(18,13)(18,17)(0,17)
Polygon:
(0,0)(30,0)(30,29)(26,29)(26,13)(9,13)(9,16)(0,16)
Polygon:
(0,0)(35,0)(35,21)(26,21)(26,8)(11,8)(11,14)(0,14)
Polygon:
(0,0)(23,0)(23,3)(10,3)(10,2)(3,2)(3,6)(0,6)
Polygon:
(0,0)(31,0)(31,15)(16,15)(16,1)(14,1)(14,8)(0,8)
Polygon:
(0,0)(22,0)(22,18)(13,18)(13,8)(1,8)(1,13)(0,13)
Polygon:
(0,0)(27,0)(27,7)(14,7)(14,2)(1,2)(1,3)(0,3)
Polygon:
(0,0)(37,0)(37,29)(33,29)(33,15)(16,15)(16,28)(0,28)
Polygon:
(0,0)(19,0)(19,6)(10,6)(10,2)(9,2)(9,8)(0,8)
Polygon:
(0,0)(42,0)(42,7)(30,7)(30,2)(12,2)(12,13)(0,13)
Polygon:
(0,0)(39,0)(39,12)(24,12)(24,6)(17,6)(17,18)(0,18)
Polygon:
(0,0)(38,0)(38,10)(33,10)(33,1)(15,1)(15,8)(0,8)
Polygon:
(0,0)(32,0)(32,20)(15,20)(15,5)(12,5)(12,15)(0,15)
Polygon:
(0,0)(34,0)(34,31)(28,31)(28,14)(11,14)(11,18)(0,18)
Polygon:
(0,0)(31,0)(31,7)(23,7)(23,4)(10,4)(10,5)(0,5)
Polygon:
(0,0)(32,0)(32,5)(31,5)(31,3)(16,3)(16,11)(0,11)
Polygon:
(0,0)(45,0)(45,21)(28,21)(28,13)(14,13)(14,14)(0,14)
Polygon:
(0,0)(47,0)(47,20)(29,20)(29,3)(17,3)(17,13)(0,13)
Polygon:
(0,0)(50,0)(50,17)(32,17)(32,12)(15,12)(15,14)(0,14)
Polygon:
(0,0)(20,0)(20,9)(9,9)(9,4)(5,4)(5,10)(0,10)
Polygon:
(0,0)(7,0)(7,21)(5,21)(5,5)(2,5)(2,8)(0,8)
Polygon:
(0,0)(37,0)(37,20)(24,20)(24,9)(12,9)(12,12)(0,12)
Polygon:
(0,0)(40,0)(40,22)(22,22)(22,7)(8,7)(8,15)(0,15)
Polygon:
(0,0)(34,0)(34,19)(25,19)(25,3)(11,3)(11,4)(0,4)
Polygon:
(0,0)(24,0)(24,16)(18,16)(18,8)(5,8)(5,9)(0,9)
Polygon:
(0,0)(18,0)(18,8)(14,8)(14,5)(2,5)(2,8)(0,8)
Polygon:
(0,0)(33,0)(33,12)(16,12)(16,4)(4,4)(4,18)(0,18)
Polygon:
(0,0)(33,0)(33,9)(28,9)(28,8)(10,8)(10,17)(0,17)
Polygon:
(0,0)(31,0)(31,15)(13,15)(13,1)(12,1)(12,8)(0,8)
Polygon:
(0,0)(41,0)(41,15)(25,15)(25,6)(13,6)(13,11)(0,11)
Polygon:
(0,0)(19,0)(19,16)(18,16)(18,12)(10,12)(10,17)(0,17)
Polygon:
(0,0)(30,0)(30,19)(27,19)(27,3)(13,3)(13,5)(0,5)
Polygon:
(0,0)(18,0)(18,25)(15,25)(15,9)(3,9)(3,12)(0,12)
Polygon:
(0,0)(32,0)(32,21)(22,21)(22,9)(11,9)(11,18)(0,18)
Polygon:
(0,0)(34,0)(34,11)(29,11)(29,9)(16,9)(16,17)(0,17)
Polygon:
(0,0)(23,0)(23,20)(12,20)(12,8)(1,8)(1,12)(0,12)
Polygon:
(0,0)(26,0)(26,30)(25,30)(25,13)(11,13)(11,15)(0,15)
Polygon:
(0,0)(31,0)(31,8)(27,8)(27,1)(11,1)(11,7)(0,7)
Polygon:
(0,0)(22,0)(22,30)(15,30)(15,15)(2,15)(2,17)(0,17)
Polygon:
(0,0)(26,0)(26,11)(14,11)(14,3)(1,3)(1,9)(0,9)
Polygon:
(0,0)(27,0)(27,21)(25,21)(25,9)(14,9)(14,13)(0,13)
Polygon:
(0,0)(20,0)(20,6)(11,6)(11,3)(5,3)(5,5)(0,5)
Polygon:
(0,0)(22,0)(22,11)(9,11)(9,4)(3,4)(3,9)(0,9)
Polygon:
(0,0)(17,0)(17,24)(9,24)(9,7)(8,7)(8,9)(0,9)
Polygon:
(0,0)(36,0)(36,25)(20,25)(20,12)(7,12)(7,14)(0,14)
Polygon:
(0,0)(14,0)(14,19)(4,19)(4,13)(3,13)(3,15)(0,15)
Polygon:
(0,0)(35,0)(35,6)(20,6)(20,5)(13,5)(13,10)(0,10)
Polygon:
(0,0)(30,0)(30,26)(28,26)(28,11)(12,11)(12,17)(0,17)
Polygon:
(0,0)(31,0)(31,11)(17,11)(17,9)(7,9)(7,16)(0,16)
Polygon:
(0,0)(25,0)(25,36)(20,36)(20,18)(16,18)(16,22)(0,22)
Polygon:
(0,0)(15,0)(15,14)(5,14)(5,1)(3,1)(3,5)(0,5)
Polygon:
(0,0)(25,0)(25,15)(20,15)(20,11)(18,11)(18,18)(0,18)
Polygon:
(0,0)(38,0)(38,28)(23,28)(23,10)(9,10)(9,17)(0,17)
Polygon:
(0,0)(38,0)(38,15)(21,15)(21,9)(17,9)(17,26)(0,26)
Polygon:
(0,0)(27,0)(27,9)(14,9)(14,3)(13,3)(13,11)(0,11)
Polygon:
(0,0)(19,0)(19,21)(14,21)(14,5)(10,5)(10,9)(0,9)
Polygon:
(0,0)(8,0)(8,21)(2,21)(2,6)(1,6)(1,12)(0,12)
Polygon:
(0,0)(27,0)(27,12)(25,12)(25,4)(10,4)(10,10)(0,10)
Polygon:
(0,0)(23,0)(23,21)(20,21)(20,12)(7,12)(7,26)(0,26)
Polygon:
(0,0)(24,0)(24,6)(19,6)(19,4)(14,4)(14,17)(0,17)
Polygon:
(0,0)(32,0)(32,20)(19,20)(19,8)(5,8)(5,18)(0,18)
Polygon:
(0,0)(28,0)(28,16)(19,16)(19,6)(18,6)(18,15)(0,15)
Polygon:
(0,0)(19,0)(19,19)(15,19)(15,14)(11,14)(11,17)(0,17)
Polygon:
(0,0)(29,0)(29,5)(24,5)(24,2)(13,2)(13,17)(0,17)
Polygon:
(0,0)(36,0)(36,20)(19,20)(19,5)(4,5)(4,10)(0,10)
Polygon:
(0,0)(39,0)(39,16)(33,16)(33,6)(18,6)(18,7)(0,7)
Polygon:
(0,0)(35,0)(35,18)(18,18)(18,3)(3,3)(3,15)(0,15)
Polygon:
(0,0)(32,0)(32,13)(29,13)(29,9)(11,9)(11,23)(0,23)
Polygon:
(0,0)(36,0)(36,20)(18,20)(18,8)(9,8)(9,10)(0,10)
Polygon:
(0,0)(32,0)(32,3)(23,3)(23,1)(18,1)(18,9)(0,9)
Polygon:
(0,0)(28,0)(28,15)(27,15)(27,1)(18,1)(18,2)(0,2)
Polygon:
(0,0)(26,0)(26,11)(22,11)(22,2)(10,2)(10,13)(0,13)
Polygon:
(0,0)(30,0)(30,18)(20,18)(20,11)(10,11)(10,13)(0,13)
Polygon:
(0,0)(33,0)(33,22)(17,22)(17,12)(3,12)(3,15)(0,15)
Polygon:
(0,0)(19,0)(19,18)(8,18)(8,15)(1,15)(1,16)(0,16)
Polygon:
(0,0)(6,0)(6,16)(5,16)(5,11)(3,11)(3,18)(0,18)
Polygon:
(0,0)(28,0)(28,3)(24,3)(24,1)(18,1)(18,17)(0,17)
Polygon:
(0,0)(40,0)(40,23)(22,23)(22,11)(4,11)(4,13)(0,13)
Polygon:
(0,0)(37,0)(37,23)(21,23)(21,14)(3,14)(3,17)(0,17)
Polygon:
(0,0)(18,0)(18,35)(13,35)(13,18)(12,18)(12,35)(0,35)
Polygon:
(0,0)(26,0)(26,12)(25,12)(25,6)(7,6)(7,12)(0,12)
Polygon:
(0,0)(41,0)(41,17)(28,17)(28,7)(15,7)(15,17)(0,17)
Polygon:
(0,0)(24,0)(24,15)(14,15)(14,2)(12,2)(12,13)(0,13)
Polygon:
(0,0)(28,0)(28,22)(11,22)(11,9)(1,9)(1,11)(0,11)
Polygon:
(0,0)(36,0)(36,12)(18,12)(18,5)(13,5)(13,12)(0,12)
Polygon:
(0,0)(20,0)(20,25)(19,25)(19,13)(2,13)(2,31)(0,31)
Polygon:
(0,0)(24,0)(24,14)(20,14)(20,1)(5,1)(5,15)(0,15)
Polygon:
(0,0)(23,0)(23,3)(16,3)(16,2)(1,2)(1,3)(0,3)
Polygon:
(0,0)(29,0)(29,27)(25,27)(25,9)(10,9)(10,15)(0,15)
Polygon:
(0,0)(31,0)(31,15)(16,15)(16,9)(10,9)(10,16)(0,16)
Polygon:
(0,0)(16,0)(16,17)(7,17)(7,4)(1,4)(1,8)(0,8)
Polygon:
(0,0)(22,0)(22,12)(14,12)(14,3)(8,3)(8,18)(0,18)
Polygon:
(0,0)(42,0)(42,17)(28,17)(28,3)(16,3)(16,12)(0,12)
Polygon:
(0,0)(23,0)(23,15)(13,15)(13,5)(6,5)(6,16)(0,16)
Polygon:
(0,0)(16,0)(16,21)(15,21)(15,7)(10,7)(10,14)(0,14)
Polygon:
(0,0)(34,0)(34,19)(17,19)(17,14)(5,14)(5,30)(0,30)
Polygon:
(0,0)(30,0)(30,12)(19,12)(19,6)(9,6)(9,10)(0,10)
Polygon:
(0,0)(22,0)(22,15)(11,15)(11,6)(9,6)(9,9)(0,9)
Polygon:
(0,0)(25,0)(25,24)(19,24)(19,10)(17,10)(17,17)(0,17)
Polygon:
(0,0)(23,0)(23,22)(10,22)(10,10)(6,10)(6,28)(0,28)
Polygon:
(0,0)(25,0)(25,17)(18,17)(18,1)(15,1)(15,14)(0,14)
Polygon:
(0,0)(24,0)(24,18)(8,18)(8,2)(4,2)(4,10)(0,10)
Polygon:
(0,0)(34,0)(34,18)(17,18)(17,16)(4,16)(4,17)(0,17)
Polygon:
(0,0)(20,0)(20,12)(11,12)(11,1)(3,1)(3,13)(0,13)
Polygon:
(0,0)(29,0)(29,28)(18,28)(18,10)(1,10)(1,18)(0,18)
Polygon:
(0,0)(35,0)(35,10)(17,10)(17,1)(9,1)(9,5)(0,5)
Polygon:
(0,0)(34,0)(34,16)(27,16)(27,9)(13,9)(13,15)(0,15)
Polygon:
(0,0)(35,0)(35,20)(22,20)(22,9)(15,9)(15,13)(0,13)
Polygon:
(0,0)(19,0)(19,25)(12,25)(12,9)(11,9)(11,10)(0,10)
Polygon:
(0,0)(11,0)(11,18)(9,18)(9,5)(4,5)(4,17)(0,17)
Polygon:
(0,0)(32,0)(32,19)(22,19)(22,5)(4,5)(4,17)(0,17)
Polygon:
(0,0)(27,0)(27,15)(17,15)(17,3)(6,3)(6,6)(0,6)
Polygon:
(0,0)(45,0)(45,8)(27,8)(27,4)(11,4)(11,15)(0,15)
Polygon:
(0,0)(36,0)(36,19)(21,19)(21,2)(7,2)(7,9)(0,9)
Polygon:
(0,0)(25,0)(25,24)(18,24)(18,10)(9,10)(9,11)(0,11)
Polygon:
(0,0)(23,0)(23,21)(8,21)(8,5)(6,5)(6,6)(0,6)
Polygon:
(0,0)(22,0)(22,26)(4,26)(4,10)(2,10)(2,12)(0,12)
Polygon:
(0,0)(15,0)(15,15)(12,15)(12,11)(6,11)(6,15)(0,15)
Polygon:
(0,0)(6,0)(6,13)(2,13)(2,12)(1,12)(1,13)(0,13)
Polygon:
(0,0)(38,0)(38,22)(32,22)(32,10)(18,10)(18,12)(0,12)
Polygon:
(0,0)(36,0)(36,17)(24,17)(24,4)(17,4)(17,18)(0,18)
Polygon:
(0,0)(29,0)(29,22)(19,22)(19,6)(2,6)(2,7)(0,7)
Polygon:
(0,0)(30,0)(30,27)(18,27)(18,16)(9,16)(9,18)(0,18)
Polygon:
(0,0)(19,0)(19,26)(10,26)(10,10)(9,10)(9,11)(0,11)
Polygon:
(0,0)(34,0)(34,25)(17,25)(17,8)(8,8)(8,14)(0,14)
Polygon:
(0,0)(41,0)(41,7)(29,7)(29,6)(14,6)(14,14)(0,14)
Polygon:
(0,0)(33,0)(33,16)(19,16)(19,9)(12,9)(12,16)(0,16)
Polygon:
(0,0)(16,0)(16,10)(9,10)(9,2)(7,2)(7,16)(0,16)
Polygon:
(0,0)(27,0)(27,11)(20,11)(20,7)(9,7)(9,12)(0,12)
Polygon:
(0,0)(29,0)(29,12)(20,12)(20,2)(17,2)(17,18)(0,18)
Polygon:
(0,0)(41,0)(41,31)(25,31)(25,13)(9,13)(9,18)(0,18)
Polygon:
(0,0)(35,0)(35,17)(32,17)(32,4)(16,4)(16,15)(0,15)
Polygon:
(0,0)(21,0)(21,26)(11,26)(11,8)(5,8)(5,17)(0,17)
Polygon:
(0,0)(15,0)(15,5)(14,5)(14,1)(2,1)(2,11)(0,11)
Polygon:
(0,0)(38,0)(38,14)(31,14)(31,2)(17,2)(17,11)(0,11)
Polygon:
(0,0)(37,0)(37,6)(25,6)(25,1)(8,1)(8,13)(0,13)
Polygon:
(0,0)(21,0)(21,24)(19,24)(19,6)(12,6)(12,18)(0,18)
Polygon:
(0,0)(44,0)(44,27)(26,27)(26,12)(18,12)(18,13)(0,13)
Polygon:
(0,0)(23,0)(23,12)(17,12)(17,3)(13,3)(13,11)(0,11)
Polygon:
(0,0)(32,0)(32,11)(21,11)(21,8)(11,8)(11,16)(0,16)
Polygon:
(0,0)(26,0)(26,11)(18,11)(18,5)(7,5)(7,15)(0,15)
Polygon:
(0,0)(34,0)(34,10)(19,10)(19,6)(13,6)(13,10)(0,10)
Polygon:
(0,0)(41,0)(41,22)(25,22)(25,11)(14,11)(14,18)(0,18)
Polygon:
(0,0)(26,0)(26,4)(21,4)(21,2)(5,2)(5,13)(0,13)
Polygon:
(0,0)(6,0)(6,3)(0,3)
Polygon:
(0,0)(5,0)(5,5)(2,5)(2,7)(0,7)
Polygon:
(0,0)(30,0)(30,18)(22,18)(22,28)(7,28)(7,16)(0,16)
Polygon:
(0,0)(28,0)(28,1)(16,1)(16,18)(0,18)
Polygon:
(0,0)(31,0)(31,23)(17,23)(17,26)(4,26)(4,8)(0,8)
Polygon:
(0,0)(5,0)(5,11)(0,11)
Polygon:
(0,0)(4,0)(4,4)(0,4)
Polygon:
(0,0)(18,0)(18,3)(17,3)(17,21)(0,21)
Polygon:
(0,0)(9,0)(9,3)(0,3)
Polygon:
(0,0)(13,0)(13,15)(11,15)(11,32)(0,32)
Polygon:
(0,0)(17,0)(17,16)(0,16)
Polygon:
(0,0)(4,0)(4,4)(0,4)
Polygon:
(0,0)(18,0)(18,17)(5,17)(5,23)(0,23)
Polygon:
(0,0)(28,0)(28,13)(14,13)(14,21)(0,21)
Polygon:
(0,0)(1,0)(1,14)(0,14)
Polygon:
(0,0)(33,0)(33,15)(22,15)(22,18)(15,18)(15,5)(0,5)
Polygon:
(0,0)(5,0)(5,2)(1,2)(1,3)(0,3)
Polygon:
(0,0)(21,0)(21,11)(7,11)(7,13)(5,13)(5,6)(0,6)
Polygon:
(0,0)(17,0)(17,17)(5,17)(5,26)(1,26)(1,13)(0,13)
Polygon:
(0,0)(3,0)(3,12)(0,12)
Polygon:
(0,0)(7,0)(7,2)(0,2)
Polygon:
(0,0)(1,0)(1,11)(0,11)
Polygon:
(0,0)(13,0)(13,3)(0,3)
Polygon:
(0,0)(7,0)(7,3)(0,3)
Polygon:
(0,0)(16,0)(16,1)(0,1)
Polygon:
(0,0)(16,0)(16,19)(12,19)(12,26)(9,26)(9,13)(0,13)
Polygon:
(0,0)(8,0)(8,2)(3,2)(3,12)(0,12)
Polygon:
(0,0)(1,0)(1,4)(0,4)
Polygon:
(0,0)(10,0)(10,14)(0,14)
Polygon:
(0,0)(15,0)(15,16)(1,16)(1,30)(0,30)
Polygon:
(0,0)(22,0)(22,9)(4,9)(4,20)(0,20)
Polygon:
(0,0)(14,0)(14,18)(4,18)(4,36)(0,36)
Polygon:
(0,0)(1,0)(1,7)(0,7)
Polygon:
(0,0)(5,0)(5,16)(0,16)
Polygon:
(0,0)(20,0)(20,6)(12,6)(12,23)(0,23)
Polygon:
(0,0)(22,0)(22,12)(8,12)(8,19)(7,19)(7,14)(0,14)
Polygon:
(0,0)(24,0)(24,10)(12,10)(12,26)(0,26)
Polygon:
(0,0)(20,0)(20,11)(17,11)(17,29)(5,29)(5,15)(0,15)
Polygon:
(0,0)(7,0)(7,12)(0,12)
Polygon:
(0,0)(18,0)(18,16)(0,16)
Polygon:
(0,0)(8,0)(8,13)(0,13)
Polygon:
(0,0)(20,0)(20,5)(10,5)(10,14)(0,14)
Polygon:
(0,0)(6,0)(6,8)(1,8)(1,12)(0,12)
Polygon:
(0,0)(48,0)(48,9)(34,9)(34,19)(18,19)(18,2)(0,2)
Polygon:
(0,0)(17,0)(17,7)(0,7)
Polygon:
(0,0)(8,0)(8,1)(0,1)
Polygon:
(0,0)(8,0)(8,14)(0,14)
Polygon:
(0,0)(25,0)(25,6)(14,6)(14,15)(3,15)(3,7)(0,7)
Polygon:
(0,0)(9,0)(9,2)(0,2)
Polygon:
(0,0)(20,0)(20,7)(14,7)(14,10)(0,10)
Polygon:
(0,0)(29,0)(29,7)(14,7)(14,10)(0,10)
Polygon:
(0,0)(4,0)(4,12)(0,12)
Polygon:
(0,0)(44,0)(44,4)(34,4)(34,15)(17,15)(17,13)(0,13)
Polygon:
(0,0)(14,0)(14,14)(0,14)
Polygon:
(0,0)(5,0)(5,3)(0,3)
Polygon:
(0,0)(11,0)(11,3)(4,3)(4,18)(0,18)
Polygon:
(0,0)(35,0)(35,9)(20,9)(20,26)(15,26)(15,11)(0,11)
Polygon:
(0,0)(23,0)(23,7)(16,7)(16,8)(11,8)(11,4)(0,4)
Polygon:
(0,0)(10,0)(10,15)(0,15)
Polygon:
(0,0)(13,0)(13,10)(4,10)(4,12)(0,12)
Polygon:
(0,0)(25,0)(25,2)(10,2)(10,18)(1,18)(1,5)(0,5)
Polygon:
(0,0)(3,0)(3,13)(0,13)
Polygon:
(0,0)(29,0)(29,8)(16,8)(16,11)(1,11)(1,3)(0,3)
Polygon:
(0,0)(27,0)(27,8)(23,8)(23,13)(18,13)(18,6)(0,6)
Polygon:
(0,0)(13,0)(13,5)(8,5)(8,7)(0,7)
Polygon:
(0,0)(16,0)(16,14)(0,14)
Polygon:
(0,0)(29,0)(29,5)(20,5)(20,13)(10,13)(10,1)(0,1)
Polygon:
(0,0)(4,0)(4,2)(0,2)
Polygon:
(0,0)(29,0)(29,16)(13,16)(13,32)(3,32)(3,14)(0,14)
Polygon:
(0,0)(1,0)(1,15)(0,15)
Polygon:
(0,0)(34,0)(34,4)(19,4)(19,9)(7,9)(7,6)(0,6)
Polygon:
(0,0)(18,0)(18,9)(0,9)
Polygon:
(0,0)(3,0)(3,1)(0,1)
Polygon:
(0,0)(11,0)(11,12)(0,12)
Polygon:
(0,0)(33,0)(33,15)(19,15)(19,25)(8,25)(8,17)(0,17)
Polygon:
(0,0)(39,0)(39,11)(21,11)(21,16)(4,16)(4,7)(0,7)
Polygon:
(0,0)(13,0)(13,8)(0,8)
Polygon:
(0,0)(18,0)(18,8)(0,8)
Polygon:
(0,0)(15,0)(15,6)(0,6)
Polygon:
(0,0)(14,0)(14,13)(0,13)
Polygon:
(0,0)(4,0)(4,7)(0,7)
Polygon:
(0,0)(18,0)(18,16)(0,16)
Polygon:
(0,0)(5,0)(5,3)(3,3)(3,13)(2,13)(2,1)(0,1)
Polygon:
(0,0)(7,0)(7,14)(0,14)
Polygon:
(0,0)(14,0)(14,9)(0,9)
Polygon:
(0,0)(13,0)(13,18)(8,18)(8,31)(0,31)
Polygon:
(0,0)(28,0)(28,8)(15,8)(15,14)(4,14)(4,12)(0,12)
Polygon:
(0,0)(26,0)(26,29)(22,29)(22,31)(11,31)(11,13)(0,13)
Polygon:
(0,0)(11,0)(11,9)(0,9)
Polygon:
(0,0)(24,0)(24,6)(17,6)(17,9)(0,9)
Polygon:
(0,0)(18,0)(18,23)(17,23)(17,28)(1,28)(1,15)(0,15)
Polygon:
(0,0)(15,0)(15,13)(4,13)(4,31)(0,31)
Polygon:
(0,0)(11,0)(11,11)(0,11)
Polygon:
(0,0)(14,0)(14,10)(0,10)
Polygon:
(0,0)(16,0)(16,11)(5,11)(5,24)(4,24)(4,15)(0,15)
Polygon:
(0,0)(35,0)(35,22)(33,22)(33,25)(15,25)(15,9)(0,9)
Polygon:
(0,0)(8,0)(8,14)(0,14)
Polygon:
(0,0)(34,0)(34,18)(26,18)(26,28)(14,28)(14,12)(0,12)
Polygon:
(0,0)(14,0)(14,18)(6,18)(6,26)(0,26)
Polygon:
(0,0)(3,0)(3,1)(0,1)
Polygon:
(0,0)(20,0)(20,18)(9,18)(9,36)(0,36)
Polygon:
(0,0)(6,0)(6,13)(0,13)
Polygon:
(0,0)(9,0)(9,10)(0,10)
Polygon:
(0,0)(21,0)(21,8)(14,8)(14,22)(0,22)
Polygon:
(0,0)(4,0)(4,7)(3,7)(3,22)(0,22)
Polygon:
(0,0)(49,0)(49,6)(35,6)(35,23)(17,23)(17,11)(0,11)
Polygon:
(0,0)(11,0)(11,4)(9,4)(9,8)(1,8)(1,7)(0,7)
Polygon:
(0,0)(30,0)(30,7)(23,7)(23,23)(7,23)(7,11)(0,11)
Polygon:
(0,0)(33,0)(33,14)(16,14)(16,22)(0,22)
Polygon:
(0,0)(1,0)(1,12)(0,12)
Polygon:
(0,0)(15,0)(15,15)(0,15)
Polygon:
(0,0)(11,0)(11,13)(8,13)(8,30)(0,30)
Polygon:
(0,0)(24,0)(24,6)(14,6)(14,10)(0,10)
Polygon:
(0,0)(2,0)(2,8)(0,8)
Polygon:
(0,0)(15,0)(15,9)(0,9)
Polygon:
(0,0)(7,0)(7,9)(0,9)
Polygon:
(0,0)(4,0)(4,13)(0,13)
Polygon:
(0,0)(1,0)(1,11)(0,11)
Polygon:
(0,0)(18,0)(18,4)(0,4)
Polygon:
(0,0)(21,0)(21,6)(17,6)(17,17)(2,17)(2,3)(0,3)
Polygon:
(0,0)(10,0)(10,3)(0,3)
Polygon:
(0,0)(8,0)(8,4)(0,4)
Polygon:
(0,0)(24,0)(24,5)(14,5)(14,7)(0,7)
Polygon:
(0,0)(37,0)(37,17)(21,17)(21,24)(8,24)(8,15)(0,15)
Polygon:
(0,0)(28,0)(28,11)(11,11)(11,20)(0,20)
Polygon:
(0,0)(28,0)(28,14)(22,14)(22,18)(4,18)(4,5)(0,5)
Polygon:
(0,0)(11,0)(11,15)(0,15)
Polygon:
(0,0)(16,0)(16,15)(0,15)
Polygon:
(0,0)(25,0)(25,5)(22,5)(22,13)(7,13)(7,6)(0,6)
Polygon:
(0,0)(11,0)(11,13)(0,13)
Polygon:
(0,0)(15,0)(15,7)(0,7)
Polygon:
(0,0)(8,0)(8,18)(0,18)
Polygon:
(0,0)(5,0)(5,13)(0,13)
Polygon:
(0,0)(2,0)(2,10)(0,10)
Polygon:
(0,0)(8,0)(8,1)(0,1)
Polygon:
(0,0)(13,0)(13,6)(0,6)
Polygon:
(0,0)(5,0)(5,13)(0,13)
Polygon:
(0,0)(23,0)(23,1)(11,1)(11,12)(0,12)
Polygon:
(0,0)(26,0)(26,15)(22,15)(22,27)(7,27)(7,14)(0,14)
Polygon:
(0,0)(26,0)(26,7)(21,7)(21,23)(5,23)(5,16)(0,16)
Polygon:
(0,0)(1,0)(1,4)(0,4)
Polygon:
(0,0)(6,0)(6,15)(0,15)
Polygon:
(0,0)(15,0)(15,17)(0,17)
Polygon:
(0,0)(14,0)(14,6)(0,6)
Polygon:
(0,0)(18,0)(18,11)(0,11)
Polygon:
(0,0)(14,0)(14,18)(0,18)
Polygon:
(0,0)(16,0)(16,18)(10,18)(10,20)(0,20)
Polygon:
(0,0)(2,0)(2,12)(0,12)
Polygon:
(0,0)(9,0)(9,12)(0,12)
Polygon:
(0,0)(16,0)(16,20)(15,20)(15,29)(14,29)(14,17)(0,17)
Polygon:
(0,0)(7,0)(7,9)(0,9)
Polygon:
(0,0)(4,0)(4,9)(0,9)
Polygon:
(0,0)(27,0)(27,8)(18,8)(18,21)(3,21)(3,7)(0,7)
Polygon:
(0,0)(40,0)(40,12)(28,12)(28,29)(14,29)(14,15)(0,15)
Polygon:
(0,0)(14,0)(14,4)(0,4)
Polygon:
(0,0)(16,0)(16,5)(0,5)
Polygon:
(0,0)(9,0)(9,29)(6,29)(6,34)(2,34)(2,17)(0,17)
Polygon:
(0,0)(5,0)(5,6)(0,6)
Polygon:
(0,0)(13,0)(13,11)(0,11)
Polygon:
(0,0)(9,0)(9,5)(0,5)
Polygon:
(0,0)(39,0)(39,19)(21,19)(21,31)(4,31)(4,13)(0,13)
Polygon:
(0,0)(19,0)(19,9)(15,9)(15,20)(0,20)
Polygon:
(0,0)(20,0)(20,1)(15,1)(15,2)(0,2)
Polygon:
(0,0)(6,0)(6,8)(0,8)
Polygon:
(0,0)(20,0)(20,18)(18,18)(18,23)(0,23)
Polygon:
(0,0)(26,0)(26,14)(25,14)(25,15)(11,15)(11,14)(0,14)
Polygon:
(0,0)(23,0)(23,24)(12,24)(12,31)(6,31)(6,15)(0,15)
Polygon:
(0,0)(11,0)(11,18)(0,18)
Polygon:
(0,0)(37,0)(37,8)(21,8)(21,26)(15,26)(15,15)(0,15)
Polygon:
(0,0)(34,0)(34,25)(21,25)(21,29)(8,29)(8,16)(0,16)
Polygon:
(0,0)(10,0)(10,13)(7,13)(7,21)(0,21)
Polygon:
(0,0)(30,0)(30,13)(18,13)(18,25)(5,25)(5,15)(0,15)
Polygon:
(0,0)(33,0)(33,8)(30,8)(30,17)(15,17)(15,13)(0,13)
Polygon:
(0,0)(9,0)(9,7)(7,7)(7,25)(0,25)
Polygon:
(0,0)(13,0)(13,18)(0,18)
Polygon:
(0,0)(6,0)(6,8)(0,8)
Polygon:
(0,0)(10,0)(10,2)(0,2)
Polygon:
(0,0)(18,0)(18,3)(11,3)(11,10)(3,10)(3,1)(0,1)
Polygon:
(0,0)(16,0)(16,17)(0,17)
Polygon:
(0,0)(29,0)(29,18)(14,18)(14,31)(0,31)
Polygon:
(0,0)(6,0)(6,12)(0,12)
Polygon:
(0,0)(15,0)(15,13)(12,13)(12,15)(0,15)
Polygon:
(0,0)(2,0)(2,6)(0,6)
Polygon:
(0,0)(24,0)(24,17)(9,17)(9,33)(0,33)
Polygon:
(0,0)(25,0)(25,17)(8,17)(8,19)(0,19)
Polygon:
(0,0)(12,0)(12,11)(0,11)
Polygon:
(0,0)(30,0)(30,8)(21,8)(21,19)(12,19)(12,3)(0,3)
Polygon:
(0,0)(28,0)(28,6)(21,6)(21,20)(4,20)(4,3)(0,3)
Polygon:
(0,0)(10,0)(10,10)(0,10)
Polygon:
(0,0)(8,0)(8,4)(0,4)
Polygon:
(0,0)(18,0)(18,12)(0,12)
Polygon:
(0,0)(36,0)(36,15)(18,15)(18,16)(16,16)(16,5)(0,5)
Polygon:
(0,0)(25,0)(25,3)(16,3)(16,20)(0,20)
Polygon:
(0,0)(30,0)(30,20)(19,20)(19,22)(2,22)(2,4)(0,4)
Polygon:
(0,0)(20,0)(20,10)(7,10)(7,20)(6,20)(6,4)(0,4)
Polygon:
(0,0)(15,0)(15,7)(0,7)
Polygon:
(0,0)(21,0)(21,3)(17,3)(17,14)(12,14)(12,11)(0,11)
Polygon:
(0,0)(24,0)(24,21)(7,21)(7,30)(6,30)(6,17)(0,17)
Polygon:
(0,0)(7,0)(7,3)(0,3)
Polygon:
(0,0)(3,0)(3,5)(0,5)
Polygon:
(0,0)(7,0)(7,6)(0,6)
Polygon:
(0,0)(19,0)(19,17)(13,17)(13,29)(0,29)
Polygon:
(0,0)(10,0)(10,16)(0,16)
Polygon:
(0,0)(21,0)(21,16)(19,16)(19,30)(17,30)(17,13)(0,13)
Polygon:
(0,0)(18,0)(18,14)(0,14)
Polygon:
(0,0)(3,0)(3,1)(0,1)
Polygon:
(0,0)(16,0)(16,11)(0,11)
Polygon:
(0,0)(34,0)(34,15)(18,15)(18,18)(0,18)
Polygon:
(0,0)(15,0)(15,1)(2,1)(2,5)(0,5)
Polygon:
(0,0)(14,0)(14,14)(0,14)
Polygon:
(0,0)(13,0)(13,24)(9,24)(9,26)(8,26)(8,14)(0,14)
Polygon:
(0,0)(11,0)(11,5)(0,5)
Polygon:
(0,0)(25,0)(25,3)(13,3)(13,13)(12,13)(12,2)(0,2)
Polygon:
(0,0)(17,0)(17,14)(0,14)
Polygon:
(0,0)(3,0)(3,17)(0,17)
Polygon:
(0,0)(12,0)(12,2)(11,2)(11,18)(0,18)
Polygon:
(0,0)(14,0)(14,17)(0,17)
Polygon:
(0,0)(15,0)(15,13)(8,13)(8,15)(0,15)
Polygon:
(0,0)(11,0)(11,13)(10,13)(10,15)(0,15)
Polygon:
(0,0)(15,0)(15,17)(0,17)
Polygon:
(0,0)(35,0)(35,8)(18,8)(18,21)(0,21)
Polygon:
(0,0)(40,0)(40,11)(25,11)(25,14)(15,14)(15,2)(0,2)
Polygon:
(0,0)(8,0)(8,4)(5,4)(5,7)(2,7)(2,4)(0,4)
Polygon:
(0,0)(15,0)(15,3)(0,3)
Polygon:
(0,0)(49,0)(49,22)(34,22)(34,36)(16,36)(16,18)(0,18)
Polygon:
(0,0)(10,0)(10,17)(0,17)
Polygon:
(0,0)(34,0)(34,13)(17,13)(17,15)(0,15)
Polygon:
(0,0)(9,0)(9,7)(0,7)
Polygon:
(0,0)(39,0)(39,23)(22,23)(22,34)(18,34)(18,16)(0,16)
Polygon:
(0,0)(17,0)(17,11)(0,11)
Polygon:
(0,0)(27,0)(27,5)(18,5)(18,14)(11,14)(11,6)(0,6)
Polygon:
(0,0)(31,0)(31,15)(13,15)(13,24)(0,24)
Polygon:
(0,0)(9,0)(9,6)(0,6)
Polygon:
(0,0)(26,0)(26,8)(8,8)(8,15)(0,15)
Polygon:
(0,0)(13,0)(13,15)(10,15)(10,28)(0,28)
Polygon:
(0,0)(8,0)(8,7)(0,7)
Polygon:
(0,0)(25,0)(25,8)(9,8)(9,15)(3,15)(3,14)(0,14)
Polygon:
(0,0)(16,0)(16,2)(6,2)(6,11)(0,11)
Polygon:
(0,0)(20,0)(20,16)(12,16)(12,31)(0,31)
Polygon:
(0,0)(8,0)(8,17)(0,17)
Polygon:
(0,0)(5,0)(5,2)(0,2)
Polygon:
(0,0)(2,0)(2,18)(0,18)
Polygon:
(0,0)(17,0)(17,18)(0,18)
Polygon:
(0,0)(8,0)(8,18)(7,18)(7,34)(0,34)
Polygon:
(0,0)(14,0)(14,8)(4,8)(4,26)(0,26)
Polygon:
(0,0)(11,0)(11,10)(0,10)
Polygon:
(0,0)(7,0)(7,4)(0,4)
Polygon:
(0,0)(15,0)(15,15)(0,15)
Polygon:
(0,0)(14,0)(14,16)(0,16)
Polygon:
(0,0)(26,0)(26,3)(8,3)(8,10)(0,10)
Polygon:
(0,0)(14,0)(14,12)(7,12)(7,13)(0,13)
Polygon:
(0,0)(9,0)(9,18)(0,18)
Polygon:
(0,0)(15,0)(15,17)(0,17)
Polygon:
(0,0)(4,0)(4,8)(0,8)
Polygon:
(0,0)(10,0)(10,5)(0,5)
Polygon:
(0,0)(14,0)(14,7)(0,7)
Polygon:
(0,0)(6,0)(6,18)(0,18)
Polygon:
(0,0)(30,0)(30,13)(27,13)(27,17)(12,17)(12,15)(0,15)
Polygon:
(0,0)(20,0)(20,10)(14,10)(14,23)(0,23)
Polygon:
(0,0)(16,0)(16,15)(0,15)
Polygon:
(0,0)(13,0)(13,5)(0,5)
Polygon:
(0,0)(20,0)(20,13)(5,13)(5,30)(0,30)
Polygon:
(0,0)(2,0)(2,16)(0,16)
Polygon:
(0,0)(10,0)(10,6)(0,6)
Polygon:
(0,0)(8,0)(8,12)(0,12)
Polygon:
(0,0)(17,0)(17,14)(0,14)
Polygon:
(0,0)(19,0)(19,5)(6,5)(6,13)(0,13)
Polygon:
(0,0)(32,0)(32,4)(16,4)(16,16)(4,16)(4,13)(0,13)
Polygon:
(0,0)(17,0)(17,13)(0,13)
Polygon:
(0,0)(10,0)(10,12)(5,12)(5,26)(0,26)
Polygon:
(0,0)(2,0)(2,15)(0,15)
Polygon:
(0,0)(9,0)(9,15)(0,15)
Polygon:
(0,0)(10,0)(10,15)(0,15)
Polygon:
(0,0)(14,0)(14,17)(13,17)(13,19)(5,19)(5,17)(0,17)
Polygon:
(0,0)(12,0)(12,2)(11,2)(11,6)(0,6)
Polygon:
(0,0)(22,0)(22,33)(5,33)(5,35)(1,35)(1,17)(0,17)
Polygon:
(0,0)(23,0)(23,25)(5,25)(5,32)(3,32)(3,14)(0,14)
Polygon:
(0,0)(26,0)(26,3)(12,3)(12,16)(0,16)
Polygon:
(0,0)(28,0)(28,16)(15,16)(15,23)(8,23)(8,8)(0,8)
Polygon:
(0,0)(20,0)(20,3)(6,3)(6,5)(0,5)
Polygon:
(0,0)(13,0)(13,8)(0,8)
Polygon:
(0,0)(23,0)(23,1)(8,1)(8,12)(0,12)
Polygon:
(0,0)(24,0)(24,17)(16,17)(16,19)(0,19)
Polygon:
(0,0)(10,0)(10,3)(0,3)
Polygon:
(0,0)(3,0)(3,10)(0,10)
Polygon:
(0,0)(10,0)(10,12)(2,12)(2,28)(0,28)
Polygon:
(0,0)(14,0)(14,10)(10,10)(10,28)(8,28)(8,17)(0,17)
Polygon:
(0,0)(32,0)(32,10)(22,10)(22,14)(17,14)(17,2)(0,2)
Polygon:
(0,0)(24,0)(24,5)(7,5)(7,8)(0,8)
Polygon:
(0,0)(3,0)(3,2)(0,2)
Polygon:
(0,0)(7,0)(7,6)(0,6)
Polygon:
(0,0)(10,0)(10,13)(0,13)
Polygon:
(0,0)(6,0)(6,4)(1,4)(1,17)(0,17)
Polygon:
(0,0)(13,0)(13,12)(7,12)(7,28)(0,28)
Polygon:
(0,0)(31,0)(31,14)(16,14)(16,20)(0,20)
Polygon:
(0,0)(11,0)(11,5)(7,5)(7,18)(3,18)(3,12)(0,12)
Polygon:
(0,0)(29,0)(29,7)(12,7)(12,22)(7,22)(7,10)(0,10)
Polygon:
(0,0)(35,0)(35,10)(24,10)(24,26)(6,26)(6,8)(0,8)
Polygon:
(0,0)(11,0)(11,7)(0,7)
Polygon:
(0,0)(8,0)(8,14)(0,14)
Polygon:
(0,0)(6,0)(6,18)(0,18)
Polygon:
(0,0)(4,0)(4,12)(0,12)
Polygon:
(0,0)(6,0)(6,16)(0,16)
Polygon:
(0,0)(4,0)(4,18)(0,18)
Polygon:
(0,0)(12,0)(12,7)(0,7)
Polygon:
(0,0)(18,0)(18,13)(0,13)
Polygon:
(0,0)(18,0)(18,19)(7,19)(7,34)(3,34)(3,16)(0,16)
Polygon:
(0,0)(18,0)(18,4)(0,4)
Polygon:
(0,0)(13,0)(13,8)(0,8)
Polygon:
(0,0)(5,0)(5,4)(0,4)
Polygon:
(0,0)(28,0)(28,12)(20,12)(20,28)(4,28)(4,15)(0,15)
Polygon:
(0,0)(6,0)(6,2)(0,2)
Polygon:
(0,0)(24,0)(24,11)(13,11)(13,28)(2,28)(2,15)(0,15)
Polygon:
(0,0)(26,0)(26,12)(20,12)(20,29)(11,29)(11,15)(0,15)
Polygon:
(0,0)(10,0)(10,17)(0,17)
Polygon:
(0,0)(18,0)(18,8)(0,8)
Polygon:
(0,0)(32,0)(32,20)(29,20)(29,22)(13,22)(13,17)(0,17)
Polygon:
(0,0)(5,0)(5,2)(0,2)
Polygon:
(0,0)(17,0)(17,11)(0,11)
Polygon:
(0,0)(23,0)(23,18)(5,18)(5,24)(0,24)
Polygon:
(0,0)(16,0)(16,4)(0,4)
Polygon:
(0,0)(14,0)(14,8)(0,8)
Polygon:
(0,0)(17,0)(17,13)(14,13)(14,21)(4,21)(4,6)(0,6)
Polygon:
(0,0)(11,0)(11,12)(8,12)(8,20)(1,20)(1,4)(0,4)
Polygon:
(0,0)(17,0)(17,7)(5,7)(5,11)(0,11)
Polygon:
(0,0)(12,0)(12,10)(0,10)
Polygon:
(0,0)(13,0)(13,15)(5,15)(5,16)(0,16)
Polygon:
(0,0)(11,0)(11,6)(0,6)
Polygon:
(0,0)(14,0)(14,3)(12,3)(12,16)(2,16)(2,1)(0,1)
Polygon:
(0,0)(2,0)(2,3)(0,3)
Polygon:
(0,0)(5,0)(5,1)(0,1)
Polygon:
(0,0)(6,0)(6,11)(0,11)
Polygon:
(0,0)(25,0)(25,21)(22,21)(22,27)(14,27)(14,16)(0,16)
Polygon:
(0,0)(6,0)(6,5)(0,5)
Polygon:
(0,0)(25,0)(25,15)(18,15)(18,28)(0,28)
Polygon:
(0,0)(49,0)(49,1)(31,1)(31,15)(15,15)(15,12)(0,12)
Polygon:
(0,0)(15,0)(15,8)(9,8)(9,25)(0,25)
Polygon:
(0,0)(17,0)(17,15)(11,15)(11,33)(0,33)
Polygon:
(0,0)(29,0)(29,3)(28,3)(28,17)(15,17)(15,16)(0,16)
Polygon:
(0,0)(30,0)(30,2)(18,2)(18,18)(17,18)(17,11)(0,11)
Polygon:
(0,0)(10,0)(10,7)(0,7)
Polygon:
(0,0)(10,0)(10,18)(5,18)(5,34)(0,34)
Polygon:
(0,0)(22,0)(22,16)(6,16)(6,22)(0,22)
Polygon:
(0,0)(27,0)(27,6)(13,6)(13,24)(0,24)
Polygon:
(0,0)(14,0)(14,3)(0,3)
Polygon:
(0,0)(13,0)(13,4)(0,4)
Polygon:
(0,0)(7,0)(7,10)(0,10)
Polygon:
(0,0)(30,0)(30,13)(19,13)(19,15)(13,15)(13,1)(0,1)
Polygon:
(0,0)(15,0)(15,11)(0,11)
Polygon:
(0,0)(16,0)(16,14)(0,14)
Polygon:
(0,0)(16,0)(16,17)(0,17)
Polygon:
(0,0)(17,0)(17,12)(0,12)
Polygon:
(0,0)(18,0)(18,6)(14,6)(14,7)(0,7)
Polygon:
(0,0)(8,0)(8,6)(0,6)
Polygon:
(0,0)(14,0)(14,8)(0,8)
Polygon:
(0,0)(18,0)(18,10)(1,10)(1,13)(0,13)
Polygon:
(0,0)(26,0)(26,6)(22,6)(22,14)(11,14)(11,3)(0,3)
Polygon:
(0,0)(49,0)(49,8)(31,8)(31,26)(17,26)(17,11)(0,11)
Polygon:
(0,0)(12,0)(12,6)(0,6)
Polygon:
(0,0)(14,0)(14,9)(12,9)(12,20)(0,20)
