Polygon:
(0,0)(32,0)(32,17)(18,17)(18,13)(17,13)(17,15)(0,15)
Polygon:
(0,0)(26,0)(26,7)(21,7)(21,5)(12,5)(12,16)(0,16)
Polygon:
(0,0)(45,0)(45,14)(28,14)(28,6)(18,6)(18,16)(0,16)
Polygon:
(0,0)(50,0)(50,11)(32,11)(32,1)(17,1)(17,7)(0,7)
Polygon:
(0,0)(31,0)(31,8)(22,8)(22,7)(8,7)(8,18)(0,18)
Polygon:
(0,0)(24,0)(24,27)(18,27)(18,15)(13,15)(13,16)(0,16)
Polygon:
(0,0)(26,0)(26,27)(25,27)(25,14)(17,14)(17,17)(0,17)
Polygon:
(0,0)(30,0)(30,4)(20,4)(20,2)(8,2)(8,15)(0,15)
Polygon:
(0,0)(37,0)(37,10)(26,10)(26,7)(14,7)(14,10)(0,10)
Polygon:
(0,0)(38,0)(38,32)(23,32)(23,15)(15,15)(15,17)(0,17)
Polygon:
(0,0)(29,0)(29,8)(26,8)(26,5)(12,5)(12,10)(0,10)
Polygon:
(0,0)(13,0)(13,12)(11,12)(11,11)(6,11)(6,13)(0,13)
Polygon:
(0,0)(23,0)(23,13)(17,13)(17,5)(12,5)(12,9)(0,9)
Polygon:
(0,0)(23,0)(23,31)(12,31)(12,15)(4,15)(4,18)(0,18)
Polygon:
(0,0)(37,0)(37,17)(21,17)(21,8)(4,8)(4,15)(0,15)
Polygon:
(0,0)(34,0)(34,23)(21,23)(21,9)(15,9)(15,12)(0,12)
Polygon:
(0,0)(35,0)(35,24)(32,24)(32,6)(15,6)(15,10)(0,10)
Polygon:
(0,0)(22,0)(22,24)(11,24)(11,8)(6,8)(6,9)(0,9)
Polygon:
(0,0)(26,0)(26,9)(11,9)(11,3)(6,3)(6,5)(0,5)
Polygon:
(0,0)(28,0)(28,20)(23,20)(23,5)(11,5)(11,11)(0,11)
Polygon:
(0,0)(23,0)(23,15)(14,15)(14,2)(13,2)(13,12)(0,12)
Polygon:
(0,0)(42,0)(42,17)(26,17)(26,10)(17,10)(17,18)(0,18)
Polygon:
(0,0)(27,0)(27,26)(13,26)(13,10)(10,10)(10,12)(0,12)
Polygon:
(0,0)(32,0)(32,15)(15,15)(15,12)(2,12)(2,25)(0,25)
Polygon:
(0,0)(39,0)(39,20)(21,20)(21,6)(13,6)(13,10)(0,10)
Polygon:
(0,0)(23,0)(23,12)(20,12)(20,1)(18,1)(18,17)(0,17)
Polygon:
(0,0)(11,0)(11,11)(6,11)(6,3)(5,3)(5,14)(0,14)
Polygon:
(0,0)(38,0)(38,8)(33,8)(33,6)(15,6)(15,17)(0,17)
Polygon:
(0,0)(32,0)(32,3)(16,3)(16,2)(4,2)(4,10)(0,10)
Polygon:
(0,0)(27,0)(27,21)(25,21)(25,10)(8,10)(8,27)(0,27)
Polygon:
(0,0)(26,0)(26,13)(10,13)(10,3)(4,3)(4,4)(0,4)
Polygon:
(0,0)(35,0)(35,15)(17,15)(17,6)(2,6)(2,9)(0,9)
Polygon:
(0,0)(13,0)(13,19)(12,19)(12,13)(7,13)(7,14)(0,14)
Polygon:
(0,0)(18,0)(18,21)(10,21)(10,12)(5,12)(5,15)(0,15)
Polygon:
(0,0)(22,0)(22,12)(17,12)(17,6)(13,6)(13,18)(0,18)
Polygon:
(0,0)(13,0)(13,15)(4,15)(4,2)(1,2)(1,12)(0,12)
Polygon:
(0,0)(15,0)(15,19)(12,19)(12,7)(1,7)(1,8)(0,8)
Polygon:
(0,0)(14,0)(14,10)(5,10)(5,7)(3,7)(3,13)(0,13)
Polygon:
(0,0)(37,0)(37,21)(23,21)(23,15)(18,15)(18,18)(0,18)
Polygon:
(0,0)(30,0)(30,9)(20,9)(20,4)(8,4)(8,13)(0,13)
Polygon:
(0,0)(46,0)(46,9)(33,9)(33,6)(16,6)(16,15)(0,15)
Polygon:
(0,0)(26,0)(26,28)(18,28)(18,10)(4,10)(4,15)(0,15)
Polygon:
(0,0)(21,0)(21,8)(19,8)(19,4)(11,4)(11,15)(0,15)
Polygon:
(0,0)(29,0)(29,18)(11,18)(11,15)(4,15)(4,18)(0,18)
Polygon:
(0,0)(41,0)(41,10)(31,10)(31,9)(15,9)(15,18)(0,18)
Polygon:
(0,0)(31,0)(31,6)(29,6)(29,1)(13,1)(13,15)(0,15)
Polygon:
(0,0)(20,0)(20,23)(13,23)(13,8)(9,8)(9,14)(0,14)
Polygon:
(0,0)(25,0)(25,12)(20,12)(20,10)(9,10)(9,17)(0,17)
Polygon:
(0,0)(29,0)(29,20)(22,20)(22,4)(17,4)(17,8)(0,8)
Polygon:
(0,0)(26,0)(26,15)(19,15)(19,2)(10,2)(10,12)(0,12)
Polygon:
(0,0)(49,0)(49,26)(31,26)(31,10)(15,10)(15,15)(0,15)
Polygon:
(0,0)(19,0)(19,19)(16,19)(16,1)(4,1)(4,8)(0,8)
Polygon:
(0,0)(44,0)(44,19)(29,19)(29,9)(16,9)(16,18)(0,18)
Polygon:
(0,0)(28,0)(28,18)(25,18)(25,3)(14,3)(14,11)(0,11)
Polygon:
(0,0)(34,0)(34,17)(20,17)(20,12)(10,12)(10,13)(0,13)
Polygon:
(0,0)(24,0)(24,9)(18,9)(18,8)(4,8)(4,17)(0,17)
Polygon:
(0,0)(20,0)(20,11)(16,11)(16,10)(3,10)(3,11)(0,11)
Polygon:
(0,0)(31,0)(31,13)(17,13)(17,3)(1,3)(1,14)(0,14)
Polygon:
(0,0)(36,0)(36,5)(24,5)(24,2)(6,2)(6,17)(0,17)
Polygon:
(0,0)(32,0)(32,22)(26,22)(26,5)(18,5)(18,8)(0,8)
Polygon:
(0,0)(33,0)(33,22)(15,22)(15,10)(5,10)(5,17)(0,17)
Polygon:
(0,0)(23,0)(23,4)(17,4)(17,2)(6,2)(6,5)(0,5)
Polygon:
(0,0)(18,0)(18,9)(15,9)(15,2)(4,2)(4,13)(0,13)
Polygon:
(0,0)(47,0)(47,7)(31,7)(31,4)(13,4)(13,6)(0,6)
Polygon:
(0,0)(32,0)(32,18)(25,18)(25,7)(16,7)(16,17)(0,17)
Polygon:
(0,0)(36,0)(36,8)(20,8)(20,6)(7,6)(7,11)(0,11)
Polygon:
(0,0)(36,0)(36,11)(24,11)(24,10)(8,10)(8,11)(0,11)
Polygon:
(0,0)(19,0)(19,14)(5,14)(5,2)(4,2)(4,14)(0,14)
Polygon:
(0,0)(36,0)(36,10)(26,10)(26,5)(11,5)(11,17)(0,17)
Polygon:
(0,0)(16,0)(16,24)(12,24)(12,9)(1,9)(1,10)(0,10)
Polygon:
(0,0)(19,0)(19,17)(11,17)(11,4)(4,4)(4,8)(0,8)
Polygon:
(0,0)(40,0)(40,3)(26,3)(26,2)(17,2)(17,16)(0,16)
Polygon:
(0,0)(39,0)(39,20)(25,20)(25,4)(17,4)(17,13)(0,13)
Polygon:
(0,0)(30,0)(30,16)(19,16)(19,12)(8,12)(8,13)(0,13)
Polygon:
(0,0)(25,0)(25,4)(18,4)(18,1)(9,1)(9,7)(0,7)
Polygon:
(0,0)(33,0)(33,29)(16,29)(16,15)(2,15)(2,18)(0,18)
Polygon:
(0,0)(38,0)(38,16)(23,16)(23,10)(18,10)(18,15)(0,15)
Polygon:
(0,0)(36,0)(36,20)(21,20)(21,9)(14,9)(14,18)(0,18)
Polygon:
(0,0)(25,0)(25,6)(19,6)(19,3)(12,3)(12,10)(0,10)
Polygon:
(0,0)(17,0)(17,18)(11,18)(11,1)(1,1)(1,5)(0,5)
Polygon:
(0,0)(24,0)(24,14)(12,14)(12,3)(11,3)(11,18)(0,18)
Polygon:
(0,0)(35,0)(35,6)(19,6)(19,4)(9,4)(9,15)(0,15)
Polygon:
(0,0)(27,0)(27,24)(20,24)(20,6)(13,6)(13,13)(0,13)
Polygon:
(0,0)(19,0)(19,18)(17,18)(17,4)(8,4)(8,17)(0,17)
Polygon:
(0,0)(41,0)(41,17)(28,17)(28,1)(15,1)(15,13)(0,13)
Polygon:
(0,0)(51,0)(51,3)(33,3)(33,1)(18,1)(18,3)(0,3)
Polygon:
(0,0)(48,0)(48,19)(31,19)(31,4)(13,4)(13,6)(0,6)
Polygon:
(0,0)(22,0)(22,6)(15,6)(15,5)(11,5)(11,16)(0,16)
Polygon:
(0,0)(37,0)(37,15)(29,15)(29,2)(14,2)(14,11)(0,11)
Polygon:
(0,0)(39,0)(39,23)(23,23)(23,11)(17,11)(17,16)(0,16)
Polygon:
(0,0)(31,0)(31,12)(21,12)(21,7)(11,7)(11,17)(0,17)
Polygon:
(0,0)(32,0)(32,19)(21,19)(21,10)(5,10)(5,15)(0,15)
Polygon:
(0,0)(37,0)(37,7)(30,7)(30,3)(18,3)(18,12)(0,12)
Polygon:
(0,0)(38,0)(38,8)(25,8)(25,3)(17,3)(17,18)(0,18)
Polygon:
(0,0)(19,0)(19,12)(6,12)(6,10)(3,10)(3,18)(0,18)
Polygon:
(0,0)(39,0)(39,17)(26,17)(26,1)(9,1)(9,5)(0,5)
Polygon:
(0,0)(14,0)(14,13)(7,13)(7,2)(4,2)(4,10)(0,10)
Polygon:
(0,0)(19,0)(19,16)(16,16)(16,5)(2,5)(2,7)(0,7)
Polygon:
(0,0)(41,0)(41,27)(35,27)(35,10)(17,10)(17,12)(0,12)
Polygon:
(0,0)(32,0)(32,12)(22,12)(22,1)(5,1)(5,16)(0,16)
Polygon:
(0,0)(25,0)(25,21)(23,21)(23,16)(6,16)(6,18)(0,18)
Polygon:
(0,0)(25,0)(25,12)(15,12)(15,7)(1,7)(1,14)(0,14)
Polygon:
(0,0)(21,0)(21,7)(11,7)(11,4)(4,4)(4,14)(0,14)
Polygon:
(0,0)(43,0)(43,11)(27,11)(27,3)(12,3)(12,11)(0,11)
Polygon:
(0,0)(44,0)(44,7)(26,7)(26,6)(12,6)(12,11)(0,11)
Polygon:
(0,0)(37,0)(37,16)(27,16)(27,6)(12,6)(12,7)(0,7)
Polygon:
(0,0)(27,0)(27,6)(15,6)(15,2)(11,2)(11,8)(0,8)
Polygon:
(0,0)(37,0)(37,26)(26,26)(26,8)(14,8)(14,14)(0,14)
Polygon:
(0,0)(12,0)(12,9)(6,9)(6,6)(4,6)(4,13)(0,13)
Polygon:
(0,0)(37,0)(37,20)(21,20)(21,7)(11,7)(11,9)(0,9)
Polygon:
(0,0)(15,0)(15,2)(10,2)(10,1)(3,1)(3,4)(0,4)
Polygon:
(0,0)(39,0)(39,24)(23,24)(23,7)(17,7)(17,17)(0,17)
Polygon:
(0,0)(23,0)(23,18)(6,18)(6,1)(1,1)(1,18)(0,18)
Polygon:
(0,0)(19,0)(19,12)(5,12)(5,1)(2,1)(2,13)(0,13)
Polygon:
(0,0)(30,0)(30,16)(19,16)(19,4)(9,4)(9,5)(0,5)
Polygon:
(0,0)(27,0)(27,29)(19,29)(19,12)(18,12)(18,15)(0,15)
Polygon:
(0,0)(26,0)(26,21)(18,21)(18,3)(5,3)(5,5)(0,5)
Polygon:
(0,0)(27,0)(27,6)(18,6)(18,2)(6,2)(6,14)(0,14)
Polygon:
(0,0)(32,0)(32,25)(24,25)(24,12)(16,12)(16,17)(0,17)
Polygon:
(0,0)(36,0)(36,19)(27,19)(27,17)(9,17)(9,18)(0,18)
Polygon:
(0,0)(27,0)(27,19)(17,19)(17,7)(1,7)(1,10)(0,10)
Polygon:
(0,0)(25,0)(25,11)(18,11)(18,5)(3,5)(3,7)(0,7)
Polygon:
(0,0)(33,0)(33,19)(22,19)(22,6)(9,6)(9,17)(0,17)
Polygon:
(0,0)(34,0)(34,26)(31,26)(31,9)(13,9)(13,10)(0,10)
Polygon:
(0,0)(33,0)(33,8)(29,8)(29,5)(18,5)(18,14)(0,14)
Polygon:
(0,0)(19,0)(19,21)(9,21)(9,3)(3,3)(3,4)(0,4)
Polygon:
(0,0)(32,0)(32,31)(24,31)(24,16)(12,16)(12,18)(0,18)
Polygon:
(0,0)(31,0)(31,17)(18,17)(18,1)(3,1)(3,3)(0,3)
Polygon:
(0,0)(39,0)(39,18)(28,18)(28,1)(16,1)(16,7)(0,7)
Polygon:
(0,0)(27,0)(27,16)(12,16)(12,4)(5,4)(5,7)(0,7)
Polygon:
(0,0)(31,0)(31,19)(23,19)(23,2)(9,2)(9,14)(0,14)
Polygon:
(0,0)(20,0)(20,27)(4,27)(4,12)(2,12)(2,20)(0,20)
Polygon:
(0,0)(29,0)(29,12)(23,12)(23,5)(7,5)(7,11)(0,11)
Polygon:
(0,0)(16,0)(16,17)(10,17)(10,11)(5,11)(5,18)(0,18)
Polygon:
(0,0)(21,0)(21,23)(6,23)(6,16)(2,16)(2,17)(0,17)
Polygon:
(0,0)(18,0)(18,10)(15,10)(15,1)(2,1)(2,14)(0,14)
Polygon:
(0,0)(38,0)(38,22)(34,22)(34,8)(17,8)(17,12)(0,12)
Polygon:
(0,0)(19,0)(19,20)(3,20)(3,13)(1,13)(1,15)(0,15)
Polygon:
(0,0)(24,0)(24,17)(6,17)(6,14)(4,14)(4,16)(0,16)
Polygon:
(0,0)(27,0)(27,11)(19,11)(19,5)(16,5)(16,14)(0,14)
Polygon:
(0,0)(33,0)(33,13)(23,13)(23,8)(13,8)(13,17)(0,17)
Polygon:
(0,0)(42,0)(42,9)(24,9)(24,3)(6,3)(6,11)(0,11)
Polygon:
(0,0)(22,0)(22,22)(13,22)(13,15)(5,15)(5,31)(0,31)
Polygon:
(0,0)(28,0)(28,21)(22,21)(22,11)(4,11)(4,12)(0,12)
Polygon:
(0,0)(29,0)(29,21)(16,21)(16,11)(14,11)(14,12)(0,12)
Polygon:
(0,0)(46,0)(46,11)(35,11)(35,4)(18,4)(18,6)(0,6)
Polygon:
(0,0)(28,0)(28,14)(21,14)(21,12)(13,12)(13,14)(0,14)
Polygon:
(0,0)(42,0)(42,20)(25,20)(25,3)(14,3)(14,12)(0,12)
Polygon:
(0,0)(24,0)(24,18)(6,18)(6,5)(1,5)(1,9)(0,9)
Polygon:
(0,0)(23,0)(23,7)(11,7)(11,1)(7,1)(7,8)(0,8)
Polygon:
(0,0)(24,0)(24,8)(23,8)(23,7)(5,7)(5,8)(0,8)
Polygon:
(0,0)(40,0)(40,29)(23,29)(23,12)(7,12)(7,13)(0,13)
Polygon:
(0,0)(23,0)(23,4)(13,4)(13,3)(9,3)(9,4)(0,4)
Polygon:
(0,0)(44,0)(44,14)(33,14)(33,3)(18,3)(18,16)(0,16)
Polygon:
(0,0)(30,0)(30,20)(18,20)(18,17)(12,17)(12,18)(0,18)
Polygon:
(0,0)(21,0)(21,10)(17,10)(17,1)(5,1)(5,9)(0,9)
Polygon:
(0,0)(34,0)(34,21)(16,21)(16,14)(9,14)(9,18)(0,18)
Polygon:
(0,0)(22,0)(22,16)(17,16)(17,10)(10,10)(10,14)(0,14)
Polygon:
(0,0)(26,0)(26,11)(11,11)(11,6)(5,6)(5,8)(0,8)
Polygon:
(0,0)(30,0)(30,8)(27,8)(27,5)(13,5)(13,14)(0,14)
Polygon:
(0,0)(16,0)(16,24)(10,24)(10,14)(6,14)(6,17)(0,17)
Polygon:
(0,0)(31,0)(31,13)(15,13)(15,8)(1,8)(1,21)(0,21)
Polygon:
(0,0)(37,0)(37,9)(20,9)(20,5)(14,5)(14,14)(0,14)
Polygon:
(0,0)(26,0)(26,6)(22,6)(22,2)(12,2)(12,12)(0,12)
Polygon:
(0,0)(24,0)(24,19)(14,19)(14,1)(12,1)(12,13)(0,13)
Polygon:
(0,0)(5,0)(5,25)(4,25)(4,13)(3,13)(3,16)(0,16)
Polygon:
(0,0)(38,0)(38,33)(21,33)(21,15)(4,15)(4,16)(0,16)
Polygon:
(0,0)(34,0)(34,12)(21,12)(21,7)(16,7)(16,16)(0,16)
Polygon:
(0,0)(25,0)(25,14)(24,14)(24,9)(15,9)(15,14)(0,14)
Polygon:
(0,0)(27,0)(27,23)(23,23)(23,5)(8,5)(8,7)(0,7)
Polygon:
(0,0)(23,0)(23,23)(21,23)(21,6)(13,6)(13,15)(0,15)
Polygon:
(0,0)(32,0)(32,13)(15,13)(15,12)(14,12)(14,13)(0,13)
Polygon:
(0,0)(43,0)(43,30)(27,30)(27,18)(12,18)(12,35)(0,35)
Polygon:
(0,0)(35,0)(35,15)(19,15)(19,4)(16,4)(16,9)(0,9)
Polygon:
(0,0)(18,0)(18,16)(16,16)(16,12)(6,12)(6,13)(0,13)
Polygon:
(0,0)(21,0)(21,16)(15,16)(15,7)(13,7)(13,16)(0,16)
Polygon:
(0,0)(34,0)(34,11)(23,11)(23,5)(6,5)(6,14)(0,14)
Polygon:
(0,0)(47,0)(47,12)(33,12)(33,11)(16,11)(16,12)(0,12)
Polygon:
(0,0)(20,0)(20,5)(7,5)(7,1)(5,1)(5,4)(0,4)
Polygon:
(0,0)(21,0)(21,23)(20,23)(20,10)(4,10)(4,11)(0,11)
Polygon:
(0,0)(28,0)(28,17)(25,17)(25,4)(13,4)(13,9)(0,9)
Polygon:
(0,0)(20,0)(20,22)(18,22)(18,14)(4,14)(4,16)(0,16)
Polygon:
(0,0)(24,0)(24,22)(20,22)(20,5)(15,5)(15,9)(0,9)
Polygon:
(0,0)(23,0)(23,10)(12,10)(12,4)(8,4)(8,12)(0,12)
Polygon:
(0,0)(31,0)(31,17)(29,17)(29,10)(11,10)(11,15)(0,15)
Polygon:
(0,0)(15,0)(15,26)(11,26)(11,9)(7,9)(7,16)(0,16)
Polygon:
(0,0)(24,0)(24,21)(22,21)(22,9)(15,9)(15,17)(0,17)
Polygon:
(0,0)(25,0)(25,29)(24,29)(24,12)(11,12)(11,15)(0,15)
Polygon:
(0,0)(32,0)(32,14)(28,14)(28,8)(12,8)(12,9)(0,9)
Polygon:
(0,0)(21,0)(21,17)(11,17)(11,7)(3,7)(3,12)(0,12)
Polygon:
(0,0)(28,0)(28,14)(23,14)(23,5)(6,5)(6,12)(0,12)
Polygon:
(0,0)(52,0)(52,20)(34,20)(34,13)(16,13)(16,17)(0,17)
Polygon:
(0,0)(22,0)(22,19)(21,19)(21,11)(7,11)(7,18)(0,18)
Polygon:
(0,0)(27,0)(27,6)(20,6)(20,1)(12,1)(12,16)(0,16)
Polygon:
(0,0)(37,0)(37,21)(20,21)(20,13)(9,13)(9,19)(0,19)
Polygon:
(0,0)(31,0)(31,22)(18,22)(18,6)(16,6)(16,10)(0,10)
Polygon:
(0,0)(16,0)(16,17)(12,17)(12,6)(3,6)(3,14)(0,14)
Polygon:
(0,0)(21,0)(21,15)(20,15)(20,11)(17,11)(17,17)(0,17)
Polygon:
(0,0)(36,0)(36,12)(25,12)(25,3)(10,3)(10,5)(0,5)
Polygon:
(0,0)(32,0)(32,9)(20,9)(20,1)(2,1)(2,8)(0,8)
Polygon:
(0,0)(30,0)(30,12)(25,12)(25,9)(10,9)(10,10)(0,10)
Polygon:
(0,0)(24,0)(24,33)(22,33)(22,16)(15,16)(15,29)(0,29)
Polygon:
(0,0)(37,0)(37,22)(22,22)(22,7)(12,7)(12,14)(0,14)
Polygon:
(0,0)(32,0)(32,8)(18,8)(18,7)(7,7)(7,13)(0,13)
Polygon:
(0,0)(27,0)(27,19)(24,19)(24,8)(17,8)(17,13)(0,13)
Polygon:
(0,0)(34,0)(34,13)(23,13)(23,11)(13,11)(13,14)(0,14)
Polygon:
(0,0)(35,0)(35,12)(22,12)(22,8)(14,8)(14,10)(0,10)
Polygon:
(0,0)(41,0)(41,25)(30,25)(30,9)(12,9)(12,16)(0,16)
Polygon:
(0,0)(20,0)(20,16)(4,16)(4,9)(1,9)(1,13)(0,13)
Polygon:
(0,0)(37,0)(37,17)(29,17)(29,16)(14,16)(14,17)(0,17)
Polygon:
(0,0)(24,0)(24,16)(21,16)(21,9)(10,9)(10,17)(0,17)
Polygon:
(0,0)(22,0)(22,24)(15,24)(15,10)(1,10)(1,16)(0,16)
Polygon:
(0,0)(13,0)(13,9)(3,9)(3,6)(1,6)(1,18)(0,18)
Polygon:
(0,0)(30,0)(30,10)(27,10)(27,2)(14,2)(14,11)(0,11)
Polygon:
(0,0)(15,0)(15,16)(10,16)(10,10)(3,10)(3,16)(0,16)
Polygon:
(0,0)(16,0)(16,17)(11,17)(11,8)(4,8)(4,13)(0,13)
Polygon:
(0,0)(26,0)(26,4)(14,4)(14,2)(6,2)(6,3)(0,3)
Polygon:
(0,0)(37,0)(37,10)(25,10)(25,3)(9,3)(9,9)(0,9)
Polygon:
(0,0)(27,0)(27,15)(26,15)(26,9)(14,9)(14,16)(0,16)
Polygon:
(0,0)(29,0)(29,31)(17,31)(17,13)(4,13)(4,18)(0,18)
Polygon:
(0,0)(29,0)(29,21)(20,21)(20,4)(2,4)(2,6)(0,6)
Polygon:
(0,0)(17,0)(17,17)(15,17)(15,4)(13,4)(13,11)(0,11)
Polygon:
(0,0)(32,0)(32,13)(25,13)(25,9)(17,9)(17,13)(0,13)
Polygon:
(0,0)(22,0)(22,18)(12,18)(12,6)(10,6)(10,18)(0,18)
Polygon:
(0,0)(28,0)(28,14)(18,14)(18,12)(1,12)(1,13)(0,13)
Polygon:
(0,0)(19,0)(19,15)(15,15)(15,8)(12,8)(12,12)(0,12)
Polygon:
(0,0)(35,0)(35,24)(19,24)(19,16)(16,16)(16,17)(0,17)
Polygon:
(0,0)(34,0)(34,10)(31,10)(31,6)(15,6)(15,15)(0,15)
Polygon:
(0,0)(43,0)(43,5)(27,5)(27,3)(9,3)(9,17)(0,17)
Polygon:
(0,0)(32,0)(32,5)(15,5)(15,4)(9,4)(9,7)(0,7)
Polygon:
(0,0)(28,0)(28,14)(11,14)(11,9)(2,9)(2,18)(0,18)
Polygon:
(0,0)(16,0)(16,24)(14,24)(14,16)(5,16)(5,18)(0,18)
Polygon:
(0,0)(20,0)(20,11)(19,11)(19,2)(3,2)(3,4)(0,4)
Polygon:
(0,0)(23,0)(23,23)(10,23)(10,5)(8,5)(8,8)(0,8)
Polygon:
(0,0)(17,0)(17,22)(12,22)(12,12)(10,12)(10,18)(0,18)
Polygon:
(0,0)(39,0)(39,21)(21,21)(21,14)(14,14)(14,26)(0,26)
Polygon:
(0,0)(31,0)(31,24)(24,24)(24,7)(11,7)(11,8)(0,8)
Polygon:
(0,0)(19,0)(19,8)(6,8)(6,5)(2,5)(2,11)(0,11)
Polygon:
(0,0)(39,0)(39,12)(21,12)(21,5)(10,5)(10,11)(0,11)
Polygon:
(0,0)(30,0)(30,19)(20,19)(20,5)(10,5)(10,15)(0,15)
Polygon:
(0,0)(27,0)(27,24)(10,24)(10,11)(6,11)(6,18)(0,18)
Polygon:
(0,0)(35,0)(35,24)(23,24)(23,9)(16,9)(16,15)(0,15)
Polygon:
(0,0)(35,0)(35,19)(20,19)(20,2)(7,2)(7,14)(0,14)
Polygon:
(0,0)(42,0)(42,16)(30,16)(30,5)(15,5)(15,16)(0,16)
Polygon:
(0,0)(34,0)(34,16)(26,16)(26,6)(11,6)(11,10)(0,10)
Polygon:
(0,0)(33,0)(33,12)(26,12)(26,5)(8,5)(8,15)(0,15)
Polygon:
(0,0)(32,0)(32,22)(16,22)(16,9)(13,9)(13,18)(0,18)
Polygon:
(0,0)(47,0)(47,24)(29,24)(29,14)(15,14)(15,18)(0,18)
Polygon:
(0,0)(15,0)(15,17)(13,17)(13,7)(12,7)(12,13)(0,13)
Polygon:
(0,0)(16,0)(16,26)(15,26)(15,14)(11,14)(11,18)(0,18)
Polygon:
(0,0)(39,0)(39,21)(30,21)(30,11)(14,11)(14,18)(0,18)
Polygon:
(0,0)(23,0)(23,10)(15,10)(15,1)(1,1)(1,10)(0,10)
Polygon:
(0,0)(16,0)(16,9)(10,9)(10,1)(8,1)(8,4)(0,4)
Polygon:
(0,0)(25,0)(25,4)(18,4)(18,2)(7,2)(7,4)(0,4)
Polygon:
(0,0)(21,0)(21,19)(15,19)(15,2)(12,2)(12,6)(0,6)
Polygon:
(0,0)(23,0)(23,26)(12,26)(12,13)(9,13)(9,17)(0,17)
Polygon:
(0,0)(21,0)(21,11)(19,11)(19,5)(12,5)(12,12)(0,12)
Polygon:
(0,0)(30,0)(30,10)(28,10)(28,7)(13,7)(13,17)(0,17)
Polygon:
(0,0)(36,0)(36,16)(25,16)(25,1)(8,1)(8,6)(0,6)
Polygon:
(0,0)(18,0)(18,10)(16,10)(16,3)(11,3)(11,13)(0,13)
Polygon:
(0,0)(22,0)(22,20)(17,20)(17,6)(10,6)(10,9)(0,9)
Polygon:
(0,0)(26,0)(26,11)(24,11)(24,4)(11,4)(11,8)(0,8)
Polygon:
(0,0)(40,0)(40,16)(27,16)(27,2)(12,2)(12,16)(0,16)
Polygon:
(0,0)(24,0)(24,30)(12,30)(12,17)(7,17)(7,18)(0,18)
Polygon:
(0,0)(35,0)(35,28)(17,28)(17,12)(2,12)(2,16)(0,16)
Polygon:
(0,0)(36,0)(36,7)(29,7)(29,2)(11,2)(11,7)(0,7)
Polygon:
(0,0)(14,0)(14,18)(12,18)(12,10)(7,10)(7,13)(0,13)
Polygon:
(0,0)(25,0)(25,7)(21,7)(21,1)(17,1)(17,6)(0,6)
Polygon:
(0,0)(18,0)(18,23)(9,23)(9,7)(8,7)(8,12)(0,12)
Polygon:
(0,0)(45,0)(45,7)(35,7)(35,5)(18,5)(18,8)(0,8)
Polygon:
(0,0)(26,0)(26,14)(23,14)(23,1)(8,1)(8,18)(0,18)
Polygon:
(0,0)(29,0)(29,7)(17,7)(17,1)(4,1)(4,11)(0,11)
Polygon:
(0,0)(42,0)(42,5)(26,5)(26,2)(18,2)(18,10)(0,10)
Polygon:
(0,0)(33,0)(33,4)(30,4)(30,3)(17,3)(17,18)(0,18)
Polygon:
(0,0)(18,0)(18,18)(8,18)(8,3)(4,3)(4,7)(0,7)
Polygon:
(0,0)(18,0)(18,17)(16,17)(16,8)(9,8)(9,16)(0,16)
Polygon:
(0,0)(26,0)(26,8)(24,8)(24,5)(13,5)(13,8)(0,8)
Polygon:
(0,0)(28,0)(28,23)(19,23)(19,7)(17,7)(17,11)(0,11)
Polygon:
(0,0)(15,0)(15,27)(4,27)(4,12)(3,12)(3,14)(0,14)
Polygon:
(0,0)(48,0)(48,10)(31,10)(31,3)(13,3)(13,8)(0,8)
Polygon:
(0,0)(25,0)(25,18)(20,18)(20,3)(18,3)(18,10)(0,10)
Polygon:
(0,0)(27,0)(27,16)(17,16)(17,11)(8,11)(8,16)(0,16)
Polygon:
(0,0)(36,0)(36,13)(18,13)(18,7)(4,7)(4,16)(0,16)
Polygon:
(0,0)(35,0)(35,17)(24,17)(24,1)(18,1)(18,12)(0,12)
Polygon:
(0,0)(38,0)(38,19)(20,19)(20,4)(7,4)(7,11)(0,11)
Polygon:
(0,0)(26,0)(26,18)(19,18)(19,6)(12,6)(12,15)(0,15)
Polygon:
(0,0)(39,0)(39,19)(21,19)(21,7)(13,7)(13,16)(0,16)
Polygon:
(0,0)(25,0)(25,12)(18,12)(18,2)(7,2)(7,3)(0,3)
Polygon:
(0,0)(30,0)(30,20)(21,20)(21,2)(16,2)(16,9)(0,9)
Polygon:
(0,0)(37,0)(37,19)(22,19)(22,14)(10,14)(10,17)(0,17)
Polygon:
(0,0)(21,0)(21,16)(18,16)(18,7)(9,7)(9,18)(0,18)
Polygon:
(0,0)(31,0)(31,26)(21,26)(21,16)(5,16)(5,34)(0,34)
Polygon:
(0,0)(41,0)(41,13)(36,13)(36,10)(18,10)(18,16)(0,16)
Polygon:
(0,0)(32,0)(32,18)(23,18)(23,6)(16,6)(16,9)(0,9)
Polygon:
(0,0)(29,0)(29,22)(13,22)(13,12)(7,12)(7,16)(0,16)
Polygon:
(0,0)(37,0)(37,13)(23,13)(23,4)(17,4)(17,17)(0,17)
Polygon:
(0,0)(17,0)(17,12)(12,12)(12,10)(5,10)(5,18)(0,18)
Polygon:
(0,0)(26,0)(26,20)(15,20)(15,4)(5,4)(5,10)(0,10)
Polygon:
(0,0)(29,0)(29,11)(18,11)(18,5)(13,5)(13,6)(0,6)
Polygon:
(0,0)(39,0)(39,17)(29,17)(29,6)(16,6)(16,17)(0,17)
Polygon:
(0,0)(38,0)(38,15)(33,15)(33,12)(18,12)(18,22)(0,22)
Polygon:
(0,0)(35,0)(35,16)(21,16)(21,6)(18,6)(18,14)(0,14)
Polygon:
(0,0)(23,0)(23,2)(7,2)(7,1)(2,1)(2,2)(0,2)
Polygon:
(0,0)(31,0)(31,9)(15,9)(15,3)(2,3)(2,16)(0,16)
Polygon:
(0,0)(30,0)(30,14)(24,14)(24,10)(17,10)(17,17)(0,17)
Polygon:
(0,0)(36,0)(36,18)(18,18)(18,2)(16,2)(16,11)(0,11)
Polygon:
(0,0)(29,0)(29,9)(24,9)(24,1)(12,1)(12,10)(0,10)
Polygon:
(0,0)(12,0)(12,17)(5,17)(5,1)(3,1)(3,5)(0,5)
Polygon:
(0,0)(25,0)(25,9)(16,9)(16,1)(14,1)(14,13)(0,13)
Polygon:
(0,0)(36,0)(36,17)(26,17)(26,2)(11,2)(11,4)(0,4)
Polygon:
(0,0)(28,0)(28,22)(27,22)(27,11)(12,11)(12,16)(0,16)
Polygon:
(0,0)(32,0)(32,23)(23,23)(23,11)(15,11)(15,14)(0,14)
Polygon:
(0,0)(27,0)(27,6)(13,6)(13,3)(5,3)(5,14)(0,14)
Polygon:
(0,0)(31,0)(31,15)(21,15)(21,9)(6,9)(6,13)(0,13)
Polygon:
(0,0)(34,0)(34,11)(21,11)(21,4)(9,4)(9,6)(0,6)
Polygon:
(0,0)(27,0)(27,26)(17,26)(17,8)(8,8)(8,10)(0,10)
Polygon:
(0,0)(20,0)(20,8)(19,8)(19,2)(17,2)(17,16)(0,16)
Polygon:
(0,0)(41,0)(41,13)(30,13)(30,1)(14,1)(14,5)(0,5)
Polygon:
(0,0)(31,0)(31,12)(24,12)(24,6)(12,6)(12,10)(0,10)
Polygon:
(0,0)(25,0)(25,17)(18,17)(18,4)(8,4)(8,16)(0,16)
Polygon:
(0,0)(29,0)(29,16)(16,16)(16,1)(11,1)(11,5)(0,5)
Polygon:
(0,0)(37,0)(37,18)(29,18)(29,7)(11,7)(11,8)(0,8)
Polygon:
(0,0)(37,0)(37,14)(23,14)(23,11)(5,11)(5,12)(0,12)
Polygon:
(0,0)(34,0)(34,14)(20,14)(20,5)(14,5)(14,11)(0,11)
Polygon:
(0,0)(35,0)(35,16)(26,16)(26,1)(10,1)(10,7)(0,7)
Polygon:
(0,0)(27,0)(27,29)(18,29)(18,11)(15,11)(15,18)(0,18)
Polygon:
(0,0)(26,0)(26,20)(18,20)(18,4)(13,4)(13,8)(0,8)
Polygon:
(0,0)(42,0)(42,7)(24,7)(24,3)(6,3)(6,11)(0,11)
Polygon:
(0,0)(31,0)(31,14)(26,14)(26,1)(14,1)(14,8)(0,8)
Polygon:
(0,0)(47,0)(47,21)(29,21)(29,6)(16,6)(16,7)(0,7)
Polygon:
(0,0)(30,0)(30,20)(24,20)(24,2)(12,2)(12,8)(0,8)
Polygon:
(0,0)(39,0)(39,24)(26,24)(26,16)(14,16)(14,18)(0,18)
Polygon:
(0,0)(13,0)(13,22)(12,22)(12,5)(5,5)(5,14)(0,14)
Polygon:
(0,0)(28,0)(28,20)(23,20)(23,6)(18,6)(18,7)(0,7)
Polygon:
(0,0)(44,0)(44,14)(35,14)(35,11)(18,11)(18,12)(0,12)
Polygon:
(0,0)(11,0)(11,14)(6,14)(6,7)(1,7)(1,9)(0,9)
Polygon:
(0,0)(18,0)(18,13)(17,13)(17,8)(5,8)(5,17)(0,17)
Polygon:
(0,0)(25,0)(25,26)(13,26)(13,10)(4,10)(4,15)(0,15)
Polygon:
(0,0)(35,0)(35,17)(18,17)(18,1)(17,1)(17,2)(0,2)
Polygon:
(0,0)(27,0)(27,28)(25,28)(25,12)(7,12)(7,14)(0,14)
Polygon:
(0,0)(16,0)(16,31)(9,31)(9,14)(1,14)(1,16)(0,16)
Polygon:
(0,0)(30,0)(30,7)(14,7)(14,6)(4,6)(4,14)(0,14)
Polygon:
(0,0)(33,0)(33,7)(16,7)(16,1)(8,1)(8,19)(0,19)
Polygon:
(0,0)(17,0)(17,18)(15,18)(15,2)(5,2)(5,16)(0,16)
Polygon:
(0,0)(29,0)(29,16)(15,16)(15,12)(8,12)(8,13)(0,13)
Polygon:
(0,0)(24,0)(24,18)(16,18)(16,4)(14,4)(14,12)(0,12)
Polygon:
(0,0)(23,0)(23,14)(18,14)(18,1)(2,1)(2,12)(0,12)
Polygon:
(0,0)(34,0)(34,2)(23,2)(23,1)(7,1)(7,15)(0,15)
Polygon:
(0,0)(28,0)(28,26)(12,26)(12,8)(6,8)(6,11)(0,11)
Polygon:
(0,0)(40,0)(40,24)(29,24)(29,8)(17,8)(17,9)(0,9)
Polygon:
(0,0)(19,0)(19,25)(10,25)(10,12)(9,12)(9,13)(0,13)
Polygon:
(0,0)(21,0)(21,11)(15,11)(15,4)(3,4)(3,5)(0,5)
Polygon:
(0,0)(15,0)(15,15)(13,15)(13,1)(9,1)(9,16)(0,16)
Polygon:
(0,0)(37,0)(37,22)(25,22)(25,6)(13,6)(13,16)(0,16)
Polygon:
(0,0)(48,0)(48,4)(30,4)(30,2)(13,2)(13,8)(0,8)
Polygon:
(0,0)(23,0)(23,19)(22,19)(22,7)(15,7)(15,18)(0,18)
Polygon:
(0,0)(23,0)(23,11)(15,11)(15,5)(9,5)(9,10)(0,10)
Polygon:
(0,0)(26,0)(26,19)(12,19)(12,2)(5,2)(5,4)(0,4)
Polygon:
(0,0)(24,0)(24,22)(14,22)(14,8)(2,8)(2,10)(0,10)
Polygon:
(0,0)(32,0)(32,15)(27,15)(27,8)(10,8)(10,24)(0,24)
Polygon:
(0,0)(33,0)(33,13)(21,13)(21,3)(10,3)(10,14)(0,14)
Polygon:
(0,0)(34,0)(34,19)(29,19)(29,5)(17,5)(17,18)(0,18)
Polygon:
(0,0)(18,0)(18,8)(8,8)(8,5)(1,5)(1,12)(0,12)
Polygon:
(0,0)(21,0)(21,8)(8,8)(8,7)(1,7)(1,9)(0,9)
Polygon:
(0,0)(29,0)(29,24)(23,24)(23,9)(18,9)(18,13)(0,13)
Polygon:
(0,0)(36,0)(36,11)(29,11)(29,7)(16,7)(16,17)(0,17)
Polygon:
(0,0)(35,0)(35,25)(30,25)(30,14)(15,14)(15,16)(0,16)
Polygon:
(0,0)(13,0)(13,20)(10,20)(10,7)(5,7)(5,16)(0,16)
Polygon:
(0,0)(35,0)(35,7)(19,7)(19,5)(13,5)(13,10)(0,10)
Polygon:
(0,0)(35,0)(35,11)(20,11)(20,2)(14,2)(14,3)(0,3)
Polygon:
(0,0)(28,0)(28,7)(13,7)(13,5)(4,5)(4,16)(0,16)
Polygon:
(0,0)(39,0)(39,4)(23,4)(23,1)(7,1)(7,7)(0,7)
Polygon:
(0,0)(24,0)(24,12)(19,12)(19,8)(5,8)(5,14)(0,14)
Polygon:
(0,0)(28,0)(28,20)(13,20)(13,9)(12,9)(12,17)(0,17)
Polygon:
(0,0)(30,0)(30,24)(24,24)(24,7)(13,7)(13,18)(0,18)
Polygon:
(0,0)(39,0)(39,12)(22,12)(22,11)(12,11)(12,15)(0,15)
Polygon:
(0,0)(32,0)(32,19)(18,19)(18,14)(2,14)(2,18)(0,18)
Polygon:
(0,0)(38,0)(38,10)(27,10)(27,9)(15,9)(15,17)(0,17)
Polygon:
(0,0)(22,0)(22,10)(19,10)(19,6)(9,6)(9,16)(0,16)
Polygon:
(0,0)(33,0)(33,9)(17,9)(17,2)(12,2)(12,18)(0,18)
Polygon:
(0,0)(32,0)(32,17)(27,17)(27,5)(17,5)(17,11)(0,11)
Polygon:
(0,0)(32,0)(32,8)(15,8)(15,4)(2,4)(2,8)(0,8)
Polygon:
(0,0)(29,0)(29,26)(18,26)(18,14)(8,14)(8,15)(0,15)
Polygon:
(0,0)(21,0)(21,25)(16,25)(16,8)(1,8)(1,13)(0,13)
Polygon:
(0,0)(18,0)(18,25)(6,25)(6,10)(5,10)(5,15)(0,15)
Polygon:
(0,0)(30,0)(30,18)(12,18)(12,3)(10,3)(10,18)(0,18)
Polygon:
(0,0)(35,0)(35,17)(22,17)(22,11)(18,11)(18,14)(0,14)
Polygon:
(0,0)(26,0)(26,24)(23,24)(23,11)(10,11)(10,12)(0,12)
Polygon:
(0,0)(24,0)(24,23)(16,23)(16,6)(8,6)(8,17)(0,17)
Polygon:
(0,0)(24,0)(24,14)(9,14)(9,13)(8,13)(8,18)(0,18)
Polygon:
(0,0)(26,0)(26,18)(22,18)(22,3)(8,3)(8,15)(0,15)
Polygon:
(0,0)(39,0)(39,20)(23,20)(23,2)(14,2)(14,17)(0,17)
Polygon:
(0,0)(30,0)(30,20)(17,20)(17,2)(16,2)(16,14)(0,14)
Polygon:
(0,0)(16,0)(16,9)(9,9)(9,6)(7,6)(7,14)(0,14)
Polygon:
(0,0)(36,0)(36,18)(24,18)(24,12)(17,12)(17,15)(0,15)
Polygon:
(0,0)(40,0)(40,9)(30,9)(30,4)(15,4)(15,8)(0,8)
Polygon:
(0,0)(27,0)(27,19)(21,19)(21,1)(3,1)(3,18)(0,18)
Polygon:
(0,0)(33,0)(33,17)(18,17)(18,4)(5,4)(5,8)(0,8)
Polygon:
(0,0)(20,0)(20,8)(13,8)(13,1)(11,1)(11,12)(0,12)
Polygon:
(0,0)(34,0)(34,13)(16,13)(16,4)(9,4)(9,6)(0,6)
Polygon:
(0,0)(12,0)(12,15)(11,15)(11,3)(8,3)(8,17)(0,17)
Polygon:
(0,0)(23,0)(23,12)(20,12)(20,7)(16,7)(16,15)(0,15)
Polygon:
(0,0)(39,0)(39,7)(22,7)(22,1)(7,1)(7,7)(0,7)
Polygon:
(0,0)(17,0)(17,16)(12,16)(12,10)(9,10)(9,13)(0,13)
Polygon:
(0,0)(30,0)(30,4)(27,4)(27,2)(14,2)(14,14)(0,14)
Polygon:
(0,0)(30,0)(30,26)(25,26)(25,14)(16,14)(16,18)(0,18)
Polygon:
(0,0)(31,0)(31,14)(20,14)(20,6)(15,6)(15,14)(0,14)
Polygon:
(0,0)(38,0)(38,11)(30,11)(30,5)(15,5)(15,9)(0,9)
Polygon:
(0,0)(28,0)(28,13)(26,13)(26,8)(15,8)(15,18)(0,18)
Polygon:
(0,0)(25,0)(25,13)(24,13)(24,6)(10,6)(10,14)(0,14)
Polygon:
(0,0)(36,0)(36,3)(22,3)(22,1)(7,1)(7,10)(0,10)
Polygon:
(0,0)(31,0)(31,10)(24,10)(24,4)(7,4)(7,17)(0,17)
Polygon:
(0,0)(28,0)(28,9)(14,9)(14,4)(3,4)(3,13)(0,13)
Polygon:
(0,0)(34,0)(34,32)(27,32)(27,17)(11,17)(11,28)(0,28)
Polygon:
(0,0)(36,0)(36,23)(27,23)(27,7)(13,7)(13,8)(0,8)
Polygon:
(0,0)(31,0)(31,14)(24,14)(24,3)(8,3)(8,5)(0,5)
Polygon:
(0,0)(20,0)(20,14)(16,14)(16,9)(2,9)(2,17)(0,17)
Polygon:
(0,0)(35,0)(35,18)(25,18)(25,6)(8,6)(8,14)(0,14)
Polygon:
(0,0)(37,0)(37,24)(23,24)(23,12)(16,12)(16,18)(0,18)
Polygon:
(0,0)(12,0)(12,15)(2,15)(2,1)(1,1)(1,9)(0,9)
Polygon:
(0,0)(23,0)(23,10)(12,10)(12,2)(1,2)(1,8)(0,8)
Polygon:
(0,0)(25,0)(25,3)(15,3)(15,1)(9,1)(9,2)(0,2)
Polygon:
(0,0)(34,0)(34,16)(24,16)(24,4)(12,4)(12,7)(0,7)
Polygon:
(0,0)(22,0)(22,17)(18,17)(18,2)(14,2)(14,10)(0,10)
Polygon:
(0,0)(11,0)(11,10)(9,10)(9,3)(4,3)(4,16)(0,16)
Polygon:
(0,0)(19,0)(19,17)(6,17)(6,8)(5,8)(5,16)(0,16)
Polygon:
(0,0)(28,0)(28,24)(22,24)(22,11)(18,11)(18,17)(0,17)
Polygon:
(0,0)(29,0)(29,19)(19,19)(19,8)(10,8)(10,16)(0,16)
Polygon:
(0,0)(30,0)(30,17)(21,17)(21,8)(11,8)(11,12)(0,12)
Polygon:
(0,0)(34,0)(34,14)(27,14)(27,2)(13,2)(13,11)(0,11)
Polygon:
(0,0)(19,0)(19,7)(17,7)(17,2)(9,2)(9,15)(0,15)
Polygon:
(0,0)(30,0)(30,11)(20,11)(20,7)(8,7)(8,11)(0,11)
Polygon:
(0,0)(31,0)(31,20)(28,20)(28,10)(10,10)(10,15)(0,15)
Polygon:
(0,0)(23,0)(23,23)(16,23)(16,11)(9,11)(9,18)(0,18)
Polygon:
(0,0)(8,0)(8,5)(6,5)(6,4)(2,4)(2,15)(0,15)
Polygon:
(0,0)(30,0)(30,9)(19,9)(19,3)(7,3)(7,16)(0,16)
Polygon:
(0,0)(25,0)(25,16)(20,16)(20,13)(11,13)(11,18)(0,18)
Polygon:
(0,0)(23,0)(23,5)(21,5)(21,2)(15,2)(15,16)(0,16)
Polygon:
(0,0)(37,0)(37,8)(20,8)(20,1)(13,1)(13,4)(0,4)
Polygon:
(0,0)(30,0)(30,15)(14,15)(14,9)(3,9)(3,18)(0,18)
Polygon:
(0,0)(33,0)(33,8)(32,8)(32,2)(16,2)(16,5)(0,5)
Polygon:
(0,0)(52,0)(52,25)(36,25)(36,9)(18,9)(18,13)(0,13)
Polygon:
(0,0)(26,0)(26,18)(16,18)(16,1)(14,1)(14,7)(0,7)
Polygon:
(0,0)(28,0)(28,21)(18,21)(18,12)(8,12)(8,30)(0,30)
Polygon:
(0,0)(28,0)(28,11)(24,11)(24,5)(12,5)(12,10)(0,10)
Polygon:
(0,0)(36,0)(36,16)(20,16)(20,1)(17,1)(17,12)(0,12)
Polygon:
(0,0)(33,0)(33,14)(26,14)(26,9)(17,9)(17,17)(0,17)
Polygon:
(0,0)(26,0)(26,14)(22,14)(22,9)(9,9)(9,15)(0,15)
Polygon:
(0,0)(46,0)(46,7)(30,7)(30,1)(17,1)(17,14)(0,14)
Polygon:
(0,0)(16,0)(16,26)(10,26)(10,9)(7,9)(7,16)(0,16)
Polygon:
(0,0)(36,0)(36,10)(20,10)(20,6)(7,6)(7,11)(0,11)
Polygon:
(0,0)(31,0)(31,29)(15,29)(15,11)(7,11)(7,14)(0,14)
Polygon:
(0,0)(24,0)(24,8)(16,8)(16,2)(7,2)(7,17)(0,17)
Polygon:
(0,0)(39,0)(39,11)(29,11)(29,1)(14,1)(14,16)(0,16)
Polygon:
(0,0)(25,0)(25,25)(22,25)(22,11)(18,11)(18,15)(0,15)
Polygon:
(0,0)(29,0)(29,18)(21,18)(21,6)(7,6)(7,10)(0,10)
Polygon:
(0,0)(17,0)(17,5)(14,5)(14,2)(8,2)(8,9)(0,9)
Polygon:
(0,0)(37,0)(37,9)(27,9)(27,2)(14,2)(14,4)(0,4)
Polygon:
(0,0)(24,0)(24,19)(19,19)(19,1)(18,1)(18,14)(0,14)
Polygon:
(0,0)(22,0)(22,10)(6,10)(6,9)(5,9)(5,11)(0,11)
Polygon:
(0,0)(11,0)(11,18)(8,18)(8,11)(1,11)(1,12)(0,12)
Polygon:
(0,0)(39,0)(39,18)(24,18)(24,11)(13,11)(13,18)(0,18)
Polygon:
(0,0)(39,0)(39,17)(24,17)(24,1)(6,1)(6,10)(0,10)
Polygon:
(0,0)(25,0)(25,17)(18,17)(18,4)(14,4)(14,12)(0,12)
Polygon:
(0,0)(45,0)(45,6)(29,6)(29,4)(14,4)(14,8)(0,8)
Polygon:
(0,0)(42,0)(42,18)(25,18)(25,3)(8,3)(8,4)(0,4)
Polygon:
(0,0)(32,0)(32,11)(22,11)(22,6)(6,6)(6,12)(0,12)
Polygon:
(0,0)(26,0)(26,12)(22,12)(22,6)(9,6)(9,10)(0,10)
Polygon:
(0,0)(16,0)(16,17)(13,17)(13,2)(9,2)(9,11)(0,11)
Polygon:
(0,0)(33,0)(33,12)(17,12)(17,8)(8,8)(8,16)(0,16)
Polygon:
(0,0)(38,0)(38,28)(23,28)(23,12)(12,12)(12,18)(0,18)
Polygon:
(0,0)(19,0)(19,8)(9,8)(9,3)(7,3)(7,11)(0,11)
Polygon:
(0,0)(31,0)(31,28)(17,28)(17,13)(9,13)(9,18)(0,18)
Polygon:
(0,0)(16,0)(16,14)(14,14)(14,10)(12,10)(12,28)(0,28)
Polygon:
(0,0)(34,0)(34,16)(23,16)(23,7)(11,7)(11,11)(0,11)
Polygon:
(0,0)(25,0)(25,21)(20,21)(20,9)(17,9)(17,13)(0,13)
Polygon:
(0,0)(14,0)(14,10)(7,10)(7,4)(4,4)(4,10)(0,10)
Polygon:
(0,0)(19,0)(19,12)(12,12)(12,5)(2,5)(2,6)(0,6)
Polygon:
(0,0)(41,0)(41,10)(25,10)(25,4)(9,4)(9,14)(0,14)
Polygon:
(0,0)(33,0)(33,11)(28,11)(28,8)(10,8)(10,16)(0,16)
Polygon:
(0,0)(23,0)(23,5)(22,5)(22,21)(15,21)(15,14)(0,14)
Polygon:
(0,0)(17,0)(17,12)(0,12)
Polygon:
(0,0)(13,0)(13,4)(0,4)
Polygon:
(0,0)(26,0)(26,17)(12,17)(12,33)(0,33)
Polygon:
(0,0)(1,0)(1,15)(0,15)
Polygon:
(0,0)(7,0)(7,18)(0,18)
Polygon:
(0,0)(3,0)(3,8)(0,8)
Polygon:
(0,0)(1,0)(1,9)(0,9)
Polygon:
(0,0)(8,0)(8,12)(2,12)(2,20)(0,20)
Polygon:
(0,0)(9,0)(9,17)(0,17)
Polygon:
(0,0)(9,0)(9,10)(0,10)
Polygon:
(0,0)(39,0)(39,19)(30,19)(30,23)(18,23)(18,14)(0,14)
Polygon:
(0,0)(32,0)(32,8)(17,8)(17,14)(0,14)
Polygon:
(0,0)(1,0)(1,12)(0,12)
Polygon:
(0,0)(20,0)(20,3)(17,3)(17,20)(11,20)(11,17)(0,17)
Polygon:
(0,0)(27,0)(27,12)(10,12)(10,14)(0,14)
Polygon:
(0,0)(31,0)(31,19)(28,19)(28,21)(17,21)(17,14)(0,14)
Polygon:
(0,0)(25,0)(25,4)(21,4)(21,15)(18,15)(18,10)(0,10)
Polygon:
(0,0)(2,0)(2,2)(0,2)
Polygon:
(0,0)(11,0)(11,6)(9,6)(9,23)(0,23)
Polygon:
(0,0)(33,0)(33,4)(15,4)(15,10)(0,10)
Polygon:
(0,0)(2,0)(2,10)(0,10)
Polygon:
(0,0)(16,0)(16,12)(0,12)
Polygon:
(0,0)(10,0)(10,15)(0,15)
Polygon:
(0,0)(6,0)(6,18)(0,18)
Polygon:
(0,0)(19,0)(19,20)(11,20)(11,21)(8,21)(8,14)(0,14)
Polygon:
(0,0)(24,0)(24,15)(10,15)(10,28)(0,28)
Polygon:
(0,0)(14,0)(14,4)(6,4)(6,20)(0,20)
Polygon:
(0,0)(36,0)(36,21)(29,21)(29,27)(11,27)(11,16)(0,16)
Polygon:
(0,0)(13,0)(13,18)(0,18)
Polygon:
(0,0)(5,0)(5,11)(0,11)
Polygon:
(0,0)(24,0)(24,17)(22,17)(22,31)(11,31)(11,14)(0,14)
Polygon:
(0,0)(38,0)(38,16)(24,16)(24,27)(17,27)(17,10)(0,10)
Polygon:
(0,0)(21,0)(21,8)(18,8)(18,10)(0,10)
Polygon:
(0,0)(3,0)(3,17)(0,17)
Polygon:
(0,0)(10,0)(10,5)(0,5)
Polygon:
(0,0)(29,0)(29,11)(13,11)(13,25)(0,25)
Polygon:
(0,0)(11,0)(11,10)(0,10)
Polygon:
(0,0)(16,0)(16,8)(7,8)(7,17)(0,17)
Polygon:
(0,0)(8,0)(8,17)(6,17)(6,18)(0,18)
Polygon:
(0,0)(29,0)(29,18)(14,18)(14,31)(0,31)
Polygon:
(0,0)(13,0)(13,18)(6,18)(6,25)(0,25)
Polygon:
(0,0)(23,0)(23,27)(10,27)(10,28)(8,28)(8,14)(0,14)
Polygon:
(0,0)(7,0)(7,1)(0,1)
Polygon:
(0,0)(17,0)(17,12)(0,12)
Polygon:
(0,0)(18,0)(18,11)(0,11)
Polygon:
(0,0)(16,0)(16,4)(0,4)
Polygon:
(0,0)(9,0)(9,4)(7,4)(7,17)(4,17)(4,9)(0,9)
Polygon:
(0,0)(42,0)(42,22)(26,22)(26,25)(18,25)(18,13)(0,13)
Polygon:
(0,0)(27,0)(27,17)(16,17)(16,18)(11,18)(11,17)(0,17)
Polygon:
(0,0)(29,0)(29,14)(19,14)(19,22)(13,22)(13,6)(0,6)
Polygon:
(0,0)(13,0)(13,15)(0,15)
Polygon:
(0,0)(4,0)(4,18)(0,18)
Polygon:
(0,0)(15,0)(15,16)(0,16)
Polygon:
(0,0)(4,0)(4,5)(0,5)
Polygon:
(0,0)(2,0)(2,1)(0,1)
Polygon:
(0,0)(9,0)(9,7)(0,7)
Polygon:
(0,0)(10,0)(10,11)(0,11)
Polygon:
(0,0)(10,0)(10,1)(0,1)
Polygon:
(0,0)(9,0)(9,4)(8,4)(8,16)(0,16)
Polygon:
(0,0)(26,0)(26,17)(12,17)(12,28)(0,28)
Polygon:
(0,0)(17,0)(17,3)(13,3)(13,10)(0,10)
Polygon:
(0,0)(15,0)(15,21)(7,21)(7,28)(6,28)(6,17)(0,17)
Polygon:
(0,0)(21,0)(21,10)(9,10)(9,24)(1,24)(1,17)(0,17)
Polygon:
(0,0)(1,0)(1,8)(0,8)
Polygon:
(0,0)(22,0)(22,17)(9,17)(9,24)(0,24)
Polygon:
(0,0)(8,0)(8,8)(0,8)
Polygon:
(0,0)(1,0)(1,6)(0,6)
Polygon:
(0,0)(9,0)(9,17)(0,17)
Polygon:
(0,0)(34,0)(34,7)(19,7)(19,23)(13,23)(13,11)(0,11)
Polygon:
(0,0)(17,0)(17,6)(0,6)
Polygon:
(0,0)(1,0)(1,1)(0,1)
Polygon:
(0,0)(33,0)(33,5)(19,5)(19,11)(5,11)(5,2)(0,2)
Polygon:
(0,0)(28,0)(28,17)(15,17)(15,20)(0,20)
Polygon:
(0,0)(10,0)(10,16)(0,16)
Polygon:
(0,0)(17,0)(17,17)(14,17)(14,23)(12,23)(12,12)(0,12)
Polygon:
(0,0)(34,0)(34,10)(22,10)(22,24)(18,24)(18,15)(0,15)
Polygon:
(0,0)(32,0)(32,10)(24,10)(24,27)(9,27)(9,14)(0,14)
Polygon:
(0,0)(2,0)(2,6)(0,6)
Polygon:
(0,0)(8,0)(8,26)(4,26)(4,30)(1,30)(1,14)(0,14)
Polygon:
(0,0)(11,0)(11,14)(0,14)
Polygon:
(0,0)(14,0)(14,2)(0,2)
Polygon:
(0,0)(29,0)(29,8)(17,8)(17,22)(3,22)(3,14)(0,14)
Polygon:
(0,0)(27,0)(27,12)(15,12)(15,20)(11,20)(11,10)(0,10)
Polygon:
(0,0)(14,0)(14,18)(0,18)
Polygon:
(0,0)(11,0)(11,2)(0,2)
Polygon:
(0,0)(19,0)(19,5)(15,5)(15,23)(0,23)
Polygon:
(0,0)(3,0)(3,4)(0,4)
Polygon:
(0,0)(11,0)(11,18)(0,18)
Polygon:
(0,0)(4,0)(4,17)(0,17)
Polygon:
(0,0)(27,0)(27,2)(9,2)(9,20)(0,20)
Polygon:
(0,0)(1,0)(1,18)(0,18)
Polygon:
(0,0)(8,0)(8,11)(0,11)
Polygon:
(0,0)(27,0)(27,19)(16,19)(16,22)(14,22)(14,4)(0,4)
Polygon:
(0,0)(8,0)(8,17)(0,17)
Polygon:
(0,0)(29,0)(29,16)(21,16)(21,19)(3,19)(3,8)(0,8)
Polygon:
(0,0)(26,0)(26,8)(12,8)(12,21)(0,21)
Polygon:
(0,0)(15,0)(15,9)(0,9)
Polygon:
(0,0)(3,0)(3,12)(0,12)
Polygon:
(0,0)(2,0)(2,4)(0,4)
Polygon:
(0,0)(17,0)(17,17)(0,17)
Polygon:
(0,0)(22,0)(22,18)(11,18)(11,25)(7,25)(7,9)(0,9)
Polygon:
(0,0)(25,0)(25,18)(7,18)(7,21)(0,21)
Polygon:
(0,0)(6,0)(6,4)(0,4)
Polygon:
(0,0)(16,0)(16,2)(0,2)
Polygon:
(0,0)(35,0)(35,8)(22,8)(22,11)(16,11)(16,1)(0,1)
Polygon:
(0,0)(11,0)(11,7)(0,7)
Polygon:
(0,0)(9,0)(9,5)(0,5)
Polygon:
(0,0)(39,0)(39,11)(24,11)(24,28)(9,28)(9,12)(0,12)
Polygon:
(0,0)(41,0)(41,26)(32,26)(32,30)(18,30)(18,13)(0,13)
Polygon:
(0,0)(29,0)(29,13)(12,13)(12,16)(0,16)
Polygon:
(0,0)(13,0)(13,2)(0,2)
Polygon:
(0,0)(18,0)(18,12)(7,12)(7,30)(0,30)
Polygon:
(0,0)(6,0)(6,3)(0,3)
Polygon:
(0,0)(14,0)(14,8)(0,8)
Polygon:
(0,0)(17,0)(17,8)(5,8)(5,19)(2,19)(2,14)(0,14)
Polygon:
(0,0)(7,0)(7,7)(0,7)
Polygon:
(0,0)(5,0)(5,6)(0,6)
Polygon:
(0,0)(29,0)(29,21)(27,21)(27,33)(13,33)(13,15)(0,15)
Polygon:
(0,0)(9,0)(9,12)(0,12)
