Polygon:
(0,0)(16,0)(16,4)(0,4)
Polygon:
(0,0)(33,0)(33,6)(23,6)(23,23)(10,23)(10,5)(0,5)
Polygon:
(0,0)(9,0)(9,5)(0,5)
Polygon:
(0,0)(1,0)(1,14)(0,14)
Polygon:
(0,0)(15,0)(15,10)(2,10)(2,14)(0,14)
Polygon:
(0,0)(31,0)(31,19)(19,19)(19,21)(2,21)(2,13)(0,13)
Polygon:
(0,0)(18,0)(18,8)(0,8)
Polygon:
(0,0)(13,0)(13,11)(3,11)(3,14)(0,14)
Polygon:
(0,0)(2,0)(2,17)(0,17)
Polygon:
(0,0)(15,0)(15,17)(0,17)
Polygon:
(0,0)(6,0)(6,6)(0,6)
Polygon:
(0,0)(18,0)(18,9)(0,9)
Polygon:
(0,0)(30,0)(30,26)(22,26)(22,29)(6,29)(6,13)(0,13)
Polygon:
(0,0)(12,0)(12,6)(7,6)(7,8)(0,8)
Polygon:
(0,0)(39,0)(39,30)(24,30)(24,34)(18,34)(18,17)(0,17)
Polygon:
(0,0)(7,0)(7,2)(0,2)
Polygon:
(0,0)(13,0)(13,8)(0,8)
Polygon:
(0,0)(4,0)(4,2)(0,2)
Polygon:
(0,0)(27,0)(27,9)(14,9)(14,21)(4,21)(4,4)(0,4)
Polygon:
(0,0)(8,0)(8,4)(6,4)(6,10)(0,10)
Polygon:
(0,0)(14,0)(14,15)(0,15)
Polygon:
(0,0)(17,0)(17,9)(10,9)(10,21)(9,21)(9,10)(0,10)
Polygon:
(0,0)(1,0)(1,13)(0,13)
Polygon:
(0,0)(16,0)(16,18)(1,18)(1,20)(0,20)
Polygon:
(0,0)(28,0)(28,19)(22,19)(22,22)(12,22)(12,4)(0,4)
Polygon:
(0,0)(5,0)(5,6)(2,6)(2,20)(0,20)
Polygon:
(0,0)(11,0)(11,16)(0,16)
Polygon:
(0,0)(12,0)(12,2)(0,2)
Polygon:
(0,0)(18,0)(18,1)(4,1)(4,2)(0,2)
Polygon:
(0,0)(7,0)(7,5)(0,5)
Polygon:
(0,0)(8,0)(8,13)(0,13)
Polygon:
(0,0)(19,0)(19,14)(17,14)(17,23)(16,23)(16,7)(0,7)
Polygon:
(0,0)(18,0)(18,11)(4,11)(4,22)(0,22)
Polygon:
(0,0)(22,0)(22,5)(16,5)(16,10)(0,10)
Polygon:
(0,0)(30,0)(30,7)(14,7)(14,19)(9,19)(9,7)(0,7)
Polygon:
(0,0)(42,0)(42,15)(26,15)(26,17)(16,17)(16,1)(0,1)
Polygon:
(0,0)(21,0)(21,23)(20,23)(20,29)(17,29)(17,15)(0,15)
Polygon:
(0,0)(41,0)(41,6)(23,6)(23,19)(12,19)(12,6)(0,6)
Polygon:
(0,0)(11,0)(11,12)(0,12)
Polygon:
(0,0)(28,0)(28,7)(16,7)(16,8)(0,8)
Polygon:
(0,0)(28,0)(28,20)(23,20)(23,29)(15,29)(15,16)(0,16)
Polygon:
(0,0)(18,0)(18,7)(0,7)
Polygon:
(0,0)(12,0)(12,9)(0,9)
Polygon:
(0,0)(12,0)(12,17)(0,17)
Polygon:
(0,0)(46,0)(46,15)(29,15)(29,17)(15,17)(15,3)(0,3)
Polygon:
(0,0)(3,0)(3,5)(0,5)
Polygon:
(0,0)(39,0)(39,1)(21,1)(21,19)(9,19)(9,16)(0,16)
Polygon:
(0,0)(19,0)(19,8)(10,8)(10,13)(0,13)
Polygon:
(0,0)(4,0)(4,15)(0,15)
Polygon:
(0,0)(33,0)(33,16)(27,16)(27,29)(16,29)(16,14)(0,14)
Polygon:
(0,0)(28,0)(28,13)(17,13)(17,17)(0,17)
Polygon:
(0,0)(34,0)(34,8)(17,8)(17,18)(7,18)(7,5)(0,5)
Polygon:
(0,0)(4,0)(4,10)(0,10)
Polygon:
(0,0)(4,0)(4,17)(0,17)
Polygon:
(0,0)(27,0)(27,13)(21,13)(21,22)(6,22)(6,9)(0,9)
Polygon:
(0,0)(8,0)(8,18)(0,18)
Polygon:
(0,0)(9,0)(9,11)(0,11)
Polygon:
(0,0)(4,0)(4,15)(0,15)
Polygon:
(0,0)(18,0)(18,17)(12,17)(12,34)(10,34)(10,17)(0,17)
Polygon:
(0,0)(11,0)(11,6)(0,6)
Polygon:
(0,0)(29,0)(29,12)(17,12)(17,19)(7,19)(7,7)(0,7)
Polygon:
(0,0)(32,0)(32,9)(24,9)(24,25)(13,25)(13,14)(0,14)
Polygon:
(0,0)(14,0)(14,12)(0,12)
Polygon:
(0,0)(4,0)(4,6)(0,6)
Polygon:
(0,0)(5,0)(5,13)(0,13)
Polygon:
(0,0)(11,0)(11,15)(0,15)
Polygon:
(0,0)(17,0)(17,8)(15,8)(15,11)(12,11)(12,3)(0,3)
Polygon:
(0,0)(33,0)(33,17)(21,17)(21,20)(12,20)(12,14)(0,14)
Polygon:
(0,0)(35,0)(35,16)(25,16)(25,19)(11,19)(11,2)(0,2)
Polygon:
(0,0)(25,0)(25,9)(7,9)(7,24)(0,24)
Polygon:
(0,0)(28,0)(28,9)(13,9)(13,13)(7,13)(7,2)(0,2)
Polygon:
(0,0)(25,0)(25,1)(17,1)(17,7)(0,7)
Polygon:
(0,0)(38,0)(38,5)(25,5)(25,18)(7,18)(7,3)(0,3)
Polygon:
(0,0)(6,0)(6,1)(0,1)
Polygon:
(0,0)(17,0)(17,4)(8,4)(8,22)(2,22)(2,6)(0,6)
Polygon:
(0,0)(7,0)(7,5)(0,5)
Polygon:
(0,0)(27,0)(27,2)(11,2)(11,6)(3,6)(3,3)(0,3)
Polygon:
(0,0)(2,0)(2,17)(0,17)
Polygon:
(0,0)(27,0)(27,14)(13,14)(13,18)(5,18)(5,8)(0,8)
Polygon:
(0,0)(22,0)(22,30)(7,30)(7,35)(5,35)(5,18)(0,18)
Polygon:
(0,0)(11,0)(11,9)(0,9)
Polygon:
(0,0)(17,0)(17,15)(13,15)(13,16)(4,16)(4,3)(0,3)
Polygon:
(0,0)(11,0)(11,14)(0,14)
Polygon:
(0,0)(5,0)(5,15)(0,15)
Polygon:
(0,0)(31,0)(31,17)(19,17)(19,18)(6,18)(6,2)(0,2)
Polygon:
(0,0)(15,0)(15,11)(0,11)
Polygon:
(0,0)(12,0)(12,17)(0,17)
Polygon:
(0,0)(11,0)(11,9)(6,9)(6,17)(1,17)(1,1)(0,1)
Polygon:
(0,0)(35,0)(35,22)(21,22)(21,28)(11,28)(11,17)(0,17)
Polygon:
(0,0)(13,0)(13,18)(0,18)
Polygon:
(0,0)(2,0)(2,8)(0,8)
Polygon:
(0,0)(20,0)(20,2)(7,2)(7,20)(0,20)
Polygon:
(0,0)(9,0)(9,4)(0,4)
Polygon:
(0,0)(2,0)(2,1)(0,1)
Polygon:
(0,0)(24,0)(24,3)(14,3)(14,12)(13,12)(13,9)(0,9)
Polygon:
(0,0)(12,0)(12,10)(0,10)
Polygon:
(0,0)(22,0)(22,21)(21,21)(21,24)(14,24)(14,7)(0,7)
Polygon:
(0,0)(6,0)(6,7)(0,7)
Polygon:
(0,0)(10,0)(10,15)(0,15)
Polygon:
(0,0)(35,0)(35,6)(18,6)(18,9)(0,9)
Polygon:
(0,0)(10,0)(10,16)(0,16)
Polygon:
(0,0)(25,0)(25,17)(18,17)(18,26)(0,26)
Polygon:
(0,0)(25,0)(25,15)(20,15)(20,21)(17,21)(17,13)(0,13)
Polygon:
(0,0)(11,0)(11,15)(1,15)(1,31)(0,31)
Polygon:
(0,0)(17,0)(17,14)(0,14)
Polygon:
(0,0)(13,0)(13,12)(0,12)
Polygon:
(0,0)(1,0)(1,11)(0,11)
Polygon:
(0,0)(15,0)(15,14)(0,14)
Polygon:
(0,0)(23,0)(23,7)(9,7)(9,9)(0,9)
Polygon:
(0,0)(27,0)(27,6)(17,6)(17,8)(0,8)
Polygon:
(0,0)(24,0)(24,6)(7,6)(7,20)(4,20)(4,12)(0,12)
Polygon:
(0,0)(12,0)(12,8)(0,8)
Polygon:
(0,0)(1,0)(1,11)(0,11)
Polygon:
(0,0)(37,0)(37,3)(23,3)(23,8)(5,8)(5,3)(0,3)
Polygon:
(0,0)(18,0)(18,11)(6,11)(6,24)(0,24)
Polygon:
(0,0)(30,0)(30,15)(17,15)(17,28)(0,28)
Polygon:
(0,0)(10,0)(10,13)(2,13)(2,31)(0,31)
Polygon:
(0,0)(8,0)(8,5)(0,5)
Polygon:
(0,0)(14,0)(14,2)(0,2)
Polygon:
(0,0)(1,0)(1,5)(0,5)
Polygon:
(0,0)(11,0)(11,14)(0,14)
Polygon:
(0,0)(24,0)(24,17)(15,17)(15,28)(0,28)
Polygon:
(0,0)(7,0)(7,3)(0,3)
Polygon:
(0,0)(1,0)(1,6)(0,6)
Polygon:
(0,0)(27,0)(27,11)(14,11)(14,13)(0,13)
Polygon:
(0,0)(7,0)(7,3)(0,3)
Polygon:
(0,0)(2,0)(2,8)(0,8)
Polygon:
(0,0)(14,0)(14,1)(0,1)
Polygon:
(0,0)(6,0)(6,15)(0,15)
Polygon:
(0,0)(14,0)(14,18)(0,18)
Polygon:
(0,0)(10,0)(10,12)(0,12)
Polygon:
(0,0)(16,0)(16,8)(0,8)
Polygon:
(0,0)(5,0)(5,2)(0,2)
Polygon:
(0,0)(3,0)(3,17)(0,17)
Polygon:
(0,0)(5,0)(5,7)(0,7)
Polygon:
(0,0)(18,0)(18,16)(0,16)
Polygon:
(0,0)(22,0)(22,11)(18,11)(18,17)(5,17)(5,6)(0,6)
Polygon:
(0,0)(18,0)(18,3)(0,3)
Polygon:
(0,0)(31,0)(31,20)(19,20)(19,21)(7,21)(7,9)(0,9)
Polygon:
(0,0)(6,0)(6,11)(3,11)(3,20)(2,20)(2,16)(0,16)
Polygon:
(0,0)(2,0)(2,16)(0,16)
Polygon:
(0,0)(14,0)(14,1)(5,1)(5,14)(0,14)
Polygon:
(0,0)(8,0)(8,11)(0,11)
Polygon:
(0,0)(20,0)(20,18)(13,18)(13,33)(0,33)
Polygon:
(0,0)(12,0)(12,13)(0,13)
Polygon:
(0,0)(2,0)(2,6)(0,6)
Polygon:
(0,0)(25,0)(25,16)(17,16)(17,28)(0,28)
Polygon:
(0,0)(10,0)(10,17)(0,17)
Polygon:
(0,0)(4,0)(4,16)(0,16)
Polygon:
(0,0)(17,0)(17,6)(0,6)
Polygon:
(0,0)(34,0)(34,18)(18,18)(18,21)(0,21)
Polygon:
(0,0)(14,0)(14,15)(8,15)(8,22)(0,22)
Polygon:
(0,0)(4,0)(4,12)(3,12)(3,20)(0,20)
Polygon:
(0,0)(13,0)(13,13)(0,13)
Polygon:
(0,0)(15,0)(15,12)(7,12)(7,24)(0,24)
Polygon:
(0,0)(25,0)(25,18)(12,18)(12,27)(0,27)
Polygon:
(0,0)(19,0)(19,12)(15,12)(15,21)(7,21)(7,9)(0,9)
Polygon:
(0,0)(2,0)(2,5)(0,5)
Polygon:
(0,0)(15,0)(15,10)(11,10)(11,27)(0,27)
Polygon:
(0,0)(2,0)(2,1)(0,1)
Polygon:
(0,0)(11,0)(11,1)(0,1)
Polygon:
(0,0)(2,0)(2,11)(0,11)
Polygon:
(0,0)(27,0)(27,10)(20,10)(20,21)(10,21)(10,10)(0,10)
Polygon:
(0,0)(1,0)(1,18)(0,18)
Polygon:
(0,0)(14,0)(14,13)(0,13)
Polygon:
(0,0)(23,0)(23,12)(17,12)(17,17)(2,17)(2,9)(0,9)
Polygon:
(0,0)(20,0)(20,5)(2,5)(2,6)(0,6)
Polygon:
(0,0)(4,0)(4,17)(0,17)
Polygon:
(0,0)(6,0)(6,18)(0,18)
Polygon:
(0,0)(18,0)(18,6)(0,6)
Polygon:
(0,0)(2,0)(2,4)(0,4)
Polygon:
(0,0)(12,0)(12,18)(0,18)
Polygon:
(0,0)(6,0)(6,8)(0,8)
Polygon:
(0,0)(26,0)(26,5)(13,5)(13,14)(7,14)(7,6)(0,6)
Polygon:
(0,0)(9,0)(9,12)(2,12)(2,29)(0,29)
Polygon:
(0,0)(35,0)(35,3)(19,3)(19,15)(10,15)(10,1)(0,1)
Polygon:
(0,0)(18,0)(18,14)(0,14)
Polygon:
(0,0)(15,0)(15,10)(0,10)
Polygon:
(0,0)(11,0)(11,8)(6,8)(6,11)(0,11)
Polygon:
(0,0)(18,0)(18,11)(0,11)
Polygon:
(0,0)(50,0)(50,22)(32,22)(32,27)(16,27)(16,10)(0,10)
Polygon:
(0,0)(5,0)(5,11)(0,11)
Polygon:
(0,0)(18,0)(18,10)(0,10)
Polygon:
(0,0)(2,0)(2,17)(0,17)
Polygon:
(0,0)(8,0)(8,11)(0,11)
Polygon:
(0,0)(30,0)(30,12)(20,12)(20,23)(2,23)(2,11)(0,11)
Polygon:
(0,0)(24,0)(24,1)(18,1)(18,19)(0,19)
Polygon:
(0,0)(15,0)(15,7)(0,7)
Polygon:
(0,0)(13,0)(13,6)(0,6)
Polygon:
(0,0)(6,0)(6,1)(0,1)
Polygon:
(0,0)(30,0)(30,26)(12,26)(12,29)(7,29)(7,13)(0,13)
Polygon:
(0,0)(37,0)(37,12)(28,12)(28,17)(16,17)(16,8)(0,8)
Polygon:
(0,0)(19,0)(19,12)(15,12)(15,22)(12,22)(12,4)(0,4)
Polygon:
(0,0)(17,0)(17,9)(0,9)
Polygon:
(0,0)(29,0)(29,9)(16,9)(16,20)(9,20)(9,12)(0,12)
Polygon:
(0,0)(17,0)(17,13)(7,13)(7,30)(1,30)(1,12)(0,12)
Polygon:
(0,0)(18,0)(18,17)(0,17)
Polygon:
(0,0)(17,0)(17,4)(0,4)
Polygon:
(0,0)(9,0)(9,12)(0,12)
Polygon:
(0,0)(10,0)(10,17)(0,17)
Polygon:
(0,0)(21,0)(21,10)(14,10)(14,19)(0,19)
Polygon:
(0,0)(5,0)(5,18)(0,18)
Polygon:
(0,0)(25,0)(25,12)(11,12)(11,20)(0,20)
Polygon:
(0,0)(31,0)(31,4)(18,4)(18,21)(0,21)
Polygon:
(0,0)(9,0)(9,20)(6,20)(6,21)(5,21)(5,7)(0,7)
Polygon:
(0,0)(18,0)(18,10)(5,10)(5,28)(0,28)
Polygon:
(0,0)(25,0)(25,24)(13,24)(13,25)(5,25)(5,14)(0,14)
Polygon:
(0,0)(15,0)(15,7)(0,7)
Polygon:
(0,0)(25,0)(25,18)(11,18)(11,28)(0,28)
Polygon:
(0,0)(13,0)(13,17)(0,17)
Polygon:
(0,0)(27,0)(27,21)(19,21)(19,22)(11,22)(11,16)(0,16)
Polygon:
(0,0)(27,0)(27,7)(22,7)(22,16)(8,16)(8,14)(0,14)
Polygon:
(0,0)(21,0)(21,8)(19,8)(19,9)(17,9)(17,7)(0,7)
Polygon:
(0,0)(16,0)(16,16)(5,16)(5,34)(0,34)
Polygon:
(0,0)(43,0)(43,13)(29,13)(29,21)(14,21)(14,3)(0,3)
Polygon:
(0,0)(16,0)(16,12)(0,12)
Polygon:
(0,0)(32,0)(32,14)(22,14)(22,26)(8,26)(8,9)(0,9)
Polygon:
(0,0)(6,0)(6,2)(0,2)
Polygon:
(0,0)(20,0)(20,17)(17,17)(17,19)(11,19)(11,11)(0,11)
Polygon:
(0,0)(4,0)(4,10)(0,10)
Polygon:
(0,0)(8,0)(8,10)(0,10)
Polygon:
(0,0)(19,0)(19,26)(13,26)(13,27)(11,27)(11,9)(0,9)
Polygon:
(0,0)(7,0)(7,9)(0,9)
Polygon:
(0,0)(18,0)(18,5)(0,5)
Polygon:
(0,0)(20,0)(20,30)(17,30)(17,33)(2,33)(2,18)(0,18)
Polygon:
(0,0)(12,0)(12,18)(5,18)(5,23)(0,23)
Polygon:
(0,0)(16,0)(16,7)(0,7)
Polygon:
(0,0)(16,0)(16,4)(0,4)
Polygon:
(0,0)(37,0)(37,27)(28,27)(28,30)(16,30)(16,13)(0,13)
Polygon:
(0,0)(28,0)(28,1)(12,1)(12,6)(0,6)
Polygon:
(0,0)(29,0)(29,2)(13,2)(13,18)(8,18)(8,3)(0,3)
Polygon:
(0,0)(14,0)(14,3)(0,3)
Polygon:
(0,0)(29,0)(29,13)(27,13)(27,18)(15,18)(15,16)(0,16)
Polygon:
(0,0)(4,0)(4,16)(0,16)
Polygon:
(0,0)(7,0)(7,1)(0,1)
Polygon:
(0,0)(1,0)(1,3)(0,3)
Polygon:
(0,0)(32,0)(32,7)(22,7)(22,17)(10,17)(10,8)(0,8)
Polygon:
(0,0)(24,0)(24,16)(10,16)(10,31)(0,31)
Polygon:
(0,0)(23,0)(23,16)(8,16)(8,31)(4,31)(4,17)(0,17)
Polygon:
(0,0)(17,0)(17,15)(0,15)
Polygon:
(0,0)(19,0)(19,9)(6,9)(6,11)(0,11)
Polygon:
(0,0)(4,0)(4,4)(0,4)
Polygon:
(0,0)(24,0)(24,2)(16,2)(16,7)(0,7)
Polygon:
(0,0)(25,0)(25,15)(13,15)(13,26)(0,26)
Polygon:
(0,0)(16,0)(16,1)(0,1)
Polygon:
(0,0)(3,0)(3,11)(0,11)
Polygon:
(0,0)(31,0)(31,21)(26,21)(26,22)(17,22)(17,9)(0,9)
Polygon:
(0,0)(17,0)(17,10)(0,10)
Polygon:
(0,0)(20,0)(20,12)(14,12)(14,30)(0,30)
Polygon:
(0,0)(7,0)(7,9)(0,9)
Polygon:
(0,0)(20,0)(20,11)(16,11)(16,20)(0,20)
Polygon:
(0,0)(14,0)(14,16)(1,16)(1,23)(0,23)
Polygon:
(0,0)(23,0)(23,8)(5,8)(5,9)(0,9)
Polygon:
(0,0)(10,0)(10,6)(0,6)
Polygon:
(0,0)(23,0)(23,14)(20,14)(20,15)(18,15)(18,2)(0,2)
Polygon:
(0,0)(14,0)(14,6)(0,6)
Polygon:
(0,0)(2,0)(2,10)(0,10)
Polygon:
(0,0)(7,0)(7,3)(0,3)
Polygon:
(0,0)(16,0)(16,9)(9,9)(9,11)(0,11)
Polygon:
(0,0)(25,0)(25,15)(8,15)(8,20)(5,20)(5,3)(0,3)
Polygon:
(0,0)(13,0)(13,14)(0,14)
Polygon:
(0,0)(9,0)(9,6)(4,6)(4,22)(0,22)
Polygon:
(0,0)(29,0)(29,18)(17,18)(17,26)(0,26)
Polygon:
(0,0)(40,0)(40,22)(23,22)(23,26)(15,26)(15,11)(0,11)
Polygon:
(0,0)(15,0)(15,9)(0,9)
Polygon:
(0,0)(10,0)(10,5)(0,5)
Polygon:
(0,0)(8,0)(8,8)(0,8)
Polygon:
(0,0)(8,0)(8,13)(0,13)
Polygon:
(0,0)(20,0)(20,6)(17,6)(17,16)(0,16)
Polygon:
(0,0)(32,0)(32,5)(19,5)(19,23)(4,23)(4,9)(0,9)
Polygon:
(0,0)(18,0)(18,5)(2,5)(2,23)(0,23)
Polygon:
(0,0)(9,0)(9,12)(0,12)
Polygon:
(0,0)(30,0)(30,13)(24,13)(24,24)(15,24)(15,12)(0,12)
Polygon:
(0,0)(10,0)(10,11)(0,11)
Polygon:
(0,0)(1,0)(1,10)(0,10)
Polygon:
(0,0)(30,0)(30,18)(24,18)(24,24)(6,24)(6,14)(0,14)
Polygon:
(0,0)(42,0)(42,12)(30,12)(30,19)(15,19)(15,1)(0,1)
Polygon:
(0,0)(21,0)(21,2)(9,2)(9,11)(0,11)
Polygon:
(0,0)(28,0)(28,7)(13,7)(13,15)(0,15)
Polygon:
(0,0)(9,0)(9,7)(0,7)
Polygon:
(0,0)(1,0)(1,12)(0,12)
Polygon:
(0,0)(18,0)(18,2)(0,2)
Polygon:
(0,0)(2,0)(2,8)(0,8)
Polygon:
(0,0)(18,0)(18,1)(4,1)(4,9)(0,9)
Polygon:
(0,0)(30,0)(30,24)(20,24)(20,29)(2,29)(2,14)(0,14)
Polygon:
(0,0)(7,0)(7,14)(0,14)
Polygon:
(0,0)(24,0)(24,16)(23,16)(23,27)(10,27)(10,13)(0,13)
Polygon:
(0,0)(15,0)(15,10)(0,10)
Polygon:
(0,0)(31,0)(31,13)(18,13)(18,15)(0,15)
Polygon:
(0,0)(1,0)(1,16)(0,16)
Polygon:
(0,0)(17,0)(17,12)(6,12)(6,22)(5,22)(5,11)(0,11)
Polygon:
(0,0)(7,0)(7,3)(2,3)(2,15)(0,15)
Polygon:
(0,0)(47,0)(47,7)(36,7)(36,10)(18,10)(18,6)(0,6)
Polygon:
(0,0)(32,0)(32,16)(20,16)(20,21)(15,21)(15,6)(0,6)
Polygon:
(0,0)(31,0)(31,3)(21,3)(21,11)(12,11)(12,5)(0,5)
Polygon:
(0,0)(33,0)(33,22)(32,22)(32,32)(18,32)(18,15)(0,15)
Polygon:
(0,0)(9,0)(9,10)(8,10)(8,12)(0,12)
Polygon:
(0,0)(28,0)(28,12)(18,12)(18,26)(15,26)(15,9)(0,9)
Polygon:
(0,0)(26,0)(26,2)(16,2)(16,5)(0,5)
Polygon:
(0,0)(30,0)(30,11)(17,11)(17,22)(0,22)
Polygon:
(0,0)(37,0)(37,20)(20,20)(20,24)(7,24)(7,9)(0,9)
Polygon:
(0,0)(26,0)(26,14)(8,14)(8,30)(0,30)
Polygon:
(0,0)(6,0)(6,4)(0,4)
Polygon:
(0,0)(23,0)(23,7)(5,7)(5,17)(0,17)
Polygon:
(0,0)(7,0)(7,11)(0,11)
Polygon:
(0,0)(4,0)(4,4)(0,4)
Polygon:
(0,0)(10,0)(10,1)(0,1)
Polygon:
(0,0)(22,0)(22,2)(21,2)(21,19)(3,19)(3,13)(0,13)
Polygon:
(0,0)(38,0)(38,8)(31,8)(31,14)(18,14)(18,8)(0,8)
Polygon:
(0,0)(32,0)(32,3)(15,3)(15,16)(7,16)(7,1)(0,1)
Polygon:
(0,0)(10,0)(10,7)(0,7)
Polygon:
(0,0)(34,0)(34,8)(16,8)(16,20)(10,20)(10,17)(0,17)
Polygon:
(0,0)(15,0)(15,8)(11,8)(11,21)(3,21)(3,13)(0,13)
Polygon:
(0,0)(35,0)(35,27)(24,27)(24,29)(17,29)(17,11)(0,11)
Polygon:
(0,0)(16,0)(16,16)(0,16)
Polygon:
(0,0)(46,0)(46,15)(30,15)(30,20)(15,20)(15,7)(0,7)
Polygon:
(0,0)(12,0)(12,4)(0,4)
Polygon:
(0,0)(12,0)(12,2)(0,2)
Polygon:
(0,0)(6,0)(6,12)(0,12)
Polygon:
(0,0)(9,0)(9,14)(0,14)
Polygon:
(0,0)(6,0)(6,5)(0,5)
Polygon:
(0,0)(22,0)(22,13)(19,13)(19,14)(9,14)(9,7)(0,7)
Polygon:
(0,0)(16,0)(16,13)(0,13)
Polygon:
(0,0)(20,0)(20,12)(2,12)(2,13)(0,13)
Polygon:
(0,0)(42,0)(42,6)(31,6)(31,21)(13,21)(13,16)(0,16)
Polygon:
(0,0)(38,0)(38,6)(23,6)(23,19)(6,19)(6,10)(0,10)
Polygon:
(0,0)(14,0)(14,1)(1,1)(1,6)(0,6)
Polygon:
(0,0)(18,0)(18,11)(0,11)
Polygon:
(0,0)(4,0)(4,12)(0,12)
Polygon:
(0,0)(13,0)(13,16)(2,16)(2,33)(0,33)
Polygon:
(0,0)(34,0)(34,17)(18,17)(18,28)(1,28)(1,10)(0,10)
Polygon:
(0,0)(1,0)(1,4)(0,4)
Polygon:
(0,0)(1,0)(1,2)(0,2)
Polygon:
(0,0)(37,0)(37,17)(23,17)(23,25)(16,25)(16,7)(0,7)
Polygon:
(0,0)(10,0)(10,14)(0,14)
Polygon:
(0,0)(10,0)(10,12)(0,12)
Polygon:
(0,0)(30,0)(30,15)(24,15)(24,21)(15,21)(15,8)(0,8)
Polygon:
(0,0)(29,0)(29,9)(13,9)(13,27)(8,27)(8,10)(0,10)
Polygon:
(0,0)(7,0)(7,11)(0,11)
Polygon:
(0,0)(1,0)(1,11)(0,11)
Polygon:
(0,0)(30,0)(30,7)(21,7)(21,16)(8,16)(8,3)(0,3)
Polygon:
(0,0)(18,0)(18,12)(0,12)
Polygon:
(0,0)(9,0)(9,5)(0,5)
Polygon:
(0,0)(13,0)(13,5)(3,5)(3,8)(0,8)
Polygon:
(0,0)(8,0)(8,5)(0,5)
Polygon:
(0,0)(10,0)(10,6)(0,6)
Polygon:
(0,0)(10,0)(10,12)(0,12)
Polygon:
(0,0)(21,0)(21,12)(6,12)(6,20)(1,20)(1,3)(0,3)
Polygon:
(0,0)(17,0)(17,10)(16,10)(16,21)(4,21)(4,9)(0,9)
Polygon:
(0,0)(4,0)(4,18)(0,18)
Polygon:
(0,0)(21,0)(21,6)(15,6)(15,10)(0,10)
Polygon:
(0,0)(6,0)(6,5)(0,5)
Polygon:
(0,0)(5,0)(5,1)(0,1)
Polygon:
(0,0)(31,0)(31,16)(15,16)(15,21)(11,21)(11,5)(0,5)
Polygon:
(0,0)(2,0)(2,1)(0,1)
Polygon:
(0,0)(23,0)(23,19)(18,19)(18,21)(13,21)(13,6)(0,6)
Polygon:
(0,0)(23,0)(23,14)(7,14)(7,27)(0,27)
Polygon:
(0,0)(15,0)(15,3)(6,3)(6,14)(0,14)
Polygon:
(0,0)(16,0)(16,3)(0,3)
Polygon:
(0,0)(1,0)(1,12)(0,12)
Polygon:
(0,0)(28,0)(28,14)(11,14)(11,26)(0,26)
Polygon:
(0,0)(16,0)(16,8)(0,8)
Polygon:
(0,0)(17,0)(17,16)(0,16)
Polygon:
(0,0)(13,0)(13,10)(0,10)
Polygon:
(0,0)(35,0)(35,6)(18,6)(18,17)(10,17)(10,1)(0,1)
Polygon:
(0,0)(13,0)(13,4)(0,4)
Polygon:
(0,0)(33,0)(33,2)(24,2)(24,17)(17,17)(17,8)(0,8)
Polygon:
(0,0)(17,0)(17,4)(0,4)
Polygon:
(0,0)(18,0)(18,12)(13,12)(13,27)(0,27)
Polygon:
(0,0)(2,0)(2,11)(0,11)
Polygon:
(0,0)(3,0)(3,9)(0,9)
Polygon:
(0,0)(18,0)(18,14)(0,14)
Polygon:
(0,0)(32,0)(32,2)(16,2)(16,8)(0,8)
Polygon:
(0,0)(14,0)(14,14)(10,14)(10,21)(9,21)(9,5)(0,5)
Polygon:
(0,0)(14,0)(14,18)(0,18)
Polygon:
(0,0)(15,0)(15,4)(0,4)
Polygon:
(0,0)(43,0)(43,4)(25,4)(25,20)(7,20)(7,2)(0,2)
Polygon:
(0,0)(16,0)(16,6)(0,6)
Polygon:
(0,0)(12,0)(12,1)(0,1)
Polygon:
(0,0)(13,0)(13,4)(0,4)
Polygon:
(0,0)(10,0)(10,3)(0,3)
Polygon:
(0,0)(9,0)(9,5)(0,5)
Polygon:
(0,0)(27,0)(27,15)(12,15)(12,30)(0,30)
Polygon:
(0,0)(18,0)(18,17)(11,17)(11,33)(0,33)
Polygon:
(0,0)(19,0)(19,2)(14,2)(14,3)(0,3)
Polygon:
(0,0)(8,0)(8,2)(0,2)
Polygon:
(0,0)(11,0)(11,4)(0,4)
Polygon:
(0,0)(14,0)(14,13)(12,13)(12,27)(0,27)
Polygon:
(0,0)(22,0)(22,10)(17,10)(17,12)(0,12)
Polygon:
(0,0)(14,0)(14,17)(0,17)
Polygon:
(0,0)(16,0)(16,17)(0,17)
Polygon:
(0,0)(43,0)(43,11)(31,11)(31,21)(16,21)(16,11)(0,11)
Polygon:
(0,0)(14,0)(14,8)(8,8)(8,22)(0,22)
Polygon:
(0,0)(24,0)(24,16)(11,16)(11,23)(9,23)(9,10)(0,10)
Polygon:
(0,0)(3,0)(3,18)(0,18)
Polygon:
(0,0)(1,0)(1,2)(0,2)
Polygon:
(0,0)(6,0)(6,15)(0,15)
Polygon:
(0,0)(15,0)(15,11)(0,11)
Polygon:
(0,0)(13,0)(13,7)(8,7)(8,11)(3,11)(3,10)(0,10)
Polygon:
(0,0)(25,0)(25,13)(23,13)(23,22)(15,22)(15,18)(0,18)
Polygon:
(0,0)(15,0)(15,19)(10,19)(10,36)(1,36)(1,18)(0,18)
Polygon:
(0,0)(7,0)(7,15)(0,15)
Polygon:
(0,0)(22,0)(22,9)(8,9)(8,27)(0,27)
Polygon:
(0,0)(18,0)(18,12)(0,12)
Polygon:
(0,0)(6,0)(6,18)(0,18)
Polygon:
(0,0)(12,0)(12,1)(0,1)
Polygon:
(0,0)(11,0)(11,12)(0,12)
Polygon:
(0,0)(17,0)(17,5)(0,5)
Polygon:
(0,0)(4,0)(4,3)(1,3)(1,18)(0,18)
Polygon:
(0,0)(5,0)(5,15)(0,15)
Polygon:
(0,0)(3,0)(3,4)(0,4)
Polygon:
(0,0)(32,0)(32,2)(17,2)(17,19)(3,19)(3,11)(0,11)
Polygon:
(0,0)(36,0)(36,5)(29,5)(29,14)(18,14)(18,1)(0,1)
Polygon:
(0,0)(41,0)(41,16)(24,16)(24,22)(16,22)(16,16)(0,16)
Polygon:
(0,0)(5,0)(5,15)(2,15)(2,33)(0,33)
Polygon:
(0,0)(20,0)(20,16)(6,16)(6,30)(5,30)(5,15)(0,15)
Polygon:
(0,0)(24,0)(24,17)(21,17)(21,20)(7,20)(7,5)(0,5)
Polygon:
(0,0)(31,0)(31,11)(28,11)(28,20)(13,20)(13,13)(0,13)
Polygon:
(0,0)(2,0)(2,7)(0,7)
Polygon:
(0,0)(11,0)(11,11)(0,11)
Polygon:
(0,0)(12,0)(12,1)(0,1)
Polygon:
(0,0)(17,0)(17,8)(0,8)
Polygon:
(0,0)(11,0)(11,5)(0,5)
Polygon:
(0,0)(2,0)(2,4)(0,4)
Polygon:
(0,0)(4,0)(4,1)(0,1)
Polygon:
(0,0)(10,0)(10,33)(3,33)(3,35)(2,35)(2,18)(0,18)
Polygon:
(0,0)(26,0)(26,6)(11,6)(11,16)(0,16)
Polygon:
(0,0)(29,0)(29,23)(18,23)(18,29)(17,29)(17,15)(0,15)
Polygon:
(0,0)(6,0)(6,13)(1,13)(1,18)(0,18)
Polygon:
(0,0)(6,0)(6,17)(0,17)
Polygon:
(0,0)(31,0)(31,2)(23,2)(23,9)(18,9)(18,6)(0,6)
Polygon:
(0,0)(30,0)(30,7)(13,7)(13,8)(0,8)
Polygon:
(0,0)(7,0)(7,17)(4,17)(4,25)(0,25)
Polygon:
(0,0)(6,0)(6,13)(0,13)
Polygon:
(0,0)(17,0)(17,17)(0,17)
Polygon:
(0,0)(7,0)(7,13)(0,13)
Polygon:
(0,0)(11,0)(11,1)(0,1)
Polygon:
(0,0)(36,0)(36,2)(19,2)(19,12)(5,12)(5,4)(0,4)
Polygon:
(0,0)(27,0)(27,12)(16,12)(16,28)(8,28)(8,13)(0,13)
Polygon:
(0,0)(24,0)(24,16)(22,16)(22,24)(12,24)(12,15)(0,15)
Polygon:
(0,0)(3,0)(3,6)(0,6)
Polygon:
(0,0)(29,0)(29,14)(15,14)(15,16)(14,16)(14,5)(0,5)
Polygon:
(0,0)(21,0)(21,9)(15,9)(15,19)(12,19)(12,7)(0,7)
Polygon:
(0,0)(25,0)(25,3)(17,3)(17,17)(0,17)
Polygon:
(0,0)(41,0)(41,19)(24,19)(24,21)(14,21)(14,13)(0,13)
Polygon:
(0,0)(21,0)(21,10)(10,10)(10,11)(0,11)
Polygon:
(0,0)(9,0)(9,6)(0,6)
Polygon:
(0,0)(4,0)(4,14)(0,14)
Polygon:
(0,0)(14,0)(14,23)(13,23)(13,25)(6,25)(6,11)(0,11)
Polygon:
(0,0)(13,0)(13,17)(6,17)(6,23)(0,23)
Polygon:
(0,0)(31,0)(31,12)(19,12)(19,15)(18,15)(18,4)(0,4)
Polygon:
(0,0)(15,0)(15,12)(0,12)
Polygon:
(0,0)(34,0)(34,6)(16,6)(16,17)(0,17)
Polygon:
(0,0)(8,0)(8,5)(0,5)
Polygon:
(0,0)(11,0)(11,13)(0,13)
Polygon:
(0,0)(18,0)(18,14)(0,14)
Polygon:
(0,0)(4,0)(4,4)(0,4)
Polygon:
(0,0)(1,0)(1,3)(0,3)
Polygon:
(0,0)(37,0)(37,18)(24,18)(24,32)(9,32)(9,15)(0,15)
Polygon:
(0,0)(11,0)(11,12)(0,12)
Polygon:
(0,0)(17,0)(17,15)(0,15)
Polygon:
(0,0)(27,0)(27,5)(18,5)(18,8)(0,8)
Polygon:
(0,0)(19,0)(19,9)(17,9)(17,10)(5,10)(5,6)(0,6)
Polygon:
(0,0)(14,0)(14,16)(0,16)
Polygon:
(0,0)(26,0)(26,11)(16,11)(16,18)(3,18)(3,4)(0,4)
Polygon:
(0,0)(38,0)(38,16)(33,16)(33,20)(16,20)(16,9)(0,9)
Polygon:
(0,0)(6,0)(6,2)(0,2)
Polygon:
(0,0)(15,0)(15,8)(13,8)(13,22)(0,22)
Polygon:
(0,0)(9,0)(9,8)(0,8)
Polygon:
(0,0)(3,0)(3,2)(1,2)(1,14)(0,14)
Polygon:
(0,0)(33,0)(33,6)(16,6)(16,19)(8,19)(8,1)(0,1)
Polygon:
(0,0)(44,0)(44,21)(30,21)(30,24)(18,24)(18,8)(0,8)
Polygon:
(0,0)(4,0)(4,8)(0,8)
Polygon:
(0,0)(27,0)(27,1)(15,1)(15,16)(7,16)(7,1)(0,1)
Polygon:
(0,0)(19,0)(19,3)(5,3)(5,17)(0,17)
Polygon:
(0,0)(18,0)(18,12)(16,12)(16,17)(0,17)
Polygon:
(0,0)(27,0)(27,6)(9,6)(9,11)(2,11)(2,2)(0,2)
Polygon:
(0,0)(24,0)(24,16)(12,16)(12,21)(0,21)
Polygon:
(0,0)(19,0)(19,13)(16,13)(16,20)(0,20)
Polygon:
(0,0)(11,0)(11,8)(9,8)(9,13)(0,13)
Polygon:
(0,0)(29,0)(29,9)(27,9)(27,17)(12,17)(12,7)(0,7)
Polygon:
(0,0)(38,0)(38,9)(25,9)(25,14)(10,14)(10,8)(0,8)
Polygon:
(0,0)(1,0)(1,9)(0,9)
Polygon:
(0,0)(6,0)(6,13)(0,13)
Polygon:
(0,0)(16,0)(16,16)(0,16)
Polygon:
(0,0)(5,0)(5,3)(0,3)
Polygon:
(0,0)(17,0)(17,28)(16,28)(16,32)(9,32)(9,14)(0,14)
Polygon:
(0,0)(28,0)(28,6)(16,6)(16,24)(0,24)
Polygon:
(0,0)(16,0)(16,9)(0,9)
Polygon:
(0,0)(35,0)(35,11)(24,11)(24,20)(10,20)(10,8)(0,8)
Polygon:
(0,0)(28,0)(28,11)(13,11)(13,24)(11,24)(11,10)(0,10)
Polygon:
(0,0)(25,0)(25,27)(21,27)(21,29)(8,29)(8,15)(0,15)
Polygon:
(0,0)(13,0)(13,8)(0,8)
Polygon:
(0,0)(20,0)(20,8)(14,8)(14,26)(8,26)(8,11)(0,11)
Polygon:
(0,0)(3,0)(3,10)(0,10)
Polygon:
(0,0)(5,0)(5,14)(0,14)
Polygon:
(0,0)(14,0)(14,8)(0,8)
Polygon:
(0,0)(18,0)(18,12)(0,12)
Polygon:
(0,0)(10,0)(10,16)(8,16)(8,24)(0,24)
Polygon:
(0,0)(16,0)(16,3)(12,3)(12,11)(0,11)
Polygon:
(0,0)(15,0)(15,12)(0,12)
Polygon:
(0,0)(18,0)(18,8)(11,8)(11,16)(0,16)
Polygon:
(0,0)(15,0)(15,11)(0,11)
Polygon:
(0,0)(23,0)(23,17)(7,17)(7,25)(0,25)
Polygon:
(0,0)(7,0)(7,6)(0,6)
Polygon:
(0,0)(10,0)(10,9)(0,9)
Polygon:
(0,0)(15,0)(15,10)(0,10)
Polygon:
(0,0)(25,0)(25,12)(9,12)(9,21)(0,21)
Polygon:
(0,0)(18,0)(18,3)(0,3)
Polygon:
(0,0)(20,0)(20,25)(13,25)(13,27)(6,27)(6,11)(0,11)
Polygon:
(0,0)(10,0)(10,4)(0,4)
Polygon:
(0,0)(36,0)(36,17)(22,17)(22,33)(5,33)(5,17)(0,17)
Polygon:
(0,0)(18,0)(18,2)(17,2)(17,5)(0,5)
Polygon:
(0,0)(15,0)(15,18)(9,18)(9,20)(0,20)
Polygon:
(0,0)(17,0)(17,12)(0,12)
Polygon:
(0,0)(4,0)(4,8)(0,8)
Polygon:
(0,0)(26,0)(26,11)(8,11)(8,23)(0,23)
Polygon:
(0,0)(12,0)(12,18)(9,18)(9,31)(8,31)(8,13)(0,13)
Polygon:
(0,0)(36,0)(36,12)(20,12)(20,18)(5,18)(5,6)(0,6)
Polygon:
(0,0)(13,0)(13,9)(0,9)
Polygon:
(0,0)(5,0)(5,16)(0,16)
Polygon:
(0,0)(37,0)(37,2)(19,2)(19,20)(18,20)(18,4)(0,4)
Polygon:
(0,0)(15,0)(15,12)(0,12)
Polygon:
(0,0)(4,0)(4,14)(0,14)
Polygon:
(0,0)(3,0)(3,12)(0,12)
Polygon:
(0,0)(29,0)(29,9)(24,9)(24,27)(18,27)(18,18)(0,18)
Polygon:
(0,0)(18,0)(18,3)(0,3)
Polygon:
(0,0)(43,0)(43,8)(27,8)(27,20)(13,20)(13,17)(0,17)
Polygon:
(0,0)(11,0)(11,6)(0,6)
Polygon:
(0,0)(13,0)(13,4)(0,4)
Polygon:
(0,0)(10,0)(10,8)(6,8)(6,13)(0,13)
Polygon:
(0,0)(19,0)(19,10)(17,10)(17,19)(0,19)
Polygon:
(0,0)(16,0)(16,2)(0,2)
Polygon:
(0,0)(14,0)(14,8)(0,8)
Polygon:
(0,0)(11,0)(11,3)(5,3)(5,17)(0,17)
Polygon:
(0,0)(6,0)(6,18)(0,18)
Polygon:
(0,0)(23,0)(23,9)(18,9)(18,17)(9,17)(9,4)(0,4)
Polygon:
(0,0)(16,0)(16,2)(10,2)(10,4)(0,4)
Polygon:
(0,0)(1,0)(1,13)(0,13)
Polygon:
(0,0)(32,0)(32,17)(28,17)(28,22)(13,22)(13,12)(0,12)
Polygon:
(0,0)(22,0)(22,6)(18,6)(18,11)(0,11)
Polygon:
(0,0)(12,0)(12,15)(0,15)
Polygon:
(0,0)(29,0)(29,22)(23,22)(23,23)(13,23)(13,9)(0,9)
Polygon:
(0,0)(3,0)(3,6)(0,6)
Polygon:
(0,0)(29,0)(29,10)(19,10)(19,16)(3,16)(3,4)(0,4)
Polygon:
(0,0)(18,0)(18,15)(0,15)
Polygon:
(0,0)(35,0)(35,13)(24,13)(24,14)(18,14)(18,3)(0,3)
Polygon:
(0,0)(11,0)(11,8)(6,8)(6,17)(0,17)
Polygon:
(0,0)(15,0)(15,7)(0,7)
Polygon:
(0,0)(18,0)(18,14)(0,14)
Polygon:
(0,0)(8,0)(8,13)(5,13)(5,14)(0,14)
Polygon:
(0,0)(21,0)(21,17)(4,17)(4,30)(0,30)
Polygon:
(0,0)(23,0)(23,6)(16,6)(16,10)(0,10)
Polygon:
(0,0)(27,0)(27,8)(15,8)(15,14)(2,14)(2,2)(0,2)
Polygon:
(0,0)(25,0)(25,12)(11,12)(11,20)(0,20)
Polygon:
(0,0)(36,0)(36,24)(19,24)(19,25)(9,25)(9,16)(0,16)
Polygon:
(0,0)(18,0)(18,20)(12,20)(12,35)(2,35)(2,18)(0,18)
Polygon:
(0,0)(40,0)(40,22)(23,22)(23,24)(5,24)(5,18)(0,18)
Polygon:
(0,0)(12,0)(12,12)(0,12)
Polygon:
(0,0)(23,0)(23,11)(18,11)(18,24)(2,24)(2,10)(0,10)
Polygon:
(0,0)(18,0)(18,13)(0,13)
Polygon:
(0,0)(21,0)(21,6)(10,6)(10,9)(2,9)(2,5)(0,5)
Polygon:
(0,0)(5,0)(5,18)(0,18)
Polygon:
(0,0)(17,0)(17,7)(0,7)
Polygon:
(0,0)(5,0)(5,12)(0,12)
Polygon:
(0,0)(15,0)(15,2)(0,2)
Polygon:
(0,0)(22,0)(22,9)(11,9)(11,19)(5,19)(5,13)(0,13)
Polygon:
(0,0)(1,0)(1,2)(0,2)
Polygon:
(0,0)(13,0)(13,18)(0,18)
Polygon:
(0,0)(9,0)(9,9)(7,9)(7,26)(0,26)
Polygon:
(0,0)(5,0)(5,4)(0,4)
Polygon:
(0,0)(9,0)(9,11)(0,11)
Polygon:
(0,0)(9,0)(9,3)(8,3)(8,11)(0,11)
Polygon:
(0,0)(18,0)(18,17)(0,17)
Polygon:
(0,0)(23,0)(23,14)(21,14)(21,26)(15,26)(15,8)(0,8)
Polygon:
(0,0)(8,0)(8,1)(0,1)
Polygon:
(0,0)(12,0)(12,18)(0,18)
Polygon:
(0,0)(12,0)(12,6)(0,6)
Polygon:
(0,0)(7,0)(7,11)(0,11)
Polygon:
(0,0)(13,0)(13,2)(0,2)
Polygon:
(0,0)(38,0)(38,5)(26,5)(26,9)(14,9)(14,1)(0,1)
Polygon:
(0,0)(20,0)(20,17)(12,17)(12,25)(0,25)
Polygon:
(0,0)(8,0)(8,13)(0,13)
Polygon:
(0,0)(17,0)(17,18)(9,18)(9,24)(0,24)
Polygon:
(0,0)(10,0)(10,17)(0,17)
Polygon:
(0,0)(8,0)(8,17)(0,17)
Polygon:
(0,0)(10,0)(10,11)(0,11)
Polygon:
(0,0)(36,0)(36,9)(18,9)(18,16)(17,16)(17,4)(0,4)
Polygon:
(0,0)(13,0)(13,8)(0,8)
Polygon:
(0,0)(24,0)(24,12)(13,12)(13,14)(11,14)(11,10)(0,10)
Polygon:
(0,0)(22,0)(22,4)(12,4)(12,14)(0,14)
Polygon:
(0,0)(10,0)(10,12)(0,12)
Polygon:
(0,0)(28,0)(28,4)(22,4)(22,15)(7,15)(7,1)(0,1)
Polygon:
(0,0)(11,0)(11,9)(6,9)(6,15)(1,15)(1,5)(0,5)
Polygon:
(0,0)(1,0)(1,3)(0,3)
Polygon:
(0,0)(16,0)(16,22)(10,22)(10,24)(2,24)(2,14)(0,14)
Polygon:
(0,0)(6,0)(6,3)(0,3)
Polygon:
(0,0)(2,0)(2,2)(0,2)
Polygon:
(0,0)(10,0)(10,6)(0,6)
Polygon:
(0,0)(13,0)(13,15)(0,15)
