Polygon:
(0,0)(24,0)(24,5)(12,5)(12,2)(7,2)(7,6)(0,6)
Polygon:
(0,0)(39,0)(39,17)(28,17)(28,10)(13,10)(13,15)(0,15)
Polygon:
(0,0)(16,0)(16,13)(10,13)(10,4)(2,4)(2,10)(0,10)
Polygon:
(0,0)(39,0)(39,7)(30,7)(30,6)(17,6)(17,8)(0,8)
Polygon:
(0,0)(17,0)(17,20)(14,20)(14,8)(5,8)(5,9)(0,9)
Polygon:
(0,0)(27,0)(27,5)(24,5)(24,2)(15,2)(15,8)(0,8)
Polygon:
(0,0)(32,0)(32,11)(18,11)(18,5)(9,5)(9,10)(0,10)
Polygon:
(0,0)(29,0)(29,21)(26,21)(26,12)(18,12)(18,16)(0,16)
Polygon:
(0,0)(31,0)(31,17)(20,17)(20,5)(7,5)(7,15)(0,15)
Polygon:
(0,0)(11,0)(11,14)(10,14)(10,9)(9,9)(9,13)(0,13)
Polygon:
(0,0)(34,0)(34,17)(27,17)(27,3)(13,3)(13,17)(0,17)
Polygon:
(0,0)(16,0)(16,21)(12,21)(12,7)(1,7)(1,12)(0,12)
Polygon:
(0,0)(26,0)(26,12)(22,12)(22,1)(14,1)(14,18)(0,18)
Polygon:
(0,0)(27,0)(27,24)(16,24)(16,9)(15,9)(15,14)(0,14)
Polygon:
(0,0)(37,0)(37,18)(28,18)(28,10)(11,10)(11,12)(0,12)
Polygon:
(0,0)(39,0)(39,18)(23,18)(23,6)(10,6)(10,15)(0,15)
Polygon:
(0,0)(34,0)(34,13)(23,13)(23,11)(17,11)(17,18)(0,18)
Polygon:
(0,0)(29,0)(29,15)(21,15)(21,1)(16,1)(16,2)(0,2)
Polygon:
(0,0)(12,0)(12,24)(11,24)(11,6)(9,6)(9,17)(0,17)
Polygon:
(0,0)(14,0)(14,11)(11,11)(11,7)(5,7)(5,10)(0,10)
Polygon:
(0,0)(27,0)(27,18)(18,18)(18,8)(9,8)(9,16)(0,16)
Polygon:
(0,0)(13,0)(13,5)(6,5)(6,3)(1,3)(1,11)(0,11)
Polygon:
(0,0)(17,0)(17,16)(16,16)(16,2)(4,2)(4,17)(0,17)
Polygon:
(0,0)(22,0)(22,28)(13,28)(13,12)(12,12)(12,13)(0,13)
Polygon:
(0,0)(50,0)(50,3)(34,3)(34,1)(18,1)(18,12)(0,12)
Polygon:
(0,0)(23,0)(23,18)(9,18)(9,4)(5,4)(5,17)(0,17)
Polygon:
(0,0)(35,0)(35,20)(23,20)(23,8)(15,8)(15,11)(0,11)
Polygon:
(0,0)(37,0)(37,20)(20,20)(20,6)(16,6)(16,13)(0,13)
Polygon:
(0,0)(38,0)(38,12)(21,12)(21,4)(8,4)(8,10)(0,10)
Polygon:
(0,0)(9,0)(9,19)(7,19)(7,9)(1,9)(1,10)(0,10)
Polygon:
(0,0)(30,0)(30,11)(15,11)(15,6)(8,6)(8,11)(0,11)
Polygon:
(0,0)(26,0)(26,12)(9,12)(9,9)(2,9)(2,10)(0,10)
Polygon:
(0,0)(35,0)(35,12)(19,12)(19,10)(6,10)(6,15)(0,15)
Polygon:
(0,0)(21,0)(21,12)(17,12)(17,8)(11,8)(11,17)(0,17)
Polygon:
(0,0)(39,0)(39,15)(25,15)(25,1)(9,1)(9,6)(0,6)
Polygon:
(0,0)(43,0)(43,15)(27,15)(27,7)(13,7)(13,13)(0,13)
Polygon:
(0,0)(33,0)(33,12)(21,12)(21,4)(13,4)(13,14)(0,14)
Polygon:
(0,0)(13,0)(13,6)(11,6)(11,5)(4,5)(4,9)(0,9)
Polygon:
(0,0)(11,0)(11,19)(8,19)(8,8)(7,8)(7,13)(0,13)
Polygon:
(0,0)(33,0)(33,24)(26,24)(26,9)(15,9)(15,11)(0,11)
Polygon:
(0,0)(20,0)(20,13)(13,13)(13,3)(12,3)(12,13)(0,13)
Polygon:
(0,0)(28,0)(28,4)(23,4)(23,2)(16,2)(16,17)(0,17)
Polygon:
(0,0)(49,0)(49,21)(32,21)(32,14)(18,14)(18,15)(0,15)
Polygon:
(0,0)(15,0)(15,8)(11,8)(11,3)(7,3)(7,4)(0,4)
Polygon:
(0,0)(21,0)(21,10)(17,10)(17,4)(3,4)(3,13)(0,13)
Polygon:
(0,0)(22,0)(22,17)(19,17)(19,2)(8,2)(8,15)(0,15)
Polygon:
(0,0)(34,0)(34,12)(22,12)(22,6)(15,6)(15,17)(0,17)
Polygon:
(0,0)(34,0)(34,4)(24,4)(24,2)(17,2)(17,14)(0,14)
Polygon:
(0,0)(34,0)(34,23)(24,23)(24,9)(7,9)(7,16)(0,16)
Polygon:
(0,0)(32,0)(32,18)(23,18)(23,2)(13,2)(13,3)(0,3)
Polygon:
(0,0)(44,0)(44,14)(26,14)(26,7)(15,7)(15,17)(0,17)
Polygon:
(0,0)(32,0)(32,17)(31,17)(31,8)(16,8)(16,14)(0,14)
Polygon:
(0,0)(18,0)(18,11)(3,11)(3,6)(2,6)(2,8)(0,8)
Polygon:
(0,0)(25,0)(25,26)(8,26)(8,12)(5,12)(5,14)(0,14)
Polygon:
(0,0)(25,0)(25,24)(23,24)(23,7)(17,7)(17,8)(0,8)
Polygon:
(0,0)(27,0)(27,24)(18,24)(18,7)(7,7)(7,8)(0,8)
Polygon:
(0,0)(34,0)(34,5)(21,5)(21,4)(4,4)(4,8)(0,8)
Polygon:
(0,0)(16,0)(16,9)(15,9)(15,5)(8,5)(8,11)(0,11)
Polygon:
(0,0)(20,0)(20,11)(18,11)(18,1)(17,1)(17,13)(0,13)
Polygon:
(0,0)(26,0)(26,10)(23,10)(23,1)(5,1)(5,15)(0,15)
Polygon:
(0,0)(22,0)(22,10)(15,10)(15,1)(12,1)(12,3)(0,3)
Polygon:
(0,0)(36,0)(36,17)(31,17)(31,2)(15,2)(15,11)(0,11)
Polygon:
(0,0)(46,0)(46,12)(31,12)(31,3)(17,3)(17,15)(0,15)
Polygon:
(0,0)(25,0)(25,15)(7,15)(7,7)(6,7)(6,14)(0,14)
Polygon:
(0,0)(37,0)(37,18)(25,18)(25,14)(16,14)(16,16)(0,16)
Polygon:
(0,0)(20,0)(20,15)(15,15)(15,8)(5,8)(5,12)(0,12)
Polygon:
(0,0)(30,0)(30,29)(15,29)(15,13)(14,13)(14,16)(0,16)
Polygon:
(0,0)(36,0)(36,18)(20,18)(20,1)(4,1)(4,17)(0,17)
Polygon:
(0,0)(33,0)(33,14)(32,14)(32,1)(15,1)(15,8)(0,8)
Polygon:
(0,0)(32,0)(32,3)(19,3)(19,2)(2,2)(2,13)(0,13)
Polygon:
(0,0)(48,0)(48,13)(34,13)(34,2)(16,2)(16,18)(0,18)
Polygon:
(0,0)(40,0)(40,14)(36,14)(36,3)(18,3)(18,15)(0,15)
Polygon:
(0,0)(25,0)(25,24)(17,24)(17,6)(15,6)(15,10)(0,10)
Polygon:
(0,0)(50,0)(50,25)(34,25)(34,9)(18,9)(18,13)(0,13)
Polygon:
(0,0)(33,0)(33,21)(20,21)(20,4)(17,4)(17,11)(0,11)
Polygon:
(0,0)(34,0)(34,11)(24,11)(24,9)(17,9)(17,13)(0,13)
Polygon:
(0,0)(22,0)(22,12)(7,12)(7,6)(1,6)(1,9)(0,9)
Polygon:
(0,0)(34,0)(34,7)(17,7)(17,1)(7,1)(7,18)(0,18)
Polygon:
(0,0)(35,0)(35,9)(33,9)(33,7)(17,7)(17,11)(0,11)
Polygon:
(0,0)(37,0)(37,22)(35,22)(35,12)(17,12)(17,18)(0,18)
Polygon:
(0,0)(32,0)(32,19)(20,19)(20,4)(16,4)(16,5)(0,5)
Polygon:
(0,0)(49,0)(49,19)(32,19)(32,2)(18,2)(18,5)(0,5)
Polygon:
(0,0)(19,0)(19,4)(8,4)(8,3)(5,3)(5,5)(0,5)
Polygon:
(0,0)(11,0)(11,14)(7,14)(7,4)(2,4)(2,11)(0,11)
Polygon:
(0,0)(35,0)(35,17)(30,17)(30,2)(12,2)(12,12)(0,12)
Polygon:
(0,0)(30,0)(30,22)(21,22)(21,4)(18,4)(18,14)(0,14)
Polygon:
(0,0)(39,0)(39,10)(27,10)(27,7)(15,7)(15,8)(0,8)
Polygon:
(0,0)(17,0)(17,21)(15,21)(15,3)(11,3)(11,13)(0,13)
Polygon:
(0,0)(31,0)(31,32)(15,32)(15,15)(13,15)(13,18)(0,18)
Polygon:
(0,0)(33,0)(33,16)(19,16)(19,3)(2,3)(2,12)(0,12)
Polygon:
(0,0)(37,0)(37,15)(26,15)(26,7)(12,7)(12,10)(0,10)
Polygon:
(0,0)(45,0)(45,4)(27,4)(27,3)(9,3)(9,6)(0,6)
Polygon:
(0,0)(45,0)(45,13)(27,13)(27,5)(17,5)(17,9)(0,9)
Polygon:
(0,0)(10,0)(10,10)(8,10)(8,8)(7,8)(7,10)(0,10)
Polygon:
(0,0)(15,0)(15,9)(13,9)(13,1)(7,1)(7,2)(0,2)
Polygon:
(0,0)(23,0)(23,11)(9,11)(9,8)(8,8)(8,10)(0,10)
Polygon:
(0,0)(42,0)(42,20)(27,20)(27,3)(16,3)(16,8)(0,8)
Polygon:
(0,0)(35,0)(35,15)(19,15)(19,6)(18,6)(18,10)(0,10)
Polygon:
(0,0)(37,0)(37,26)(19,26)(19,12)(3,12)(3,17)(0,17)
Polygon:
(0,0)(39,0)(39,18)(22,18)(22,12)(16,12)(16,16)(0,16)
Polygon:
(0,0)(19,0)(19,8)(8,8)(8,7)(2,7)(2,18)(0,18)
Polygon:
(0,0)(22,0)(22,12)(15,12)(15,6)(13,6)(13,13)(0,13)
Polygon:
(0,0)(24,0)(24,18)(12,18)(12,4)(1,4)(1,11)(0,11)
Polygon:
(0,0)(6,0)(6,5)(4,5)(4,4)(2,4)(2,17)(0,17)
Polygon:
(0,0)(35,0)(35,6)(20,6)(20,5)(3,5)(3,9)(0,9)
Polygon:
(0,0)(35,0)(35,9)(18,9)(18,6)(1,6)(1,12)(0,12)
Polygon:
(0,0)(38,0)(38,4)(28,4)(28,2)(17,2)(17,11)(0,11)
Polygon:
(0,0)(25,0)(25,12)(13,12)(13,6)(6,6)(6,17)(0,17)
Polygon:
(0,0)(51,0)(51,15)(33,15)(33,11)(16,11)(16,18)(0,18)
Polygon:
(0,0)(33,0)(33,7)(20,7)(20,6)(14,6)(14,17)(0,17)
Polygon:
(0,0)(28,0)(28,21)(16,21)(16,5)(8,5)(8,17)(0,17)
Polygon:
(0,0)(36,0)(36,19)(24,19)(24,6)(13,6)(13,10)(0,10)
Polygon:
(0,0)(32,0)(32,22)(21,22)(21,4)(15,4)(15,12)(0,12)
Polygon:
(0,0)(26,0)(26,26)(24,26)(24,14)(18,14)(18,15)(0,15)
Polygon:
(0,0)(40,0)(40,16)(29,16)(29,10)(17,10)(17,12)(0,12)
Polygon:
(0,0)(35,0)(35,10)(20,10)(20,1)(17,1)(17,8)(0,8)
Polygon:
(0,0)(32,0)(32,10)(22,10)(22,7)(8,7)(8,18)(0,18)
Polygon:
(0,0)(37,0)(37,7)(27,7)(27,2)(9,2)(9,18)(0,18)
Polygon:
(0,0)(30,0)(30,6)(16,6)(16,5)(4,5)(4,18)(0,18)
Polygon:
(0,0)(26,0)(26,13)(9,13)(9,4)(1,4)(1,18)(0,18)
Polygon:
(0,0)(36,0)(36,10)(21,10)(21,8)(6,8)(6,15)(0,15)
Polygon:
(0,0)(31,0)(31,31)(29,31)(29,13)(13,13)(13,18)(0,18)
Polygon:
(0,0)(26,0)(26,10)(12,10)(12,2)(11,2)(11,10)(0,10)
Polygon:
(0,0)(8,0)(8,14)(5,14)(5,1)(2,1)(2,12)(0,12)
Polygon:
(0,0)(10,0)(10,8)(2,8)(2,3)(1,3)(1,15)(0,15)
Polygon:
(0,0)(28,0)(28,13)(18,13)(18,8)(15,8)(15,17)(0,17)
Polygon:
(0,0)(28,0)(28,15)(16,15)(16,2)(3,2)(3,3)(0,3)
Polygon:
(0,0)(23,0)(23,19)(20,19)(20,12)(6,12)(6,15)(0,15)
Polygon:
(0,0)(34,0)(34,7)(19,7)(19,6)(1,6)(1,14)(0,14)
Polygon:
(0,0)(33,0)(33,20)(17,20)(17,4)(13,4)(13,14)(0,14)
Polygon:
(0,0)(32,0)(32,17)(17,17)(17,10)(8,10)(8,25)(0,25)
Polygon:
(0,0)(35,0)(35,6)(18,6)(18,3)(9,3)(9,18)(0,18)
Polygon:
(0,0)(21,0)(21,16)(12,16)(12,12)(4,12)(4,15)(0,15)
Polygon:
(0,0)(22,0)(22,12)(18,12)(18,1)(2,1)(2,12)(0,12)
Polygon:
(0,0)(30,0)(30,10)(24,10)(24,9)(13,9)(13,14)(0,14)
Polygon:
(0,0)(39,0)(39,32)(21,32)(21,18)(7,18)(7,33)(0,33)
Polygon:
(0,0)(34,0)(34,23)(25,23)(25,10)(15,10)(15,17)(0,17)
Polygon:
(0,0)(27,0)(27,26)(19,26)(19,9)(1,9)(1,10)(0,10)
Polygon:
(0,0)(45,0)(45,19)(33,19)(33,4)(18,4)(18,17)(0,17)
Polygon:
(0,0)(35,0)(35,29)(20,29)(20,16)(4,16)(4,18)(0,18)
Polygon:
(0,0)(26,0)(26,25)(22,25)(22,15)(8,15)(8,17)(0,17)
Polygon:
(0,0)(30,0)(30,16)(12,16)(12,10)(11,10)(11,18)(0,18)
Polygon:
(0,0)(28,0)(28,17)(18,17)(18,5)(2,5)(2,16)(0,16)
Polygon:
(0,0)(26,0)(26,17)(22,17)(22,1)(4,1)(4,6)(0,6)
Polygon:
(0,0)(37,0)(37,20)(34,20)(34,8)(18,8)(18,17)(0,17)
Polygon:
(0,0)(35,0)(35,11)(19,11)(19,9)(13,9)(13,15)(0,15)
Polygon:
(0,0)(34,0)(34,8)(26,8)(26,5)(17,5)(17,17)(0,17)
Polygon:
(0,0)(38,0)(38,14)(23,14)(23,12)(15,12)(15,20)(0,20)
Polygon:
(0,0)(25,0)(25,24)(9,24)(9,13)(8,13)(8,16)(0,16)
Polygon:
(0,0)(43,0)(43,11)(35,11)(35,1)(17,1)(17,3)(0,3)
Polygon:
(0,0)(38,0)(38,11)(23,11)(23,2)(9,2)(9,9)(0,9)
Polygon:
(0,0)(26,0)(26,19)(20,19)(20,7)(2,7)(2,15)(0,15)
Polygon:
(0,0)(39,0)(39,12)(23,12)(23,2)(11,2)(11,13)(0,13)
Polygon:
(0,0)(35,0)(35,18)(18,18)(18,13)(13,13)(13,15)(0,15)
Polygon:
(0,0)(29,0)(29,20)(25,20)(25,3)(17,3)(17,17)(0,17)
Polygon:
(0,0)(20,0)(20,11)(7,11)(7,7)(1,7)(1,10)(0,10)
Polygon:
(0,0)(28,0)(28,20)(21,20)(21,11)(9,11)(9,18)(0,18)
Polygon:
(0,0)(29,0)(29,30)(14,30)(14,13)(9,13)(9,18)(0,18)
Polygon:
(0,0)(30,0)(30,10)(27,10)(27,5)(13,5)(13,11)(0,11)
Polygon:
(0,0)(26,0)(26,7)(25,7)(25,2)(7,2)(7,12)(0,12)
Polygon:
(0,0)(23,0)(23,7)(19,7)(19,3)(8,3)(8,8)(0,8)
Polygon:
(0,0)(8,0)(8,15)(7,15)(7,10)(5,10)(5,16)(0,16)
Polygon:
(0,0)(37,0)(37,13)(24,13)(24,8)(7,8)(7,10)(0,10)
Polygon:
(0,0)(22,0)(22,24)(9,24)(9,6)(1,6)(1,20)(0,20)
Polygon:
(0,0)(21,0)(21,12)(8,12)(8,2)(7,2)(7,4)(0,4)
Polygon:
(0,0)(24,0)(24,25)(8,25)(8,11)(4,11)(4,13)(0,13)
Polygon:
(0,0)(45,0)(45,16)(29,16)(29,7)(12,7)(12,10)(0,10)
Polygon:
(0,0)(22,0)(22,17)(14,17)(14,6)(10,6)(10,9)(0,9)
Polygon:
(0,0)(27,0)(27,24)(24,24)(24,15)(14,15)(14,17)(0,17)
Polygon:
(0,0)(24,0)(24,13)(18,13)(18,1)(5,1)(5,2)(0,2)
Polygon:
(0,0)(19,0)(19,12)(5,12)(5,1)(2,1)(2,10)(0,10)
Polygon:
(0,0)(21,0)(21,15)(13,15)(13,5)(4,5)(4,10)(0,10)
Polygon:
(0,0)(17,0)(17,9)(6,9)(6,7)(2,7)(2,16)(0,16)
Polygon:
(0,0)(30,0)(30,15)(21,15)(21,2)(18,2)(18,16)(0,16)
Polygon:
(0,0)(10,0)(10,20)(8,20)(8,10)(6,10)(6,16)(0,16)
Polygon:
(0,0)(44,0)(44,9)(28,9)(28,6)(10,6)(10,18)(0,18)
Polygon:
(0,0)(51,0)(51,16)(33,16)(33,1)(16,1)(16,12)(0,12)
Polygon:
(0,0)(37,0)(37,26)(31,26)(31,11)(16,11)(16,18)(0,18)
Polygon:
(0,0)(40,0)(40,9)(26,9)(26,1)(17,1)(17,8)(0,8)
Polygon:
(0,0)(17,0)(17,12)(3,12)(3,5)(1,5)(1,15)(0,15)
Polygon:
(0,0)(23,0)(23,27)(22,27)(22,9)(13,9)(13,13)(0,13)
Polygon:
(0,0)(34,0)(34,20)(19,20)(19,5)(8,5)(8,9)(0,9)
Polygon:
(0,0)(12,0)(12,17)(6,17)(6,5)(2,5)(2,10)(0,10)
Polygon:
(0,0)(27,0)(27,10)(23,10)(23,6)(17,6)(17,15)(0,15)
Polygon:
(0,0)(19,0)(19,14)(14,14)(14,7)(7,7)(7,17)(0,17)
Polygon:
(0,0)(18,0)(18,14)(14,14)(14,1)(8,1)(8,5)(0,5)
Polygon:
(0,0)(22,0)(22,31)(12,31)(12,14)(8,14)(8,17)(0,17)
Polygon:
(0,0)(23,0)(23,17)(15,17)(15,6)(9,6)(9,7)(0,7)
Polygon:
(0,0)(24,0)(24,15)(12,15)(12,6)(5,6)(5,9)(0,9)
Polygon:
(0,0)(26,0)(26,26)(24,26)(24,10)(6,10)(6,13)(0,13)
Polygon:
(0,0)(18,0)(18,7)(7,7)(7,5)(2,5)(2,18)(0,18)
Polygon:
(0,0)(37,0)(37,19)(19,19)(19,2)(1,2)(1,9)(0,9)
Polygon:
(0,0)(21,0)(21,8)(5,8)(5,7)(1,7)(1,18)(0,18)
Polygon:
(0,0)(41,0)(41,23)(32,23)(32,9)(17,9)(17,15)(0,15)
Polygon:
(0,0)(26,0)(26,11)(16,11)(16,2)(5,2)(5,9)(0,9)
Polygon:
(0,0)(19,0)(19,24)(13,24)(13,7)(2,7)(2,15)(0,15)
Polygon:
(0,0)(11,0)(11,18)(7,18)(7,11)(3,11)(3,16)(0,16)
Polygon:
(0,0)(30,0)(30,17)(15,17)(15,8)(1,8)(1,13)(0,13)
Polygon:
(0,0)(23,0)(23,13)(7,13)(7,9)(1,9)(1,22)(0,22)
Polygon:
(0,0)(35,0)(35,5)(19,5)(19,1)(10,1)(10,15)(0,15)
Polygon:
(0,0)(19,0)(19,9)(5,9)(5,3)(2,3)(2,13)(0,13)
Polygon:
(0,0)(30,0)(30,29)(12,29)(12,14)(9,14)(9,16)(0,16)
Polygon:
(0,0)(42,0)(42,10)(24,10)(24,4)(12,4)(12,9)(0,9)
Polygon:
(0,0)(32,0)(32,14)(27,14)(27,8)(17,8)(17,13)(0,13)
Polygon:
(0,0)(31,0)(31,14)(26,14)(26,7)(17,7)(17,10)(0,10)
Polygon:
(0,0)(26,0)(26,9)(18,9)(18,1)(2,1)(2,2)(0,2)
Polygon:
(0,0)(33,0)(33,10)(31,10)(31,7)(14,7)(14,18)(0,18)
Polygon:
(0,0)(16,0)(16,8)(14,8)(14,3)(1,3)(1,13)(0,13)
Polygon:
(0,0)(14,0)(14,26)(10,26)(10,8)(1,8)(1,9)(0,9)
Polygon:
(0,0)(40,0)(40,24)(23,24)(23,10)(7,10)(7,18)(0,18)
Polygon:
(0,0)(20,0)(20,20)(16,20)(16,6)(14,6)(14,13)(0,13)
Polygon:
(0,0)(24,0)(24,17)(16,17)(16,3)(11,3)(11,5)(0,5)
Polygon:
(0,0)(20,0)(20,12)(12,12)(12,9)(5,9)(5,15)(0,15)
Polygon:
(0,0)(22,0)(22,18)(19,18)(19,3)(3,3)(3,9)(0,9)
Polygon:
(0,0)(22,0)(22,11)(17,11)(17,5)(12,5)(12,14)(0,14)
Polygon:
(0,0)(37,0)(37,22)(20,22)(20,12)(7,12)(7,17)(0,17)
Polygon:
(0,0)(28,0)(28,24)(14,24)(14,14)(9,14)(9,15)(0,15)
Polygon:
(0,0)(22,0)(22,16)(7,16)(7,1)(1,1)(1,14)(0,14)
Polygon:
(0,0)(28,0)(28,20)(19,20)(19,3)(2,3)(2,12)(0,12)
Polygon:
(0,0)(24,0)(24,8)(19,8)(19,4)(14,4)(14,18)(0,18)
Polygon:
(0,0)(35,0)(35,11)(26,11)(26,4)(14,4)(14,5)(0,5)
Polygon:
(0,0)(37,0)(37,14)(23,14)(23,10)(12,10)(12,17)(0,17)
Polygon:
(0,0)(46,0)(46,23)(28,23)(28,7)(17,7)(17,8)(0,8)
Polygon:
(0,0)(25,0)(25,20)(13,20)(13,4)(12,4)(12,8)(0,8)
Polygon:
(0,0)(35,0)(35,25)(18,25)(18,16)(2,16)(2,26)(0,26)
Polygon:
(0,0)(36,0)(36,18)(19,18)(19,8)(13,8)(13,18)(0,18)
Polygon:
(0,0)(24,0)(24,15)(18,15)(18,2)(11,2)(11,4)(0,4)
Polygon:
(0,0)(29,0)(29,27)(19,27)(19,12)(18,12)(18,17)(0,17)
Polygon:
(0,0)(25,0)(25,19)(20,19)(20,3)(2,3)(2,8)(0,8)
Polygon:
(0,0)(33,0)(33,19)(22,19)(22,4)(13,4)(13,13)(0,13)
Polygon:
(0,0)(35,0)(35,13)(27,13)(27,5)(16,5)(16,14)(0,14)
Polygon:
(0,0)(15,0)(15,16)(9,16)(9,8)(7,8)(7,12)(0,12)
Polygon:
(0,0)(21,0)(21,14)(18,14)(18,10)(13,10)(13,14)(0,14)
Polygon:
(0,0)(25,0)(25,15)(20,15)(20,12)(9,12)(9,18)(0,18)
Polygon:
(0,0)(26,0)(26,24)(13,24)(13,15)(2,15)(2,28)(0,28)
Polygon:
(0,0)(39,0)(39,22)(23,22)(23,5)(15,5)(15,12)(0,12)
Polygon:
(0,0)(34,0)(34,9)(16,9)(16,2)(2,2)(2,3)(0,3)
Polygon:
(0,0)(26,0)(26,12)(18,12)(18,8)(11,8)(11,12)(0,12)
Polygon:
(0,0)(32,0)(32,22)(21,22)(21,9)(7,9)(7,11)(0,11)
Polygon:
(0,0)(29,0)(29,26)(23,26)(23,13)(16,13)(16,16)(0,16)
Polygon:
(0,0)(24,0)(24,21)(8,21)(8,11)(7,11)(7,12)(0,12)
Polygon:
(0,0)(21,0)(21,11)(13,11)(13,3)(7,3)(7,5)(0,5)
Polygon:
(0,0)(29,0)(29,12)(26,12)(26,5)(10,5)(10,15)(0,15)
Polygon:
(0,0)(44,0)(44,20)(26,20)(26,7)(10,7)(10,8)(0,8)
Polygon:
(0,0)(21,0)(21,5)(14,5)(14,1)(12,1)(12,3)(0,3)
Polygon:
(0,0)(23,0)(23,16)(17,16)(17,4)(7,4)(7,10)(0,10)
Polygon:
(0,0)(17,0)(17,22)(12,22)(12,4)(1,4)(1,18)(0,18)
Polygon:
(0,0)(30,0)(30,4)(21,4)(21,2)(9,2)(9,3)(0,3)
Polygon:
(0,0)(26,0)(26,14)(16,14)(16,5)(7,5)(7,16)(0,16)
Polygon:
(0,0)(28,0)(28,23)(21,23)(21,10)(14,10)(14,18)(0,18)
Polygon:
(0,0)(32,0)(32,12)(19,12)(19,3)(9,3)(9,6)(0,6)
Polygon:
(0,0)(23,0)(23,18)(20,18)(20,1)(4,1)(4,12)(0,12)
Polygon:
(0,0)(20,0)(20,27)(12,27)(12,10)(5,10)(5,11)(0,11)
Polygon:
(0,0)(33,0)(33,23)(25,23)(25,6)(9,6)(9,7)(0,7)
Polygon:
(0,0)(31,0)(31,13)(18,13)(18,7)(1,7)(1,15)(0,15)
Polygon:
(0,0)(21,0)(21,15)(20,15)(20,2)(15,2)(15,20)(0,20)
Polygon:
(0,0)(34,0)(34,11)(16,11)(16,2)(3,2)(3,17)(0,17)
Polygon:
(0,0)(31,0)(31,22)(13,22)(13,10)(1,10)(1,15)(0,15)
Polygon:
(0,0)(31,0)(31,22)(28,22)(28,8)(14,8)(14,14)(0,14)
Polygon:
(0,0)(23,0)(23,9)(19,9)(19,1)(12,1)(12,13)(0,13)
Polygon:
(0,0)(42,0)(42,16)(28,16)(28,5)(14,5)(14,14)(0,14)
Polygon:
(0,0)(8,0)(8,25)(6,25)(6,11)(2,11)(2,18)(0,18)
Polygon:
(0,0)(40,0)(40,7)(27,7)(27,5)(16,5)(16,12)(0,12)
Polygon:
(0,0)(13,0)(13,15)(11,15)(11,4)(8,4)(8,12)(0,12)
Polygon:
(0,0)(41,0)(41,17)(23,17)(23,8)(14,8)(14,14)(0,14)
Polygon:
(0,0)(29,0)(29,15)(22,15)(22,3)(15,3)(15,5)(0,5)
Polygon:
(0,0)(39,0)(39,15)(24,15)(24,14)(17,14)(17,15)(0,15)
Polygon:
(0,0)(29,0)(29,20)(28,20)(28,13)(15,13)(15,21)(0,21)
Polygon:
(0,0)(30,0)(30,18)(26,18)(26,11)(8,11)(8,18)(0,18)
Polygon:
(0,0)(30,0)(30,20)(27,20)(27,4)(15,4)(15,16)(0,16)
Polygon:
(0,0)(28,0)(28,2)(26,2)(26,1)(16,1)(16,3)(0,3)
Polygon:
(0,0)(33,0)(33,18)(28,18)(28,9)(14,9)(14,10)(0,10)
Polygon:
(0,0)(43,0)(43,13)(26,13)(26,2)(8,2)(8,11)(0,11)
Polygon:
(0,0)(25,0)(25,14)(22,14)(22,2)(16,2)(16,10)(0,10)
Polygon:
(0,0)(21,0)(21,34)(15,34)(15,18)(12,18)(12,26)(0,26)
Polygon:
(0,0)(24,0)(24,22)(17,22)(17,13)(8,13)(8,18)(0,18)
Polygon:
(0,0)(34,0)(34,13)(20,13)(20,4)(8,4)(8,10)(0,10)
Polygon:
(0,0)(26,0)(26,5)(18,5)(18,3)(5,3)(5,7)(0,7)
Polygon:
(0,0)(32,0)(32,15)(30,15)(30,1)(14,1)(14,6)(0,6)
Polygon:
(0,0)(13,0)(13,18)(7,18)(7,5)(3,5)(3,12)(0,12)
Polygon:
(0,0)(37,0)(37,9)(31,9)(31,1)(17,1)(17,17)(0,17)
Polygon:
(0,0)(21,0)(21,32)(18,32)(18,14)(4,14)(4,18)(0,18)
Polygon:
(0,0)(18,0)(18,12)(14,12)(14,1)(7,1)(7,15)(0,15)
Polygon:
(0,0)(24,0)(24,12)(7,12)(7,1)(5,1)(5,7)(0,7)
Polygon:
(0,0)(33,0)(33,19)(18,19)(18,1)(7,1)(7,11)(0,11)
Polygon:
(0,0)(25,0)(25,32)(12,32)(12,16)(2,16)(2,17)(0,17)
Polygon:
(0,0)(33,0)(33,25)(19,25)(19,11)(6,11)(6,14)(0,14)
Polygon:
(0,0)(41,0)(41,17)(25,17)(25,9)(15,9)(15,12)(0,12)
Polygon:
(0,0)(44,0)(44,17)(31,17)(31,12)(14,12)(14,15)(0,15)
Polygon:
(0,0)(26,0)(26,9)(22,9)(22,2)(8,2)(8,5)(0,5)
Polygon:
(0,0)(29,0)(29,10)(19,10)(19,3)(14,3)(14,12)(0,12)
Polygon:
(0,0)(20,0)(20,29)(17,29)(17,14)(7,14)(7,16)(0,16)
Polygon:
(0,0)(45,0)(45,19)(28,19)(28,1)(10,1)(10,11)(0,11)
Polygon:
(0,0)(29,0)(29,4)(20,4)(20,1)(12,1)(12,15)(0,15)
Polygon:
(0,0)(13,0)(13,22)(11,22)(11,9)(2,9)(2,13)(0,13)
Polygon:
(0,0)(30,0)(30,18)(12,18)(12,4)(4,4)(4,14)(0,14)
Polygon:
(0,0)(20,0)(20,28)(17,28)(17,11)(12,11)(12,14)(0,14)
Polygon:
(0,0)(27,0)(27,24)(19,24)(19,7)(8,7)(8,8)(0,8)
Polygon:
(0,0)(37,0)(37,8)(31,8)(31,7)(14,7)(14,13)(0,13)
Polygon:
(0,0)(24,0)(24,28)(16,28)(16,10)(3,10)(3,17)(0,17)
Polygon:
(0,0)(13,0)(13,15)(8,15)(8,1)(2,1)(2,5)(0,5)
Polygon:
(0,0)(38,0)(38,23)(22,23)(22,8)(7,8)(7,15)(0,15)
Polygon:
(0,0)(39,0)(39,16)(26,16)(26,13)(10,13)(10,17)(0,17)
Polygon:
(0,0)(43,0)(43,23)(25,23)(25,8)(15,8)(15,15)(0,15)
Polygon:
(0,0)(34,0)(34,4)(27,4)(27,1)(13,1)(13,12)(0,12)
Polygon:
(0,0)(44,0)(44,8)(32,8)(32,1)(16,1)(16,5)(0,5)
Polygon:
(0,0)(31,0)(31,16)(20,16)(20,7)(5,7)(5,18)(0,18)
Polygon:
(0,0)(27,0)(27,2)(21,2)(21,1)(10,1)(10,16)(0,16)
Polygon:
(0,0)(23,0)(23,21)(19,21)(19,15)(16,15)(16,17)(0,17)
Polygon:
(0,0)(35,0)(35,19)(19,19)(19,10)(12,10)(12,14)(0,14)
Polygon:
(0,0)(24,0)(24,14)(15,14)(15,11)(1,11)(1,15)(0,15)
Polygon:
(0,0)(37,0)(37,28)(23,28)(23,11)(5,11)(5,12)(0,12)
Polygon:
(0,0)(24,0)(24,14)(14,14)(14,12)(2,12)(2,14)(0,14)
Polygon:
(0,0)(14,0)(14,13)(13,13)(13,5)(5,5)(5,17)(0,17)
Polygon:
(0,0)(24,0)(24,3)(13,3)(13,2)(9,2)(9,6)(0,6)
Polygon:
(0,0)(40,0)(40,18)(24,18)(24,14)(8,14)(8,18)(0,18)
Polygon:
(0,0)(42,0)(42,33)(25,33)(25,16)(15,16)(15,18)(0,18)
Polygon:
(0,0)(21,0)(21,17)(11,17)(11,13)(3,13)(3,14)(0,14)
Polygon:
(0,0)(44,0)(44,15)(28,15)(28,14)(17,14)(17,17)(0,17)
Polygon:
(0,0)(29,0)(29,15)(15,15)(15,8)(10,8)(10,16)(0,16)
Polygon:
(0,0)(23,0)(23,25)(8,25)(8,13)(1,13)(1,18)(0,18)
Polygon:
(0,0)(33,0)(33,6)(16,6)(16,3)(5,3)(5,9)(0,9)
Polygon:
(0,0)(35,0)(35,15)(22,15)(22,7)(15,7)(15,14)(0,14)
Polygon:
(0,0)(30,0)(30,17)(23,17)(23,5)(15,5)(15,16)(0,16)
Polygon:
(0,0)(26,0)(26,10)(24,10)(24,7)(6,7)(6,9)(0,9)
Polygon:
(0,0)(36,0)(36,12)(22,12)(22,9)(16,9)(16,12)(0,12)
Polygon:
(0,0)(29,0)(29,8)(22,8)(22,1)(6,1)(6,6)(0,6)
Polygon:
(0,0)(38,0)(38,12)(28,12)(28,3)(15,3)(15,10)(0,10)
Polygon:
(0,0)(26,0)(26,18)(17,18)(17,6)(5,6)(5,15)(0,15)
Polygon:
(0,0)(27,0)(27,15)(10,15)(10,8)(8,8)(8,10)(0,10)
Polygon:
(0,0)(30,0)(30,17)(15,17)(15,10)(7,10)(7,12)(0,12)
Polygon:
(0,0)(22,0)(22,23)(14,23)(14,16)(6,16)(6,17)(0,17)
Polygon:
(0,0)(23,0)(23,10)(11,10)(11,6)(3,6)(3,10)(0,10)
Polygon:
(0,0)(44,0)(44,3)(26,3)(26,2)(16,2)(16,17)(0,17)
Polygon:
(0,0)(21,0)(21,27)(14,27)(14,14)(9,14)(9,17)(0,17)
Polygon:
(0,0)(20,0)(20,9)(12,9)(12,4)(11,4)(11,8)(0,8)
Polygon:
(0,0)(30,0)(30,15)(27,15)(27,2)(10,2)(10,6)(0,6)
Polygon:
(0,0)(26,0)(26,11)(18,11)(18,5)(2,5)(2,8)(0,8)
Polygon:
(0,0)(25,0)(25,33)(18,33)(18,15)(6,15)(6,16)(0,16)
Polygon:
(0,0)(19,0)(19,9)(11,9)(11,2)(7,2)(7,11)(0,11)
Polygon:
(0,0)(26,0)(26,17)(10,17)(10,9)(5,9)(5,16)(0,16)
Polygon:
(0,0)(26,0)(26,12)(11,12)(11,5)(6,5)(6,17)(0,17)
Polygon:
(0,0)(24,0)(24,24)(22,24)(22,9)(7,9)(7,12)(0,12)
Polygon:
(0,0)(32,0)(32,20)(18,20)(18,11)(10,11)(10,16)(0,16)
Polygon:
(0,0)(22,0)(22,13)(18,13)(18,3)(9,3)(9,5)(0,5)
Polygon:
(0,0)(23,0)(23,31)(21,31)(21,14)(16,14)(16,17)(0,17)
Polygon:
(0,0)(50,0)(50,19)(35,19)(35,1)(18,1)(18,4)(0,4)
Polygon:
(0,0)(22,0)(22,20)(16,20)(16,7)(6,7)(6,12)(0,12)
Polygon:
(0,0)(13,0)(13,22)(9,22)(9,13)(1,13)(1,18)(0,18)
Polygon:
(0,0)(36,0)(36,9)(33,9)(33,2)(17,2)(17,13)(0,13)
Polygon:
(0,0)(44,0)(44,27)(26,27)(26,14)(10,14)(10,18)(0,18)
Polygon:
(0,0)(34,0)(34,11)(19,11)(19,1)(8,1)(8,2)(0,2)
Polygon:
(0,0)(20,0)(20,20)(9,20)(9,5)(5,5)(5,13)(0,13)
Polygon:
(0,0)(25,0)(25,21)(21,21)(21,4)(11,4)(11,8)(0,8)
Polygon:
(0,0)(25,0)(25,16)(18,16)(18,7)(1,7)(1,9)(0,9)
Polygon:
(0,0)(22,0)(22,15)(21,15)(21,8)(18,8)(18,14)(0,14)
Polygon:
(0,0)(34,0)(34,27)(24,27)(24,15)(16,15)(16,32)(0,32)
Polygon:
(0,0)(26,0)(26,6)(11,6)(11,1)(5,1)(5,11)(0,11)
Polygon:
(0,0)(28,0)(28,29)(26,29)(26,12)(11,12)(11,14)(0,14)
Polygon:
(0,0)(16,0)(16,22)(10,22)(10,8)(2,8)(2,15)(0,15)
Polygon:
(0,0)(33,0)(33,12)(19,12)(19,4)(5,4)(5,7)(0,7)
Polygon:
(0,0)(28,0)(28,18)(23,18)(23,11)(13,11)(13,17)(0,17)
Polygon:
(0,0)(29,0)(29,11)(15,11)(15,10)(9,10)(9,16)(0,16)
Polygon:
(0,0)(47,0)(47,23)(31,23)(31,16)(16,16)(16,18)(0,18)
Polygon:
(0,0)(36,0)(36,8)(33,8)(33,4)(17,4)(17,15)(0,15)
Polygon:
(0,0)(9,0)(9,23)(4,23)(4,11)(2,11)(2,18)(0,18)
Polygon:
(0,0)(39,0)(39,16)(21,16)(21,13)(5,13)(5,15)(0,15)
Polygon:
(0,0)(21,0)(21,16)(10,16)(10,10)(7,10)(7,11)(0,11)
Polygon:
(0,0)(24,0)(24,17)(22,17)(22,4)(17,4)(17,7)(0,7)
Polygon:
(0,0)(20,0)(20,9)(16,9)(16,5)(15,5)(15,13)(0,13)
Polygon:
(0,0)(38,0)(38,15)(31,15)(31,2)(16,2)(16,13)(0,13)
Polygon:
(0,0)(17,0)(17,14)(16,14)(16,2)(11,2)(11,9)(0,9)
Polygon:
(0,0)(21,0)(21,10)(14,10)(14,3)(5,3)(5,7)(0,7)
Polygon:
(0,0)(19,0)(19,27)(12,27)(12,16)(5,16)(5,17)(0,17)
Polygon:
(0,0)(32,0)(32,15)(27,15)(27,5)(14,5)(14,9)(0,9)
Polygon:
(0,0)(27,0)(27,8)(13,8)(13,6)(7,6)(7,12)(0,12)
Polygon:
(0,0)(36,0)(36,7)(23,7)(23,2)(6,2)(6,11)(0,11)
Polygon:
(0,0)(37,0)(37,11)(26,11)(26,7)(10,7)(10,10)(0,10)
Polygon:
(0,0)(29,0)(29,16)(13,16)(13,2)(7,2)(7,8)(0,8)
Polygon:
(0,0)(27,0)(27,7)(21,7)(21,1)(12,1)(12,3)(0,3)
Polygon:
(0,0)(33,0)(33,9)(15,9)(15,5)(8,5)(8,10)(0,10)
Polygon:
(0,0)(19,0)(19,27)(9,27)(9,12)(6,12)(6,14)(0,14)
Polygon:
(0,0)(31,0)(31,11)(21,11)(21,2)(8,2)(8,18)(0,18)
Polygon:
(0,0)(24,0)(24,18)(7,18)(7,2)(3,2)(3,15)(0,15)
Polygon:
(0,0)(22,0)(22,30)(15,30)(15,12)(6,12)(6,14)(0,14)
Polygon:
(0,0)(39,0)(39,16)(29,16)(29,1)(17,1)(17,12)(0,12)
Polygon:
(0,0)(40,0)(40,14)(32,14)(32,2)(17,2)(17,4)(0,4)
Polygon:
(0,0)(22,0)(22,12)(18,12)(18,3)(1,3)(1,18)(0,18)
Polygon:
(0,0)(43,0)(43,19)(35,19)(35,1)(17,1)(17,9)(0,9)
Polygon:
(0,0)(26,0)(26,31)(15,31)(15,13)(13,13)(13,14)(0,14)
Polygon:
(0,0)(21,0)(21,20)(14,20)(14,6)(4,6)(4,7)(0,7)
Polygon:
(0,0)(32,0)(32,8)(19,8)(19,6)(16,6)(16,16)(0,16)
Polygon:
(0,0)(16,0)(16,18)(15,18)(15,16)(4,16)(4,18)(0,18)
Polygon:
(0,0)(33,0)(33,12)(30,12)(30,8)(14,8)(14,15)(0,15)
Polygon:
(0,0)(31,0)(31,19)(24,19)(24,17)(18,17)(18,18)(0,18)
Polygon:
(0,0)(48,0)(48,11)(34,11)(34,1)(16,1)(16,8)(0,8)
Polygon:
(0,0)(12,0)(12,9)(9,9)(9,5)(7,5)(7,9)(0,9)
Polygon:
(0,0)(33,0)(33,9)(16,9)(16,6)(10,6)(10,18)(0,18)
Polygon:
(0,0)(20,0)(20,14)(14,14)(14,3)(11,3)(11,18)(0,18)
Polygon:
(0,0)(28,0)(28,5)(24,5)(24,4)(11,4)(11,9)(0,9)
Polygon:
(0,0)(20,0)(20,27)(17,27)(17,10)(15,10)(15,14)(0,14)
Polygon:
(0,0)(23,0)(23,12)(12,12)(12,3)(5,3)(5,11)(0,11)
Polygon:
(0,0)(14,0)(14,10)(11,10)(11,2)(2,2)(2,12)(0,12)
Polygon:
(0,0)(29,0)(29,9)(24,9)(24,6)(13,6)(13,14)(0,14)
Polygon:
(0,0)(36,0)(36,4)(23,4)(23,3)(14,3)(14,10)(0,10)
Polygon:
(0,0)(32,0)(32,4)(20,4)(20,1)(16,1)(16,8)(0,8)
Polygon:
(0,0)(47,0)(47,5)(31,5)(31,2)(18,2)(18,11)(0,11)
Polygon:
(0,0)(33,0)(33,22)(26,22)(26,5)(9,5)(9,8)(0,8)
Polygon:
(0,0)(42,0)(42,12)(29,12)(29,7)(12,7)(12,15)(0,15)
Polygon:
(0,0)(29,0)(29,18)(14,18)(14,3)(1,3)(1,16)(0,16)
Polygon:
(0,0)(37,0)(37,15)(20,15)(20,4)(13,4)(13,9)(0,9)
Polygon:
(0,0)(25,0)(25,8)(12,8)(12,4)(8,4)(8,13)(0,13)
Polygon:
(0,0)(25,0)(25,21)(23,21)(23,12)(12,12)(12,16)(0,16)
Polygon:
(0,0)(16,0)(16,18)(13,18)(13,10)(2,10)(2,23)(0,23)
Polygon:
(0,0)(34,0)(34,22)(30,22)(30,9)(15,9)(15,15)(0,15)
Polygon:
(0,0)(21,0)(21,14)(16,14)(16,10)(14,10)(14,15)(0,15)
Polygon:
(0,0)(35,0)(35,15)(18,15)(18,1)(17,1)(17,18)(0,18)
Polygon:
(0,0)(23,0)(23,15)(7,15)(7,9)(5,9)(5,11)(0,11)
Polygon:
(0,0)(23,0)(23,22)(9,22)(9,7)(7,7)(7,10)(0,10)
Polygon:
(0,0)(24,0)(24,21)(10,21)(10,7)(9,7)(9,12)(0,12)
Polygon:
(0,0)(30,0)(30,21)(16,21)(16,12)(8,12)(8,17)(0,17)
Polygon:
(0,0)(36,0)(36,5)(22,5)(22,1)(14,1)(14,6)(0,6)
Polygon:
(0,0)(24,0)(24,24)(13,24)(13,12)(3,12)(3,13)(0,13)
Polygon:
(0,0)(27,0)(27,18)(22,18)(22,6)(16,6)(16,16)(0,16)
Polygon:
(0,0)(25,0)(25,16)(15,16)(15,10)(5,10)(5,18)(0,18)
Polygon:
(0,0)(40,0)(40,8)(23,8)(23,1)(18,1)(18,7)(0,7)
Polygon:
(0,0)(48,0)(48,25)(33,25)(33,11)(18,11)(18,22)(0,22)
Polygon:
(0,0)(43,0)(43,13)(29,13)(29,6)(11,6)(11,8)(0,8)
Polygon:
(0,0)(18,0)(18,13)(14,13)(14,11)(8,11)(8,15)(0,15)
Polygon:
(0,0)(22,0)(22,9)(20,9)(20,3)(8,3)(8,12)(0,12)
Polygon:
(0,0)(17,0)(17,12)(14,12)(14,11)(2,11)(2,12)(0,12)
Polygon:
(0,0)(32,0)(32,6)(21,6)(21,1)(17,1)(17,4)(0,4)
Polygon:
(0,0)(21,0)(21,9)(20,9)(20,2)(8,2)(8,10)(0,10)
Polygon:
(0,0)(16,0)(16,14)(4,14)(4,4)(3,4)(3,17)(0,17)
Polygon:
(0,0)(33,0)(33,21)(26,21)(26,9)(14,9)(14,14)(0,14)
Polygon:
(0,0)(40,0)(40,22)(25,22)(25,11)(17,11)(17,18)(0,18)
Polygon:
(0,0)(25,0)(25,26)(10,26)(10,8)(8,8)(8,10)(0,10)
Polygon:
(0,0)(18,0)(18,22)(7,22)(7,14)(3,14)(3,16)(0,16)
Polygon:
(0,0)(23,0)(23,6)(20,6)(20,5)(16,5)(16,12)(0,12)
Polygon:
(0,0)(28,0)(28,26)(25,26)(25,14)(18,14)(18,18)(0,18)
Polygon:
(0,0)(25,0)(25,12)(23,12)(23,9)(5,9)(5,16)(0,16)
Polygon:
(0,0)(29,0)(29,17)(24,17)(24,7)(15,7)(15,16)(0,16)
Polygon:
(0,0)(32,0)(32,13)(20,13)(20,3)(11,3)(11,9)(0,9)
Polygon:
(0,0)(39,0)(39,12)(21,12)(21,2)(5,2)(5,13)(0,13)
Polygon:
(0,0)(33,0)(33,25)(21,25)(21,7)(5,7)(5,15)(0,15)
Polygon:
(0,0)(24,0)(24,19)(18,19)(18,2)(10,2)(10,16)(0,16)
Polygon:
(0,0)(28,0)(28,28)(27,28)(27,10)(18,10)(18,18)(0,18)
Polygon:
(0,0)(34,0)(34,17)(22,17)(22,12)(9,12)(9,15)(0,15)
Polygon:
(0,0)(12,0)(12,28)(10,28)(10,10)(4,10)(4,14)(0,14)
Polygon:
(0,0)(36,0)(36,7)(18,7)(18,1)(17,1)(17,11)(0,11)
Polygon:
(0,0)(18,0)(18,14)(10,14)(10,1)(3,1)(3,13)(0,13)
Polygon:
(0,0)(21,0)(21,25)(13,25)(13,9)(9,9)(9,15)(0,15)
Polygon:
(0,0)(17,0)(17,15)(12,15)(12,1)(8,1)(8,9)(0,9)
Polygon:
(0,0)(33,0)(33,11)(24,11)(24,3)(10,3)(10,7)(0,7)
Polygon:
(0,0)(28,0)(28,19)(22,19)(22,5)(11,5)(11,8)(0,8)
Polygon:
(0,0)(38,0)(38,32)(28,32)(28,14)(12,14)(12,25)(0,25)
Polygon:
(0,0)(38,0)(38,25)(22,25)(22,10)(10,10)(10,17)(0,17)
Polygon:
(0,0)(16,0)(16,30)(13,30)(13,12)(4,12)(4,30)(0,30)
Polygon:
(0,0)(11,0)(11,16)(8,16)(8,3)(1,3)(1,10)(0,10)
Polygon:
(0,0)(17,0)(17,14)(9,14)(9,5)(7,5)(7,9)(0,9)
Polygon:
(0,0)(30,0)(30,17)(20,17)(20,13)(3,13)(3,18)(0,18)
Polygon:
(0,0)(42,0)(42,16)(32,16)(32,5)(16,5)(16,9)(0,9)
Polygon:
(0,0)(33,0)(33,12)(32,12)(32,10)(16,10)(16,15)(0,15)
Polygon:
(0,0)(32,0)(32,11)(21,11)(21,2)(5,2)(5,12)(0,12)
Polygon:
(0,0)(32,0)(32,9)(27,9)(27,5)(10,5)(10,9)(0,9)
Polygon:
(0,0)(19,0)(19,31)(13,31)(13,14)(9,14)(9,18)(0,18)
Polygon:
(0,0)(26,0)(26,13)(15,13)(15,2)(5,2)(5,17)(0,17)
Polygon:
(0,0)(33,0)(33,19)(19,19)(19,8)(18,8)(18,13)(0,13)
Polygon:
(0,0)(21,0)(21,18)(20,18)(20,5)(18,5)(18,17)(0,17)
Polygon:
(0,0)(29,0)(29,19)(27,19)(27,11)(11,11)(11,14)(0,14)
Polygon:
(0,0)(22,0)(22,19)(12,19)(12,9)(9,9)(9,15)(0,15)
Polygon:
(0,0)(35,0)(35,25)(23,25)(23,10)(7,10)(7,13)(0,13)
Polygon:
(0,0)(28,0)(28,32)(19,32)(19,17)(11,17)(11,18)(0,18)
Polygon:
(0,0)(35,0)(35,15)(26,15)(26,1)(17,1)(17,10)(0,10)
Polygon:
(0,0)(26,0)(26,6)(12,6)(12,2)(8,2)(8,14)(0,14)
Polygon:
(0,0)(15,0)(15,24)(4,24)(4,6)(2,6)(2,14)(0,14)
Polygon:
(0,0)(31,0)(31,18)(30,18)(30,5)(17,5)(17,11)(0,11)
Polygon:
(0,0)(18,0)(18,14)(8,14)(8,5)(4,5)(4,16)(0,16)
Polygon:
(0,0)(29,0)(29,15)(27,15)(27,4)(14,4)(14,7)(0,7)
Polygon:
(0,0)(20,0)(20,7)(15,7)(15,3)(3,3)(3,15)(0,15)
Polygon:
(0,0)(24,0)(24,17)(16,17)(16,10)(8,10)(8,14)(0,14)
Polygon:
(0,0)(27,0)(27,9)(20,9)(20,3)(5,3)(5,18)(0,18)
Polygon:
(0,0)(13,0)(13,4)(11,4)(11,3)(7,3)(7,15)(0,15)
Polygon:
(0,0)(27,0)(27,18)(16,18)(16,11)(3,11)(3,14)(0,14)
Polygon:
(0,0)(24,0)(24,7)(22,7)(22,5)(4,5)(4,6)(0,6)
Polygon:
(0,0)(35,0)(35,17)(25,17)(25,7)(16,7)(16,17)(0,17)
Polygon:
(0,0)(11,0)(11,19)(8,19)(8,7)(4,7)(4,17)(0,17)
Polygon:
(0,0)(40,0)(40,21)(35,21)(35,5)(17,5)(17,14)(0,14)
Polygon:
(0,0)(30,0)(30,19)(21,19)(21,11)(12,11)(12,14)(0,14)
Polygon:
(0,0)(26,0)(26,23)(20,23)(20,5)(2,5)(2,16)(0,16)
Polygon:
(0,0)(9,0)(9,6)(8,6)(8,5)(6,5)(6,6)(0,6)
Polygon:
(0,0)(21,0)(21,14)(19,14)(19,5)(16,5)(16,16)(0,16)
Polygon:
(0,0)(35,0)(35,6)(24,6)(24,3)(10,3)(10,6)(0,6)
Polygon:
(0,0)(37,0)(37,18)(20,18)(20,6)(2,6)(2,13)(0,13)
Polygon:
(0,0)(35,0)(35,9)(30,9)(30,6)(14,6)(14,13)(0,13)
Polygon:
(0,0)(18,0)(18,11)(11,11)(11,8)(2,8)(2,10)(0,10)
Polygon:
(0,0)(26,0)(26,17)(10,17)(10,6)(4,6)(4,12)(0,12)
Polygon:
(0,0)(23,0)(23,20)(18,20)(18,12)(15,12)(15,13)(0,13)
Polygon:
(0,0)(21,0)(21,22)(20,22)(20,12)(2,12)(2,15)(0,15)
Polygon:
(0,0)(31,0)(31,10)(27,10)(27,7)(10,7)(10,15)(0,15)
Polygon:
(0,0)(25,0)(25,14)(21,14)(21,3)(3,3)(3,15)(0,15)
Polygon:
(0,0)(40,0)(40,16)(25,16)(25,6)(12,6)(12,17)(0,17)
Polygon:
(0,0)(32,0)(32,8)(24,8)(24,4)(11,4)(11,11)(0,11)
Polygon:
(0,0)(22,0)(22,8)(19,8)(19,2)(10,2)(10,6)(0,6)
Polygon:
(0,0)(38,0)(38,12)(21,12)(21,9)(4,9)(4,16)(0,16)
Polygon:
(0,0)(31,0)(31,20)(20,20)(20,9)(14,9)(14,15)(0,15)
Polygon:
(0,0)(28,0)(28,31)(18,31)(18,15)(9,15)(9,17)(0,17)
Polygon:
(0,0)(31,0)(31,22)(13,22)(13,6)(4,6)(4,7)(0,7)
Polygon:
(0,0)(25,0)(25,18)(20,18)(20,7)(3,7)(3,10)(0,10)
Polygon:
(0,0)(29,0)(29,13)(21,13)(21,5)(10,5)(10,9)(0,9)
Polygon:
(0,0)(23,0)(23,14)(22,14)(22,8)(16,8)(16,11)(0,11)
Polygon:
(0,0)(38,0)(38,18)(31,18)(31,6)(18,6)(18,15)(0,15)
Polygon:
(0,0)(27,0)(27,23)(22,23)(22,12)(11,12)(11,17)(0,17)
Polygon:
(0,0)(34,0)(34,10)(21,10)(21,9)(18,9)(18,13)(0,13)
Polygon:
(0,0)(17,0)(17,14)(6,14)(6,7)(4,7)(4,16)(0,16)
Polygon:
(0,0)(26,0)(26,18)(15,18)(15,9)(7,9)(7,12)(0,12)
Polygon:
(0,0)(18,0)(18,6)(17,6)(17,5)(6,5)(6,17)(0,17)
Polygon:
(0,0)(27,0)(27,18)(23,18)(23,3)(11,3)(11,14)(0,14)
Polygon:
(0,0)(39,0)(39,9)(22,9)(22,4)(18,4)(18,14)(0,14)
Polygon:
(0,0)(32,0)(32,13)(27,13)(27,2)(15,2)(15,17)(0,17)
Polygon:
(0,0)(28,0)(28,12)(17,12)(17,8)(8,8)(8,10)(0,10)
Polygon:
(0,0)(24,0)(24,18)(17,18)(17,3)(2,3)(2,7)(0,7)
Polygon:
(0,0)(21,0)(21,14)(19,14)(19,3)(9,3)(9,11)(0,11)
Polygon:
(0,0)(37,0)(37,24)(32,24)(32,15)(17,15)(17,17)(0,17)
Polygon:
(0,0)(20,0)(20,20)(19,20)(19,9)(12,9)(12,15)(0,15)
Polygon:
(0,0)(32,0)(32,13)(24,13)(24,12)(12,12)(12,18)(0,18)
Polygon:
(0,0)(32,0)(32,30)(27,30)(27,15)(12,15)(12,16)(0,16)
Polygon:
(0,0)(13,0)(13,19)(8,19)(8,9)(3,9)(3,18)(0,18)
Polygon:
(0,0)(23,0)(23,18)(17,18)(17,7)(16,7)(16,14)(0,14)
Polygon:
(0,0)(30,0)(30,12)(15,12)(15,7)(5,7)(5,16)(0,16)
Polygon:
(0,0)(30,0)(30,11)(27,11)(27,6)(10,6)(10,13)(0,13)
Polygon:
(0,0)(36,0)(36,24)(21,24)(21,10)(16,10)(16,12)(0,12)
Polygon:
(0,0)(24,0)(24,26)(21,26)(21,10)(3,10)(3,19)(0,19)
Polygon:
(0,0)(20,0)(20,14)(18,14)(18,5)(5,5)(5,6)(0,6)
Polygon:
(0,0)(24,0)(24,29)(21,29)(21,12)(7,12)(7,14)(0,14)
Polygon:
(0,0)(45,0)(45,12)(34,12)(34,11)(16,11)(16,16)(0,16)
Polygon:
(0,0)(19,0)(19,15)(5,15)(5,8)(1,8)(1,9)(0,9)
Polygon:
(0,0)(23,0)(23,8)(6,8)(6,6)(4,6)(4,13)(0,13)
Polygon:
(0,0)(38,0)(38,16)(22,16)(22,1)(8,1)(8,13)(0,13)
Polygon:
(0,0)(36,0)(36,20)(28,20)(28,6)(12,6)(12,17)(0,17)
Polygon:
(0,0)(34,0)(34,10)(28,10)(28,2)(14,2)(14,5)(0,5)
Polygon:
(0,0)(32,0)(32,6)(26,6)(26,4)(8,4)(8,10)(0,10)
Polygon:
(0,0)(42,0)(42,13)(27,13)(27,3)(18,3)(18,16)(0,16)
Polygon:
(0,0)(18,0)(18,5)(13,5)(13,4)(5,4)(5,14)(0,14)
Polygon:
(0,0)(42,0)(42,20)(31,20)(31,7)(16,7)(16,17)(0,17)
Polygon:
(0,0)(38,0)(38,13)(27,13)(27,10)(16,10)(16,11)(0,11)
Polygon:
(0,0)(26,0)(26,6)(24,6)(24,4)(6,4)(6,12)(0,12)
Polygon:
(0,0)(19,0)(19,22)(9,22)(9,7)(8,7)(8,11)(0,11)
Polygon:
(0,0)(23,0)(23,8)(18,8)(18,2)(3,2)(3,5)(0,5)
Polygon:
(0,0)(24,0)(24,17)(12,17)(12,11)(5,11)(5,15)(0,15)
Polygon:
(0,0)(28,0)(28,28)(25,28)(25,14)(14,14)(14,15)(0,15)
Polygon:
(0,0)(23,0)(23,6)(10,6)(10,5)(4,5)(4,6)(0,6)
Polygon:
(0,0)(29,0)(29,8)(20,8)(20,4)(13,4)(13,15)(0,15)
Polygon:
(0,0)(22,0)(22,14)(21,14)(21,1)(18,1)(18,7)(0,7)
Polygon:
(0,0)(39,0)(39,3)(26,3)(26,1)(18,1)(18,5)(0,5)
Polygon:
(0,0)(12,0)(12,20)(7,20)(7,2)(3,2)(3,10)(0,10)
Polygon:
(0,0)(44,0)(44,22)(29,22)(29,7)(15,7)(15,12)(0,12)
Polygon:
(0,0)(32,0)(32,23)(17,23)(17,6)(13,6)(13,7)(0,7)
Polygon:
(0,0)(19,0)(19,6)(13,6)(13,1)(3,1)(3,18)(0,18)
Polygon:
(0,0)(22,0)(22,16)(12,16)(12,3)(7,3)(7,16)(0,16)
Polygon:
(0,0)(41,0)(41,14)(33,14)(33,1)(18,1)(18,12)(0,12)
Polygon:
(0,0)(32,0)(32,24)(30,24)(30,6)(13,6)(13,14)(0,14)
Polygon:
(0,0)(26,0)(26,19)(11,19)(11,7)(8,7)(8,13)(0,13)
Polygon:
(0,0)(45,0)(45,21)(27,21)(27,4)(9,4)(9,15)(0,15)
Polygon:
(0,0)(27,0)(27,16)(18,16)(18,2)(10,2)(10,7)(0,7)
Polygon:
(0,0)(29,0)(29,17)(20,17)(20,1)(2,1)(2,8)(0,8)
Polygon:
(0,0)(24,0)(24,13)(12,13)(12,7)(2,7)(2,8)(0,8)
Polygon:
(0,0)(42,0)(42,16)(24,16)(24,1)(13,1)(13,11)(0,11)
Polygon:
(0,0)(38,0)(38,29)(29,29)(29,12)(14,12)(14,16)(0,16)
Polygon:
(0,0)(38,0)(38,5)(21,5)(21,4)(3,4)(3,6)(0,6)
Polygon:
(0,0)(42,0)(42,13)(24,13)(24,5)(18,5)(18,8)(0,8)
Polygon:
(0,0)(54,0)(54,12)(36,12)(36,8)(18,8)(18,14)(0,14)
Polygon:
(0,0)(32,0)(32,13)(25,13)(25,8)(11,8)(11,11)(0,11)
Polygon:
(0,0)(21,0)(21,11)(19,11)(19,9)(4,9)(4,11)(0,11)
Polygon:
(0,0)(32,0)(32,12)(19,12)(19,1)(9,1)(9,5)(0,5)
Polygon:
(0,0)(33,0)(33,9)(25,9)(25,2)(18,2)(18,17)(0,17)
Polygon:
(0,0)(12,0)(12,17)(8,17)(8,11)(7,11)(7,18)(0,18)
Polygon:
(0,0)(35,0)(35,24)(31,24)(31,14)(13,14)(13,18)(0,18)
Polygon:
(0,0)(34,0)(34,11)(33,11)(33,8)(17,8)(17,10)(0,10)
Polygon:
(0,0)(37,0)(37,15)(25,15)(25,3)(18,3)(18,14)(0,14)
Polygon:
(0,0)(35,0)(35,4)(17,4)(17,2)(3,2)(3,6)(0,6)
Polygon:
(0,0)(32,0)(32,20)(14,20)(14,12)(9,12)(9,13)(0,13)
Polygon:
(0,0)(41,0)(41,6)(31,6)(31,1)(14,1)(14,14)(0,14)
Polygon:
(0,0)(23,0)(23,20)(10,20)(10,5)(9,5)(9,15)(0,15)
Polygon:
(0,0)(30,0)(30,19)(21,19)(21,11)(13,11)(13,13)(0,13)
Polygon:
(0,0)(26,0)(26,14)(18,14)(18,3)(2,3)(2,4)(0,4)
Polygon:
(0,0)(36,0)(36,12)(23,12)(23,2)(7,2)(7,14)(0,14)
Polygon:
(0,0)(20,0)(20,18)(12,18)(12,10)(5,10)(5,17)(0,17)
Polygon:
(0,0)(15,0)(15,5)(12,5)(12,4)(7,4)(7,18)(0,18)
Polygon:
(0,0)(47,0)(47,11)(29,11)(29,6)(16,6)(16,13)(0,13)
Polygon:
(0,0)(25,0)(25,9)(8,9)(8,5)(4,5)(4,7)(0,7)
Polygon:
(0,0)(27,0)(27,23)(20,23)(20,7)(12,7)(12,11)(0,11)
Polygon:
(0,0)(40,0)(40,21)(35,21)(35,8)(18,8)(18,13)(0,13)
Polygon:
(0,0)(46,0)(46,14)(33,14)(33,3)(15,3)(15,6)(0,6)
Polygon:
(0,0)(38,0)(38,10)(26,10)(26,6)(12,6)(12,18)(0,18)
Polygon:
(0,0)(30,0)(30,24)(16,24)(16,10)(14,10)(14,12)(0,12)
Polygon:
(0,0)(21,0)(21,8)(13,8)(13,1)(8,1)(8,4)(0,4)
Polygon:
(0,0)(32,0)(32,26)(24,26)(24,12)(7,12)(7,14)(0,14)
Polygon:
(0,0)(37,0)(37,23)(32,23)(32,11)(17,11)(17,12)(0,12)
Polygon:
(0,0)(42,0)(42,11)(28,11)(28,4)(11,4)(11,17)(0,17)
Polygon:
(0,0)(26,0)(26,25)(21,25)(21,11)(18,11)(18,15)(0,15)
Polygon:
(0,0)(17,0)(17,21)(16,21)(16,4)(9,4)(9,20)(0,20)
Polygon:
(0,0)(34,0)(34,13)(19,13)(19,7)(13,7)(13,16)(0,16)
Polygon:
(0,0)(40,0)(40,11)(24,11)(24,1)(10,1)(10,3)(0,3)
Polygon:
(0,0)(29,0)(29,14)(21,14)(21,8)(4,8)(4,14)(0,14)
Polygon:
(0,0)(34,0)(34,26)(24,26)(24,9)(15,9)(15,14)(0,14)
Polygon:
(0,0)(19,0)(19,27)(8,27)(8,10)(1,10)(1,13)(0,13)
Polygon:
(0,0)(32,0)(32,26)(22,26)(22,8)(14,8)(14,18)(0,18)
Polygon:
(0,0)(20,0)(20,34)(18,34)(18,17)(17,17)(17,35)(0,35)
Polygon:
(0,0)(18,0)(18,22)(14,22)(14,11)(12,11)(12,12)(0,12)
Polygon:
(0,0)(20,0)(20,12)(12,12)(12,4)(9,4)(9,15)(0,15)
Polygon:
(0,0)(16,0)(16,6)(6,6)(6,2)(2,2)(2,7)(0,7)
Polygon:
(0,0)(7,0)(7,20)(4,20)(4,18)(2,18)(2,31)(0,31)
Polygon:
(0,0)(26,0)(26,22)(8,22)(8,14)(7,14)(7,18)(0,18)
Polygon:
(0,0)(35,0)(35,14)(23,14)(23,6)(11,6)(11,7)(0,7)
Polygon:
(0,0)(19,0)(19,13)(13,13)(13,1)(5,1)(5,12)(0,12)
Polygon:
(0,0)(20,0)(20,16)(9,16)(9,11)(7,11)(7,16)(0,16)
Polygon:
(0,0)(18,0)(18,16)(16,16)(16,4)(5,4)(5,13)(0,13)
Polygon:
(0,0)(29,0)(29,18)(18,18)(18,16)(8,16)(8,18)(0,18)
Polygon:
(0,0)(24,0)(24,23)(19,23)(19,7)(8,7)(8,9)(0,9)
Polygon:
(0,0)(26,0)(26,14)(19,14)(19,10)(14,10)(14,11)(0,11)
Polygon:
(0,0)(32,0)(32,20)(14,20)(14,13)(3,13)(3,18)(0,18)
Polygon:
(0,0)(38,0)(38,19)(28,19)(28,13)(16,13)(16,18)(0,18)
Polygon:
(0,0)(26,0)(26,5)(17,5)(17,2)(9,2)(9,15)(0,15)
Polygon:
(0,0)(31,0)(31,26)(20,26)(20,11)(17,11)(17,13)(0,13)
Polygon:
(0,0)(41,0)(41,6)(33,6)(33,2)(16,2)(16,12)(0,12)
Polygon:
(0,0)(24,0)(24,16)(18,16)(18,3)(14,3)(14,9)(0,9)
Polygon:
(0,0)(24,0)(24,19)(17,19)(17,11)(4,11)(4,14)(0,14)
Polygon:
(0,0)(31,0)(31,13)(22,13)(22,7)(4,7)(4,13)(0,13)
Polygon:
(0,0)(40,0)(40,23)(33,23)(33,7)(17,7)(17,14)(0,14)
Polygon:
(0,0)(15,0)(15,19)(6,19)(6,9)(4,9)(4,15)(0,15)
Polygon:
(0,0)(32,0)(32,18)(19,18)(19,3)(12,3)(12,11)(0,11)
Polygon:
(0,0)(36,0)(36,11)(31,11)(31,7)(15,7)(15,13)(0,13)
Polygon:
(0,0)(30,0)(30,13)(13,13)(13,2)(10,2)(10,13)(0,13)
Polygon:
(0,0)(38,0)(38,5)(33,5)(33,4)(16,4)(16,9)(0,9)
Polygon:
(0,0)(28,0)(28,3)(13,3)(13,1)(4,1)(4,14)(0,14)
Polygon:
(0,0)(27,0)(27,26)(19,26)(19,10)(16,10)(16,13)(0,13)
Polygon:
(0,0)(24,0)(24,18)(20,18)(20,1)(9,1)(9,13)(0,13)
Polygon:
(0,0)(36,0)(36,21)(22,21)(22,14)(16,14)(16,29)(0,29)
Polygon:
(0,0)(20,0)(20,21)(16,21)(16,3)(4,3)(4,17)(0,17)
Polygon:
(0,0)(26,0)(26,9)(25,9)(25,25)(11,25)(11,8)(0,8)
Polygon:
(0,0)(30,0)(30,15)(17,15)(17,16)(0,16)
Polygon:
(0,0)(11,0)(11,9)(8,9)(8,17)(6,17)(6,1)(0,1)
Polygon:
(0,0)(44,0)(44,8)(35,8)(35,19)(17,19)(17,7)(0,7)
Polygon:
(0,0)(8,0)(8,18)(7,18)(7,21)(0,21)
Polygon:
(0,0)(23,0)(23,10)(10,10)(10,20)(0,20)
Polygon:
(0,0)(18,0)(18,8)(12,8)(12,24)(0,24)
Polygon:
(0,0)(17,0)(17,15)(0,15)
Polygon:
(0,0)(17,0)(17,10)(0,10)
Polygon:
(0,0)(2,0)(2,10)(0,10)
Polygon:
(0,0)(25,0)(25,1)(18,1)(18,19)(16,19)(16,2)(0,2)
Polygon:
(0,0)(41,0)(41,1)(24,1)(24,17)(6,17)(6,10)(0,10)
Polygon:
(0,0)(5,0)(5,12)(3,12)(3,15)(0,15)
Polygon:
(0,0)(17,0)(17,11)(1,11)(1,16)(0,16)
Polygon:
(0,0)(36,0)(36,10)(26,10)(26,12)(12,12)(12,7)(0,7)
Polygon:
(0,0)(33,0)(33,15)(26,15)(26,18)(11,18)(11,12)(0,12)
Polygon:
(0,0)(15,0)(15,7)(0,7)
Polygon:
(0,0)(5,0)(5,17)(0,17)
Polygon:
(0,0)(25,0)(25,4)(14,4)(14,20)(0,20)
Polygon:
(0,0)(18,0)(18,15)(0,15)
Polygon:
(0,0)(16,0)(16,17)(1,17)(1,34)(0,34)
Polygon:
(0,0)(17,0)(17,11)(0,11)
Polygon:
(0,0)(17,0)(17,10)(0,10)
Polygon:
(0,0)(9,0)(9,8)(0,8)
Polygon:
(0,0)(4,0)(4,17)(0,17)
Polygon:
(0,0)(14,0)(14,17)(0,17)
Polygon:
(0,0)(4,0)(4,3)(0,3)
Polygon:
(0,0)(16,0)(16,2)(0,2)
Polygon:
(0,0)(28,0)(28,8)(15,8)(15,10)(4,10)(4,4)(0,4)
Polygon:
(0,0)(1,0)(1,3)(0,3)
Polygon:
(0,0)(25,0)(25,6)(18,6)(18,10)(6,10)(6,4)(0,4)
Polygon:
(0,0)(33,0)(33,20)(28,20)(28,26)(18,26)(18,14)(0,14)
Polygon:
(0,0)(32,0)(32,5)(14,5)(14,18)(0,18)
Polygon:
(0,0)(18,0)(18,9)(7,9)(7,16)(0,16)
Polygon:
(0,0)(8,0)(8,5)(3,5)(3,8)(2,8)(2,5)(0,5)
Polygon:
(0,0)(8,0)(8,13)(0,13)
Polygon:
(0,0)(6,0)(6,6)(0,6)
Polygon:
(0,0)(3,0)(3,12)(0,12)
Polygon:
(0,0)(17,0)(17,13)(0,13)
Polygon:
(0,0)(11,0)(11,8)(0,8)
Polygon:
(0,0)(7,0)(7,3)(0,3)
Polygon:
(0,0)(10,0)(10,5)(0,5)
Polygon:
(0,0)(1,0)(1,5)(0,5)
Polygon:
(0,0)(14,0)(14,8)(0,8)
Polygon:
(0,0)(36,0)(36,27)(18,27)(18,28)(16,28)(16,18)(0,18)
Polygon:
(0,0)(17,0)(17,11)(0,11)
Polygon:
(0,0)(35,0)(35,19)(24,19)(24,32)(11,32)(11,17)(0,17)
Polygon:
(0,0)(15,0)(15,7)(7,7)(7,14)(0,14)
Polygon:
(0,0)(34,0)(34,15)(25,15)(25,17)(8,17)(8,6)(0,6)
Polygon:
(0,0)(1,0)(1,3)(0,3)
Polygon:
(0,0)(1,0)(1,15)(0,15)
Polygon:
(0,0)(8,0)(8,16)(0,16)
Polygon:
(0,0)(15,0)(15,8)(0,8)
Polygon:
(0,0)(10,0)(10,15)(0,15)
Polygon:
(0,0)(4,0)(4,14)(0,14)
Polygon:
(0,0)(17,0)(17,9)(0,9)
Polygon:
(0,0)(17,0)(17,3)(0,3)
Polygon:
(0,0)(13,0)(13,16)(10,16)(10,19)(0,19)
Polygon:
(0,0)(20,0)(20,9)(6,9)(6,14)(0,14)
Polygon:
(0,0)(13,0)(13,19)(7,19)(7,30)(4,30)(4,14)(0,14)
Polygon:
(0,0)(9,0)(9,5)(0,5)
Polygon:
(0,0)(33,0)(33,31)(30,31)(30,33)(18,33)(18,18)(0,18)
Polygon:
(0,0)(21,0)(21,11)(6,11)(6,25)(3,25)(3,18)(0,18)
Polygon:
(0,0)(20,0)(20,10)(17,10)(17,15)(11,15)(11,2)(0,2)
Polygon:
(0,0)(24,0)(24,13)(12,13)(12,17)(0,17)
Polygon:
(0,0)(6,0)(6,6)(0,6)
Polygon:
(0,0)(3,0)(3,7)(1,7)(1,25)(0,25)
Polygon:
(0,0)(26,0)(26,12)(16,12)(16,24)(11,24)(11,6)(0,6)
Polygon:
(0,0)(5,0)(5,16)(0,16)
Polygon:
(0,0)(2,0)(2,5)(0,5)
Polygon:
(0,0)(17,0)(17,17)(0,17)
Polygon:
(0,0)(22,0)(22,12)(16,12)(16,25)(0,25)
Polygon:
(0,0)(1,0)(1,8)(0,8)
Polygon:
(0,0)(17,0)(17,6)(16,6)(16,20)(4,20)(4,5)(0,5)
Polygon:
(0,0)(5,0)(5,10)(0,10)
Polygon:
(0,0)(4,0)(4,8)(0,8)
Polygon:
(0,0)(19,0)(19,5)(18,5)(18,11)(0,11)
Polygon:
(0,0)(16,0)(16,11)(0,11)
Polygon:
(0,0)(15,0)(15,7)(0,7)
Polygon:
(0,0)(14,0)(14,10)(7,10)(7,11)(0,11)
Polygon:
(0,0)(20,0)(20,2)(16,2)(16,19)(0,19)
Polygon:
(0,0)(16,0)(16,14)(0,14)
Polygon:
(0,0)(43,0)(43,9)(30,9)(30,24)(18,24)(18,8)(0,8)
Polygon:
(0,0)(3,0)(3,14)(0,14)
Polygon:
(0,0)(7,0)(7,16)(4,16)(4,33)(1,33)(1,16)(0,16)
Polygon:
(0,0)(12,0)(12,2)(2,2)(2,8)(0,8)
Polygon:
(0,0)(28,0)(28,2)(18,2)(18,19)(0,19)
Polygon:
(0,0)(11,0)(11,15)(0,15)
Polygon:
(0,0)(17,0)(17,12)(0,12)
Polygon:
(0,0)(17,0)(17,18)(0,18)
Polygon:
(0,0)(7,0)(7,18)(0,18)
Polygon:
(0,0)(31,0)(31,20)(26,20)(26,30)(14,30)(14,16)(0,16)
Polygon:
(0,0)(16,0)(16,8)(11,8)(11,12)(0,12)
Polygon:
(0,0)(33,0)(33,4)(24,4)(24,12)(15,12)(15,2)(0,2)
Polygon:
(0,0)(28,0)(28,3)(22,3)(22,18)(17,18)(17,5)(0,5)
Polygon:
(0,0)(21,0)(21,10)(7,10)(7,22)(0,22)
Polygon:
(0,0)(9,0)(9,11)(0,11)
Polygon:
(0,0)(4,0)(4,10)(0,10)
Polygon:
(0,0)(19,0)(19,1)(1,1)(1,14)(0,14)
Polygon:
(0,0)(25,0)(25,4)(12,4)(12,14)(0,14)
Polygon:
(0,0)(4,0)(4,13)(0,13)
Polygon:
(0,0)(11,0)(11,7)(0,7)
Polygon:
(0,0)(18,0)(18,9)(0,9)
Polygon:
(0,0)(16,0)(16,3)(0,3)
Polygon:
(0,0)(6,0)(6,3)(0,3)
Polygon:
(0,0)(2,0)(2,5)(0,5)
Polygon:
(0,0)(17,0)(17,2)(15,2)(15,17)(0,17)
Polygon:
(0,0)(9,0)(9,13)(0,13)
Polygon:
(0,0)(7,0)(7,1)(0,1)
Polygon:
(0,0)(13,0)(13,15)(0,15)
Polygon:
(0,0)(16,0)(16,2)(11,2)(11,8)(4,8)(4,1)(0,1)
Polygon:
(0,0)(16,0)(16,3)(7,3)(7,8)(0,8)
Polygon:
(0,0)(6,0)(6,13)(0,13)
Polygon:
(0,0)(18,0)(18,3)(6,3)(6,13)(0,13)
Polygon:
(0,0)(12,0)(12,4)(0,4)
Polygon:
(0,0)(5,0)(5,18)(0,18)
Polygon:
(0,0)(27,0)(27,3)(21,3)(21,7)(13,7)(13,6)(0,6)
Polygon:
(0,0)(8,0)(8,18)(0,18)
Polygon:
(0,0)(22,0)(22,3)(18,3)(18,21)(0,21)
Polygon:
(0,0)(34,0)(34,4)(31,4)(31,20)(13,20)(13,8)(0,8)
Polygon:
(0,0)(8,0)(8,16)(3,16)(3,30)(0,30)
Polygon:
(0,0)(19,0)(19,11)(11,11)(11,18)(0,18)
Polygon:
(0,0)(28,0)(28,12)(11,12)(11,21)(0,21)
Polygon:
(0,0)(35,0)(35,14)(18,14)(18,25)(0,25)
Polygon:
(0,0)(14,0)(14,17)(11,17)(11,22)(0,22)
Polygon:
(0,0)(21,0)(21,6)(20,6)(20,24)(8,24)(8,8)(0,8)
Polygon:
(0,0)(29,0)(29,3)(16,3)(16,4)(0,4)
Polygon:
(0,0)(18,0)(18,2)(0,2)
Polygon:
(0,0)(16,0)(16,23)(13,23)(13,25)(2,25)(2,18)(0,18)
Polygon:
(0,0)(22,0)(22,2)(15,2)(15,4)(0,4)
Polygon:
(0,0)(23,0)(23,6)(17,6)(17,20)(9,20)(9,3)(0,3)
Polygon:
(0,0)(1,0)(1,5)(0,5)
Polygon:
(0,0)(4,0)(4,14)(0,14)
Polygon:
(0,0)(6,0)(6,6)(0,6)
Polygon:
(0,0)(22,0)(22,10)(12,10)(12,15)(0,15)
Polygon:
(0,0)(27,0)(27,16)(14,16)(14,30)(0,30)
Polygon:
(0,0)(8,0)(8,13)(1,13)(1,26)(0,26)
Polygon:
(0,0)(16,0)(16,17)(0,17)
Polygon:
(0,0)(18,0)(18,17)(6,17)(6,21)(0,21)
Polygon:
(0,0)(26,0)(26,9)(11,9)(11,18)(0,18)
Polygon:
(0,0)(4,0)(4,8)(0,8)
Polygon:
(0,0)(27,0)(27,2)(10,2)(10,8)(0,8)
Polygon:
(0,0)(5,0)(5,13)(0,13)
Polygon:
(0,0)(2,0)(2,15)(0,15)
Polygon:
(0,0)(14,0)(14,10)(0,10)
Polygon:
(0,0)(4,0)(4,7)(0,7)
Polygon:
(0,0)(8,0)(8,12)(0,12)
Polygon:
(0,0)(24,0)(24,15)(7,15)(7,29)(0,29)
Polygon:
(0,0)(13,0)(13,18)(1,18)(1,34)(0,34)
Polygon:
(0,0)(20,0)(20,17)(10,17)(10,20)(0,20)
Polygon:
(0,0)(15,0)(15,13)(0,13)
Polygon:
(0,0)(12,0)(12,2)(0,2)
Polygon:
(0,0)(30,0)(30,4)(14,4)(14,8)(8,8)(8,7)(0,7)
Polygon:
(0,0)(35,0)(35,11)(29,11)(29,21)(16,21)(16,5)(0,5)
Polygon:
(0,0)(27,0)(27,11)(11,11)(11,21)(0,21)
Polygon:
(0,0)(30,0)(30,8)(21,8)(21,17)(7,17)(7,14)(0,14)
Polygon:
(0,0)(10,0)(10,16)(0,16)
Polygon:
(0,0)(18,0)(18,7)(12,7)(12,12)(0,12)
Polygon:
(0,0)(14,0)(14,10)(0,10)
Polygon:
(0,0)(14,0)(14,10)(0,10)
