Polygon:
(0,0)(21,0)(21,7)(20,7)(20,2)(4,2)(4,10)(0,10)
Polygon:
(0,0)(38,0)(38,22)(24,22)(24,10)(18,10)(18,17)(0,17)
Polygon:
(0,0)(17,0)(17,24)(9,24)(9,7)(1,7)(1,10)(0,10)
Polygon:
(0,0)(43,0)(43,28)(30,28)(30,13)(15,13)(15,18)(0,18)
Polygon:
(0,0)(29,0)(29,17)(23,17)(23,3)(5,3)(5,5)(0,5)
Polygon:
(0,0)(17,0)(17,26)(12,26)(12,12)(3,12)(3,14)(0,14)
Polygon:
(0,0)(23,0)(23,14)(20,14)(20,4)(3,4)(3,8)(0,8)
Polygon:
(0,0)(51,0)(51,28)(33,28)(33,15)(16,15)(16,16)(0,16)
Polygon:
(0,0)(27,0)(27,19)(25,19)(25,11)(14,11)(14,14)(0,14)
Polygon:
(0,0)(28,0)(28,14)(16,14)(16,8)(15,8)(15,9)(0,9)
Polygon:
(0,0)(17,0)(17,15)(5,15)(5,4)(3,4)(3,10)(0,10)
Polygon:
(0,0)(27,0)(27,27)(21,27)(21,14)(3,14)(3,18)(0,18)
Polygon:
(0,0)(34,0)(34,14)(33,14)(33,1)(17,1)(17,4)(0,4)
Polygon:
(0,0)(36,0)(36,22)(26,22)(26,10)(14,10)(14,18)(0,18)
Polygon:
(0,0)(39,0)(39,10)(29,10)(29,5)(14,5)(14,17)(0,17)
Polygon:
(0,0)(32,0)(32,7)(19,7)(19,5)(12,5)(12,18)(0,18)
Polygon:
(0,0)(28,0)(28,9)(14,9)(14,3)(4,3)(4,16)(0,16)
Polygon:
(0,0)(41,0)(41,12)(26,12)(26,4)(9,4)(9,13)(0,13)
Polygon:
(0,0)(23,0)(23,26)(16,26)(16,9)(12,9)(12,10)(0,10)
Polygon:
(0,0)(37,0)(37,22)(19,22)(19,5)(18,5)(18,17)(0,17)
Polygon:
(0,0)(31,0)(31,7)(22,7)(22,1)(8,1)(8,14)(0,14)
Polygon:
(0,0)(22,0)(22,9)(8,9)(8,5)(1,5)(1,14)(0,14)
Polygon:
(0,0)(46,0)(46,12)(28,12)(28,9)(18,9)(18,11)(0,11)
Polygon:
(0,0)(22,0)(22,16)(16,16)(16,10)(1,10)(1,11)(0,11)
Polygon:
(0,0)(43,0)(43,25)(26,25)(26,17)(15,17)(15,33)(0,33)
Polygon:
(0,0)(23,0)(23,3)(18,3)(18,2)(16,2)(16,7)(0,7)
Polygon:
(0,0)(30,0)(30,14)(13,14)(13,1)(4,1)(4,7)(0,7)
Polygon:
(0,0)(34,0)(34,7)(27,7)(27,3)(15,3)(15,9)(0,9)
Polygon:
(0,0)(9,0)(9,4)(7,4)(7,2)(6,2)(6,18)(0,18)
Polygon:
(0,0)(31,0)(31,10)(30,10)(30,9)(15,9)(15,13)(0,13)
Polygon:
(0,0)(19,0)(19,29)(5,29)(5,13)(1,13)(1,17)(0,17)
Polygon:
(0,0)(23,0)(23,35)(9,35)(9,17)(6,17)(6,18)(0,18)
Polygon:
(0,0)(29,0)(29,7)(19,7)(19,2)(8,2)(8,15)(0,15)
Polygon:
(0,0)(39,0)(39,5)(29,5)(29,4)(14,4)(14,9)(0,9)
Polygon:
(0,0)(27,0)(27,20)(20,20)(20,4)(3,4)(3,10)(0,10)
Polygon:
(0,0)(25,0)(25,7)(7,7)(7,3)(2,3)(2,8)(0,8)
Polygon:
(0,0)(32,0)(32,8)(28,8)(28,7)(17,7)(17,17)(0,17)
Polygon:
(0,0)(45,0)(45,21)(35,21)(35,11)(18,11)(18,16)(0,16)
Polygon:
(0,0)(36,0)(36,14)(19,14)(19,13)(14,13)(14,17)(0,17)
Polygon:
(0,0)(29,0)(29,16)(19,16)(19,2)(2,2)(2,13)(0,13)
Polygon:
(0,0)(25,0)(25,17)(11,17)(11,5)(10,5)(10,13)(0,13)
Polygon:
(0,0)(32,0)(32,19)(25,19)(25,1)(16,1)(16,10)(0,10)
Polygon:
(0,0)(41,0)(41,21)(27,21)(27,5)(9,5)(9,17)(0,17)
Polygon:
(0,0)(21,0)(21,14)(18,14)(18,1)(11,1)(11,12)(0,12)
Polygon:
(0,0)(43,0)(43,10)(25,10)(25,7)(9,7)(9,20)(0,20)
Polygon:
(0,0)(24,0)(24,10)(19,10)(19,3)(7,3)(7,10)(0,10)
Polygon:
(0,0)(35,0)(35,15)(21,15)(21,8)(17,8)(17,18)(0,18)
Polygon:
(0,0)(38,0)(38,17)(22,17)(22,10)(8,10)(8,24)(0,24)
Polygon:
(0,0)(21,0)(21,9)(11,9)(11,3)(3,3)(3,11)(0,11)
Polygon:
(0,0)(25,0)(25,20)(16,20)(16,2)(12,2)(12,10)(0,10)
Polygon:
(0,0)(16,0)(16,17)(9,17)(9,5)(8,5)(8,15)(0,15)
Polygon:
(0,0)(27,0)(27,13)(13,13)(13,2)(7,2)(7,6)(0,6)
Polygon:
(0,0)(23,0)(23,16)(13,16)(13,4)(5,4)(5,10)(0,10)
Polygon:
(0,0)(37,0)(37,15)(25,15)(25,13)(8,13)(8,15)(0,15)
Polygon:
(0,0)(21,0)(21,18)(15,18)(15,2)(8,2)(8,18)(0,18)
Polygon:
(0,0)(18,0)(18,18)(9,18)(9,5)(4,5)(4,17)(0,17)
Polygon:
(0,0)(37,0)(37,14)(23,14)(23,1)(15,1)(15,18)(0,18)
Polygon:
(0,0)(29,0)(29,32)(20,32)(20,14)(16,14)(16,17)(0,17)
Polygon:
(0,0)(22,0)(22,12)(20,12)(20,10)(11,10)(11,15)(0,15)
Polygon:
(0,0)(30,0)(30,24)(22,24)(22,9)(6,9)(6,18)(0,18)
Polygon:
(0,0)(40,0)(40,18)(28,18)(28,7)(13,7)(13,22)(0,22)
Polygon:
(0,0)(17,0)(17,17)(16,17)(16,3)(9,3)(9,10)(0,10)
Polygon:
(0,0)(32,0)(32,15)(26,15)(26,1)(10,1)(10,10)(0,10)
Polygon:
(0,0)(18,0)(18,18)(9,18)(9,2)(7,2)(7,12)(0,12)
Polygon:
(0,0)(22,0)(22,21)(4,21)(4,5)(1,5)(1,15)(0,15)
Polygon:
(0,0)(26,0)(26,10)(22,10)(22,2)(15,2)(15,6)(0,6)
Polygon:
(0,0)(32,0)(32,19)(14,19)(14,8)(3,8)(3,18)(0,18)
Polygon:
(0,0)(10,0)(10,23)(8,23)(8,9)(5,9)(5,13)(0,13)
Polygon:
(0,0)(21,0)(21,13)(15,13)(15,5)(7,5)(7,17)(0,17)
Polygon:
(0,0)(24,0)(24,22)(17,22)(17,4)(13,4)(13,10)(0,10)
Polygon:
(0,0)(20,0)(20,23)(18,23)(18,6)(15,6)(15,10)(0,10)
Polygon:
(0,0)(29,0)(29,10)(24,10)(24,4)(7,4)(7,13)(0,13)
Polygon:
(0,0)(48,0)(48,8)(31,8)(31,5)(17,5)(17,12)(0,12)
Polygon:
(0,0)(51,0)(51,22)(34,22)(34,9)(17,9)(17,14)(0,14)
Polygon:
(0,0)(21,0)(21,11)(16,11)(16,3)(3,3)(3,13)(0,13)
Polygon:
(0,0)(22,0)(22,18)(17,18)(17,13)(16,13)(16,16)(0,16)
Polygon:
(0,0)(32,0)(32,8)(21,8)(21,6)(14,6)(14,17)(0,17)
Polygon:
(0,0)(20,0)(20,24)(17,24)(17,8)(5,8)(5,12)(0,12)
Polygon:
(0,0)(41,0)(41,17)(29,17)(29,3)(14,3)(14,18)(0,18)
Polygon:
(0,0)(12,0)(12,18)(3,18)(3,10)(2,10)(2,16)(0,16)
Polygon:
(0,0)(24,0)(24,24)(22,24)(22,12)(18,12)(18,18)(0,18)
Polygon:
(0,0)(37,0)(37,18)(26,18)(26,1)(16,1)(16,8)(0,8)
Polygon:
(0,0)(27,0)(27,23)(19,23)(19,13)(15,13)(15,15)(0,15)
Polygon:
(0,0)(38,0)(38,14)(20,14)(20,8)(18,8)(18,24)(0,24)
Polygon:
(0,0)(47,0)(47,9)(30,9)(30,8)(18,8)(18,13)(0,13)
Polygon:
(0,0)(17,0)(17,16)(7,16)(7,11)(5,11)(5,12)(0,12)
Polygon:
(0,0)(27,0)(27,23)(12,23)(12,11)(1,11)(1,15)(0,15)
Polygon:
(0,0)(20,0)(20,14)(16,14)(16,1)(11,1)(11,2)(0,2)
Polygon:
(0,0)(37,0)(37,18)(21,18)(21,4)(7,4)(7,14)(0,14)
Polygon:
(0,0)(23,0)(23,16)(13,16)(13,8)(3,8)(3,15)(0,15)
Polygon:
(0,0)(30,0)(30,9)(12,9)(12,4)(6,4)(6,11)(0,11)
Polygon:
(0,0)(23,0)(23,17)(20,17)(20,4)(5,4)(5,8)(0,8)
Polygon:
(0,0)(29,0)(29,16)(11,16)(11,1)(9,1)(9,2)(0,2)
Polygon:
(0,0)(42,0)(42,20)(28,20)(28,2)(11,2)(11,3)(0,3)
Polygon:
(0,0)(39,0)(39,10)(26,10)(26,3)(13,3)(13,13)(0,13)
Polygon:
(0,0)(43,0)(43,28)(29,28)(29,12)(12,12)(12,14)(0,14)
Polygon:
(0,0)(25,0)(25,26)(11,26)(11,16)(10,16)(10,31)(0,31)
Polygon:
(0,0)(24,0)(24,19)(8,19)(8,2)(3,2)(3,14)(0,14)
Polygon:
(0,0)(29,0)(29,10)(12,10)(12,1)(7,1)(7,11)(0,11)
Polygon:
(0,0)(29,0)(29,13)(17,13)(17,5)(7,5)(7,12)(0,12)
Polygon:
(0,0)(25,0)(25,5)(11,5)(11,3)(3,3)(3,4)(0,4)
Polygon:
(0,0)(29,0)(29,9)(19,9)(19,2)(15,2)(15,6)(0,6)
Polygon:
(0,0)(16,0)(16,32)(14,32)(14,14)(13,14)(13,17)(0,17)
Polygon:
(0,0)(10,0)(10,15)(9,15)(9,4)(2,4)(2,10)(0,10)
Polygon:
(0,0)(42,0)(42,14)(26,14)(26,1)(10,1)(10,7)(0,7)
Polygon:
(0,0)(30,0)(30,7)(13,7)(13,6)(2,6)(2,18)(0,18)
Polygon:
(0,0)(34,0)(34,10)(23,10)(23,5)(16,5)(16,9)(0,9)
Polygon:
(0,0)(41,0)(41,18)(26,18)(26,2)(15,2)(15,17)(0,17)
Polygon:
(0,0)(25,0)(25,21)(23,21)(23,7)(18,7)(18,9)(0,9)
Polygon:
(0,0)(12,0)(12,15)(7,15)(7,2)(5,2)(5,16)(0,16)
Polygon:
(0,0)(38,0)(38,19)(21,19)(21,3)(16,3)(16,13)(0,13)
Polygon:
(0,0)(30,0)(30,7)(20,7)(20,2)(8,2)(8,18)(0,18)
Polygon:
(0,0)(36,0)(36,25)(28,25)(28,12)(15,12)(15,14)(0,14)
Polygon:
(0,0)(32,0)(32,18)(25,18)(25,11)(17,11)(17,14)(0,14)
Polygon:
(0,0)(39,0)(39,23)(27,23)(27,6)(17,6)(17,18)(0,18)
Polygon:
(0,0)(41,0)(41,10)(30,10)(30,5)(12,5)(12,18)(0,18)
Polygon:
(0,0)(52,0)(52,20)(35,20)(35,9)(17,9)(17,10)(0,10)
Polygon:
(0,0)(21,0)(21,22)(11,22)(11,4)(3,4)(3,16)(0,16)
Polygon:
(0,0)(21,0)(21,17)(17,17)(17,9)(6,9)(6,16)(0,16)
Polygon:
(0,0)(36,0)(36,15)(23,15)(23,7)(10,7)(10,18)(0,18)
Polygon:
(0,0)(17,0)(17,23)(14,23)(14,6)(7,6)(7,12)(0,12)
Polygon:
(0,0)(38,0)(38,25)(28,25)(28,12)(15,12)(15,14)(0,14)
Polygon:
(0,0)(7,0)(7,28)(6,28)(6,11)(3,11)(3,12)(0,12)
Polygon:
(0,0)(28,0)(28,24)(11,24)(11,16)(9,16)(9,18)(0,18)
Polygon:
(0,0)(38,0)(38,8)(23,8)(23,4)(16,4)(16,14)(0,14)
Polygon:
(0,0)(28,0)(28,30)(25,30)(25,14)(13,14)(13,18)(0,18)
Polygon:
(0,0)(30,0)(30,16)(19,16)(19,1)(5,1)(5,2)(0,2)
Polygon:
(0,0)(37,0)(37,23)(24,23)(24,6)(17,6)(17,9)(0,9)
Polygon:
(0,0)(27,0)(27,16)(24,16)(24,12)(7,12)(7,15)(0,15)
Polygon:
(0,0)(40,0)(40,18)(33,18)(33,1)(17,1)(17,7)(0,7)
Polygon:
(0,0)(22,0)(22,15)(15,15)(15,5)(9,5)(9,7)(0,7)
Polygon:
(0,0)(19,0)(19,4)(16,4)(16,3)(13,3)(13,12)(0,12)
Polygon:
(0,0)(40,0)(40,29)(25,29)(25,18)(18,18)(18,35)(0,35)
Polygon:
(0,0)(31,0)(31,18)(22,18)(22,1)(13,1)(13,4)(0,4)
Polygon:
(0,0)(28,0)(28,7)(12,7)(12,4)(7,4)(7,7)(0,7)
Polygon:
(0,0)(35,0)(35,18)(19,18)(19,1)(9,1)(9,8)(0,8)
Polygon:
(0,0)(29,0)(29,21)(26,21)(26,11)(13,11)(13,16)(0,16)
Polygon:
(0,0)(32,0)(32,22)(19,22)(19,9)(3,9)(3,13)(0,13)
Polygon:
(0,0)(29,0)(29,24)(26,24)(26,9)(18,9)(18,15)(0,15)
Polygon:
(0,0)(27,0)(27,15)(17,15)(17,2)(8,2)(8,15)(0,15)
Polygon:
(0,0)(19,0)(19,7)(10,7)(10,4)(6,4)(6,17)(0,17)
Polygon:
(0,0)(37,0)(37,15)(19,15)(19,3)(10,3)(10,5)(0,5)
Polygon:
(0,0)(20,0)(20,7)(17,7)(17,6)(9,6)(9,22)(0,22)
Polygon:
(0,0)(33,0)(33,14)(19,14)(19,7)(13,7)(13,14)(0,14)
Polygon:
(0,0)(23,0)(23,21)(11,21)(11,6)(3,6)(3,18)(0,18)
Polygon:
(0,0)(34,0)(34,18)(27,18)(27,8)(17,8)(17,17)(0,17)
Polygon:
(0,0)(18,0)(18,11)(13,11)(13,4)(1,4)(1,13)(0,13)
Polygon:
(0,0)(29,0)(29,15)(17,15)(17,1)(8,1)(8,18)(0,18)
Polygon:
(0,0)(36,0)(36,20)(29,20)(29,4)(16,4)(16,7)(0,7)
Polygon:
(0,0)(34,0)(34,19)(21,19)(21,3)(9,3)(9,12)(0,12)
Polygon:
(0,0)(19,0)(19,13)(15,13)(15,8)(7,8)(7,11)(0,11)
Polygon:
(0,0)(44,0)(44,22)(27,22)(27,12)(18,12)(18,15)(0,15)
Polygon:
(0,0)(32,0)(32,21)(27,21)(27,4)(11,4)(11,11)(0,11)
Polygon:
(0,0)(28,0)(28,22)(19,22)(19,6)(11,6)(11,18)(0,18)
Polygon:
(0,0)(36,0)(36,17)(28,17)(28,9)(10,9)(10,16)(0,16)
Polygon:
(0,0)(40,0)(40,27)(22,27)(22,14)(15,14)(15,28)(0,28)
Polygon:
(0,0)(38,0)(38,9)(26,9)(26,1)(15,1)(15,7)(0,7)
Polygon:
(0,0)(39,0)(39,9)(26,9)(26,7)(14,7)(14,11)(0,11)
Polygon:
(0,0)(37,0)(37,11)(22,11)(22,1)(9,1)(9,6)(0,6)
Polygon:
(0,0)(34,0)(34,17)(18,17)(18,1)(9,1)(9,8)(0,8)
Polygon:
(0,0)(27,0)(27,12)(10,12)(10,2)(8,2)(8,16)(0,16)
Polygon:
(0,0)(24,0)(24,2)(17,2)(17,1)(5,1)(5,11)(0,11)
Polygon:
(0,0)(21,0)(21,8)(16,8)(16,3)(10,3)(10,9)(0,9)
Polygon:
(0,0)(42,0)(42,5)(26,5)(26,1)(18,1)(18,18)(0,18)
Polygon:
(0,0)(34,0)(34,10)(17,10)(17,3)(16,3)(16,17)(0,17)
Polygon:
(0,0)(16,0)(16,10)(13,10)(13,5)(10,5)(10,8)(0,8)
Polygon:
(0,0)(34,0)(34,23)(32,23)(32,8)(17,8)(17,13)(0,13)
Polygon:
(0,0)(30,0)(30,24)(16,24)(16,10)(7,10)(7,15)(0,15)
Polygon:
(0,0)(34,0)(34,27)(25,27)(25,11)(9,11)(9,17)(0,17)
Polygon:
(0,0)(45,0)(45,6)(28,6)(28,5)(17,5)(17,12)(0,12)
Polygon:
(0,0)(14,0)(14,19)(12,19)(12,11)(6,11)(6,12)(0,12)
Polygon:
(0,0)(39,0)(39,12)(21,12)(21,4)(4,4)(4,13)(0,13)
Polygon:
(0,0)(38,0)(38,19)(20,19)(20,14)(8,14)(8,15)(0,15)
Polygon:
(0,0)(18,0)(18,26)(11,26)(11,9)(9,9)(9,13)(0,13)
Polygon:
(0,0)(27,0)(27,18)(19,18)(19,3)(17,3)(17,14)(0,14)
Polygon:
(0,0)(36,0)(36,16)(20,16)(20,5)(15,5)(15,14)(0,14)
Polygon:
(0,0)(25,0)(25,12)(22,12)(22,2)(12,2)(12,16)(0,16)
Polygon:
(0,0)(20,0)(20,13)(14,13)(14,5)(2,5)(2,16)(0,16)
Polygon:
(0,0)(26,0)(26,22)(15,22)(15,16)(3,16)(3,27)(0,27)
Polygon:
(0,0)(36,0)(36,21)(29,21)(29,5)(15,5)(15,10)(0,10)
Polygon:
(0,0)(34,0)(34,6)(32,6)(32,3)(16,3)(16,4)(0,4)
Polygon:
(0,0)(33,0)(33,12)(25,12)(25,8)(8,8)(8,18)(0,18)
Polygon:
(0,0)(29,0)(29,16)(22,16)(22,9)(5,9)(5,17)(0,17)
Polygon:
(0,0)(36,0)(36,30)(21,30)(21,13)(15,13)(15,16)(0,16)
Polygon:
(0,0)(28,0)(28,7)(26,7)(26,3)(18,3)(18,6)(0,6)
Polygon:
(0,0)(40,0)(40,7)(25,7)(25,4)(11,4)(11,17)(0,17)
Polygon:
(0,0)(32,0)(32,11)(25,11)(25,10)(8,10)(8,15)(0,15)
Polygon:
(0,0)(19,0)(19,19)(18,19)(18,17)(14,17)(14,18)(0,18)
Polygon:
(0,0)(20,0)(20,14)(11,14)(11,4)(7,4)(7,6)(0,6)
Polygon:
(0,0)(17,0)(17,23)(16,23)(16,13)(11,13)(11,18)(0,18)
Polygon:
(0,0)(23,0)(23,11)(21,11)(21,10)(8,10)(8,12)(0,12)
Polygon:
(0,0)(37,0)(37,17)(20,17)(20,1)(15,1)(15,15)(0,15)
Polygon:
(0,0)(30,0)(30,33)(16,33)(16,15)(7,15)(7,16)(0,16)
Polygon:
(0,0)(41,0)(41,17)(26,17)(26,2)(15,2)(15,7)(0,7)
Polygon:
(0,0)(17,0)(17,18)(10,18)(10,10)(4,10)(4,16)(0,16)
Polygon:
(0,0)(36,0)(36,23)(22,23)(22,10)(11,10)(11,15)(0,15)
Polygon:
(0,0)(32,0)(32,11)(20,11)(20,1)(10,1)(10,8)(0,8)
Polygon:
(0,0)(48,0)(48,21)(31,21)(31,3)(16,3)(16,9)(0,9)
Polygon:
(0,0)(33,0)(33,7)(18,7)(18,1)(11,1)(11,14)(0,14)
Polygon:
(0,0)(11,0)(11,3)(5,3)(5,2)(1,2)(1,16)(0,16)
Polygon:
(0,0)(21,0)(21,23)(13,23)(13,5)(3,5)(3,6)(0,6)
Polygon:
(0,0)(31,0)(31,17)(21,17)(21,1)(9,1)(9,9)(0,9)
Polygon:
(0,0)(30,0)(30,23)(16,23)(16,7)(14,7)(14,12)(0,12)
Polygon:
(0,0)(42,0)(42,17)(31,17)(31,2)(14,2)(14,11)(0,11)
Polygon:
(0,0)(29,0)(29,23)(28,23)(28,6)(11,6)(11,8)(0,8)
Polygon:
(0,0)(9,0)(9,22)(4,22)(4,9)(2,9)(2,12)(0,12)
Polygon:
(0,0)(30,0)(30,19)(24,19)(24,16)(18,16)(18,28)(0,28)
Polygon:
(0,0)(30,0)(30,14)(21,14)(21,3)(5,3)(5,9)(0,9)
Polygon:
(0,0)(32,0)(32,23)(19,23)(19,7)(15,7)(15,16)(0,16)
Polygon:
(0,0)(23,0)(23,26)(20,26)(20,11)(17,11)(17,14)(0,14)
Polygon:
(0,0)(46,0)(46,25)(32,25)(32,8)(15,8)(15,9)(0,9)
Polygon:
(0,0)(29,0)(29,15)(16,15)(16,6)(15,6)(15,12)(0,12)
Polygon:
(0,0)(36,0)(36,14)(26,14)(26,9)(10,9)(10,11)(0,11)
Polygon:
(0,0)(45,0)(45,15)(29,15)(29,3)(17,3)(17,12)(0,12)
Polygon:
(0,0)(47,0)(47,18)(35,18)(35,13)(18,13)(18,15)(0,15)
Polygon:
(0,0)(31,0)(31,30)(18,30)(18,13)(2,13)(2,18)(0,18)
Polygon:
(0,0)(50,0)(50,6)(32,6)(32,4)(15,4)(15,18)(0,18)
Polygon:
(0,0)(23,0)(23,10)(22,10)(22,1)(18,1)(18,5)(0,5)
Polygon:
(0,0)(33,0)(33,23)(16,23)(16,7)(6,7)(6,10)(0,10)
Polygon:
(0,0)(44,0)(44,19)(26,19)(26,3)(15,3)(15,10)(0,10)
Polygon:
(0,0)(23,0)(23,7)(7,7)(7,5)(5,5)(5,13)(0,13)
Polygon:
(0,0)(27,0)(27,14)(18,14)(18,2)(9,2)(9,11)(0,11)
Polygon:
(0,0)(32,0)(32,9)(31,9)(31,2)(13,2)(13,8)(0,8)
Polygon:
(0,0)(32,0)(32,29)(16,29)(16,13)(9,13)(9,14)(0,14)
Polygon:
(0,0)(21,0)(21,27)(14,27)(14,17)(9,17)(9,18)(0,18)
Polygon:
(0,0)(12,0)(12,14)(4,14)(4,3)(1,3)(1,11)(0,11)
Polygon:
(0,0)(35,0)(35,32)(26,32)(26,18)(10,18)(10,19)(0,19)
Polygon:
(0,0)(25,0)(25,22)(14,22)(14,5)(3,5)(3,9)(0,9)
Polygon:
(0,0)(45,0)(45,11)(27,11)(27,8)(11,8)(11,15)(0,15)
Polygon:
(0,0)(18,0)(18,20)(11,20)(11,4)(2,4)(2,7)(0,7)
Polygon:
(0,0)(42,0)(42,23)(25,23)(25,14)(11,14)(11,18)(0,18)
Polygon:
(0,0)(29,0)(29,12)(17,12)(17,7)(8,7)(8,12)(0,12)
Polygon:
(0,0)(20,0)(20,22)(6,22)(6,8)(4,8)(4,11)(0,11)
Polygon:
(0,0)(20,0)(20,4)(12,4)(12,2)(4,2)(4,16)(0,16)
Polygon:
(0,0)(24,0)(24,7)(20,7)(20,4)(12,4)(12,5)(0,5)
Polygon:
(0,0)(25,0)(25,25)(21,25)(21,10)(10,10)(10,13)(0,13)
Polygon:
(0,0)(33,0)(33,13)(23,13)(23,8)(17,8)(17,17)(0,17)
Polygon:
(0,0)(17,0)(17,30)(15,30)(15,13)(12,13)(12,17)(0,17)
Polygon:
(0,0)(44,0)(44,18)(31,18)(31,9)(16,9)(16,15)(0,15)
Polygon:
(0,0)(26,0)(26,14)(18,14)(18,8)(14,8)(14,16)(0,16)
Polygon:
(0,0)(35,0)(35,21)(26,21)(26,4)(13,4)(13,11)(0,11)
Polygon:
(0,0)(15,0)(15,19)(12,19)(12,6)(3,6)(3,10)(0,10)
Polygon:
(0,0)(22,0)(22,9)(17,9)(17,1)(14,1)(14,17)(0,17)
Polygon:
(0,0)(19,0)(19,15)(13,15)(13,4)(11,4)(11,16)(0,16)
Polygon:
(0,0)(26,0)(26,19)(18,19)(18,3)(12,3)(12,8)(0,8)
Polygon:
(0,0)(12,0)(12,27)(9,27)(9,15)(4,15)(4,16)(0,16)
Polygon:
(0,0)(26,0)(26,17)(17,17)(17,3)(12,3)(12,7)(0,7)
Polygon:
(0,0)(15,0)(15,21)(12,21)(12,5)(1,5)(1,7)(0,7)
Polygon:
(0,0)(31,0)(31,14)(22,14)(22,4)(16,4)(16,17)(0,17)
Polygon:
(0,0)(25,0)(25,10)(12,10)(12,4)(5,4)(5,5)(0,5)
Polygon:
(0,0)(28,0)(28,12)(17,12)(17,5)(3,5)(3,9)(0,9)
Polygon:
(0,0)(29,0)(29,20)(18,20)(18,6)(3,6)(3,8)(0,8)
Polygon:
(0,0)(29,0)(29,23)(25,23)(25,11)(17,11)(17,13)(0,13)
Polygon:
(0,0)(33,0)(33,8)(21,8)(21,3)(15,3)(15,16)(0,16)
Polygon:
(0,0)(33,0)(33,3)(24,3)(24,2)(8,2)(8,11)(0,11)
Polygon:
(0,0)(30,0)(30,29)(25,29)(25,14)(17,14)(17,16)(0,16)
Polygon:
(0,0)(34,0)(34,15)(26,15)(26,1)(12,1)(12,14)(0,14)
Polygon:
(0,0)(42,0)(42,20)(25,20)(25,12)(9,12)(9,13)(0,13)
Polygon:
(0,0)(37,0)(37,23)(25,23)(25,11)(9,11)(9,18)(0,18)
Polygon:
(0,0)(19,0)(19,18)(14,18)(14,4)(6,4)(6,9)(0,9)
Polygon:
(0,0)(29,0)(29,16)(24,16)(24,11)(6,11)(6,12)(0,12)
Polygon:
(0,0)(12,0)(12,28)(3,28)(3,15)(1,15)(1,16)(0,16)
Polygon:
(0,0)(28,0)(28,17)(16,17)(16,4)(8,4)(8,5)(0,5)
Polygon:
(0,0)(37,0)(37,6)(28,6)(28,2)(18,2)(18,18)(0,18)
Polygon:
(0,0)(13,0)(13,28)(7,28)(7,13)(1,13)(1,18)(0,18)
Polygon:
(0,0)(36,0)(36,10)(21,10)(21,7)(18,7)(18,12)(0,12)
Polygon:
(0,0)(29,0)(29,15)(22,15)(22,1)(12,1)(12,7)(0,7)
Polygon:
(0,0)(15,0)(15,22)(13,22)(13,14)(2,14)(2,15)(0,15)
Polygon:
(0,0)(21,0)(21,32)(19,32)(19,14)(5,14)(5,16)(0,16)
Polygon:
(0,0)(34,0)(34,12)(24,12)(24,2)(6,2)(6,4)(0,4)
Polygon:
(0,0)(26,0)(26,25)(24,25)(24,8)(6,8)(6,25)(0,25)
Polygon:
(0,0)(32,0)(32,8)(21,8)(21,1)(13,1)(13,17)(0,17)
Polygon:
(0,0)(32,0)(32,21)(20,21)(20,4)(5,4)(5,8)(0,8)
Polygon:
(0,0)(17,0)(17,10)(12,10)(12,1)(11,1)(11,16)(0,16)
Polygon:
(0,0)(24,0)(24,10)(14,10)(14,6)(1,6)(1,18)(0,18)
Polygon:
(0,0)(21,0)(21,9)(12,9)(12,8)(2,8)(2,12)(0,12)
Polygon:
(0,0)(31,0)(31,8)(17,8)(17,6)(3,6)(3,11)(0,11)
Polygon:
(0,0)(28,0)(28,12)(26,12)(26,6)(18,6)(18,9)(0,9)
Polygon:
(0,0)(41,0)(41,24)(32,24)(32,6)(14,6)(14,16)(0,16)
Polygon:
(0,0)(13,0)(13,14)(7,14)(7,7)(4,7)(4,18)(0,18)
Polygon:
(0,0)(21,0)(21,13)(12,13)(12,1)(1,1)(1,2)(0,2)
Polygon:
(0,0)(40,0)(40,23)(22,23)(22,9)(9,9)(9,10)(0,10)
Polygon:
(0,0)(19,0)(19,8)(16,8)(16,4)(11,4)(11,17)(0,17)
Polygon:
(0,0)(18,0)(18,23)(12,23)(12,12)(9,12)(9,13)(0,13)
Polygon:
(0,0)(36,0)(36,17)(34,17)(34,3)(17,3)(17,15)(0,15)
Polygon:
(0,0)(32,0)(32,12)(24,12)(24,4)(10,4)(10,10)(0,10)
Polygon:
(0,0)(22,0)(22,17)(21,17)(21,2)(13,2)(13,8)(0,8)
Polygon:
(0,0)(29,0)(29,3)(17,3)(17,1)(7,1)(7,3)(0,3)
Polygon:
(0,0)(23,0)(23,20)(7,20)(7,10)(2,10)(2,16)(0,16)
Polygon:
(0,0)(43,0)(43,5)(27,5)(27,4)(16,4)(16,12)(0,12)
Polygon:
(0,0)(30,0)(30,23)(25,23)(25,11)(12,11)(12,12)(0,12)
Polygon:
(0,0)(21,0)(21,18)(16,18)(16,1)(13,1)(13,6)(0,6)
Polygon:
(0,0)(37,0)(37,18)(20,18)(20,5)(9,5)(9,6)(0,6)
Polygon:
(0,0)(20,0)(20,19)(19,19)(19,12)(15,12)(15,13)(0,13)
Polygon:
(0,0)(22,0)(22,16)(5,16)(5,10)(2,10)(2,14)(0,14)
Polygon:
(0,0)(19,0)(19,11)(18,11)(18,7)(13,7)(13,8)(0,8)
Polygon:
(0,0)(34,0)(34,11)(27,11)(27,2)(14,2)(14,17)(0,17)
Polygon:
(0,0)(27,0)(27,18)(24,18)(24,5)(8,5)(8,18)(0,18)
Polygon:
(0,0)(52,0)(52,19)(34,19)(34,8)(17,8)(17,16)(0,16)
Polygon:
(0,0)(10,0)(10,15)(4,15)(4,11)(1,11)(1,16)(0,16)
Polygon:
(0,0)(47,0)(47,12)(34,12)(34,7)(18,7)(18,15)(0,15)
Polygon:
(0,0)(27,0)(27,22)(26,22)(26,12)(13,12)(13,13)(0,13)
Polygon:
(0,0)(29,0)(29,3)(23,3)(23,2)(16,2)(16,11)(0,11)
Polygon:
(0,0)(29,0)(29,18)(20,18)(20,7)(11,7)(11,8)(0,8)
Polygon:
(0,0)(32,0)(32,10)(16,10)(16,6)(5,6)(5,8)(0,8)
Polygon:
(0,0)(24,0)(24,20)(21,20)(21,9)(6,9)(6,13)(0,13)
Polygon:
(0,0)(24,0)(24,20)(9,20)(9,2)(1,2)(1,15)(0,15)
Polygon:
(0,0)(21,0)(21,21)(7,21)(7,10)(2,10)(2,13)(0,13)
Polygon:
(0,0)(36,0)(36,22)(20,22)(20,9)(16,9)(16,11)(0,11)
Polygon:
(0,0)(18,0)(18,15)(16,15)(16,3)(8,3)(8,10)(0,10)
Polygon:
(0,0)(27,0)(27,8)(21,8)(21,3)(7,3)(7,10)(0,10)
Polygon:
(0,0)(21,0)(21,20)(19,20)(19,5)(3,5)(3,11)(0,11)
Polygon:
(0,0)(27,0)(27,24)(19,24)(19,7)(9,7)(9,8)(0,8)
Polygon:
(0,0)(45,0)(45,26)(29,26)(29,13)(14,13)(14,14)(0,14)
Polygon:
(0,0)(30,0)(30,33)(17,33)(17,15)(7,15)(7,18)(0,18)
Polygon:
(0,0)(18,0)(18,4)(10,4)(10,3)(1,3)(1,15)(0,15)
Polygon:
(0,0)(32,0)(32,14)(22,14)(22,2)(18,2)(18,16)(0,16)
Polygon:
(0,0)(35,0)(35,7)(23,7)(23,2)(11,2)(11,17)(0,17)
Polygon:
(0,0)(21,0)(21,25)(9,25)(9,8)(4,8)(4,16)(0,16)
Polygon:
(0,0)(35,0)(35,17)(20,17)(20,9)(15,9)(15,18)(0,18)
Polygon:
(0,0)(13,0)(13,23)(8,23)(8,13)(3,13)(3,16)(0,16)
Polygon:
(0,0)(35,0)(35,31)(19,31)(19,17)(4,17)(4,18)(0,18)
Polygon:
(0,0)(30,0)(30,3)(19,3)(19,1)(16,1)(16,17)(0,17)
Polygon:
(0,0)(18,0)(18,14)(16,14)(16,7)(13,7)(13,18)(0,18)
Polygon:
(0,0)(16,0)(16,17)(7,17)(7,13)(3,13)(3,15)(0,15)
Polygon:
(0,0)(37,0)(37,14)(27,14)(27,1)(12,1)(12,14)(0,14)
Polygon:
(0,0)(41,0)(41,18)(30,18)(30,8)(17,8)(17,14)(0,14)
Polygon:
(0,0)(27,0)(27,28)(20,28)(20,17)(7,17)(7,18)(0,18)
Polygon:
(0,0)(30,0)(30,10)(15,10)(15,4)(2,4)(2,15)(0,15)
Polygon:
(0,0)(34,0)(34,27)(18,27)(18,12)(6,12)(6,16)(0,16)
Polygon:
(0,0)(35,0)(35,17)(21,17)(21,11)(3,11)(3,14)(0,14)
Polygon:
(0,0)(10,0)(10,29)(8,29)(8,14)(7,14)(7,16)(0,16)
Polygon:
(0,0)(19,0)(19,5)(12,5)(12,2)(1,2)(1,4)(0,4)
Polygon:
(0,0)(25,0)(25,3)(12,3)(12,2)(10,2)(10,16)(0,16)
Polygon:
(0,0)(32,0)(32,22)(27,22)(27,4)(17,4)(17,15)(0,15)
Polygon:
(0,0)(22,0)(22,15)(19,15)(19,1)(10,1)(10,11)(0,11)
Polygon:
(0,0)(25,0)(25,17)(11,17)(11,1)(10,1)(10,11)(0,11)
Polygon:
(0,0)(23,0)(23,6)(12,6)(12,3)(7,3)(7,15)(0,15)
Polygon:
(0,0)(38,0)(38,4)(21,4)(21,3)(8,3)(8,8)(0,8)
Polygon:
(0,0)(43,0)(43,10)(28,10)(28,8)(11,8)(11,11)(0,11)
Polygon:
(0,0)(40,0)(40,23)(27,23)(27,5)(15,5)(15,6)(0,6)
Polygon:
(0,0)(14,0)(14,15)(12,15)(12,5)(10,5)(10,17)(0,17)
Polygon:
(0,0)(34,0)(34,6)(23,6)(23,2)(15,2)(15,6)(0,6)
Polygon:
(0,0)(40,0)(40,10)(30,10)(30,7)(15,7)(15,13)(0,13)
Polygon:
(0,0)(31,0)(31,23)(30,23)(30,8)(13,8)(13,9)(0,9)
Polygon:
(0,0)(17,0)(17,13)(13,13)(13,9)(6,9)(6,16)(0,16)
Polygon:
(0,0)(38,0)(38,16)(25,16)(25,8)(8,8)(8,13)(0,13)
Polygon:
(0,0)(44,0)(44,12)(33,12)(33,10)(16,10)(16,17)(0,17)
Polygon:
(0,0)(38,0)(38,14)(20,14)(20,6)(13,6)(13,18)(0,18)
Polygon:
(0,0)(30,0)(30,13)(19,13)(19,6)(10,6)(10,11)(0,11)
Polygon:
(0,0)(37,0)(37,13)(27,13)(27,1)(15,1)(15,17)(0,17)
Polygon:
(0,0)(11,0)(11,9)(10,9)(10,3)(9,3)(9,5)(0,5)
Polygon:
(0,0)(16,0)(16,9)(14,9)(14,8)(10,8)(10,14)(0,14)
Polygon:
(0,0)(27,0)(27,18)(26,18)(26,7)(10,7)(10,18)(0,18)
Polygon:
(0,0)(19,0)(19,8)(17,8)(17,1)(11,1)(11,15)(0,15)
Polygon:
(0,0)(34,0)(34,15)(21,15)(21,13)(10,13)(10,18)(0,18)
Polygon:
(0,0)(15,0)(15,6)(11,6)(11,1)(3,1)(3,13)(0,13)
Polygon:
(0,0)(31,0)(31,23)(17,23)(17,7)(1,7)(1,16)(0,16)
Polygon:
(0,0)(10,0)(10,13)(8,13)(8,2)(4,2)(4,15)(0,15)
Polygon:
(0,0)(21,0)(21,18)(19,18)(19,5)(11,5)(11,18)(0,18)
Polygon:
(0,0)(21,0)(21,11)(3,11)(3,7)(2,7)(2,10)(0,10)
Polygon:
(0,0)(44,0)(44,12)(26,12)(26,11)(17,11)(17,16)(0,16)
Polygon:
(0,0)(12,0)(12,16)(7,16)(7,4)(4,4)(4,9)(0,9)
Polygon:
(0,0)(39,0)(39,15)(23,15)(23,9)(16,9)(16,16)(0,16)
Polygon:
(0,0)(25,0)(25,8)(10,8)(10,5)(2,5)(2,7)(0,7)
Polygon:
(0,0)(26,0)(26,11)(12,11)(12,5)(7,5)(7,12)(0,12)
Polygon:
(0,0)(35,0)(35,4)(17,4)(17,2)(5,2)(5,15)(0,15)
Polygon:
(0,0)(46,0)(46,18)(33,18)(33,6)(15,6)(15,17)(0,17)
Polygon:
(0,0)(44,0)(44,21)(31,21)(31,10)(15,10)(15,16)(0,16)
Polygon:
(0,0)(30,0)(30,19)(26,19)(26,5)(17,5)(17,9)(0,9)
Polygon:
(0,0)(32,0)(32,5)(23,5)(23,3)(7,3)(7,10)(0,10)
Polygon:
(0,0)(24,0)(24,13)(17,13)(17,10)(11,10)(11,18)(0,18)
Polygon:
(0,0)(31,0)(31,9)(21,9)(21,5)(6,5)(6,6)(0,6)
Polygon:
(0,0)(37,0)(37,18)(26,18)(26,11)(9,11)(9,13)(0,13)
Polygon:
(0,0)(31,0)(31,6)(19,6)(19,2)(6,2)(6,18)(0,18)
Polygon:
(0,0)(25,0)(25,17)(17,17)(17,1)(6,1)(6,10)(0,10)
Polygon:
(0,0)(18,0)(18,27)(14,27)(14,9)(1,9)(1,21)(0,21)
Polygon:
(0,0)(35,0)(35,19)(25,19)(25,2)(18,2)(18,6)(0,6)
Polygon:
(0,0)(45,0)(45,18)(27,18)(27,8)(17,8)(17,12)(0,12)
Polygon:
(0,0)(32,0)(32,8)(20,8)(20,1)(13,1)(13,3)(0,3)
Polygon:
(0,0)(27,0)(27,13)(22,13)(22,4)(4,4)(4,7)(0,7)
Polygon:
(0,0)(39,0)(39,13)(34,13)(34,5)(16,5)(16,8)(0,8)
Polygon:
(0,0)(22,0)(22,24)(8,24)(8,9)(6,9)(6,17)(0,17)
Polygon:
(0,0)(19,0)(19,25)(7,25)(7,9)(5,9)(5,14)(0,14)
Polygon:
(0,0)(27,0)(27,18)(21,18)(21,3)(7,3)(7,13)(0,13)
Polygon:
(0,0)(29,0)(29,15)(21,15)(21,3)(5,3)(5,4)(0,4)
Polygon:
(0,0)(31,0)(31,9)(25,9)(25,7)(11,7)(11,16)(0,16)
Polygon:
(0,0)(46,0)(46,26)(33,26)(33,12)(15,12)(15,15)(0,15)
Polygon:
(0,0)(37,0)(37,30)(33,30)(33,14)(18,14)(18,16)(0,16)
Polygon:
(0,0)(32,0)(32,12)(30,12)(30,7)(14,7)(14,9)(0,9)
Polygon:
(0,0)(10,0)(10,23)(6,23)(6,17)(2,17)(2,18)(0,18)
Polygon:
(0,0)(41,0)(41,19)(23,19)(23,1)(15,1)(15,6)(0,6)
Polygon:
(0,0)(50,0)(50,18)(33,18)(33,8)(17,8)(17,13)(0,13)
Polygon:
(0,0)(45,0)(45,21)(28,21)(28,5)(18,5)(18,12)(0,12)
Polygon:
(0,0)(27,0)(27,17)(25,17)(25,1)(10,1)(10,3)(0,3)
Polygon:
(0,0)(44,0)(44,20)(33,20)(33,7)(17,7)(17,12)(0,12)
Polygon:
(0,0)(36,0)(36,17)(22,17)(22,4)(12,4)(12,9)(0,9)
Polygon:
(0,0)(36,0)(36,27)(20,27)(20,9)(12,9)(12,16)(0,16)
Polygon:
(0,0)(31,0)(31,18)(18,18)(18,11)(12,11)(12,14)(0,14)
Polygon:
(0,0)(34,0)(34,16)(16,16)(16,7)(5,7)(5,14)(0,14)
Polygon:
(0,0)(36,0)(36,8)(20,8)(20,1)(16,1)(16,12)(0,12)
Polygon:
(0,0)(23,0)(23,12)(11,12)(11,3)(2,3)(2,5)(0,5)
Polygon:
(0,0)(29,0)(29,18)(18,18)(18,1)(7,1)(7,18)(0,18)
Polygon:
(0,0)(27,0)(27,13)(18,13)(18,5)(15,5)(15,10)(0,10)
Polygon:
(0,0)(30,0)(30,11)(18,11)(18,5)(5,5)(5,16)(0,16)
Polygon:
(0,0)(36,0)(36,35)(21,35)(21,17)(6,17)(6,18)(0,18)
Polygon:
(0,0)(30,0)(30,24)(25,24)(25,10)(9,10)(9,17)(0,17)
Polygon:
(0,0)(27,0)(27,10)(11,10)(11,4)(9,4)(9,9)(0,9)
Polygon:
(0,0)(32,0)(32,10)(14,10)(14,7)(9,7)(9,18)(0,18)
Polygon:
(0,0)(37,0)(37,11)(19,11)(19,7)(3,7)(3,9)(0,9)
Polygon:
(0,0)(30,0)(30,14)(18,14)(18,5)(4,5)(4,16)(0,16)
Polygon:
(0,0)(42,0)(42,5)(25,5)(25,4)(7,4)(7,9)(0,9)
Polygon:
(0,0)(21,0)(21,21)(14,21)(14,14)(12,14)(12,17)(0,17)
Polygon:
(0,0)(25,0)(25,21)(21,21)(21,6)(18,6)(18,18)(0,18)
Polygon:
(0,0)(28,0)(28,21)(23,21)(23,13)(11,13)(11,16)(0,16)
Polygon:
(0,0)(21,0)(21,10)(13,10)(13,1)(12,1)(12,5)(0,5)
Polygon:
(0,0)(26,0)(26,21)(9,21)(9,12)(5,12)(5,14)(0,14)
Polygon:
(0,0)(22,0)(22,17)(8,17)(8,2)(5,2)(5,4)(0,4)
Polygon:
(0,0)(32,0)(32,3)(14,3)(14,1)(11,1)(11,18)(0,18)
Polygon:
(0,0)(21,0)(21,9)(15,9)(15,2)(9,2)(9,5)(0,5)
Polygon:
(0,0)(19,0)(19,11)(18,11)(18,7)(8,7)(8,13)(0,13)
Polygon:
(0,0)(36,0)(36,22)(19,22)(19,4)(3,4)(3,10)(0,10)
Polygon:
(0,0)(42,0)(42,22)(28,22)(28,16)(17,16)(17,17)(0,17)
Polygon:
(0,0)(29,0)(29,13)(22,13)(22,1)(12,1)(12,12)(0,12)
Polygon:
(0,0)(33,0)(33,33)(25,33)(25,16)(7,16)(7,32)(0,32)
Polygon:
(0,0)(29,0)(29,22)(23,22)(23,16)(7,16)(7,17)(0,17)
Polygon:
(0,0)(32,0)(32,7)(18,7)(18,5)(5,5)(5,9)(0,9)
Polygon:
(0,0)(32,0)(32,20)(17,20)(17,7)(14,7)(14,10)(0,10)
Polygon:
(0,0)(42,0)(42,11)(25,11)(25,8)(11,8)(11,18)(0,18)
Polygon:
(0,0)(19,0)(19,22)(13,22)(13,8)(1,8)(1,10)(0,10)
Polygon:
(0,0)(31,0)(31,21)(23,21)(23,4)(15,4)(15,11)(0,11)
Polygon:
(0,0)(21,0)(21,22)(5,22)(5,14)(3,14)(3,16)(0,16)
Polygon:
(0,0)(23,0)(23,12)(13,12)(13,2)(1,2)(1,3)(0,3)
Polygon:
(0,0)(37,0)(37,4)(23,4)(23,2)(10,2)(10,4)(0,4)
Polygon:
(0,0)(23,0)(23,23)(7,23)(7,13)(4,13)(4,16)(0,16)
Polygon:
(0,0)(38,0)(38,7)(22,7)(22,4)(17,4)(17,16)(0,16)
Polygon:
(0,0)(34,0)(34,18)(26,18)(26,9)(15,9)(15,15)(0,15)
Polygon:
(0,0)(30,0)(30,7)(22,7)(22,6)(18,6)(18,13)(0,13)
Polygon:
(0,0)(24,0)(24,9)(12,9)(12,1)(2,1)(2,6)(0,6)
Polygon:
(0,0)(33,0)(33,22)(31,22)(31,13)(13,13)(13,14)(0,14)
Polygon:
(0,0)(33,0)(33,17)(21,17)(21,11)(15,11)(15,12)(0,12)
Polygon:
(0,0)(40,0)(40,11)(24,11)(24,1)(7,1)(7,6)(0,6)
Polygon:
(0,0)(18,0)(18,17)(15,17)(15,15)(5,15)(5,17)(0,17)
Polygon:
(0,0)(41,0)(41,25)(24,25)(24,7)(8,7)(8,8)(0,8)
Polygon:
(0,0)(19,0)(19,21)(12,21)(12,13)(9,13)(9,18)(0,18)
Polygon:
(0,0)(33,0)(33,19)(15,19)(15,6)(10,6)(10,15)(0,15)
Polygon:
(0,0)(47,0)(47,13)(31,13)(31,4)(17,4)(17,7)(0,7)
Polygon:
(0,0)(23,0)(23,18)(20,18)(20,4)(3,4)(3,6)(0,6)
Polygon:
(0,0)(26,0)(26,7)(24,7)(24,5)(16,5)(16,16)(0,16)
Polygon:
(0,0)(41,0)(41,13)(33,13)(33,2)(16,2)(16,12)(0,12)
Polygon:
(0,0)(12,0)(12,17)(6,17)(6,4)(4,4)(4,11)(0,11)
Polygon:
(0,0)(9,0)(9,17)(6,17)(6,3)(1,3)(1,17)(0,17)
Polygon:
(0,0)(28,0)(28,9)(11,9)(11,1)(4,1)(4,15)(0,15)
Polygon:
(0,0)(31,0)(31,11)(16,11)(16,9)(6,9)(6,18)(0,18)
Polygon:
(0,0)(35,0)(35,19)(25,19)(25,7)(11,7)(11,12)(0,12)
Polygon:
(0,0)(36,0)(36,22)(18,22)(18,7)(15,7)(15,12)(0,12)
Polygon:
(0,0)(34,0)(34,16)(27,16)(27,2)(10,2)(10,17)(0,17)
Polygon:
(0,0)(17,0)(17,21)(9,21)(9,9)(1,9)(1,14)(0,14)
Polygon:
(0,0)(21,0)(21,9)(11,9)(11,8)(1,8)(1,10)(0,10)
Polygon:
(0,0)(28,0)(28,18)(12,18)(12,4)(8,4)(8,5)(0,5)
Polygon:
(0,0)(15,0)(15,4)(9,4)(9,2)(1,2)(1,15)(0,15)
Polygon:
(0,0)(29,0)(29,21)(13,21)(13,3)(1,3)(1,14)(0,14)
Polygon:
(0,0)(25,0)(25,14)(15,14)(15,11)(12,11)(12,13)(0,13)
Polygon:
(0,0)(27,0)(27,20)(19,20)(19,8)(18,8)(18,9)(0,9)
Polygon:
(0,0)(27,0)(27,11)(23,11)(23,8)(13,8)(13,12)(0,12)
Polygon:
(0,0)(13,0)(13,12)(9,12)(9,8)(6,8)(6,17)(0,17)
Polygon:
(0,0)(36,0)(36,21)(21,21)(21,3)(9,3)(9,18)(0,18)
Polygon:
(0,0)(30,0)(30,16)(22,16)(22,3)(7,3)(7,5)(0,5)
Polygon:
(0,0)(28,0)(28,23)(18,23)(18,12)(6,12)(6,17)(0,17)
Polygon:
(0,0)(27,0)(27,10)(19,10)(19,1)(12,1)(12,8)(0,8)
Polygon:
(0,0)(24,0)(24,7)(15,7)(15,4)(8,4)(8,14)(0,14)
Polygon:
(0,0)(20,0)(20,20)(14,20)(14,4)(8,4)(8,15)(0,15)
Polygon:
(0,0)(26,0)(26,10)(20,10)(20,4)(12,4)(12,10)(0,10)
Polygon:
(0,0)(21,0)(21,31)(20,31)(20,18)(15,18)(15,28)(0,28)
Polygon:
(0,0)(37,0)(37,14)(19,14)(19,7)(2,7)(2,10)(0,10)
Polygon:
(0,0)(22,0)(22,10)(12,10)(12,1)(1,1)(1,15)(0,15)
Polygon:
(0,0)(10,0)(10,15)(7,15)(7,5)(5,5)(5,11)(0,11)
Polygon:
(0,0)(23,0)(23,8)(8,8)(8,6)(5,6)(5,8)(0,8)
Polygon:
(0,0)(29,0)(29,18)(18,18)(18,4)(8,4)(8,5)(0,5)
Polygon:
(0,0)(29,0)(29,16)(27,16)(27,6)(18,6)(18,10)(0,10)
Polygon:
(0,0)(17,0)(17,13)(0,13)
Polygon:
(0,0)(8,0)(8,11)(0,11)
Polygon:
(0,0)(15,0)(15,16)(0,16)
Polygon:
(0,0)(18,0)(18,8)(14,8)(14,22)(0,22)
Polygon:
(0,0)(10,0)(10,13)(0,13)
Polygon:
(0,0)(36,0)(36,29)(20,29)(20,31)(7,31)(7,13)(0,13)
Polygon:
(0,0)(33,0)(33,8)(24,8)(24,14)(9,14)(9,2)(0,2)
Polygon:
(0,0)(18,0)(18,9)(0,9)
Polygon:
(0,0)(23,0)(23,17)(6,17)(6,28)(5,28)(5,10)(0,10)
Polygon:
(0,0)(14,0)(14,5)(0,5)
Polygon:
(0,0)(2,0)(2,10)(0,10)
Polygon:
(0,0)(18,0)(18,3)(0,3)
Polygon:
(0,0)(24,0)(24,11)(20,11)(20,23)(13,23)(13,6)(0,6)
Polygon:
(0,0)(21,0)(21,6)(12,6)(12,21)(0,21)
Polygon:
(0,0)(14,0)(14,17)(0,17)
Polygon:
(0,0)(4,0)(4,13)(0,13)
Polygon:
(0,0)(6,0)(6,3)(0,3)
Polygon:
(0,0)(16,0)(16,2)(1,2)(1,9)(0,9)
Polygon:
(0,0)(7,0)(7,6)(0,6)
Polygon:
(0,0)(8,0)(8,10)(0,10)
Polygon:
(0,0)(21,0)(21,1)(18,1)(18,13)(0,13)
Polygon:
(0,0)(14,0)(14,6)(0,6)
Polygon:
(0,0)(18,0)(18,1)(10,1)(10,14)(0,14)
Polygon:
(0,0)(13,0)(13,11)(0,11)
Polygon:
(0,0)(11,0)(11,16)(0,16)
Polygon:
(0,0)(7,0)(7,2)(4,2)(4,12)(0,12)
Polygon:
(0,0)(6,0)(6,8)(0,8)
Polygon:
(0,0)(10,0)(10,3)(0,3)
Polygon:
(0,0)(12,0)(12,16)(0,16)
Polygon:
(0,0)(27,0)(27,16)(21,16)(21,22)(18,22)(18,9)(0,9)
Polygon:
(0,0)(4,0)(4,3)(0,3)
Polygon:
(0,0)(16,0)(16,6)(0,6)
Polygon:
(0,0)(6,0)(6,1)(0,1)
Polygon:
(0,0)(14,0)(14,10)(0,10)
Polygon:
(0,0)(10,0)(10,16)(0,16)
Polygon:
(0,0)(10,0)(10,22)(7,22)(7,25)(3,25)(3,11)(0,11)
Polygon:
(0,0)(12,0)(12,10)(0,10)
Polygon:
(0,0)(5,0)(5,2)(0,2)
Polygon:
(0,0)(6,0)(6,1)(0,1)
Polygon:
(0,0)(2,0)(2,10)(0,10)
Polygon:
(0,0)(28,0)(28,13)(10,13)(10,20)(0,20)
Polygon:
(0,0)(17,0)(17,14)(0,14)
Polygon:
(0,0)(1,0)(1,13)(0,13)
Polygon:
(0,0)(14,0)(14,11)(9,11)(9,18)(0,18)
Polygon:
(0,0)(10,0)(10,17)(4,17)(4,19)(0,19)
Polygon:
(0,0)(11,0)(11,13)(0,13)
Polygon:
(0,0)(35,0)(35,7)(18,7)(18,19)(1,19)(1,18)(0,18)
Polygon:
(0,0)(12,0)(12,17)(0,17)
Polygon:
(0,0)(25,0)(25,9)(24,9)(24,12)(9,12)(9,7)(0,7)
Polygon:
(0,0)(38,0)(38,14)(27,14)(27,19)(17,19)(17,6)(0,6)
Polygon:
(0,0)(17,0)(17,19)(16,19)(16,31)(8,31)(8,17)(0,17)
Polygon:
(0,0)(13,0)(13,15)(0,15)
Polygon:
(0,0)(4,0)(4,1)(0,1)
Polygon:
(0,0)(26,0)(26,4)(14,4)(14,21)(0,21)
Polygon:
(0,0)(2,0)(2,3)(0,3)
Polygon:
(0,0)(33,0)(33,21)(18,21)(18,25)(16,25)(16,15)(0,15)
Polygon:
(0,0)(5,0)(5,8)(0,8)
Polygon:
(0,0)(20,0)(20,11)(17,11)(17,17)(2,17)(2,14)(0,14)
Polygon:
(0,0)(16,0)(16,14)(2,14)(2,18)(0,18)
Polygon:
(0,0)(9,0)(9,16)(3,16)(3,33)(0,33)
Polygon:
(0,0)(16,0)(16,3)(0,3)
Polygon:
(0,0)(8,0)(8,16)(0,16)
Polygon:
(0,0)(35,0)(35,12)(19,12)(19,21)(18,21)(18,8)(0,8)
Polygon:
(0,0)(18,0)(18,16)(0,16)
Polygon:
(0,0)(12,0)(12,5)(7,5)(7,13)(0,13)
Polygon:
(0,0)(28,0)(28,10)(25,10)(25,17)(17,17)(17,12)(0,12)
Polygon:
(0,0)(9,0)(9,10)(0,10)
Polygon:
(0,0)(15,0)(15,13)(14,13)(14,30)(0,30)
Polygon:
(0,0)(40,0)(40,20)(24,20)(24,27)(17,27)(17,16)(0,16)
Polygon:
(0,0)(12,0)(12,3)(11,3)(11,14)(0,14)
Polygon:
(0,0)(16,0)(16,12)(4,12)(4,15)(1,15)(1,1)(0,1)
Polygon:
(0,0)(3,0)(3,17)(0,17)
Polygon:
(0,0)(34,0)(34,18)(18,18)(18,32)(9,32)(9,16)(0,16)
Polygon:
(0,0)(4,0)(4,4)(0,4)
Polygon:
(0,0)(15,0)(15,9)(8,9)(8,12)(0,12)
Polygon:
(0,0)(1,0)(1,5)(0,5)
Polygon:
(0,0)(12,0)(12,17)(0,17)
Polygon:
(0,0)(17,0)(17,1)(0,1)
Polygon:
(0,0)(10,0)(10,6)(4,6)(4,23)(0,23)
Polygon:
(0,0)(29,0)(29,4)(16,4)(16,19)(0,19)
Polygon:
(0,0)(1,0)(1,8)(0,8)
Polygon:
(0,0)(15,0)(15,12)(0,12)
Polygon:
(0,0)(12,0)(12,4)(0,4)
Polygon:
(0,0)(8,0)(8,10)(0,10)
Polygon:
(0,0)(33,0)(33,17)(32,17)(32,28)(17,28)(17,17)(0,17)
Polygon:
(0,0)(19,0)(19,9)(7,9)(7,24)(0,24)
Polygon:
(0,0)(1,0)(1,12)(0,12)
Polygon:
(0,0)(18,0)(18,15)(0,15)
Polygon:
(0,0)(36,0)(36,24)(19,24)(19,25)(6,25)(6,7)(0,7)
Polygon:
(0,0)(16,0)(16,16)(10,16)(10,28)(0,28)
Polygon:
(0,0)(27,0)(27,18)(11,18)(11,28)(0,28)
Polygon:
(0,0)(21,0)(21,5)(10,5)(10,21)(0,21)
Polygon:
(0,0)(12,0)(12,3)(0,3)
Polygon:
(0,0)(22,0)(22,4)(7,4)(7,17)(0,17)
Polygon:
(0,0)(17,0)(17,1)(0,1)
Polygon:
(0,0)(11,0)(11,13)(4,13)(4,25)(0,25)
Polygon:
(0,0)(9,0)(9,8)(0,8)
Polygon:
(0,0)(25,0)(25,16)(10,16)(10,21)(2,21)(2,4)(0,4)
Polygon:
(0,0)(31,0)(31,23)(28,23)(28,26)(17,26)(17,9)(0,9)
Polygon:
(0,0)(9,0)(9,11)(4,11)(4,28)(0,28)
Polygon:
(0,0)(15,0)(15,15)(0,15)
Polygon:
(0,0)(12,0)(12,13)(8,13)(8,26)(0,26)
Polygon:
(0,0)(3,0)(3,12)(0,12)
Polygon:
(0,0)(12,0)(12,5)(0,5)
Polygon:
(0,0)(9,0)(9,17)(8,17)(8,32)(0,32)
Polygon:
(0,0)(23,0)(23,7)(6,7)(6,9)(0,9)
Polygon:
(0,0)(6,0)(6,6)(3,6)(3,15)(0,15)
Polygon:
(0,0)(26,0)(26,15)(15,15)(15,27)(0,27)
Polygon:
(0,0)(18,0)(18,11)(0,11)
Polygon:
(0,0)(14,0)(14,6)(8,6)(8,14)(0,14)
Polygon:
(0,0)(30,0)(30,18)(13,18)(13,19)(1,19)(1,11)(0,11)
Polygon:
(0,0)(15,0)(15,16)(12,16)(12,17)(11,17)(11,5)(0,5)
Polygon:
(0,0)(12,0)(12,4)(0,4)
Polygon:
(0,0)(9,0)(9,14)(6,14)(6,28)(0,28)
Polygon:
(0,0)(12,0)(12,2)(7,2)(7,16)(0,16)
Polygon:
(0,0)(13,0)(13,8)(0,8)
Polygon:
(0,0)(15,0)(15,1)(0,1)
Polygon:
(0,0)(7,0)(7,15)(0,15)
Polygon:
(0,0)(20,0)(20,24)(9,24)(9,28)(5,28)(5,17)(0,17)
Polygon:
(0,0)(10,0)(10,16)(0,16)
Polygon:
(0,0)(33,0)(33,14)(16,14)(16,15)(1,15)(1,11)(0,11)
Polygon:
(0,0)(27,0)(27,2)(12,2)(12,5)(0,5)
Polygon:
(0,0)(9,0)(9,17)(0,17)
Polygon:
(0,0)(2,0)(2,7)(0,7)
Polygon:
(0,0)(21,0)(21,10)(20,10)(20,21)(16,21)(16,13)(0,13)
Polygon:
(0,0)(11,0)(11,17)(0,17)
Polygon:
(0,0)(34,0)(34,8)(22,8)(22,23)(6,23)(6,10)(0,10)
Polygon:
(0,0)(16,0)(16,10)(0,10)
Polygon:
(0,0)(17,0)(17,1)(3,1)(3,5)(0,5)
Polygon:
(0,0)(17,0)(17,7)(0,7)
Polygon:
(0,0)(2,0)(2,17)(0,17)
Polygon:
(0,0)(5,0)(5,18)(0,18)
Polygon:
(0,0)(11,0)(11,6)(3,6)(3,24)(0,24)
Polygon:
(0,0)(12,0)(12,10)(8,10)(8,21)(0,21)
Polygon:
(0,0)(23,0)(23,12)(8,12)(8,16)(2,16)(2,6)(0,6)
Polygon:
(0,0)(6,0)(6,16)(0,16)
Polygon:
(0,0)(32,0)(32,15)(14,15)(14,29)(0,29)
Polygon:
(0,0)(40,0)(40,7)(26,7)(26,20)(16,20)(16,2)(0,2)
Polygon:
(0,0)(13,0)(13,17)(0,17)
Polygon:
(0,0)(18,0)(18,2)(0,2)
Polygon:
(0,0)(12,0)(12,17)(0,17)
Polygon:
(0,0)(13,0)(13,11)(0,11)
Polygon:
(0,0)(2,0)(2,10)(0,10)
Polygon:
(0,0)(16,0)(16,12)(0,12)
Polygon:
(0,0)(9,0)(9,12)(0,12)
Polygon:
(0,0)(4,0)(4,16)(0,16)
Polygon:
(0,0)(17,0)(17,7)(2,7)(2,12)(0,12)
Polygon:
(0,0)(29,0)(29,11)(14,11)(14,24)(11,24)(11,11)(0,11)
Polygon:
(0,0)(17,0)(17,9)(0,9)
Polygon:
(0,0)(30,0)(30,14)(16,14)(16,31)(0,31)
Polygon:
(0,0)(23,0)(23,32)(19,32)(19,34)(16,34)(16,16)(0,16)
Polygon:
(0,0)(32,0)(32,9)(19,9)(19,12)(9,12)(9,6)(0,6)
Polygon:
(0,0)(31,0)(31,2)(19,2)(19,15)(18,15)(18,10)(0,10)
Polygon:
(0,0)(16,0)(16,5)(6,5)(6,22)(0,22)
Polygon:
(0,0)(1,0)(1,11)(0,11)
Polygon:
(0,0)(13,0)(13,3)(0,3)
Polygon:
(0,0)(1,0)(1,14)(0,14)
Polygon:
(0,0)(3,0)(3,14)(0,14)
Polygon:
(0,0)(21,0)(21,33)(19,33)(19,36)(16,36)(16,18)(0,18)
Polygon:
(0,0)(2,0)(2,8)(0,8)
Polygon:
(0,0)(6,0)(6,17)(0,17)
Polygon:
(0,0)(16,0)(16,14)(12,14)(12,16)(7,16)(7,2)(0,2)
Polygon:
(0,0)(23,0)(23,5)(20,5)(20,18)(13,18)(13,2)(0,2)
Polygon:
(0,0)(13,0)(13,15)(0,15)
Polygon:
(0,0)(22,0)(22,12)(17,12)(17,19)(9,19)(9,5)(0,5)
Polygon:
(0,0)(6,0)(6,7)(0,7)
Polygon:
(0,0)(18,0)(18,14)(10,14)(10,18)(4,18)(4,4)(0,4)
Polygon:
(0,0)(13,0)(13,4)(0,4)
Polygon:
(0,0)(12,0)(12,1)(0,1)
Polygon:
(0,0)(18,0)(18,15)(0,15)
Polygon:
(0,0)(18,0)(18,2)(0,2)
Polygon:
(0,0)(18,0)(18,1)(11,1)(11,11)(0,11)
Polygon:
(0,0)(32,0)(32,9)(31,9)(31,13)(18,13)(18,7)(0,7)
Polygon:
(0,0)(11,0)(11,14)(2,14)(2,16)(0,16)
Polygon:
(0,0)(4,0)(4,14)(1,14)(1,31)(0,31)
Polygon:
(0,0)(5,0)(5,2)(0,2)
Polygon:
(0,0)(21,0)(21,18)(7,18)(7,23)(0,23)
Polygon:
(0,0)(13,0)(13,13)(0,13)
Polygon:
(0,0)(38,0)(38,4)(29,4)(29,8)(14,8)(14,2)(0,2)
Polygon:
(0,0)(26,0)(26,10)(13,10)(13,25)(0,25)
Polygon:
(0,0)(13,0)(13,7)(0,7)
Polygon:
(0,0)(31,0)(31,9)(20,9)(20,21)(17,21)(17,11)(0,11)
Polygon:
(0,0)(28,0)(28,3)(12,3)(12,8)(0,8)
Polygon:
(0,0)(11,0)(11,8)(0,8)
Polygon:
(0,0)(27,0)(27,16)(18,16)(18,29)(0,29)
Polygon:
(0,0)(14,0)(14,16)(0,16)
Polygon:
(0,0)(22,0)(22,10)(15,10)(15,25)(0,25)
Polygon:
(0,0)(11,0)(11,18)(0,18)
Polygon:
(0,0)(17,0)(17,2)(0,2)
Polygon:
(0,0)(12,0)(12,9)(0,9)
Polygon:
(0,0)(9,0)(9,5)(0,5)
Polygon:
(0,0)(34,0)(34,2)(21,2)(21,6)(13,6)(13,1)(0,1)
Polygon:
(0,0)(28,0)(28,13)(11,13)(11,22)(2,22)(2,6)(0,6)
Polygon:
(0,0)(12,0)(12,6)(0,6)
Polygon:
(0,0)(30,0)(30,8)(20,8)(20,26)(16,26)(16,18)(0,18)
Polygon:
(0,0)(23,0)(23,10)(6,10)(6,23)(0,23)
Polygon:
(0,0)(12,0)(12,18)(0,18)
Polygon:
(0,0)(29,0)(29,7)(14,7)(14,21)(6,21)(6,3)(0,3)
Polygon:
(0,0)(16,0)(16,1)(0,1)
Polygon:
(0,0)(37,0)(37,15)(35,15)(35,22)(17,22)(17,13)(0,13)
Polygon:
(0,0)(1,0)(1,9)(0,9)
Polygon:
(0,0)(37,0)(37,8)(19,8)(19,17)(1,17)(1,9)(0,9)
Polygon:
(0,0)(34,0)(34,13)(20,13)(20,18)(13,18)(13,4)(0,4)
Polygon:
(0,0)(13,0)(13,16)(6,16)(6,27)(0,27)
Polygon:
(0,0)(22,0)(22,15)(15,15)(15,16)(0,16)
Polygon:
(0,0)(28,0)(28,10)(25,10)(25,25)(15,25)(15,9)(0,9)
Polygon:
(0,0)(9,0)(9,9)(0,9)
Polygon:
(0,0)(9,0)(9,14)(0,14)
Polygon:
(0,0)(30,0)(30,14)(25,14)(25,17)(10,17)(10,16)(0,16)
Polygon:
(0,0)(8,0)(8,6)(0,6)
Polygon:
(0,0)(8,0)(8,5)(0,5)
Polygon:
(0,0)(12,0)(12,16)(0,16)
Polygon:
(0,0)(18,0)(18,5)(0,5)
Polygon:
(0,0)(11,0)(11,14)(0,14)
Polygon:
(0,0)(15,0)(15,6)(0,6)
Polygon:
(0,0)(29,0)(29,15)(15,15)(15,31)(1,31)(1,18)(0,18)
Polygon:
(0,0)(30,0)(30,3)(22,3)(22,15)(11,15)(11,1)(0,1)
Polygon:
(0,0)(2,0)(2,13)(1,13)(1,27)(0,27)
Polygon:
(0,0)(6,0)(6,7)(0,7)
Polygon:
(0,0)(8,0)(8,16)(0,16)
Polygon:
(0,0)(28,0)(28,12)(19,12)(19,22)(18,22)(18,16)(0,16)
Polygon:
(0,0)(4,0)(4,12)(0,12)
Polygon:
(0,0)(16,0)(16,1)(0,1)
Polygon:
(0,0)(25,0)(25,8)(12,8)(12,12)(0,12)
Polygon:
(0,0)(27,0)(27,12)(14,12)(14,15)(0,15)
Polygon:
(0,0)(15,0)(15,5)(0,5)
Polygon:
(0,0)(11,0)(11,6)(0,6)
Polygon:
(0,0)(9,0)(9,18)(0,18)
Polygon:
(0,0)(14,0)(14,11)(0,11)
Polygon:
(0,0)(1,0)(1,2)(0,2)
Polygon:
(0,0)(2,0)(2,16)(0,16)
Polygon:
(0,0)(7,0)(7,9)(0,9)
Polygon:
(0,0)(19,0)(19,16)(12,16)(12,33)(0,33)
Polygon:
(0,0)(10,0)(10,11)(9,11)(9,25)(0,25)
Polygon:
(0,0)(29,0)(29,18)(18,18)(18,23)(0,23)
Polygon:
(0,0)(21,0)(21,8)(14,8)(14,20)(0,20)
Polygon:
(0,0)(16,0)(16,3)(0,3)
Polygon:
(0,0)(29,0)(29,6)(15,6)(15,13)(0,13)
Polygon:
(0,0)(11,0)(11,16)(0,16)
Polygon:
(0,0)(36,0)(36,4)(18,4)(18,16)(13,16)(13,2)(0,2)
Polygon:
(0,0)(2,0)(2,13)(0,13)
Polygon:
(0,0)(16,0)(16,17)(0,17)
Polygon:
(0,0)(9,0)(9,4)(8,4)(8,20)(0,20)
Polygon:
(0,0)(11,0)(11,25)(6,25)(6,32)(4,32)(4,16)(0,16)
Polygon:
(0,0)(5,0)(5,1)(0,1)
Polygon:
(0,0)(3,0)(3,5)(0,5)
Polygon:
(0,0)(22,0)(22,18)(9,18)(9,19)(0,19)
Polygon:
(0,0)(29,0)(29,4)(15,4)(15,20)(0,20)
Polygon:
(0,0)(17,0)(17,13)(15,13)(15,18)(0,18)
Polygon:
(0,0)(8,0)(8,11)(0,11)
Polygon:
(0,0)(18,0)(18,8)(0,8)
Polygon:
(0,0)(10,0)(10,16)(0,16)
Polygon:
(0,0)(16,0)(16,7)(12,7)(12,12)(6,12)(6,6)(0,6)
Polygon:
(0,0)(12,0)(12,5)(0,5)
Polygon:
(0,0)(34,0)(34,1)(17,1)(17,13)(0,13)
Polygon:
(0,0)(39,0)(39,17)(24,17)(24,34)(10,34)(10,17)(0,17)
Polygon:
(0,0)(6,0)(6,15)(0,15)
Polygon:
(0,0)(13,0)(13,1)(9,1)(9,15)(8,15)(8,2)(0,2)
Polygon:
(0,0)(36,0)(36,6)(20,6)(20,23)(12,23)(12,8)(0,8)
Polygon:
(0,0)(17,0)(17,17)(0,17)
Polygon:
(0,0)(8,0)(8,13)(0,13)
Polygon:
(0,0)(11,0)(11,4)(0,4)
Polygon:
(0,0)(2,0)(2,18)(0,18)
Polygon:
(0,0)(13,0)(13,13)(0,13)
Polygon:
(0,0)(11,0)(11,14)(0,14)
Polygon:
(0,0)(5,0)(5,1)(0,1)
Polygon:
(0,0)(13,0)(13,15)(0,15)
Polygon:
(0,0)(17,0)(17,7)(0,7)
Polygon:
(0,0)(14,0)(14,8)(0,8)
Polygon:
(0,0)(40,0)(40,14)(28,14)(28,21)(17,21)(17,7)(0,7)
Polygon:
(0,0)(34,0)(34,16)(16,16)(16,20)(0,20)
Polygon:
(0,0)(11,0)(11,8)(4,8)(4,11)(2,11)(2,4)(0,4)
Polygon:
(0,0)(6,0)(6,12)(0,12)
Polygon:
(0,0)(10,0)(10,13)(0,13)
Polygon:
(0,0)(6,0)(6,9)(0,9)
Polygon:
(0,0)(45,0)(45,18)(31,18)(31,20)(15,20)(15,5)(0,5)
Polygon:
(0,0)(9,0)(9,8)(0,8)
Polygon:
(0,0)(34,0)(34,4)(17,4)(17,14)(2,14)(2,5)(0,5)
Polygon:
(0,0)(11,0)(11,3)(0,3)
Polygon:
(0,0)(15,0)(15,3)(14,3)(14,19)(7,19)(7,6)(0,6)
Polygon:
(0,0)(36,0)(36,15)(18,15)(18,24)(0,24)
Polygon:
(0,0)(5,0)(5,3)(0,3)
Polygon:
(0,0)(27,0)(27,17)(12,17)(12,25)(0,25)
Polygon:
(0,0)(17,0)(17,5)(15,5)(15,23)(14,23)(14,6)(0,6)
Polygon:
(0,0)(8,0)(8,17)(0,17)
Polygon:
(0,0)(20,0)(20,3)(15,3)(15,16)(7,16)(7,10)(0,10)
Polygon:
(0,0)(15,0)(15,15)(0,15)
Polygon:
(0,0)(14,0)(14,12)(0,12)
Polygon:
(0,0)(11,0)(11,6)(0,6)
Polygon:
(0,0)(26,0)(26,4)(13,4)(13,22)(0,22)
Polygon:
(0,0)(16,0)(16,11)(0,11)
Polygon:
(0,0)(14,0)(14,13)(0,13)
Polygon:
(0,0)(42,0)(42,29)(33,29)(33,31)(18,31)(18,18)(0,18)
Polygon:
(0,0)(17,0)(17,12)(0,12)
Polygon:
(0,0)(33,0)(33,17)(17,17)(17,24)(0,24)
Polygon:
(0,0)(11,0)(11,11)(0,11)
Polygon:
(0,0)(16,0)(16,4)(13,4)(13,15)(0,15)
Polygon:
(0,0)(37,0)(37,17)(19,17)(19,24)(5,24)(5,6)(0,6)
Polygon:
(0,0)(31,0)(31,5)(16,5)(16,19)(0,19)
Polygon:
(0,0)(4,0)(4,16)(0,16)
Polygon:
(0,0)(18,0)(18,15)(0,15)
Polygon:
(0,0)(12,0)(12,10)(0,10)
Polygon:
(0,0)(29,0)(29,21)(22,21)(22,25)(16,25)(16,12)(0,12)
Polygon:
(0,0)(34,0)(34,16)(26,16)(26,19)(16,19)(16,8)(0,8)
Polygon:
(0,0)(30,0)(30,10)(16,10)(16,12)(8,12)(8,8)(0,8)
Polygon:
(0,0)(27,0)(27,9)(15,9)(15,18)(8,18)(8,17)(0,17)
Polygon:
(0,0)(9,0)(9,9)(0,9)
Polygon:
(0,0)(27,0)(27,5)(12,5)(12,7)(0,7)
Polygon:
(0,0)(4,0)(4,4)(0,4)
Polygon:
(0,0)(19,0)(19,4)(12,4)(12,18)(0,18)
Polygon:
(0,0)(18,0)(18,7)(14,7)(14,25)(0,25)
Polygon:
(0,0)(20,0)(20,10)(6,10)(6,21)(0,21)
Polygon:
(0,0)(12,0)(12,18)(0,18)
Polygon:
(0,0)(17,0)(17,5)(2,5)(2,7)(0,7)
Polygon:
(0,0)(21,0)(21,2)(18,2)(18,14)(0,14)
Polygon:
(0,0)(9,0)(9,9)(8,9)(8,23)(4,23)(4,6)(0,6)
Polygon:
(0,0)(15,0)(15,8)(0,8)
Polygon:
(0,0)(5,0)(5,5)(0,5)
Polygon:
(0,0)(38,0)(38,6)(24,6)(24,21)(12,21)(12,17)(0,17)
Polygon:
(0,0)(8,0)(8,16)(0,16)
