Polygon:
(0,0)(13,0)(13,23)(12,23)(12,12)(10,12)(10,16)(0,16)
Polygon:
(0,0)(22,0)(22,16)(18,16)(18,5)(11,5)(11,17)(0,17)
Polygon:
(0,0)(21,0)(21,8)(12,8)(12,1)(3,1)(3,7)(0,7)
Polygon:
(0,0)(34,0)(34,12)(31,12)(31,11)(15,11)(15,18)(0,18)
Polygon:
(0,0)(28,0)(28,17)(16,17)(16,11)(7,11)(7,12)(0,12)
Polygon:
(0,0)(25,0)(25,10)(18,10)(18,3)(6,3)(6,16)(0,16)
Polygon:
(0,0)(22,0)(22,20)(13,20)(13,11)(11,11)(11,18)(0,18)
Polygon:
(0,0)(19,0)(19,12)(13,12)(13,6)(8,6)(8,14)(0,14)
Polygon:
(0,0)(29,0)(29,14)(16,14)(16,9)(8,9)(8,16)(0,16)
Polygon:
(0,0)(39,0)(39,12)(33,12)(33,7)(15,7)(15,18)(0,18)
Polygon:
(0,0)(35,0)(35,25)(27,25)(27,8)(12,8)(12,9)(0,9)
Polygon:
(0,0)(22,0)(22,22)(17,22)(17,4)(7,4)(7,10)(0,10)
Polygon:
(0,0)(26,0)(26,13)(24,13)(24,1)(7,1)(7,17)(0,17)
Polygon:
(0,0)(23,0)(23,19)(18,19)(18,9)(9,9)(9,16)(0,16)
Polygon:
(0,0)(22,0)(22,23)(11,23)(11,12)(1,12)(1,18)(0,18)
Polygon:
(0,0)(39,0)(39,25)(22,25)(22,10)(17,10)(17,11)(0,11)
Polygon:
(0,0)(34,0)(34,14)(32,14)(32,1)(16,1)(16,6)(0,6)
Polygon:
(0,0)(23,0)(23,7)(13,7)(13,4)(5,4)(5,18)(0,18)
Polygon:
(0,0)(25,0)(25,12)(19,12)(19,10)(17,10)(17,15)(0,15)
Polygon:
(0,0)(24,0)(24,23)(18,23)(18,12)(12,12)(12,14)(0,14)
Polygon:
(0,0)(26,0)(26,20)(20,20)(20,8)(12,8)(12,18)(0,18)
Polygon:
(0,0)(40,0)(40,15)(29,15)(29,2)(15,2)(15,18)(0,18)
Polygon:
(0,0)(37,0)(37,13)(29,13)(29,2)(17,2)(17,8)(0,8)
Polygon:
(0,0)(43,0)(43,11)(25,11)(25,1)(13,1)(13,7)(0,7)
Polygon:
(0,0)(33,0)(33,22)(17,22)(17,12)(8,12)(8,16)(0,16)
Polygon:
(0,0)(24,0)(24,8)(13,8)(13,6)(1,6)(1,8)(0,8)
Polygon:
(0,0)(40,0)(40,5)(24,5)(24,1)(16,1)(16,2)(0,2)
Polygon:
(0,0)(26,0)(26,10)(21,10)(21,3)(7,3)(7,16)(0,16)
Polygon:
(0,0)(20,0)(20,17)(8,17)(8,7)(1,7)(1,17)(0,17)
Polygon:
(0,0)(21,0)(21,25)(20,25)(20,8)(17,8)(17,15)(0,15)
Polygon:
(0,0)(14,0)(14,32)(13,32)(13,15)(7,15)(7,16)(0,16)
Polygon:
(0,0)(43,0)(43,12)(28,12)(28,10)(18,10)(18,18)(0,18)
Polygon:
(0,0)(41,0)(41,7)(30,7)(30,5)(18,5)(18,8)(0,8)
Polygon:
(0,0)(24,0)(24,21)(9,21)(9,8)(5,8)(5,18)(0,18)
Polygon:
(0,0)(31,0)(31,15)(17,15)(17,2)(11,2)(11,13)(0,13)
Polygon:
(0,0)(31,0)(31,6)(16,6)(16,5)(14,5)(14,13)(0,13)
Polygon:
(0,0)(25,0)(25,21)(7,21)(7,4)(1,4)(1,18)(0,18)
Polygon:
(0,0)(34,0)(34,4)(26,4)(26,3)(8,3)(8,17)(0,17)
Polygon:
(0,0)(46,0)(46,27)(34,27)(34,12)(16,12)(16,15)(0,15)
Polygon:
(0,0)(26,0)(26,28)(15,28)(15,17)(7,17)(7,18)(0,18)
Polygon:
(0,0)(21,0)(21,10)(14,10)(14,5)(11,5)(11,12)(0,12)
Polygon:
(0,0)(22,0)(22,11)(16,11)(16,1)(14,1)(14,11)(0,11)
Polygon:
(0,0)(25,0)(25,12)(11,12)(11,2)(8,2)(8,17)(0,17)
Polygon:
(0,0)(22,0)(22,23)(17,23)(17,11)(7,11)(7,14)(0,14)
Polygon:
(0,0)(16,0)(16,10)(13,10)(13,5)(6,5)(6,14)(0,14)
Polygon:
(0,0)(19,0)(19,24)(18,24)(18,8)(1,8)(1,14)(0,14)
Polygon:
(0,0)(36,0)(36,15)(20,15)(20,14)(3,14)(3,17)(0,17)
Polygon:
(0,0)(17,0)(17,17)(6,17)(6,4)(2,4)(2,11)(0,11)
Polygon:
(0,0)(36,0)(36,19)(19,19)(19,3)(4,3)(4,4)(0,4)
Polygon:
(0,0)(36,0)(36,20)(26,20)(26,12)(12,12)(12,14)(0,14)
Polygon:
(0,0)(42,0)(42,26)(27,26)(27,14)(12,14)(12,17)(0,17)
Polygon:
(0,0)(28,0)(28,27)(13,27)(13,9)(1,9)(1,12)(0,12)
Polygon:
(0,0)(25,0)(25,23)(22,23)(22,8)(9,8)(9,24)(0,24)
Polygon:
(0,0)(44,0)(44,16)(26,16)(26,3)(8,3)(8,9)(0,9)
Polygon:
(0,0)(36,0)(36,15)(27,15)(27,6)(11,6)(11,9)(0,9)
Polygon:
(0,0)(32,0)(32,18)(17,18)(17,2)(3,2)(3,5)(0,5)
Polygon:
(0,0)(22,0)(22,21)(19,21)(19,4)(4,4)(4,7)(0,7)
Polygon:
(0,0)(26,0)(26,28)(19,28)(19,11)(15,11)(15,14)(0,14)
Polygon:
(0,0)(21,0)(21,23)(20,23)(20,13)(15,13)(15,25)(0,25)
Polygon:
(0,0)(16,0)(16,19)(7,19)(7,16)(3,16)(3,17)(0,17)
Polygon:
(0,0)(43,0)(43,7)(29,7)(29,6)(16,6)(16,17)(0,17)
Polygon:
(0,0)(38,0)(38,32)(31,32)(31,17)(13,17)(13,18)(0,18)
Polygon:
(0,0)(23,0)(23,24)(18,24)(18,6)(12,6)(12,10)(0,10)
Polygon:
(0,0)(33,0)(33,23)(18,23)(18,8)(11,8)(11,16)(0,16)
Polygon:
(0,0)(32,0)(32,22)(23,22)(23,14)(12,14)(12,17)(0,17)
Polygon:
(0,0)(24,0)(24,4)(20,4)(20,3)(13,3)(13,18)(0,18)
Polygon:
(0,0)(31,0)(31,20)(21,20)(21,13)(10,13)(10,30)(0,30)
Polygon:
(0,0)(26,0)(26,16)(25,16)(25,1)(13,1)(13,5)(0,5)
Polygon:
(0,0)(47,0)(47,15)(35,15)(35,4)(17,4)(17,16)(0,16)
Polygon:
(0,0)(38,0)(38,4)(20,4)(20,1)(15,1)(15,18)(0,18)
Polygon:
(0,0)(17,0)(17,15)(10,15)(10,4)(6,4)(6,9)(0,9)
Polygon:
(0,0)(18,0)(18,11)(15,11)(15,2)(8,2)(8,13)(0,13)
Polygon:
(0,0)(48,0)(48,11)(31,11)(31,8)(14,8)(14,9)(0,9)
Polygon:
(0,0)(31,0)(31,25)(14,25)(14,7)(11,7)(11,8)(0,8)
Polygon:
(0,0)(28,0)(28,6)(24,6)(24,2)(7,2)(7,5)(0,5)
Polygon:
(0,0)(14,0)(14,31)(12,31)(12,13)(2,13)(2,16)(0,16)
Polygon:
(0,0)(20,0)(20,14)(10,14)(10,7)(8,7)(8,11)(0,11)
Polygon:
(0,0)(30,0)(30,23)(16,23)(16,5)(11,5)(11,17)(0,17)
Polygon:
(0,0)(40,0)(40,21)(22,21)(22,4)(18,4)(18,13)(0,13)
Polygon:
(0,0)(43,0)(43,3)(30,3)(30,2)(14,2)(14,7)(0,7)
Polygon:
(0,0)(31,0)(31,13)(16,13)(16,12)(10,12)(10,30)(0,30)
Polygon:
(0,0)(35,0)(35,29)(24,29)(24,16)(11,16)(11,17)(0,17)
Polygon:
(0,0)(37,0)(37,17)(33,17)(33,7)(18,7)(18,12)(0,12)
Polygon:
(0,0)(33,0)(33,10)(26,10)(26,4)(10,4)(10,13)(0,13)
Polygon:
(0,0)(29,0)(29,16)(22,16)(22,11)(17,11)(17,16)(0,16)
Polygon:
(0,0)(29,0)(29,9)(23,9)(23,3)(5,3)(5,5)(0,5)
Polygon:
(0,0)(34,0)(34,26)(27,26)(27,10)(13,10)(13,17)(0,17)
Polygon:
(0,0)(10,0)(10,12)(2,12)(2,4)(1,4)(1,7)(0,7)
Polygon:
(0,0)(38,0)(38,8)(20,8)(20,1)(16,1)(16,14)(0,14)
Polygon:
(0,0)(34,0)(34,9)(28,9)(28,2)(14,2)(14,3)(0,3)
Polygon:
(0,0)(29,0)(29,17)(13,17)(13,12)(7,12)(7,15)(0,15)
Polygon:
(0,0)(23,0)(23,15)(19,15)(19,2)(10,2)(10,15)(0,15)
Polygon:
(0,0)(34,0)(34,24)(24,24)(24,11)(17,11)(17,17)(0,17)
Polygon:
(0,0)(35,0)(35,25)(24,25)(24,15)(17,15)(17,16)(0,16)
Polygon:
(0,0)(16,0)(16,13)(11,13)(11,4)(3,4)(3,15)(0,15)
Polygon:
(0,0)(32,0)(32,9)(26,9)(26,6)(11,6)(11,15)(0,15)
Polygon:
(0,0)(25,0)(25,16)(8,16)(8,10)(7,10)(7,16)(0,16)
Polygon:
(0,0)(31,0)(31,26)(20,26)(20,11)(17,11)(17,15)(0,15)
Polygon:
(0,0)(13,0)(13,22)(11,22)(11,5)(8,5)(8,7)(0,7)
Polygon:
(0,0)(29,0)(29,9)(28,9)(28,1)(17,1)(17,18)(0,18)
Polygon:
(0,0)(46,0)(46,12)(30,12)(30,5)(15,5)(15,16)(0,16)
Polygon:
(0,0)(31,0)(31,14)(18,14)(18,4)(4,4)(4,5)(0,5)
Polygon:
(0,0)(24,0)(24,29)(12,29)(12,13)(9,13)(9,16)(0,16)
Polygon:
(0,0)(17,0)(17,20)(14,20)(14,4)(8,4)(8,11)(0,11)
Polygon:
(0,0)(19,0)(19,8)(13,8)(13,4)(12,4)(12,16)(0,16)
Polygon:
(0,0)(35,0)(35,16)(20,16)(20,3)(7,3)(7,7)(0,7)
Polygon:
(0,0)(19,0)(19,19)(18,19)(18,6)(3,6)(3,17)(0,17)
Polygon:
(0,0)(33,0)(33,9)(30,9)(30,7)(16,7)(16,11)(0,11)
Polygon:
(0,0)(18,0)(18,6)(11,6)(11,3)(3,3)(3,5)(0,5)
Polygon:
(0,0)(12,0)(12,5)(6,5)(6,1)(2,1)(2,14)(0,14)
Polygon:
(0,0)(38,0)(38,16)(34,16)(34,7)(17,7)(17,14)(0,14)
Polygon:
(0,0)(10,0)(10,21)(8,21)(8,10)(3,10)(3,11)(0,11)
Polygon:
(0,0)(23,0)(23,19)(21,19)(21,3)(8,3)(8,7)(0,7)
Polygon:
(0,0)(29,0)(29,5)(18,5)(18,2)(11,2)(11,19)(0,19)
Polygon:
(0,0)(27,0)(27,28)(13,28)(13,10)(6,10)(6,12)(0,12)
Polygon:
(0,0)(33,0)(33,7)(32,7)(32,5)(17,5)(17,17)(0,17)
Polygon:
(0,0)(38,0)(38,10)(26,10)(26,3)(12,3)(12,8)(0,8)
Polygon:
(0,0)(38,0)(38,19)(21,19)(21,7)(15,7)(15,16)(0,16)
Polygon:
(0,0)(31,0)(31,23)(22,23)(22,5)(4,5)(4,17)(0,17)
Polygon:
(0,0)(42,0)(42,26)(30,26)(30,9)(14,9)(14,18)(0,18)
Polygon:
(0,0)(14,0)(14,9)(9,9)(9,2)(1,2)(1,15)(0,15)
Polygon:
(0,0)(33,0)(33,15)(31,15)(31,3)(17,3)(17,8)(0,8)
Polygon:
(0,0)(27,0)(27,13)(19,13)(19,8)(18,8)(18,11)(0,11)
Polygon:
(0,0)(34,0)(34,18)(18,18)(18,10)(4,10)(4,15)(0,15)
Polygon:
(0,0)(12,0)(12,6)(11,6)(11,1)(2,1)(2,7)(0,7)
Polygon:
(0,0)(26,0)(26,16)(18,16)(18,1)(17,1)(17,10)(0,10)
Polygon:
(0,0)(25,0)(25,6)(8,6)(8,4)(1,4)(1,6)(0,6)
Polygon:
(0,0)(32,0)(32,14)(31,14)(31,5)(15,5)(15,13)(0,13)
Polygon:
(0,0)(37,0)(37,27)(24,27)(24,11)(9,11)(9,13)(0,13)
Polygon:
(0,0)(44,0)(44,8)(31,8)(31,3)(13,3)(13,9)(0,9)
Polygon:
(0,0)(8,0)(8,24)(6,24)(6,10)(3,10)(3,16)(0,16)
Polygon:
(0,0)(40,0)(40,7)(27,7)(27,1)(15,1)(15,10)(0,10)
Polygon:
(0,0)(27,0)(27,9)(19,9)(19,1)(2,1)(2,6)(0,6)
Polygon:
(0,0)(26,0)(26,26)(19,26)(19,15)(3,15)(3,25)(0,25)
Polygon:
(0,0)(20,0)(20,19)(15,19)(15,5)(12,5)(12,15)(0,15)
Polygon:
(0,0)(36,0)(36,24)(18,24)(18,7)(13,7)(13,15)(0,15)
Polygon:
(0,0)(35,0)(35,11)(19,11)(19,1)(16,1)(16,17)(0,17)
Polygon:
(0,0)(18,0)(18,27)(9,27)(9,16)(2,16)(2,18)(0,18)
Polygon:
(0,0)(41,0)(41,4)(28,4)(28,3)(18,3)(18,16)(0,16)
Polygon:
(0,0)(24,0)(24,7)(14,7)(14,1)(10,1)(10,11)(0,11)
Polygon:
(0,0)(12,0)(12,18)(9,18)(9,11)(5,11)(5,18)(0,18)
Polygon:
(0,0)(28,0)(28,29)(16,29)(16,13)(8,13)(8,17)(0,17)
Polygon:
(0,0)(29,0)(29,14)(16,14)(16,5)(15,5)(15,18)(0,18)
Polygon:
(0,0)(28,0)(28,26)(17,26)(17,14)(1,14)(1,16)(0,16)
Polygon:
(0,0)(14,0)(14,18)(7,18)(7,2)(4,2)(4,14)(0,14)
Polygon:
(0,0)(30,0)(30,16)(17,16)(17,3)(2,3)(2,12)(0,12)
Polygon:
(0,0)(36,0)(36,31)(24,31)(24,16)(18,16)(18,18)(0,18)
Polygon:
(0,0)(27,0)(27,22)(13,22)(13,7)(5,7)(5,14)(0,14)
Polygon:
(0,0)(32,0)(32,31)(18,31)(18,15)(11,15)(11,16)(0,16)
Polygon:
(0,0)(44,0)(44,5)(27,5)(27,3)(17,3)(17,15)(0,15)
Polygon:
(0,0)(17,0)(17,16)(3,16)(3,2)(2,2)(2,18)(0,18)
Polygon:
(0,0)(43,0)(43,8)(25,8)(25,7)(7,7)(7,11)(0,11)
Polygon:
(0,0)(34,0)(34,24)(28,24)(28,7)(18,7)(18,15)(0,15)
Polygon:
(0,0)(29,0)(29,7)(23,7)(23,1)(14,1)(14,4)(0,4)
Polygon:
(0,0)(27,0)(27,23)(15,23)(15,8)(2,8)(2,15)(0,15)
Polygon:
(0,0)(37,0)(37,22)(28,22)(28,7)(15,7)(15,11)(0,11)
Polygon:
(0,0)(16,0)(16,9)(14,9)(14,2)(1,2)(1,15)(0,15)
Polygon:
(0,0)(33,0)(33,19)(16,19)(16,8)(5,8)(5,18)(0,18)
Polygon:
(0,0)(45,0)(45,12)(27,12)(27,7)(14,7)(14,12)(0,12)
Polygon:
(0,0)(10,0)(10,12)(9,12)(9,11)(3,11)(3,17)(0,17)
Polygon:
(0,0)(31,0)(31,15)(17,15)(17,27)(0,27)
Polygon:
(0,0)(10,0)(10,10)(0,10)
Polygon:
(0,0)(38,0)(38,16)(21,16)(21,24)(5,24)(5,15)(0,15)
Polygon:
(0,0)(29,0)(29,3)(17,3)(17,14)(0,14)
Polygon:
(0,0)(11,0)(11,18)(0,18)
Polygon:
(0,0)(15,0)(15,18)(0,18)
Polygon:
(0,0)(6,0)(6,6)(0,6)
Polygon:
(0,0)(36,0)(36,9)(28,9)(28,17)(16,17)(16,10)(0,10)
Polygon:
(0,0)(11,0)(11,13)(0,13)
Polygon:
(0,0)(11,0)(11,18)(0,18)
Polygon:
(0,0)(6,0)(6,17)(0,17)
Polygon:
(0,0)(6,0)(6,16)(0,16)
Polygon:
(0,0)(10,0)(10,9)(0,9)
Polygon:
(0,0)(28,0)(28,7)(21,7)(21,18)(6,18)(6,13)(0,13)
Polygon:
(0,0)(5,0)(5,12)(0,12)
Polygon:
(0,0)(11,0)(11,11)(8,11)(8,19)(2,19)(2,14)(0,14)
Polygon:
(0,0)(27,0)(27,18)(10,18)(10,26)(0,26)
Polygon:
(0,0)(28,0)(28,10)(20,10)(20,16)(4,16)(4,7)(0,7)
Polygon:
(0,0)(29,0)(29,12)(17,12)(17,19)(0,19)
Polygon:
(0,0)(12,0)(12,15)(0,15)
Polygon:
(0,0)(30,0)(30,5)(14,5)(14,19)(12,19)(12,1)(0,1)
Polygon:
(0,0)(28,0)(28,19)(14,19)(14,24)(13,24)(13,8)(0,8)
Polygon:
(0,0)(33,0)(33,27)(22,27)(22,32)(4,32)(4,15)(0,15)
Polygon:
(0,0)(11,0)(11,9)(0,9)
Polygon:
(0,0)(27,0)(27,14)(13,14)(13,16)(7,16)(7,2)(0,2)
Polygon:
(0,0)(5,0)(5,11)(0,11)
Polygon:
(0,0)(18,0)(18,16)(0,16)
Polygon:
(0,0)(10,0)(10,5)(0,5)
Polygon:
(0,0)(38,0)(38,14)(27,14)(27,17)(12,17)(12,6)(0,6)
Polygon:
(0,0)(4,0)(4,17)(0,17)
Polygon:
(0,0)(2,0)(2,18)(1,18)(1,36)(0,36)
Polygon:
(0,0)(22,0)(22,15)(11,15)(11,20)(0,20)
Polygon:
(0,0)(17,0)(17,2)(3,2)(3,5)(0,5)
Polygon:
(0,0)(7,0)(7,2)(0,2)
Polygon:
(0,0)(11,0)(11,17)(0,17)
Polygon:
(0,0)(4,0)(4,13)(0,13)
Polygon:
(0,0)(17,0)(17,24)(12,24)(12,27)(8,27)(8,16)(0,16)
Polygon:
(0,0)(16,0)(16,4)(4,4)(4,14)(0,14)
Polygon:
(0,0)(2,0)(2,17)(0,17)
Polygon:
(0,0)(7,0)(7,14)(0,14)
Polygon:
(0,0)(9,0)(9,4)(0,4)
Polygon:
(0,0)(17,0)(17,7)(0,7)
Polygon:
(0,0)(13,0)(13,7)(0,7)
Polygon:
(0,0)(11,0)(11,3)(0,3)
Polygon:
(0,0)(6,0)(6,15)(0,15)
Polygon:
(0,0)(13,0)(13,10)(9,10)(9,22)(0,22)
Polygon:
(0,0)(10,0)(10,13)(7,13)(7,24)(0,24)
Polygon:
(0,0)(39,0)(39,13)(30,13)(30,21)(15,21)(15,4)(0,4)
Polygon:
(0,0)(27,0)(27,11)(10,11)(10,13)(1,13)(1,4)(0,4)
Polygon:
(0,0)(16,0)(16,10)(0,10)
Polygon:
(0,0)(25,0)(25,6)(14,6)(14,24)(0,24)
Polygon:
(0,0)(14,0)(14,6)(0,6)
Polygon:
(0,0)(15,0)(15,17)(0,17)
Polygon:
(0,0)(20,0)(20,23)(13,23)(13,24)(3,24)(3,14)(0,14)
Polygon:
(0,0)(19,0)(19,17)(9,17)(9,32)(0,32)
Polygon:
(0,0)(17,0)(17,13)(0,13)
Polygon:
(0,0)(20,0)(20,22)(7,22)(7,24)(6,24)(6,8)(0,8)
Polygon:
(0,0)(12,0)(12,1)(0,1)
Polygon:
(0,0)(3,0)(3,15)(0,15)
Polygon:
(0,0)(19,0)(19,15)(18,15)(18,18)(0,18)
Polygon:
(0,0)(2,0)(2,5)(0,5)
Polygon:
(0,0)(24,0)(24,14)(14,14)(14,15)(5,15)(5,1)(0,1)
Polygon:
(0,0)(5,0)(5,18)(0,18)
Polygon:
(0,0)(13,0)(13,1)(0,1)
Polygon:
(0,0)(30,0)(30,8)(13,8)(13,19)(0,19)
Polygon:
(0,0)(18,0)(18,10)(0,10)
Polygon:
(0,0)(8,0)(8,1)(0,1)
Polygon:
(0,0)(17,0)(17,3)(0,3)
Polygon:
(0,0)(10,0)(10,1)(0,1)
Polygon:
(0,0)(27,0)(27,11)(17,11)(17,24)(16,24)(16,13)(0,13)
Polygon:
(0,0)(23,0)(23,8)(17,8)(17,15)(15,15)(15,9)(0,9)
Polygon:
(0,0)(18,0)(18,10)(0,10)
Polygon:
(0,0)(4,0)(4,9)(0,9)
Polygon:
(0,0)(17,0)(17,8)(2,8)(2,9)(0,9)
Polygon:
(0,0)(6,0)(6,15)(0,15)
Polygon:
(0,0)(16,0)(16,8)(5,8)(5,26)(0,26)
Polygon:
(0,0)(16,0)(16,5)(0,5)
Polygon:
(0,0)(27,0)(27,6)(19,6)(19,20)(4,20)(4,4)(0,4)
Polygon:
(0,0)(12,0)(12,4)(0,4)
Polygon:
(0,0)(11,0)(11,2)(3,2)(3,16)(0,16)
Polygon:
(0,0)(6,0)(6,17)(0,17)
Polygon:
(0,0)(35,0)(35,9)(19,9)(19,14)(2,14)(2,13)(0,13)
Polygon:
(0,0)(1,0)(1,1)(0,1)
Polygon:
(0,0)(24,0)(24,32)(16,32)(16,34)(2,34)(2,17)(0,17)
Polygon:
(0,0)(9,0)(9,2)(4,2)(4,14)(0,14)
Polygon:
(0,0)(5,0)(5,10)(0,10)
Polygon:
(0,0)(18,0)(18,5)(0,5)
Polygon:
(0,0)(11,0)(11,10)(0,10)
Polygon:
(0,0)(25,0)(25,13)(13,13)(13,18)(0,18)
Polygon:
(0,0)(41,0)(41,17)(26,17)(26,22)(14,22)(14,5)(0,5)
Polygon:
(0,0)(14,0)(14,6)(0,6)
Polygon:
(0,0)(4,0)(4,2)(0,2)
Polygon:
(0,0)(5,0)(5,3)(0,3)
Polygon:
(0,0)(7,0)(7,8)(0,8)
Polygon:
(0,0)(10,0)(10,15)(2,15)(2,30)(0,30)
Polygon:
(0,0)(11,0)(11,10)(0,10)
Polygon:
(0,0)(9,0)(9,4)(0,4)
Polygon:
(0,0)(17,0)(17,18)(3,18)(3,21)(0,21)
Polygon:
(0,0)(17,0)(17,18)(0,18)
Polygon:
(0,0)(17,0)(17,1)(0,1)
Polygon:
(0,0)(27,0)(27,11)(13,11)(13,16)(0,16)
Polygon:
(0,0)(44,0)(44,12)(30,12)(30,17)(14,17)(14,15)(0,15)
Polygon:
(0,0)(8,0)(8,1)(0,1)
Polygon:
(0,0)(17,0)(17,2)(0,2)
Polygon:
(0,0)(8,0)(8,12)(0,12)
Polygon:
(0,0)(28,0)(28,14)(17,14)(17,21)(0,21)
Polygon:
(0,0)(8,0)(8,10)(7,10)(7,12)(0,12)
Polygon:
(0,0)(16,0)(16,9)(0,9)
Polygon:
(0,0)(16,0)(16,12)(0,12)
Polygon:
(0,0)(7,0)(7,5)(0,5)
Polygon:
(0,0)(13,0)(13,6)(6,6)(6,17)(3,17)(3,5)(0,5)
Polygon:
(0,0)(9,0)(9,14)(0,14)
Polygon:
(0,0)(10,0)(10,18)(0,18)
Polygon:
(0,0)(20,0)(20,16)(12,16)(12,29)(0,29)
Polygon:
(0,0)(1,0)(1,1)(0,1)
Polygon:
(0,0)(48,0)(48,1)(33,1)(33,16)(18,16)(18,8)(0,8)
Polygon:
(0,0)(12,0)(12,10)(11,10)(11,28)(0,28)
Polygon:
(0,0)(31,0)(31,8)(25,8)(25,15)(12,15)(12,2)(0,2)
Polygon:
(0,0)(12,0)(12,11)(0,11)
Polygon:
(0,0)(27,0)(27,7)(16,7)(16,18)(0,18)
Polygon:
(0,0)(14,0)(14,17)(0,17)
Polygon:
(0,0)(21,0)(21,9)(12,9)(12,21)(0,21)
Polygon:
(0,0)(21,0)(21,14)(19,14)(19,28)(2,28)(2,12)(0,12)
Polygon:
(0,0)(12,0)(12,2)(0,2)
Polygon:
(0,0)(25,0)(25,2)(9,2)(9,20)(0,20)
Polygon:
(0,0)(14,0)(14,15)(0,15)
Polygon:
(0,0)(11,0)(11,13)(0,13)
Polygon:
(0,0)(2,0)(2,10)(0,10)
Polygon:
(0,0)(2,0)(2,12)(0,12)
Polygon:
(0,0)(36,0)(36,2)(34,2)(34,17)(16,17)(16,11)(0,11)
Polygon:
(0,0)(10,0)(10,4)(0,4)
Polygon:
(0,0)(18,0)(18,18)(2,18)(2,20)(0,20)
Polygon:
(0,0)(15,0)(15,6)(0,6)
Polygon:
(0,0)(37,0)(37,10)(20,10)(20,20)(16,20)(16,9)(0,9)
Polygon:
(0,0)(15,0)(15,18)(0,18)
Polygon:
(0,0)(23,0)(23,6)(9,6)(9,20)(0,20)
Polygon:
(0,0)(13,0)(13,3)(0,3)
Polygon:
(0,0)(8,0)(8,11)(0,11)
Polygon:
(0,0)(14,0)(14,18)(0,18)
Polygon:
(0,0)(15,0)(15,2)(0,2)
Polygon:
(0,0)(23,0)(23,9)(21,9)(21,18)(10,18)(10,12)(0,12)
Polygon:
(0,0)(8,0)(8,6)(0,6)
Polygon:
(0,0)(6,0)(6,9)(0,9)
Polygon:
(0,0)(42,0)(42,20)(24,20)(24,25)(11,25)(11,9)(0,9)
Polygon:
(0,0)(20,0)(20,12)(11,12)(11,15)(2,15)(2,4)(0,4)
Polygon:
(0,0)(14,0)(14,11)(0,11)
Polygon:
(0,0)(14,0)(14,7)(0,7)
Polygon:
(0,0)(15,0)(15,3)(0,3)
Polygon:
(0,0)(17,0)(17,7)(0,7)
Polygon:
(0,0)(2,0)(2,16)(0,16)
Polygon:
(0,0)(18,0)(18,6)(0,6)
Polygon:
(0,0)(14,0)(14,18)(11,18)(11,24)(9,24)(9,13)(0,13)
Polygon:
(0,0)(18,0)(18,1)(13,1)(13,5)(0,5)
Polygon:
(0,0)(7,0)(7,2)(0,2)
Polygon:
(0,0)(22,0)(22,12)(5,12)(5,17)(0,17)
Polygon:
(0,0)(18,0)(18,2)(5,2)(5,3)(0,3)
Polygon:
(0,0)(32,0)(32,16)(14,16)(14,19)(12,19)(12,15)(0,15)
Polygon:
(0,0)(18,0)(18,3)(11,3)(11,16)(6,16)(6,6)(0,6)
Polygon:
(0,0)(7,0)(7,6)(0,6)
Polygon:
(0,0)(5,0)(5,8)(0,8)
Polygon:
(0,0)(7,0)(7,11)(0,11)
Polygon:
(0,0)(14,0)(14,18)(0,18)
Polygon:
(0,0)(6,0)(6,5)(0,5)
Polygon:
(0,0)(2,0)(2,14)(0,14)
Polygon:
(0,0)(41,0)(41,20)(26,20)(26,21)(17,21)(17,12)(0,12)
Polygon:
(0,0)(25,0)(25,9)(15,9)(15,13)(0,13)
Polygon:
(0,0)(16,0)(16,16)(0,16)
Polygon:
(0,0)(17,0)(17,10)(0,10)
Polygon:
(0,0)(18,0)(18,7)(11,7)(11,12)(0,12)
Polygon:
(0,0)(12,0)(12,14)(0,14)
Polygon:
(0,0)(9,0)(9,3)(0,3)
Polygon:
(0,0)(3,0)(3,6)(0,6)
Polygon:
(0,0)(12,0)(12,17)(0,17)
Polygon:
(0,0)(16,0)(16,14)(0,14)
Polygon:
(0,0)(17,0)(17,18)(13,18)(13,25)(8,25)(8,13)(0,13)
Polygon:
(0,0)(18,0)(18,3)(0,3)
Polygon:
(0,0)(11,0)(11,5)(7,5)(7,10)(0,10)
Polygon:
(0,0)(5,0)(5,1)(0,1)
Polygon:
(0,0)(21,0)(21,11)(19,11)(19,22)(3,22)(3,17)(0,17)
Polygon:
(0,0)(8,0)(8,2)(4,2)(4,8)(3,8)(3,6)(0,6)
Polygon:
(0,0)(9,0)(9,8)(2,8)(2,14)(0,14)
Polygon:
(0,0)(19,0)(19,8)(8,8)(8,18)(0,18)
Polygon:
(0,0)(20,0)(20,1)(9,1)(9,6)(0,6)
Polygon:
(0,0)(13,0)(13,11)(0,11)
Polygon:
(0,0)(17,0)(17,10)(14,10)(14,18)(4,18)(4,7)(0,7)
Polygon:
(0,0)(28,0)(28,3)(18,3)(18,19)(17,19)(17,4)(0,4)
Polygon:
(0,0)(45,0)(45,17)(29,17)(29,21)(13,21)(13,18)(0,18)
Polygon:
(0,0)(16,0)(16,7)(0,7)
Polygon:
(0,0)(6,0)(6,14)(0,14)
Polygon:
(0,0)(14,0)(14,3)(0,3)
Polygon:
(0,0)(38,0)(38,16)(26,16)(26,25)(16,25)(16,15)(0,15)
Polygon:
(0,0)(10,0)(10,4)(0,4)
Polygon:
(0,0)(35,0)(35,4)(20,4)(20,17)(17,17)(17,12)(0,12)
Polygon:
(0,0)(20,0)(20,9)(3,9)(3,20)(0,20)
Polygon:
(0,0)(38,0)(38,6)(23,6)(23,24)(8,24)(8,18)(0,18)
Polygon:
(0,0)(26,0)(26,5)(18,5)(18,11)(8,11)(8,1)(0,1)
Polygon:
(0,0)(27,0)(27,16)(18,16)(18,17)(2,17)(2,5)(0,5)
Polygon:
(0,0)(3,0)(3,1)(0,1)
Polygon:
(0,0)(16,0)(16,17)(0,17)
Polygon:
(0,0)(7,0)(7,2)(0,2)
Polygon:
(0,0)(2,0)(2,15)(0,15)
Polygon:
(0,0)(20,0)(20,16)(3,16)(3,19)(1,19)(1,3)(0,3)
Polygon:
(0,0)(11,0)(11,12)(9,12)(9,18)(0,18)
Polygon:
(0,0)(5,0)(5,3)(0,3)
Polygon:
(0,0)(40,0)(40,14)(24,14)(24,25)(11,25)(11,9)(0,9)
Polygon:
(0,0)(15,0)(15,18)(10,18)(10,31)(0,31)
Polygon:
(0,0)(19,0)(19,13)(12,13)(12,16)(2,16)(2,6)(0,6)
Polygon:
(0,0)(14,0)(14,12)(0,12)
Polygon:
(0,0)(28,0)(28,14)(15,14)(15,23)(0,23)
Polygon:
(0,0)(22,0)(22,9)(10,9)(10,24)(0,24)
Polygon:
(0,0)(26,0)(26,3)(17,3)(17,6)(0,6)
Polygon:
(0,0)(28,0)(28,14)(26,14)(26,20)(11,20)(11,6)(0,6)
Polygon:
(0,0)(25,0)(25,2)(10,2)(10,10)(0,10)
Polygon:
(0,0)(8,0)(8,16)(1,16)(1,29)(0,29)
Polygon:
(0,0)(15,0)(15,5)(5,5)(5,23)(0,23)
Polygon:
(0,0)(9,0)(9,3)(8,3)(8,14)(0,14)
Polygon:
(0,0)(25,0)(25,4)(18,4)(18,17)(0,17)
Polygon:
(0,0)(16,0)(16,2)(0,2)
Polygon:
(0,0)(4,0)(4,17)(0,17)
Polygon:
(0,0)(22,0)(22,12)(12,12)(12,30)(0,30)
Polygon:
(0,0)(13,0)(13,11)(10,11)(10,29)(0,29)
Polygon:
(0,0)(14,0)(14,6)(0,6)
Polygon:
(0,0)(10,0)(10,12)(7,12)(7,28)(1,28)(1,18)(0,18)
Polygon:
(0,0)(16,0)(16,15)(0,15)
Polygon:
(0,0)(15,0)(15,17)(0,17)
Polygon:
(0,0)(25,0)(25,17)(20,17)(20,20)(3,20)(3,5)(0,5)
Polygon:
(0,0)(3,0)(3,7)(0,7)
Polygon:
(0,0)(13,0)(13,9)(0,9)
Polygon:
(0,0)(19,0)(19,5)(16,5)(16,16)(0,16)
Polygon:
(0,0)(2,0)(2,12)(0,12)
Polygon:
(0,0)(20,0)(20,9)(7,9)(7,13)(0,13)
Polygon:
(0,0)(39,0)(39,22)(21,22)(21,25)(13,25)(13,18)(0,18)
Polygon:
(0,0)(6,0)(6,14)(0,14)
Polygon:
(0,0)(33,0)(33,10)(18,10)(18,11)(2,11)(2,10)(0,10)
Polygon:
(0,0)(30,0)(30,5)(18,5)(18,12)(17,12)(17,2)(0,2)
Polygon:
(0,0)(14,0)(14,15)(0,15)
Polygon:
(0,0)(22,0)(22,12)(20,12)(20,14)(3,14)(3,5)(0,5)
Polygon:
(0,0)(16,0)(16,15)(0,15)
Polygon:
(0,0)(32,0)(32,17)(14,17)(14,33)(0,33)
Polygon:
(0,0)(10,0)(10,14)(4,14)(4,30)(0,30)
Polygon:
(0,0)(9,0)(9,8)(0,8)
Polygon:
(0,0)(18,0)(18,8)(0,8)
Polygon:
(0,0)(5,0)(5,15)(0,15)
Polygon:
(0,0)(37,0)(37,11)(33,11)(33,23)(15,23)(15,12)(0,12)
Polygon:
(0,0)(29,0)(29,8)(28,8)(28,19)(17,19)(17,12)(0,12)
Polygon:
(0,0)(27,0)(27,6)(13,6)(13,15)(0,15)
Polygon:
(0,0)(29,0)(29,10)(24,10)(24,18)(16,18)(16,4)(0,4)
Polygon:
(0,0)(2,0)(2,15)(0,15)
Polygon:
(0,0)(4,0)(4,6)(0,6)
Polygon:
(0,0)(12,0)(12,11)(10,11)(10,17)(1,17)(1,5)(0,5)
Polygon:
(0,0)(38,0)(38,23)(22,23)(22,30)(8,30)(8,17)(0,17)
Polygon:
(0,0)(16,0)(16,3)(0,3)
Polygon:
(0,0)(43,0)(43,7)(36,7)(36,17)(18,17)(18,14)(0,14)
Polygon:
(0,0)(7,0)(7,6)(0,6)
Polygon:
(0,0)(11,0)(11,16)(0,16)
Polygon:
(0,0)(24,0)(24,11)(17,11)(17,26)(0,26)
Polygon:
(0,0)(15,0)(15,1)(0,1)
Polygon:
(0,0)(1,0)(1,13)(0,13)
Polygon:
(0,0)(11,0)(11,15)(0,15)
Polygon:
(0,0)(27,0)(27,10)(10,10)(10,17)(0,17)
Polygon:
(0,0)(4,0)(4,7)(0,7)
Polygon:
(0,0)(3,0)(3,15)(0,15)
Polygon:
(0,0)(13,0)(13,9)(0,9)
Polygon:
(0,0)(5,0)(5,2)(0,2)
Polygon:
(0,0)(14,0)(14,9)(0,9)
Polygon:
(0,0)(17,0)(17,3)(0,3)
Polygon:
(0,0)(9,0)(9,2)(0,2)
Polygon:
(0,0)(11,0)(11,11)(0,11)
Polygon:
(0,0)(7,0)(7,18)(0,18)
Polygon:
(0,0)(31,0)(31,14)(16,14)(16,25)(2,25)(2,17)(0,17)
Polygon:
(0,0)(1,0)(1,3)(0,3)
Polygon:
(0,0)(9,0)(9,15)(0,15)
Polygon:
(0,0)(10,0)(10,1)(0,1)
Polygon:
(0,0)(1,0)(1,3)(0,3)
Polygon:
(0,0)(16,0)(16,14)(0,14)
Polygon:
(0,0)(16,0)(16,12)(10,12)(10,16)(0,16)
Polygon:
(0,0)(14,0)(14,7)(0,7)
Polygon:
(0,0)(1,0)(1,8)(0,8)
Polygon:
(0,0)(20,0)(20,10)(8,10)(8,27)(1,27)(1,18)(0,18)
Polygon:
(0,0)(20,0)(20,15)(14,15)(14,22)(0,22)
Polygon:
(0,0)(33,0)(33,25)(16,25)(16,26)(3,26)(3,12)(0,12)
Polygon:
(0,0)(28,0)(28,12)(15,12)(15,13)(9,13)(9,6)(0,6)
Polygon:
(0,0)(18,0)(18,8)(0,8)
Polygon:
(0,0)(39,0)(39,12)(26,12)(26,21)(13,21)(13,9)(0,9)
Polygon:
(0,0)(41,0)(41,20)(23,20)(23,22)(15,22)(15,9)(0,9)
Polygon:
(0,0)(16,0)(16,9)(0,9)
Polygon:
(0,0)(14,0)(14,13)(7,13)(7,27)(0,27)
Polygon:
(0,0)(29,0)(29,19)(22,19)(22,21)(10,21)(10,3)(0,3)
Polygon:
(0,0)(24,0)(24,6)(8,6)(8,9)(0,9)
Polygon:
(0,0)(12,0)(12,11)(7,11)(7,22)(0,22)
Polygon:
(0,0)(7,0)(7,17)(0,17)
Polygon:
(0,0)(26,0)(26,18)(8,18)(8,32)(0,32)
Polygon:
(0,0)(10,0)(10,7)(0,7)
Polygon:
(0,0)(28,0)(28,6)(20,6)(20,17)(3,17)(3,6)(0,6)
Polygon:
(0,0)(12,0)(12,5)(0,5)
Polygon:
(0,0)(11,0)(11,4)(0,4)
Polygon:
(0,0)(11,0)(11,5)(0,5)
Polygon:
(0,0)(13,0)(13,12)(0,12)
Polygon:
(0,0)(8,0)(8,9)(0,9)
Polygon:
(0,0)(3,0)(3,13)(0,13)
Polygon:
(0,0)(14,0)(14,6)(0,6)
Polygon:
(0,0)(9,0)(9,9)(0,9)
Polygon:
(0,0)(4,0)(4,11)(0,11)
Polygon:
(0,0)(11,0)(11,18)(0,18)
Polygon:
(0,0)(27,0)(27,4)(10,4)(10,10)(0,10)
Polygon:
(0,0)(18,0)(18,10)(0,10)
Polygon:
(0,0)(7,0)(7,9)(0,9)
Polygon:
(0,0)(5,0)(5,3)(0,3)
Polygon:
(0,0)(2,0)(2,17)(0,17)
Polygon:
(0,0)(1,0)(1,9)(0,9)
Polygon:
(0,0)(38,0)(38,1)(20,1)(20,14)(3,14)(3,5)(0,5)
Polygon:
(0,0)(13,0)(13,9)(0,9)
Polygon:
(0,0)(30,0)(30,6)(16,6)(16,23)(1,23)(1,11)(0,11)
Polygon:
(0,0)(10,0)(10,7)(0,7)
Polygon:
(0,0)(8,0)(8,12)(2,12)(2,15)(0,15)
Polygon:
(0,0)(32,0)(32,4)(16,4)(16,14)(2,14)(2,6)(0,6)
Polygon:
(0,0)(11,0)(11,14)(7,14)(7,26)(0,26)
Polygon:
(0,0)(10,0)(10,2)(4,2)(4,13)(0,13)
Polygon:
(0,0)(8,0)(8,9)(5,9)(5,23)(0,23)
Polygon:
(0,0)(14,0)(14,5)(0,5)
Polygon:
(0,0)(24,0)(24,10)(19,10)(19,19)(5,19)(5,8)(0,8)
Polygon:
(0,0)(16,0)(16,5)(0,5)
Polygon:
(0,0)(11,0)(11,16)(0,16)
Polygon:
(0,0)(18,0)(18,18)(10,18)(10,32)(0,32)
Polygon:
(0,0)(16,0)(16,18)(3,18)(3,35)(0,35)
Polygon:
(0,0)(17,0)(17,5)(16,5)(16,14)(0,14)
Polygon:
(0,0)(2,0)(2,6)(0,6)
Polygon:
(0,0)(14,0)(14,7)(0,7)
Polygon:
(0,0)(1,0)(1,8)(0,8)
Polygon:
(0,0)(32,0)(32,8)(15,8)(15,18)(0,18)
Polygon:
(0,0)(15,0)(15,15)(12,15)(12,16)(2,16)(2,8)(0,8)
Polygon:
(0,0)(9,0)(9,16)(0,16)
Polygon:
(0,0)(25,0)(25,7)(15,7)(15,16)(0,16)
Polygon:
(0,0)(35,0)(35,2)(17,2)(17,14)(0,14)
Polygon:
(0,0)(13,0)(13,3)(0,3)
Polygon:
(0,0)(35,0)(35,8)(22,8)(22,19)(16,19)(16,4)(0,4)
Polygon:
(0,0)(10,0)(10,3)(0,3)
Polygon:
(0,0)(14,0)(14,16)(0,16)
Polygon:
(0,0)(7,0)(7,5)(0,5)
Polygon:
(0,0)(42,0)(42,1)(31,1)(31,13)(18,13)(18,1)(0,1)
Polygon:
(0,0)(9,0)(9,8)(0,8)
Polygon:
(0,0)(13,0)(13,6)(0,6)
Polygon:
(0,0)(40,0)(40,6)(25,6)(25,17)(11,17)(11,3)(0,3)
Polygon:
(0,0)(33,0)(33,20)(21,20)(21,31)(18,31)(18,17)(0,17)
Polygon:
(0,0)(23,0)(23,17)(7,17)(7,34)(0,34)
Polygon:
(0,0)(11,0)(11,10)(5,10)(5,12)(2,12)(2,11)(0,11)
Polygon:
(0,0)(6,0)(6,3)(0,3)
Polygon:
(0,0)(4,0)(4,18)(0,18)
Polygon:
(0,0)(18,0)(18,18)(0,18)
Polygon:
(0,0)(1,0)(1,4)(0,4)
Polygon:
(0,0)(5,0)(5,18)(0,18)
Polygon:
(0,0)(17,0)(17,8)(0,8)
Polygon:
(0,0)(38,0)(38,26)(26,26)(26,27)(18,27)(18,9)(0,9)
Polygon:
(0,0)(17,0)(17,9)(7,9)(7,20)(3,20)(3,3)(0,3)
Polygon:
(0,0)(25,0)(25,16)(9,16)(9,26)(0,26)
Polygon:
(0,0)(1,0)(1,10)(0,10)
Polygon:
(0,0)(4,0)(4,12)(0,12)
Polygon:
(0,0)(17,0)(17,7)(0,7)
Polygon:
(0,0)(35,0)(35,7)(22,7)(22,15)(4,15)(4,3)(0,3)
Polygon:
(0,0)(32,0)(32,22)(16,22)(16,24)(12,24)(12,9)(0,9)
Polygon:
(0,0)(7,0)(7,14)(0,14)
Polygon:
(0,0)(29,0)(29,5)(20,5)(20,20)(9,20)(9,2)(0,2)
Polygon:
(0,0)(18,0)(18,11)(2,11)(2,28)(1,28)(1,13)(0,13)
Polygon:
(0,0)(33,0)(33,15)(15,15)(15,22)(0,22)
Polygon:
(0,0)(15,0)(15,10)(7,10)(7,21)(0,21)
Polygon:
(0,0)(34,0)(34,4)(18,4)(18,21)(15,21)(15,18)(0,18)
Polygon:
(0,0)(20,0)(20,18)(13,18)(13,23)(0,23)
Polygon:
(0,0)(20,0)(20,6)(18,6)(18,10)(16,10)(16,2)(0,2)
Polygon:
(0,0)(28,0)(28,4)(14,4)(14,19)(0,19)
Polygon:
(0,0)(21,0)(21,17)(4,17)(4,25)(0,25)
Polygon:
(0,0)(8,0)(8,14)(0,14)
Polygon:
(0,0)(10,0)(10,17)(0,17)
Polygon:
(0,0)(16,0)(16,1)(0,1)
Polygon:
(0,0)(22,0)(22,10)(8,10)(8,19)(0,19)
Polygon:
(0,0)(1,0)(1,11)(0,11)
Polygon:
(0,0)(37,0)(37,10)(26,10)(26,14)(13,14)(13,8)(0,8)
Polygon:
(0,0)(14,0)(14,11)(3,11)(3,25)(0,25)
Polygon:
(0,0)(6,0)(6,16)(0,16)
Polygon:
(0,0)(22,0)(22,4)(7,4)(7,21)(0,21)
Polygon:
(0,0)(12,0)(12,17)(0,17)
Polygon:
(0,0)(23,0)(23,24)(15,24)(15,26)(12,26)(12,12)(0,12)
Polygon:
(0,0)(17,0)(17,5)(0,5)
Polygon:
(0,0)(26,0)(26,14)(22,14)(22,20)(10,20)(10,6)(0,6)
Polygon:
(0,0)(40,0)(40,11)(33,11)(33,15)(15,15)(15,1)(0,1)
Polygon:
(0,0)(12,0)(12,3)(0,3)
Polygon:
(0,0)(28,0)(28,3)(14,3)(14,21)(0,21)
Polygon:
(0,0)(3,0)(3,16)(0,16)
Polygon:
(0,0)(18,0)(18,6)(0,6)
Polygon:
(0,0)(8,0)(8,17)(0,17)
Polygon:
(0,0)(9,0)(9,15)(1,15)(1,20)(0,20)
Polygon:
(0,0)(25,0)(25,4)(12,4)(12,17)(0,17)
Polygon:
(0,0)(34,0)(34,14)(24,14)(24,26)(8,26)(8,10)(0,10)
Polygon:
(0,0)(17,0)(17,9)(14,9)(14,17)(4,17)(4,9)(0,9)
Polygon:
(0,0)(18,0)(18,11)(9,11)(9,17)(5,17)(5,5)(0,5)
Polygon:
(0,0)(44,0)(44,14)(33,14)(33,26)(16,26)(16,13)(0,13)
Polygon:
(0,0)(19,0)(19,3)(11,3)(11,4)(0,4)
Polygon:
(0,0)(12,0)(12,15)(0,15)
Polygon:
(0,0)(1,0)(1,7)(0,7)
Polygon:
(0,0)(20,0)(20,25)(14,25)(14,34)(12,34)(12,18)(0,18)
Polygon:
(0,0)(16,0)(16,14)(0,14)
Polygon:
(0,0)(28,0)(28,12)(16,12)(16,13)(0,13)
Polygon:
(0,0)(8,0)(8,6)(5,6)(5,19)(0,19)
Polygon:
(0,0)(33,0)(33,11)(16,11)(16,17)(9,17)(9,16)(0,16)
Polygon:
(0,0)(39,0)(39,26)(25,26)(25,29)(14,29)(14,12)(0,12)
Polygon:
(0,0)(8,0)(8,16)(0,16)
Polygon:
(0,0)(16,0)(16,1)(0,1)
Polygon:
(0,0)(35,0)(35,16)(27,16)(27,23)(15,23)(15,8)(0,8)
Polygon:
(0,0)(8,0)(8,10)(0,10)
Polygon:
(0,0)(43,0)(43,9)(25,9)(25,16)(7,16)(7,13)(0,13)
Polygon:
(0,0)(44,0)(44,8)(26,8)(26,15)(16,15)(16,13)(0,13)
Polygon:
(0,0)(6,0)(6,11)(0,11)
Polygon:
(0,0)(2,0)(2,15)(0,15)
Polygon:
(0,0)(4,0)(4,10)(0,10)
Polygon:
(0,0)(4,0)(4,10)(1,10)(1,14)(0,14)
Polygon:
(0,0)(36,0)(36,18)(26,18)(26,24)(14,24)(14,9)(0,9)
Polygon:
(0,0)(22,0)(22,17)(12,17)(12,31)(3,31)(3,13)(0,13)
Polygon:
(0,0)(8,0)(8,11)(0,11)
Polygon:
(0,0)(7,0)(7,4)(0,4)
Polygon:
(0,0)(5,0)(5,13)(0,13)
Polygon:
(0,0)(38,0)(38,13)(23,13)(23,20)(18,20)(18,2)(0,2)
Polygon:
(0,0)(23,0)(23,14)(13,14)(13,19)(10,19)(10,7)(0,7)
Polygon:
(0,0)(13,0)(13,14)(0,14)
Polygon:
(0,0)(12,0)(12,16)(0,16)
Polygon:
(0,0)(1,0)(1,6)(0,6)
Polygon:
(0,0)(24,0)(24,2)(11,2)(11,10)(0,10)
Polygon:
(0,0)(33,0)(33,15)(24,15)(24,30)(6,30)(6,12)(0,12)
Polygon:
(0,0)(8,0)(8,17)(0,17)
Polygon:
(0,0)(11,0)(11,10)(0,10)
Polygon:
(0,0)(2,0)(2,9)(0,9)
Polygon:
(0,0)(8,0)(8,16)(0,16)
Polygon:
(0,0)(19,0)(19,4)(18,4)(18,17)(14,17)(14,6)(0,6)
Polygon:
(0,0)(16,0)(16,18)(0,18)
Polygon:
(0,0)(43,0)(43,13)(35,13)(35,16)(17,16)(17,14)(0,14)
Polygon:
(0,0)(29,0)(29,4)(11,4)(11,14)(7,14)(7,7)(0,7)
Polygon:
(0,0)(18,0)(18,17)(0,17)
Polygon:
(0,0)(6,0)(6,13)(1,13)(1,16)(0,16)
Polygon:
(0,0)(4,0)(4,16)(0,16)
Polygon:
(0,0)(30,0)(30,11)(21,11)(21,17)(14,17)(14,14)(0,14)
Polygon:
(0,0)(15,0)(15,9)(5,9)(5,22)(3,22)(3,11)(0,11)
Polygon:
(0,0)(16,0)(16,18)(0,18)
Polygon:
(0,0)(3,0)(3,6)(0,6)
Polygon:
(0,0)(22,0)(22,17)(11,17)(11,22)(0,22)
Polygon:
(0,0)(14,0)(14,6)(0,6)
Polygon:
(0,0)(25,0)(25,2)(24,2)(24,19)(15,19)(15,17)(0,17)
Polygon:
(0,0)(21,0)(21,16)(8,16)(8,25)(5,25)(5,8)(0,8)
Polygon:
(0,0)(12,0)(12,18)(5,18)(5,20)(0,20)
Polygon:
(0,0)(33,0)(33,3)(32,3)(32,17)(17,17)(17,13)(0,13)
Polygon:
(0,0)(17,0)(17,6)(16,6)(16,10)(0,10)
Polygon:
(0,0)(40,0)(40,5)(34,5)(34,18)(18,18)(18,17)(0,17)
Polygon:
(0,0)(14,0)(14,15)(0,15)
Polygon:
(0,0)(17,0)(17,13)(0,13)
Polygon:
(0,0)(4,0)(4,10)(0,10)
Polygon:
(0,0)(14,0)(14,11)(9,11)(9,26)(0,26)
Polygon:
(0,0)(37,0)(37,5)(24,5)(24,20)(10,20)(10,2)(0,2)
Polygon:
(0,0)(7,0)(7,10)(0,10)
Polygon:
(0,0)(7,0)(7,10)(4,10)(4,12)(0,12)
Polygon:
(0,0)(9,0)(9,2)(0,2)
Polygon:
(0,0)(11,0)(11,3)(0,3)
Polygon:
(0,0)(13,0)(13,3)(0,3)
Polygon:
(0,0)(5,0)(5,6)(0,6)
Polygon:
(0,0)(32,0)(32,6)(15,6)(15,13)(0,13)
Polygon:
(0,0)(22,0)(22,5)(13,5)(13,13)(0,13)
Polygon:
(0,0)(9,0)(9,12)(0,12)
Polygon:
(0,0)(13,0)(13,18)(0,18)
Polygon:
(0,0)(17,0)(17,5)(0,5)
Polygon:
(0,0)(27,0)(27,8)(15,8)(15,11)(10,11)(10,3)(0,3)
Polygon:
(0,0)(16,0)(16,17)(7,17)(7,20)(5,20)(5,9)(0,9)
Polygon:
(0,0)(3,0)(3,2)(0,2)
Polygon:
(0,0)(5,0)(5,2)(0,2)
Polygon:
(0,0)(34,0)(34,11)(18,11)(18,28)(0,28)
Polygon:
(0,0)(41,0)(41,5)(26,5)(26,10)(10,10)(10,3)(0,3)
Polygon:
(0,0)(9,0)(9,6)(0,6)
Polygon:
(0,0)(19,0)(19,12)(13,12)(13,22)(9,22)(9,5)(0,5)
Polygon:
(0,0)(6,0)(6,6)(0,6)
Polygon:
(0,0)(28,0)(28,10)(18,10)(18,14)(0,14)
Polygon:
(0,0)(13,0)(13,17)(12,17)(12,19)(5,19)(5,13)(0,13)
Polygon:
(0,0)(19,0)(19,2)(18,2)(18,9)(0,9)
Polygon:
(0,0)(7,0)(7,1)(4,1)(4,19)(0,19)
Polygon:
(0,0)(21,0)(21,7)(6,7)(6,11)(0,11)
Polygon:
(0,0)(13,0)(13,2)(0,2)
Polygon:
(0,0)(19,0)(19,4)(1,4)(1,10)(0,10)
Polygon:
(0,0)(35,0)(35,5)(22,5)(22,18)(18,18)(18,15)(0,15)
Polygon:
(0,0)(33,0)(33,7)(27,7)(27,19)(12,19)(12,3)(0,3)
Polygon:
(0,0)(27,0)(27,16)(24,16)(24,18)(16,18)(16,5)(0,5)
Polygon:
(0,0)(15,0)(15,15)(10,15)(10,33)(0,33)
Polygon:
(0,0)(6,0)(6,7)(0,7)
Polygon:
(0,0)(19,0)(19,6)(9,6)(9,21)(0,21)
Polygon:
(0,0)(11,0)(11,2)(0,2)
Polygon:
(0,0)(15,0)(15,11)(6,11)(6,18)(3,18)(3,4)(0,4)
Polygon:
(0,0)(3,0)(3,16)(0,16)
Polygon:
(0,0)(16,0)(16,16)(15,16)(15,17)(4,17)(4,3)(0,3)
Polygon:
(0,0)(2,0)(2,9)(0,9)
Polygon:
(0,0)(8,0)(8,6)(0,6)
Polygon:
(0,0)(46,0)(46,13)(28,13)(28,28)(10,28)(10,10)(0,10)
Polygon:
(0,0)(12,0)(12,4)(2,4)(2,17)(0,17)
Polygon:
(0,0)(17,0)(17,6)(0,6)
Polygon:
(0,0)(17,0)(17,17)(0,17)
Polygon:
(0,0)(11,0)(11,15)(1,15)(1,22)(0,22)
Polygon:
(0,0)(7,0)(7,16)(4,16)(4,19)(0,19)
Polygon:
(0,0)(19,0)(19,17)(1,17)(1,27)(0,27)
Polygon:
(0,0)(31,0)(31,21)(18,21)(18,24)(13,24)(13,14)(0,14)
Polygon:
(0,0)(1,0)(1,4)(0,4)
Polygon:
(0,0)(17,0)(17,2)(0,2)
Polygon:
(0,0)(7,0)(7,11)(0,11)
Polygon:
(0,0)(1,0)(1,9)(0,9)
Polygon:
(0,0)(20,0)(20,8)(17,8)(17,24)(12,24)(12,14)(0,14)
Polygon:
(0,0)(8,0)(8,3)(0,3)
Polygon:
(0,0)(29,0)(29,7)(21,7)(21,15)(15,15)(15,3)(0,3)
Polygon:
(0,0)(11,0)(11,7)(3,7)(3,10)(1,10)(1,9)(0,9)
Polygon:
(0,0)(15,0)(15,9)(2,9)(2,19)(0,19)
Polygon:
(0,0)(34,0)(34,1)(16,1)(16,4)(9,4)(9,3)(0,3)
Polygon:
(0,0)(37,0)(37,15)(24,15)(24,27)(17,27)(17,17)(0,17)
Polygon:
(0,0)(21,0)(21,3)(9,3)(9,20)(0,20)
Polygon:
(0,0)(22,0)(22,9)(11,9)(11,25)(2,25)(2,13)(0,13)
Polygon:
(0,0)(10,0)(10,4)(0,4)
Polygon:
(0,0)(18,0)(18,17)(0,17)
Polygon:
(0,0)(8,0)(8,17)(1,17)(1,19)(0,19)
Polygon:
(0,0)(14,0)(14,14)(0,14)
Polygon:
(0,0)(34,0)(34,17)(25,17)(25,32)(9,32)(9,17)(0,17)
Polygon:
(0,0)(20,0)(20,4)(6,4)(6,17)(0,17)
Polygon:
(0,0)(13,0)(13,12)(0,12)
Polygon:
(0,0)(20,0)(20,12)(13,12)(13,17)(8,17)(8,4)(0,4)
Polygon:
(0,0)(2,0)(2,11)(0,11)
Polygon:
(0,0)(30,0)(30,13)(16,13)(16,27)(0,27)
Polygon:
(0,0)(17,0)(17,7)(0,7)
Polygon:
(0,0)(27,0)(27,22)(9,22)(9,24)(4,24)(4,9)(0,9)
Polygon:
(0,0)(3,0)(3,1)(0,1)
Polygon:
(0,0)(15,0)(15,9)(0,9)
Polygon:
(0,0)(1,0)(1,10)(0,10)
Polygon:
(0,0)(11,0)(11,10)(0,10)
Polygon:
(0,0)(19,0)(19,16)(5,16)(5,20)(0,20)
Polygon:
(0,0)(20,0)(20,3)(5,3)(5,19)(0,19)
Polygon:
(0,0)(21,0)(21,2)(20,2)(20,17)(11,17)(11,7)(0,7)
Polygon:
(0,0)(24,0)(24,5)(18,5)(18,18)(0,18)
Polygon:
(0,0)(10,0)(10,11)(0,11)
Polygon:
(0,0)(14,0)(14,1)(0,1)
Polygon:
(0,0)(15,0)(15,7)(0,7)
Polygon:
(0,0)(8,0)(8,2)(3,2)(3,18)(0,18)
Polygon:
(0,0)(14,0)(14,8)(0,8)
Polygon:
(0,0)(3,0)(3,5)(0,5)
Polygon:
(0,0)(23,0)(23,12)(22,12)(22,15)(7,15)(7,13)(0,13)
Polygon:
(0,0)(2,0)(2,17)(0,17)
Polygon:
(0,0)(9,0)(9,10)(0,10)
Polygon:
(0,0)(10,0)(10,14)(0,14)
Polygon:
(0,0)(1,0)(1,6)(0,6)
Polygon:
(0,0)(20,0)(20,6)(4,6)(4,11)(0,11)
Polygon:
(0,0)(19,0)(19,7)(9,7)(9,20)(0,20)
Polygon:
(0,0)(29,0)(29,10)(18,10)(18,27)(0,27)
Polygon:
(0,0)(36,0)(36,19)(22,19)(22,27)(9,27)(9,11)(0,11)
Polygon:
(0,0)(36,0)(36,9)(27,9)(27,13)(11,13)(11,6)(0,6)
Polygon:
(0,0)(1,0)(1,8)(0,8)
Polygon:
(0,0)(17,0)(17,9)(0,9)
Polygon:
(0,0)(23,0)(23,11)(6,11)(6,19)(2,19)(2,15)(0,15)
Polygon:
(0,0)(19,0)(19,17)(12,17)(12,19)(1,19)(1,1)(0,1)
Polygon:
(0,0)(31,0)(31,5)(19,5)(19,11)(4,11)(4,7)(0,7)
Polygon:
(0,0)(5,0)(5,16)(3,16)(3,28)(0,28)
Polygon:
(0,0)(16,0)(16,5)(0,5)
Polygon:
(0,0)(14,0)(14,10)(10,10)(10,21)(5,21)(5,18)(0,18)
Polygon:
(0,0)(28,0)(28,12)(16,12)(16,29)(0,29)
Polygon:
(0,0)(27,0)(27,14)(14,14)(14,29)(0,29)
Polygon:
(0,0)(28,0)(28,7)(24,7)(24,25)(7,25)(7,13)(0,13)
Polygon:
(0,0)(25,0)(25,3)(17,3)(17,14)(16,14)(16,10)(0,10)
Polygon:
(0,0)(23,0)(23,3)(15,3)(15,8)(5,8)(5,1)(0,1)
Polygon:
(0,0)(36,0)(36,21)(31,21)(31,26)(16,26)(16,9)(0,9)
Polygon:
(0,0)(11,0)(11,12)(0,12)
Polygon:
(0,0)(6,0)(6,5)(0,5)
Polygon:
(0,0)(14,0)(14,17)(0,17)
Polygon:
(0,0)(4,0)(4,18)(0,18)
Polygon:
(0,0)(17,0)(17,4)(15,4)(15,16)(13,16)(13,2)(0,2)
Polygon:
(0,0)(4,0)(4,8)(0,8)
Polygon:
(0,0)(11,0)(11,12)(0,12)
Polygon:
(0,0)(19,0)(19,3)(13,3)(13,4)(0,4)
Polygon:
(0,0)(16,0)(16,5)(11,5)(11,10)(0,10)
Polygon:
(0,0)(9,0)(9,1)(5,1)(5,12)(0,12)
Polygon:
(0,0)(16,0)(16,1)(0,1)
Polygon:
(0,0)(19,0)(19,5)(8,5)(8,19)(5,19)(5,18)(0,18)
Polygon:
(0,0)(10,0)(10,12)(0,12)
Polygon:
(0,0)(3,0)(3,4)(0,4)
Polygon:
(0,0)(8,0)(8,9)(2,9)(2,24)(0,24)
Polygon:
(0,0)(23,0)(23,11)(14,11)(14,27)(0,27)
Polygon:
(0,0)(38,0)(38,1)(26,1)(26,11)(14,11)(14,1)(0,1)
Polygon:
(0,0)(26,0)(26,14)(12,14)(12,27)(0,27)
Polygon:
(0,0)(13,0)(13,3)(2,3)(2,15)(0,15)
Polygon:
(0,0)(9,0)(9,5)(0,5)
Polygon:
(0,0)(38,0)(38,26)(22,26)(22,30)(4,30)(4,13)(0,13)
Polygon:
(0,0)(2,0)(2,9)(0,9)
Polygon:
(0,0)(19,0)(19,16)(11,16)(11,27)(0,27)
Polygon:
(0,0)(36,0)(36,26)(26,26)(26,27)(15,27)(15,9)(0,9)
Polygon:
(0,0)(14,0)(14,14)(0,14)
Polygon:
(0,0)(12,0)(12,13)(0,13)
Polygon:
(0,0)(11,0)(11,2)(0,2)
Polygon:
(0,0)(18,0)(18,3)(0,3)
Polygon:
(0,0)(26,0)(26,18)(12,18)(12,26)(2,26)(2,12)(0,12)
Polygon:
(0,0)(12,0)(12,8)(0,8)
Polygon:
(0,0)(15,0)(15,17)(1,17)(1,19)(0,19)
Polygon:
(0,0)(33,0)(33,23)(26,23)(26,26)(10,26)(10,11)(0,11)
Polygon:
(0,0)(15,0)(15,2)(0,2)
Polygon:
(0,0)(8,0)(8,11)(0,11)
Polygon:
(0,0)(10,0)(10,4)(4,4)(4,8)(2,8)(2,4)(0,4)
Polygon:
(0,0)(14,0)(14,1)(0,1)
Polygon:
(0,0)(11,0)(11,12)(0,12)
Polygon:
(0,0)(5,0)(5,5)(0,5)
Polygon:
(0,0)(19,0)(19,9)(18,9)(18,26)(0,26)
Polygon:
(0,0)(16,0)(16,12)(10,12)(10,20)(0,20)
Polygon:
(0,0)(11,0)(11,14)(0,14)
Polygon:
(0,0)(14,0)(14,16)(0,16)
Polygon:
(0,0)(40,0)(40,4)(29,4)(29,14)(18,14)(18,11)(0,11)
Polygon:
(0,0)(5,0)(5,10)(0,10)
Polygon:
(0,0)(12,0)(12,11)(0,11)
Polygon:
(0,0)(17,0)(17,16)(0,16)
Polygon:
(0,0)(31,0)(31,13)(17,13)(17,30)(0,30)
Polygon:
(0,0)(3,0)(3,17)(0,17)
Polygon:
(0,0)(10,0)(10,1)(0,1)
Polygon:
(0,0)(18,0)(18,5)(11,5)(11,6)(0,6)
Polygon:
(0,0)(7,0)(7,13)(0,13)
Polygon:
(0,0)(5,0)(5,18)(0,18)
Polygon:
(0,0)(2,0)(2,9)(0,9)
Polygon:
(0,0)(17,0)(17,2)(2,2)(2,16)(0,16)
Polygon:
(0,0)(8,0)(8,12)(0,12)
Polygon:
(0,0)(4,0)(4,3)(0,3)
Polygon:
(0,0)(18,0)(18,7)(0,7)
Polygon:
(0,0)(18,0)(18,20)(13,20)(13,24)(6,24)(6,17)(0,17)
Polygon:
(0,0)(16,0)(16,2)(0,2)
Polygon:
(0,0)(47,0)(47,19)(30,19)(30,25)(18,25)(18,15)(0,15)
Polygon:
(0,0)(9,0)(9,1)(4,1)(4,7)(0,7)
Polygon:
(0,0)(21,0)(21,10)(17,10)(17,22)(0,22)
Polygon:
(0,0)(7,0)(7,13)(0,13)
Polygon:
(0,0)(30,0)(30,22)(18,22)(18,25)(2,25)(2,9)(0,9)
Polygon:
(0,0)(35,0)(35,29)(23,29)(23,31)(15,31)(15,14)(0,14)
Polygon:
(0,0)(9,0)(9,8)(0,8)
Polygon:
(0,0)(49,0)(49,11)(32,11)(32,25)(17,25)(17,18)(0,18)
Polygon:
(0,0)(46,0)(46,5)(30,5)(30,18)(12,18)(12,4)(0,4)
Polygon:
(0,0)(14,0)(14,15)(0,15)
Polygon:
(0,0)(14,0)(14,8)(0,8)
Polygon:
(0,0)(11,0)(11,12)(0,12)
Polygon:
(0,0)(21,0)(21,9)(19,9)(19,18)(12,18)(12,16)(0,16)
Polygon:
(0,0)(30,0)(30,19)(18,19)(18,20)(7,20)(7,9)(0,9)
Polygon:
(0,0)(10,0)(10,6)(0,6)
Polygon:
(0,0)(30,0)(30,11)(13,11)(13,22)(4,22)(4,10)(0,10)
Polygon:
(0,0)(32,0)(32,24)(31,24)(31,27)(15,27)(15,16)(0,16)
