Polygon:
(0,0)(6,0)(6,11)(0,11)
Polygon:
(0,0)(12,0)(12,5)(0,5)
Polygon:
(0,0)(32,0)(32,2)(14,2)(14,7)(0,7)
Polygon:
(0,0)(1,0)(1,17)(0,17)
Polygon:
(0,0)(18,0)(18,15)(0,15)
Polygon:
(0,0)(44,0)(44,1)(29,1)(29,13)(14,13)(14,8)(0,8)
Polygon:
(0,0)(13,0)(13,15)(0,15)
Polygon:
(0,0)(27,0)(27,22)(15,22)(15,23)(9,23)(9,7)(0,7)
Polygon:
(0,0)(14,0)(14,11)(0,11)
Polygon:
(0,0)(8,0)(8,14)(0,14)
Polygon:
(0,0)(8,0)(8,7)(0,7)
Polygon:
(0,0)(6,0)(6,14)(0,14)
Polygon:
(0,0)(40,0)(40,4)(24,4)(24,7)(17,7)(17,1)(0,1)
Polygon:
(0,0)(17,0)(17,16)(11,16)(11,28)(0,28)
Polygon:
(0,0)(16,0)(16,10)(0,10)
Polygon:
(0,0)(33,0)(33,4)(15,4)(15,18)(0,18)
Polygon:
(0,0)(22,0)(22,14)(15,14)(15,30)(0,30)
Polygon:
(0,0)(33,0)(33,8)(16,8)(16,23)(0,23)
Polygon:
(0,0)(4,0)(4,10)(0,10)
Polygon:
(0,0)(15,0)(15,5)(0,5)
Polygon:
(0,0)(12,0)(12,18)(0,18)
Polygon:
(0,0)(20,0)(20,18)(5,18)(5,31)(0,31)
Polygon:
(0,0)(28,0)(28,11)(11,11)(11,13)(1,13)(1,4)(0,4)
Polygon:
(0,0)(20,0)(20,9)(3,9)(3,22)(0,22)
Polygon:
(0,0)(26,0)(26,20)(20,20)(20,27)(7,27)(7,14)(0,14)
Polygon:
(0,0)(3,0)(3,4)(0,4)
Polygon:
(0,0)(12,0)(12,1)(7,1)(7,7)(0,7)
Polygon:
(0,0)(3,0)(3,5)(0,5)
Polygon:
(0,0)(3,0)(3,5)(0,5)
Polygon:
(0,0)(21,0)(21,5)(17,5)(17,14)(16,14)(16,13)(0,13)
Polygon:
(0,0)(9,0)(9,8)(0,8)
Polygon:
(0,0)(16,0)(16,20)(12,20)(12,26)(1,26)(1,17)(0,17)
Polygon:
(0,0)(11,0)(11,3)(0,3)
Polygon:
(0,0)(7,0)(7,12)(0,12)
Polygon:
(0,0)(30,0)(30,10)(21,10)(21,28)(12,28)(12,17)(0,17)
Polygon:
(0,0)(4,0)(4,14)(0,14)
Polygon:
(0,0)(16,0)(16,18)(15,18)(15,29)(0,29)
Polygon:
(0,0)(1,0)(1,3)(0,3)
Polygon:
(0,0)(16,0)(16,5)(0,5)
Polygon:
(0,0)(51,0)(51,14)(33,14)(33,19)(15,19)(15,4)(0,4)
Polygon:
(0,0)(22,0)(22,8)(17,8)(17,21)(0,21)
Polygon:
(0,0)(2,0)(2,4)(0,4)
Polygon:
(0,0)(6,0)(6,10)(0,10)
Polygon:
(0,0)(1,0)(1,16)(0,16)
Polygon:
(0,0)(5,0)(5,13)(0,13)
Polygon:
(0,0)(7,0)(7,3)(0,3)
Polygon:
(0,0)(15,0)(15,3)(4,3)(4,11)(0,11)
Polygon:
(0,0)(17,0)(17,10)(0,10)
Polygon:
(0,0)(23,0)(23,12)(8,12)(8,29)(0,29)
Polygon:
(0,0)(24,0)(24,12)(20,12)(20,14)(9,14)(9,9)(0,9)
Polygon:
(0,0)(16,0)(16,16)(15,16)(15,32)(0,32)
Polygon:
(0,0)(16,0)(16,13)(0,13)
Polygon:
(0,0)(20,0)(20,11)(17,11)(17,16)(12,16)(12,8)(0,8)
Polygon:
(0,0)(14,0)(14,5)(0,5)
Polygon:
(0,0)(28,0)(28,14)(11,14)(11,22)(0,22)
Polygon:
(0,0)(15,0)(15,4)(0,4)
Polygon:
(0,0)(29,0)(29,11)(24,11)(24,17)(14,17)(14,12)(0,12)
Polygon:
(0,0)(31,0)(31,3)(17,3)(17,17)(0,17)
Polygon:
(0,0)(14,0)(14,12)(4,12)(4,26)(0,26)
Polygon:
(0,0)(13,0)(13,14)(3,14)(3,19)(2,19)(2,2)(0,2)
Polygon:
(0,0)(23,0)(23,13)(17,13)(17,17)(0,17)
Polygon:
(0,0)(19,0)(19,2)(14,2)(14,5)(12,5)(12,4)(0,4)
Polygon:
(0,0)(21,0)(21,8)(6,8)(6,19)(1,19)(1,2)(0,2)
Polygon:
(0,0)(9,0)(9,6)(0,6)
Polygon:
(0,0)(20,0)(20,4)(8,4)(8,16)(0,16)
Polygon:
(0,0)(24,0)(24,1)(17,1)(17,13)(1,13)(1,12)(0,12)
Polygon:
(0,0)(2,0)(2,2)(0,2)
Polygon:
(0,0)(8,0)(8,16)(0,16)
Polygon:
(0,0)(42,0)(42,3)(25,3)(25,16)(14,16)(14,4)(0,4)
Polygon:
(0,0)(32,0)(32,17)(26,17)(26,31)(11,31)(11,17)(0,17)
Polygon:
(0,0)(12,0)(12,6)(0,6)
Polygon:
(0,0)(9,0)(9,14)(0,14)
Polygon:
(0,0)(20,0)(20,21)(19,21)(19,27)(2,27)(2,9)(0,9)
Polygon:
(0,0)(27,0)(27,6)(16,6)(16,8)(0,8)
Polygon:
(0,0)(10,0)(10,10)(0,10)
Polygon:
(0,0)(11,0)(11,8)(0,8)
Polygon:
(0,0)(32,0)(32,5)(18,5)(18,9)(8,9)(8,6)(0,6)
Polygon:
(0,0)(2,0)(2,8)(0,8)
Polygon:
(0,0)(5,0)(5,8)(0,8)
Polygon:
(0,0)(17,0)(17,11)(8,11)(8,15)(0,15)
Polygon:
(0,0)(7,0)(7,13)(0,13)
Polygon:
(0,0)(1,0)(1,6)(0,6)
Polygon:
(0,0)(4,0)(4,16)(2,16)(2,34)(0,34)
Polygon:
(0,0)(5,0)(5,5)(0,5)
Polygon:
(0,0)(16,0)(16,2)(0,2)
Polygon:
(0,0)(24,0)(24,14)(23,14)(23,24)(9,24)(9,16)(0,16)
Polygon:
(0,0)(17,0)(17,10)(9,10)(9,13)(5,13)(5,4)(0,4)
Polygon:
(0,0)(13,0)(13,14)(0,14)
Polygon:
(0,0)(4,0)(4,17)(0,17)
Polygon:
(0,0)(7,0)(7,15)(0,15)
Polygon:
(0,0)(8,0)(8,2)(0,2)
Polygon:
(0,0)(4,0)(4,13)(0,13)
Polygon:
(0,0)(24,0)(24,9)(22,9)(22,24)(11,24)(11,18)(0,18)
Polygon:
(0,0)(2,0)(2,1)(0,1)
Polygon:
(0,0)(4,0)(4,18)(0,18)
Polygon:
(0,0)(10,0)(10,17)(0,17)
Polygon:
(0,0)(11,0)(11,6)(3,6)(3,22)(0,22)
Polygon:
(0,0)(25,0)(25,5)(16,5)(16,17)(7,17)(7,12)(0,12)
Polygon:
(0,0)(6,0)(6,14)(0,14)
Polygon:
(0,0)(34,0)(34,15)(18,15)(18,17)(7,17)(7,16)(0,16)
Polygon:
(0,0)(32,0)(32,11)(18,11)(18,27)(0,27)
Polygon:
(0,0)(6,0)(6,10)(0,10)
Polygon:
(0,0)(8,0)(8,7)(0,7)
Polygon:
(0,0)(4,0)(4,13)(0,13)
Polygon:
(0,0)(11,0)(11,4)(0,4)
Polygon:
(0,0)(51,0)(51,13)(34,13)(34,19)(18,19)(18,1)(0,1)
Polygon:
(0,0)(38,0)(38,20)(36,20)(36,22)(18,22)(18,8)(0,8)
Polygon:
(0,0)(7,0)(7,2)(0,2)
Polygon:
(0,0)(4,0)(4,14)(0,14)
Polygon:
(0,0)(14,0)(14,17)(0,17)
Polygon:
(0,0)(13,0)(13,9)(0,9)
Polygon:
(0,0)(10,0)(10,9)(0,9)
Polygon:
(0,0)(5,0)(5,5)(3,5)(3,23)(0,23)
Polygon:
(0,0)(20,0)(20,18)(10,18)(10,32)(0,32)
Polygon:
(0,0)(23,0)(23,14)(10,14)(10,24)(0,24)
Polygon:
(0,0)(9,0)(9,5)(8,5)(8,11)(0,11)
Polygon:
(0,0)(7,0)(7,3)(6,3)(6,4)(0,4)
Polygon:
(0,0)(9,0)(9,7)(0,7)
Polygon:
(0,0)(37,0)(37,18)(30,18)(30,19)(14,19)(14,18)(0,18)
Polygon:
(0,0)(8,0)(8,13)(0,13)
Polygon:
(0,0)(5,0)(5,1)(0,1)
Polygon:
(0,0)(13,0)(13,14)(4,14)(4,29)(0,29)
Polygon:
(0,0)(5,0)(5,13)(0,13)
Polygon:
(0,0)(32,0)(32,9)(16,9)(16,13)(3,13)(3,3)(0,3)
Polygon:
(0,0)(17,0)(17,15)(13,15)(13,19)(0,19)
Polygon:
(0,0)(11,0)(11,10)(4,10)(4,24)(0,24)
Polygon:
(0,0)(1,0)(1,14)(0,14)
Polygon:
(0,0)(2,0)(2,1)(0,1)
Polygon:
(0,0)(6,0)(6,4)(0,4)
Polygon:
(0,0)(22,0)(22,9)(10,9)(10,15)(0,15)
Polygon:
(0,0)(6,0)(6,5)(0,5)
Polygon:
(0,0)(35,0)(35,10)(17,10)(17,27)(0,27)
Polygon:
(0,0)(22,0)(22,21)(18,21)(18,22)(16,22)(16,9)(0,9)
Polygon:
(0,0)(23,0)(23,16)(8,16)(8,26)(0,26)
Polygon:
(0,0)(17,0)(17,17)(0,17)
Polygon:
(0,0)(19,0)(19,5)(8,5)(8,17)(5,17)(5,1)(0,1)
Polygon:
(0,0)(3,0)(3,9)(0,9)
Polygon:
(0,0)(32,0)(32,21)(20,21)(20,28)(13,28)(13,17)(0,17)
Polygon:
(0,0)(26,0)(26,12)(17,12)(17,22)(0,22)
Polygon:
(0,0)(24,0)(24,8)(14,8)(14,16)(0,16)
Polygon:
(0,0)(15,0)(15,16)(0,16)
Polygon:
(0,0)(1,0)(1,10)(0,10)
Polygon:
(0,0)(49,0)(49,8)(31,8)(31,25)(14,25)(14,18)(0,18)
Polygon:
(0,0)(12,0)(12,6)(0,6)
Polygon:
(0,0)(13,0)(13,7)(0,7)
Polygon:
(0,0)(10,0)(10,3)(0,3)
Polygon:
(0,0)(25,0)(25,21)(20,21)(20,25)(4,25)(4,15)(0,15)
Polygon:
(0,0)(15,0)(15,12)(0,12)
Polygon:
(0,0)(27,0)(27,5)(18,5)(18,11)(14,11)(14,9)(0,9)
Polygon:
(0,0)(6,0)(6,7)(0,7)
Polygon:
(0,0)(8,0)(8,13)(0,13)
Polygon:
(0,0)(30,0)(30,14)(14,14)(14,18)(7,18)(7,11)(0,11)
Polygon:
(0,0)(12,0)(12,9)(0,9)
Polygon:
(0,0)(9,0)(9,15)(0,15)
Polygon:
(0,0)(11,0)(11,18)(0,18)
Polygon:
(0,0)(46,0)(46,12)(29,12)(29,18)(16,18)(16,5)(0,5)
Polygon:
(0,0)(11,0)(11,14)(0,14)
Polygon:
(0,0)(17,0)(17,4)(0,4)
Polygon:
(0,0)(18,0)(18,16)(9,16)(9,32)(0,32)
Polygon:
(0,0)(38,0)(38,24)(28,24)(28,31)(16,31)(16,16)(0,16)
Polygon:
(0,0)(8,0)(8,6)(6,6)(6,20)(0,20)
Polygon:
(0,0)(15,0)(15,3)(6,3)(6,9)(0,9)
Polygon:
(0,0)(16,0)(16,17)(8,17)(8,35)(0,35)
Polygon:
(0,0)(3,0)(3,8)(0,8)
Polygon:
(0,0)(23,0)(23,11)(11,11)(11,25)(0,25)
Polygon:
(0,0)(12,0)(12,9)(0,9)
Polygon:
(0,0)(17,0)(17,4)(15,4)(15,18)(9,18)(9,6)(0,6)
Polygon:
(0,0)(16,0)(16,16)(10,16)(10,33)(0,33)
Polygon:
(0,0)(16,0)(16,1)(0,1)
Polygon:
(0,0)(12,0)(12,13)(0,13)
Polygon:
(0,0)(36,0)(36,21)(23,21)(23,25)(11,25)(11,17)(0,17)
Polygon:
(0,0)(22,0)(22,25)(21,25)(21,27)(3,27)(3,9)(0,9)
Polygon:
(0,0)(12,0)(12,1)(1,1)(1,18)(0,18)
Polygon:
(0,0)(14,0)(14,6)(0,6)
Polygon:
(0,0)(17,0)(17,18)(0,18)
Polygon:
(0,0)(5,0)(5,3)(3,3)(3,6)(0,6)
Polygon:
(0,0)(20,0)(20,1)(18,1)(18,17)(10,17)(10,12)(0,12)
Polygon:
(0,0)(7,0)(7,5)(0,5)
Polygon:
(0,0)(15,0)(15,6)(0,6)
Polygon:
(0,0)(1,0)(1,8)(0,8)
Polygon:
(0,0)(17,0)(17,18)(0,18)
Polygon:
(0,0)(1,0)(1,4)(0,4)
Polygon:
(0,0)(18,0)(18,15)(0,15)
Polygon:
(0,0)(34,0)(34,9)(30,9)(30,21)(14,21)(14,5)(0,5)
Polygon:
(0,0)(46,0)(46,11)(28,11)(28,24)(16,24)(16,8)(0,8)
Polygon:
(0,0)(5,0)(5,1)(0,1)
Polygon:
(0,0)(36,0)(36,5)(25,5)(25,17)(16,17)(16,15)(0,15)
Polygon:
(0,0)(17,0)(17,1)(7,1)(7,10)(0,10)
Polygon:
(0,0)(14,0)(14,13)(12,13)(12,15)(0,15)
Polygon:
(0,0)(17,0)(17,7)(0,7)
Polygon:
(0,0)(29,0)(29,1)(16,1)(16,7)(0,7)
Polygon:
(0,0)(46,0)(46,15)(29,15)(29,24)(15,24)(15,10)(0,10)
Polygon:
(0,0)(18,0)(18,17)(0,17)
Polygon:
(0,0)(15,0)(15,17)(4,17)(4,22)(0,22)
Polygon:
(0,0)(26,0)(26,24)(11,24)(11,25)(1,25)(1,7)(0,7)
Polygon:
(0,0)(14,0)(14,3)(1,3)(1,17)(0,17)
Polygon:
(0,0)(14,0)(14,16)(2,16)(2,17)(0,17)
Polygon:
(0,0)(13,0)(13,18)(0,18)
Polygon:
(0,0)(27,0)(27,11)(9,11)(9,24)(0,24)
Polygon:
(0,0)(13,0)(13,8)(0,8)
Polygon:
(0,0)(27,0)(27,13)(11,13)(11,25)(5,25)(5,10)(0,10)
Polygon:
(0,0)(27,0)(27,10)(18,10)(18,12)(0,12)
Polygon:
(0,0)(5,0)(5,16)(3,16)(3,17)(0,17)
Polygon:
(0,0)(30,0)(30,28)(21,28)(21,32)(8,32)(8,14)(0,14)
Polygon:
(0,0)(20,0)(20,9)(18,9)(18,19)(0,19)
Polygon:
(0,0)(22,0)(22,1)(13,1)(13,2)(0,2)
Polygon:
(0,0)(29,0)(29,11)(15,11)(15,16)(2,16)(2,13)(0,13)
Polygon:
(0,0)(25,0)(25,5)(13,5)(13,16)(11,16)(11,4)(0,4)
Polygon:
(0,0)(7,0)(7,1)(0,1)
Polygon:
(0,0)(36,0)(36,3)(18,3)(18,12)(15,12)(15,1)(0,1)
Polygon:
(0,0)(7,0)(7,13)(0,13)
Polygon:
(0,0)(18,0)(18,7)(0,7)
Polygon:
(0,0)(10,0)(10,3)(0,3)
Polygon:
(0,0)(34,0)(34,21)(17,21)(17,24)(8,24)(8,9)(0,9)
Polygon:
(0,0)(16,0)(16,15)(0,15)
Polygon:
(0,0)(35,0)(35,21)(22,21)(22,22)(16,22)(16,6)(0,6)
Polygon:
(0,0)(14,0)(14,3)(0,3)
Polygon:
(0,0)(11,0)(11,1)(0,1)
Polygon:
(0,0)(25,0)(25,18)(16,18)(16,24)(0,24)
Polygon:
(0,0)(30,0)(30,8)(25,8)(25,18)(10,18)(10,11)(0,11)
Polygon:
(0,0)(23,0)(23,16)(10,16)(10,20)(9,20)(9,2)(0,2)
Polygon:
(0,0)(12,0)(12,10)(0,10)
Polygon:
(0,0)(9,0)(9,11)(0,11)
Polygon:
(0,0)(1,0)(1,7)(0,7)
Polygon:
(0,0)(19,0)(19,1)(14,1)(14,3)(0,3)
Polygon:
(0,0)(12,0)(12,16)(0,16)
Polygon:
(0,0)(27,0)(27,13)(12,13)(12,29)(0,29)
Polygon:
(0,0)(19,0)(19,6)(13,6)(13,13)(0,13)
Polygon:
(0,0)(4,0)(4,12)(0,12)
Polygon:
(0,0)(19,0)(19,17)(12,17)(12,32)(0,32)
Polygon:
(0,0)(2,0)(2,7)(0,7)
Polygon:
(0,0)(11,0)(11,17)(0,17)
Polygon:
(0,0)(2,0)(2,14)(0,14)
Polygon:
(0,0)(28,0)(28,8)(13,8)(13,15)(0,15)
Polygon:
(0,0)(15,0)(15,2)(13,2)(13,12)(0,12)
Polygon:
(0,0)(7,0)(7,12)(0,12)
Polygon:
(0,0)(9,0)(9,13)(0,13)
Polygon:
(0,0)(5,0)(5,5)(0,5)
Polygon:
(0,0)(14,0)(14,9)(4,9)(4,16)(0,16)
Polygon:
(0,0)(22,0)(22,12)(20,12)(20,25)(10,25)(10,17)(0,17)
Polygon:
(0,0)(10,0)(10,1)(0,1)
Polygon:
(0,0)(21,0)(21,16)(14,16)(14,22)(0,22)
Polygon:
(0,0)(19,0)(19,2)(17,2)(17,15)(0,15)
Polygon:
(0,0)(3,0)(3,8)(0,8)
Polygon:
(0,0)(38,0)(38,7)(21,7)(21,21)(18,21)(18,15)(0,15)
Polygon:
(0,0)(3,0)(3,5)(1,5)(1,11)(0,11)
Polygon:
(0,0)(25,0)(25,11)(20,11)(20,20)(17,20)(17,5)(0,5)
Polygon:
(0,0)(14,0)(14,7)(9,7)(9,12)(0,12)
Polygon:
(0,0)(31,0)(31,6)(15,6)(15,15)(0,15)
Polygon:
(0,0)(10,0)(10,14)(0,14)
Polygon:
(0,0)(21,0)(21,13)(15,13)(15,23)(6,23)(6,9)(0,9)
Polygon:
(0,0)(11,0)(11,15)(7,15)(7,23)(5,23)(5,7)(0,7)
Polygon:
(0,0)(7,0)(7,15)(0,15)
Polygon:
(0,0)(23,0)(23,23)(15,23)(15,25)(12,25)(12,18)(0,18)
Polygon:
(0,0)(17,0)(17,17)(0,17)
Polygon:
(0,0)(28,0)(28,2)(17,2)(17,5)(0,5)
Polygon:
(0,0)(16,0)(16,2)(5,2)(5,8)(0,8)
Polygon:
(0,0)(2,0)(2,9)(1,9)(1,12)(0,12)
Polygon:
(0,0)(6,0)(6,4)(5,4)(5,14)(3,14)(3,4)(0,4)
Polygon:
(0,0)(20,0)(20,5)(3,5)(3,22)(0,22)
Polygon:
(0,0)(7,0)(7,15)(6,15)(6,17)(3,17)(3,3)(0,3)
Polygon:
(0,0)(5,0)(5,14)(0,14)
Polygon:
(0,0)(36,0)(36,25)(20,25)(20,33)(2,33)(2,18)(0,18)
Polygon:
(0,0)(11,0)(11,4)(0,4)
Polygon:
(0,0)(28,0)(28,13)(24,13)(24,22)(9,22)(9,16)(0,16)
Polygon:
(0,0)(24,0)(24,14)(13,14)(13,26)(0,26)
Polygon:
(0,0)(9,0)(9,10)(5,10)(5,22)(0,22)
Polygon:
(0,0)(7,0)(7,4)(0,4)
Polygon:
(0,0)(15,0)(15,4)(7,4)(7,21)(0,21)
Polygon:
(0,0)(23,0)(23,13)(5,13)(5,15)(3,15)(3,10)(0,10)
Polygon:
(0,0)(2,0)(2,10)(0,10)
Polygon:
(0,0)(33,0)(33,5)(15,5)(15,9)(0,9)
Polygon:
(0,0)(31,0)(31,10)(21,10)(21,18)(17,18)(17,5)(0,5)
Polygon:
(0,0)(14,0)(14,13)(1,13)(1,24)(0,24)
Polygon:
(0,0)(19,0)(19,17)(7,17)(7,32)(0,32)
Polygon:
(0,0)(14,0)(14,18)(0,18)
Polygon:
(0,0)(4,0)(4,4)(0,4)
Polygon:
(0,0)(4,0)(4,8)(0,8)
Polygon:
(0,0)(14,0)(14,25)(12,25)(12,28)(7,28)(7,18)(0,18)
Polygon:
(0,0)(26,0)(26,8)(16,8)(16,10)(0,10)
Polygon:
(0,0)(8,0)(8,18)(0,18)
Polygon:
(0,0)(13,0)(13,12)(0,12)
Polygon:
(0,0)(20,0)(20,10)(10,10)(10,21)(8,21)(8,3)(0,3)
Polygon:
(0,0)(3,0)(3,15)(0,15)
Polygon:
(0,0)(25,0)(25,8)(18,8)(18,9)(0,9)
Polygon:
(0,0)(48,0)(48,4)(34,4)(34,6)(16,6)(16,1)(0,1)
Polygon:
(0,0)(31,0)(31,5)(18,5)(18,20)(17,20)(17,2)(0,2)
Polygon:
(0,0)(36,0)(36,4)(19,4)(19,15)(1,15)(1,10)(0,10)
Polygon:
(0,0)(1,0)(1,15)(0,15)
Polygon:
(0,0)(26,0)(26,9)(17,9)(17,20)(13,20)(13,3)(0,3)
Polygon:
(0,0)(21,0)(21,10)(13,10)(13,25)(0,25)
Polygon:
(0,0)(18,0)(18,5)(0,5)
Polygon:
(0,0)(42,0)(42,9)(27,9)(27,15)(16,15)(16,1)(0,1)
Polygon:
(0,0)(17,0)(17,1)(0,1)
Polygon:
(0,0)(26,0)(26,7)(21,7)(21,9)(13,9)(13,2)(0,2)
Polygon:
(0,0)(31,0)(31,9)(16,9)(16,11)(0,11)
Polygon:
(0,0)(5,0)(5,1)(0,1)
Polygon:
(0,0)(18,0)(18,10)(0,10)
Polygon:
(0,0)(16,0)(16,14)(11,14)(11,20)(0,20)
Polygon:
(0,0)(41,0)(41,16)(23,16)(23,25)(9,25)(9,14)(0,14)
Polygon:
(0,0)(9,0)(9,1)(6,1)(6,11)(4,11)(4,8)(0,8)
Polygon:
(0,0)(12,0)(12,12)(5,12)(5,29)(0,29)
Polygon:
(0,0)(17,0)(17,5)(0,5)
Polygon:
(0,0)(18,0)(18,17)(0,17)
Polygon:
(0,0)(3,0)(3,4)(0,4)
Polygon:
(0,0)(10,0)(10,4)(0,4)
Polygon:
(0,0)(37,0)(37,11)(34,11)(34,20)(18,20)(18,10)(0,10)
Polygon:
(0,0)(44,0)(44,21)(26,21)(26,24)(15,24)(15,9)(0,9)
Polygon:
(0,0)(10,0)(10,11)(0,11)
Polygon:
(0,0)(13,0)(13,7)(0,7)
Polygon:
(0,0)(9,0)(9,12)(0,12)
Polygon:
(0,0)(23,0)(23,29)(13,29)(13,32)(3,32)(3,14)(0,14)
Polygon:
(0,0)(13,0)(13,16)(0,16)
Polygon:
(0,0)(10,0)(10,1)(0,1)
Polygon:
(0,0)(11,0)(11,14)(0,14)
Polygon:
(0,0)(1,0)(1,10)(0,10)
Polygon:
(0,0)(2,0)(2,7)(0,7)
Polygon:
(0,0)(1,0)(1,10)(0,10)
Polygon:
(0,0)(7,0)(7,18)(0,18)
Polygon:
(0,0)(38,0)(38,15)(33,15)(33,20)(18,20)(18,5)(0,5)
Polygon:
(0,0)(12,0)(12,17)(0,17)
Polygon:
(0,0)(23,0)(23,17)(20,17)(20,20)(17,20)(17,7)(0,7)
Polygon:
(0,0)(39,0)(39,15)(29,15)(29,20)(15,20)(15,7)(0,7)
Polygon:
(0,0)(40,0)(40,17)(23,17)(23,18)(17,18)(17,16)(0,16)
Polygon:
(0,0)(9,0)(9,16)(0,16)
Polygon:
(0,0)(11,0)(11,6)(0,6)
Polygon:
(0,0)(19,0)(19,9)(6,9)(6,25)(0,25)
Polygon:
(0,0)(24,0)(24,18)(19,18)(19,26)(18,26)(18,12)(0,12)
Polygon:
(0,0)(9,0)(9,1)(0,1)
Polygon:
(0,0)(39,0)(39,23)(23,23)(23,24)(5,24)(5,18)(0,18)
Polygon:
(0,0)(1,0)(1,11)(0,11)
Polygon:
(0,0)(17,0)(17,11)(0,11)
Polygon:
(0,0)(25,0)(25,11)(9,11)(9,12)(0,12)
Polygon:
(0,0)(9,0)(9,7)(0,7)
Polygon:
(0,0)(18,0)(18,6)(0,6)
Polygon:
(0,0)(20,0)(20,8)(10,8)(10,21)(0,21)
Polygon:
(0,0)(15,0)(15,16)(2,16)(2,25)(0,25)
Polygon:
(0,0)(39,0)(39,17)(23,17)(23,29)(11,29)(11,13)(0,13)
Polygon:
(0,0)(22,0)(22,17)(10,17)(10,19)(0,19)
Polygon:
(0,0)(32,0)(32,25)(23,25)(23,27)(6,27)(6,13)(0,13)
Polygon:
(0,0)(27,0)(27,11)(18,11)(18,16)(0,16)
Polygon:
(0,0)(25,0)(25,7)(21,7)(21,17)(12,17)(12,8)(0,8)
Polygon:
(0,0)(31,0)(31,14)(16,14)(16,20)(2,20)(2,4)(0,4)
Polygon:
(0,0)(11,0)(11,15)(0,15)
Polygon:
(0,0)(20,0)(20,9)(11,9)(11,15)(0,15)
Polygon:
(0,0)(17,0)(17,10)(0,10)
Polygon:
(0,0)(3,0)(3,13)(0,13)
Polygon:
(0,0)(15,0)(15,4)(14,4)(14,5)(0,5)
Polygon:
(0,0)(8,0)(8,3)(0,3)
Polygon:
(0,0)(5,0)(5,12)(0,12)
Polygon:
(0,0)(36,0)(36,7)(25,7)(25,24)(14,24)(14,15)(0,15)
Polygon:
(0,0)(15,0)(15,15)(0,15)
Polygon:
(0,0)(18,0)(18,4)(5,4)(5,9)(0,9)
Polygon:
(0,0)(16,0)(16,12)(11,12)(11,15)(0,15)
Polygon:
(0,0)(13,0)(13,13)(3,13)(3,29)(0,29)
Polygon:
(0,0)(16,0)(16,8)(10,8)(10,14)(0,14)
Polygon:
(0,0)(2,0)(2,16)(0,16)
Polygon:
(0,0)(24,0)(24,10)(16,10)(16,22)(0,22)
Polygon:
(0,0)(30,0)(30,5)(13,5)(13,18)(0,18)
Polygon:
(0,0)(14,0)(14,13)(4,13)(4,17)(0,17)
Polygon:
(0,0)(1,0)(1,12)(0,12)
Polygon:
(0,0)(19,0)(19,1)(6,1)(6,5)(0,5)
Polygon:
(0,0)(16,0)(16,3)(7,3)(7,18)(0,18)
Polygon:
(0,0)(18,0)(18,9)(0,9)
Polygon:
(0,0)(14,0)(14,8)(0,8)
Polygon:
(0,0)(7,0)(7,16)(5,16)(5,18)(0,18)
Polygon:
(0,0)(23,0)(23,5)(15,5)(15,9)(0,9)
Polygon:
(0,0)(32,0)(32,17)(22,17)(22,24)(5,24)(5,7)(0,7)
Polygon:
(0,0)(3,0)(3,15)(0,15)
Polygon:
(0,0)(14,0)(14,16)(13,16)(13,34)(0,34)
Polygon:
(0,0)(13,0)(13,15)(0,15)
Polygon:
(0,0)(8,0)(8,1)(6,1)(6,9)(0,9)
Polygon:
(0,0)(14,0)(14,1)(0,1)
Polygon:
(0,0)(15,0)(15,15)(0,15)
Polygon:
(0,0)(32,0)(32,15)(15,15)(15,33)(0,33)
Polygon:
(0,0)(3,0)(3,9)(0,9)
Polygon:
(0,0)(9,0)(9,5)(0,5)
Polygon:
(0,0)(47,0)(47,13)(30,13)(30,16)(14,16)(14,3)(0,3)
Polygon:
(0,0)(29,0)(29,8)(15,8)(15,14)(0,14)
Polygon:
(0,0)(8,0)(8,10)(0,10)
Polygon:
(0,0)(16,0)(16,2)(0,2)
Polygon:
(0,0)(9,0)(9,6)(0,6)
Polygon:
(0,0)(17,0)(17,13)(0,13)
Polygon:
(0,0)(7,0)(7,13)(0,13)
Polygon:
(0,0)(8,0)(8,9)(0,9)
Polygon:
(0,0)(26,0)(26,1)(13,1)(13,12)(0,12)
Polygon:
(0,0)(11,0)(11,7)(0,7)
Polygon:
(0,0)(28,0)(28,12)(17,12)(17,26)(0,26)
Polygon:
(0,0)(13,0)(13,4)(5,4)(5,22)(0,22)
Polygon:
(0,0)(1,0)(1,5)(0,5)
Polygon:
(0,0)(7,0)(7,9)(0,9)
Polygon:
(0,0)(38,0)(38,15)(24,15)(24,22)(7,22)(7,8)(0,8)
Polygon:
(0,0)(26,0)(26,13)(20,13)(20,22)(11,22)(11,17)(0,17)
Polygon:
(0,0)(18,0)(18,14)(0,14)
Polygon:
(0,0)(2,0)(2,1)(0,1)
Polygon:
(0,0)(16,0)(16,8)(14,8)(14,12)(0,12)
Polygon:
(0,0)(9,0)(9,6)(0,6)
Polygon:
(0,0)(4,0)(4,2)(0,2)
Polygon:
(0,0)(27,0)(27,7)(21,7)(21,22)(13,22)(13,11)(0,11)
Polygon:
(0,0)(28,0)(28,1)(25,1)(25,14)(9,14)(9,7)(0,7)
Polygon:
(0,0)(14,0)(14,3)(0,3)
Polygon:
(0,0)(5,0)(5,2)(1,2)(1,20)(0,20)
Polygon:
(0,0)(26,0)(26,18)(8,18)(8,31)(0,31)
Polygon:
(0,0)(5,0)(5,5)(2,5)(2,7)(0,7)
Polygon:
(0,0)(7,0)(7,6)(0,6)
Polygon:
(0,0)(28,0)(28,13)(10,13)(10,28)(0,28)
Polygon:
(0,0)(7,0)(7,4)(0,4)
Polygon:
(0,0)(16,0)(16,15)(0,15)
Polygon:
(0,0)(15,0)(15,9)(11,9)(11,13)(1,13)(1,5)(0,5)
Polygon:
(0,0)(29,0)(29,4)(22,4)(22,16)(10,16)(10,9)(0,9)
Polygon:
(0,0)(26,0)(26,7)(9,7)(9,19)(0,19)
Polygon:
(0,0)(29,0)(29,9)(14,9)(14,25)(0,25)
Polygon:
(0,0)(8,0)(8,6)(0,6)
Polygon:
(0,0)(12,0)(12,17)(2,17)(2,24)(0,24)
Polygon:
(0,0)(43,0)(43,21)(28,21)(28,31)(12,31)(12,15)(0,15)
Polygon:
(0,0)(29,0)(29,7)(12,7)(12,18)(3,18)(3,17)(0,17)
Polygon:
(0,0)(17,0)(17,6)(0,6)
Polygon:
(0,0)(14,0)(14,5)(0,5)
Polygon:
(0,0)(15,0)(15,9)(0,9)
Polygon:
(0,0)(22,0)(22,6)(13,6)(13,10)(0,10)
Polygon:
(0,0)(16,0)(16,10)(0,10)
Polygon:
(0,0)(4,0)(4,12)(0,12)
Polygon:
(0,0)(12,0)(12,3)(0,3)
Polygon:
(0,0)(9,0)(9,3)(8,3)(8,7)(0,7)
Polygon:
(0,0)(12,0)(12,2)(0,2)
Polygon:
(0,0)(11,0)(11,12)(0,12)
Polygon:
(0,0)(15,0)(15,7)(0,7)
Polygon:
(0,0)(7,0)(7,18)(0,18)
Polygon:
(0,0)(13,0)(13,12)(0,12)
Polygon:
(0,0)(31,0)(31,3)(13,3)(13,7)(0,7)
Polygon:
(0,0)(15,0)(15,15)(0,15)
Polygon:
(0,0)(19,0)(19,5)(6,5)(6,9)(0,9)
Polygon:
(0,0)(6,0)(6,9)(3,9)(3,23)(0,23)
Polygon:
(0,0)(7,0)(7,3)(5,3)(5,11)(0,11)
Polygon:
(0,0)(38,0)(38,11)(27,11)(27,22)(9,22)(9,15)(0,15)
Polygon:
(0,0)(17,0)(17,8)(3,8)(3,10)(0,10)
Polygon:
(0,0)(8,0)(8,6)(3,6)(3,17)(0,17)
Polygon:
(0,0)(14,0)(14,6)(0,6)
Polygon:
(0,0)(16,0)(16,6)(0,6)
Polygon:
(0,0)(17,0)(17,17)(15,17)(15,32)(0,32)
Polygon:
(0,0)(13,0)(13,2)(0,2)
Polygon:
(0,0)(10,0)(10,10)(0,10)
Polygon:
(0,0)(47,0)(47,10)(33,10)(33,28)(17,28)(17,14)(0,14)
Polygon:
(0,0)(18,0)(18,17)(0,17)
Polygon:
(0,0)(5,0)(5,14)(0,14)
Polygon:
(0,0)(10,0)(10,8)(0,8)
Polygon:
(0,0)(28,0)(28,6)(17,6)(17,11)(0,11)
Polygon:
(0,0)(7,0)(7,17)(0,17)
Polygon:
(0,0)(1,0)(1,9)(0,9)
Polygon:
(0,0)(8,0)(8,17)(4,17)(4,32)(0,32)
Polygon:
(0,0)(10,0)(10,10)(0,10)
Polygon:
(0,0)(13,0)(13,11)(0,11)
Polygon:
(0,0)(21,0)(21,15)(11,15)(11,31)(0,31)
Polygon:
(0,0)(17,0)(17,8)(0,8)
Polygon:
(0,0)(20,0)(20,10)(18,10)(18,21)(0,21)
Polygon:
(0,0)(22,0)(22,5)(13,5)(13,17)(0,17)
Polygon:
(0,0)(39,0)(39,17)(28,17)(28,23)(14,23)(14,18)(0,18)
Polygon:
(0,0)(9,0)(9,11)(0,11)
Polygon:
(0,0)(16,0)(16,4)(12,4)(12,14)(7,14)(7,2)(0,2)
Polygon:
(0,0)(9,0)(9,15)(0,15)
Polygon:
(0,0)(13,0)(13,12)(0,12)
Polygon:
(0,0)(20,0)(20,8)(18,8)(18,17)(0,17)
Polygon:
(0,0)(9,0)(9,2)(0,2)
Polygon:
(0,0)(11,0)(11,2)(3,2)(3,3)(0,3)
Polygon:
(0,0)(28,0)(28,7)(21,7)(21,24)(14,24)(14,13)(0,13)
Polygon:
(0,0)(1,0)(1,7)(0,7)
Polygon:
(0,0)(10,0)(10,8)(0,8)
Polygon:
(0,0)(4,0)(4,15)(0,15)
Polygon:
(0,0)(5,0)(5,8)(0,8)
Polygon:
(0,0)(16,0)(16,16)(0,16)
Polygon:
(0,0)(11,0)(11,13)(0,13)
Polygon:
(0,0)(29,0)(29,1)(16,1)(16,7)(0,7)
Polygon:
(0,0)(12,0)(12,7)(0,7)
Polygon:
(0,0)(29,0)(29,16)(12,16)(12,26)(0,26)
Polygon:
(0,0)(22,0)(22,15)(9,15)(9,25)(0,25)
Polygon:
(0,0)(21,0)(21,20)(20,20)(20,25)(5,25)(5,8)(0,8)
Polygon:
(0,0)(33,0)(33,11)(22,11)(22,22)(6,22)(6,6)(0,6)
Polygon:
(0,0)(7,0)(7,5)(0,5)
Polygon:
(0,0)(35,0)(35,19)(23,19)(23,35)(10,35)(10,17)(0,17)
Polygon:
(0,0)(10,0)(10,18)(0,18)
Polygon:
(0,0)(16,0)(16,8)(0,8)
Polygon:
(0,0)(15,0)(15,8)(5,8)(5,14)(3,14)(3,5)(0,5)
Polygon:
(0,0)(20,0)(20,2)(13,2)(13,9)(3,9)(3,1)(0,1)
Polygon:
(0,0)(1,0)(1,10)(0,10)
Polygon:
(0,0)(16,0)(16,14)(5,14)(5,25)(0,25)
Polygon:
(0,0)(28,0)(28,12)(18,12)(18,21)(0,21)
Polygon:
(0,0)(5,0)(5,15)(0,15)
Polygon:
(0,0)(33,0)(33,4)(16,4)(16,13)(0,13)
Polygon:
(0,0)(16,0)(16,17)(0,17)
Polygon:
(0,0)(16,0)(16,2)(4,2)(4,16)(0,16)
Polygon:
(0,0)(16,0)(16,13)(10,13)(10,26)(5,26)(5,9)(0,9)
Polygon:
(0,0)(19,0)(19,9)(9,9)(9,15)(0,15)
Polygon:
(0,0)(28,0)(28,6)(19,6)(19,19)(13,19)(13,12)(0,12)
Polygon:
(0,0)(34,0)(34,20)(23,20)(23,24)(11,24)(11,7)(0,7)
Polygon:
(0,0)(33,0)(33,10)(23,10)(23,18)(15,18)(15,1)(0,1)
Polygon:
(0,0)(11,0)(11,5)(0,5)
Polygon:
(0,0)(5,0)(5,10)(0,10)
Polygon:
(0,0)(2,0)(2,3)(0,3)
Polygon:
(0,0)(7,0)(7,1)(0,1)
Polygon:
(0,0)(17,0)(17,4)(0,4)
Polygon:
(0,0)(35,0)(35,5)(23,5)(23,12)(17,12)(17,4)(0,4)
Polygon:
(0,0)(31,0)(31,12)(23,12)(23,16)(7,16)(7,12)(0,12)
Polygon:
(0,0)(30,0)(30,14)(17,14)(17,32)(0,32)
Polygon:
(0,0)(36,0)(36,11)(20,11)(20,24)(17,24)(17,15)(0,15)
Polygon:
(0,0)(17,0)(17,12)(0,12)
Polygon:
(0,0)(12,0)(12,11)(0,11)
Polygon:
(0,0)(2,0)(2,3)(0,3)
Polygon:
(0,0)(8,0)(8,12)(2,12)(2,26)(0,26)
Polygon:
(0,0)(11,0)(11,1)(0,1)
Polygon:
(0,0)(16,0)(16,2)(0,2)
Polygon:
(0,0)(9,0)(9,12)(0,12)
Polygon:
(0,0)(39,0)(39,9)(24,9)(24,18)(17,18)(17,13)(0,13)
Polygon:
(0,0)(17,0)(17,1)(7,1)(7,3)(0,3)
Polygon:
(0,0)(16,0)(16,6)(0,6)
Polygon:
(0,0)(14,0)(14,9)(12,9)(12,15)(0,15)
Polygon:
(0,0)(34,0)(34,25)(21,25)(21,31)(17,31)(17,13)(0,13)
Polygon:
(0,0)(18,0)(18,8)(11,8)(11,17)(0,17)
Polygon:
(0,0)(44,0)(44,9)(29,9)(29,19)(12,19)(12,10)(0,10)
Polygon:
(0,0)(45,0)(45,15)(34,15)(34,16)(16,16)(16,12)(0,12)
Polygon:
(0,0)(33,0)(33,8)(18,8)(18,19)(1,19)(1,5)(0,5)
Polygon:
(0,0)(17,0)(17,13)(0,13)
Polygon:
(0,0)(9,0)(9,3)(0,3)
Polygon:
(0,0)(8,0)(8,18)(0,18)
Polygon:
(0,0)(28,0)(28,11)(13,11)(13,23)(4,23)(4,5)(0,5)
Polygon:
(0,0)(17,0)(17,6)(0,6)
Polygon:
(0,0)(34,0)(34,10)(20,10)(20,16)(18,16)(18,10)(0,10)
Polygon:
(0,0)(27,0)(27,1)(15,1)(15,15)(10,15)(10,3)(0,3)
Polygon:
(0,0)(16,0)(16,4)(0,4)
Polygon:
(0,0)(19,0)(19,10)(14,10)(14,17)(0,17)
Polygon:
(0,0)(22,0)(22,10)(17,10)(17,25)(0,25)
Polygon:
(0,0)(6,0)(6,2)(0,2)
Polygon:
(0,0)(29,0)(29,20)(16,20)(16,26)(4,26)(4,9)(0,9)
Polygon:
(0,0)(10,0)(10,5)(5,5)(5,9)(0,9)
Polygon:
(0,0)(9,0)(9,15)(0,15)
Polygon:
(0,0)(35,0)(35,16)(20,16)(20,19)(12,19)(12,1)(0,1)
Polygon:
(0,0)(15,0)(15,3)(0,3)
Polygon:
(0,0)(9,0)(9,13)(0,13)
Polygon:
(0,0)(18,0)(18,2)(14,2)(14,14)(0,14)
Polygon:
(0,0)(29,0)(29,9)(17,9)(17,21)(0,21)
Polygon:
(0,0)(24,0)(24,29)(20,29)(20,31)(18,31)(18,15)(0,15)
Polygon:
(0,0)(8,0)(8,18)(0,18)
Polygon:
(0,0)(12,0)(12,7)(4,7)(4,15)(0,15)
Polygon:
(0,0)(39,0)(39,4)(31,4)(31,13)(13,13)(13,1)(0,1)
Polygon:
(0,0)(9,0)(9,13)(0,13)
Polygon:
(0,0)(30,0)(30,12)(14,12)(14,22)(13,22)(13,5)(0,5)
Polygon:
(0,0)(36,0)(36,14)(18,14)(18,18)(0,18)
Polygon:
(0,0)(10,0)(10,8)(0,8)
Polygon:
(0,0)(1,0)(1,11)(0,11)
Polygon:
(0,0)(10,0)(10,8)(0,8)
Polygon:
(0,0)(16,0)(16,17)(0,17)
Polygon:
(0,0)(47,0)(47,11)(29,11)(29,27)(17,27)(17,9)(0,9)
Polygon:
(0,0)(33,0)(33,18)(21,18)(21,27)(17,27)(17,17)(0,17)
Polygon:
(0,0)(16,0)(16,13)(4,13)(4,29)(0,29)
Polygon:
(0,0)(6,0)(6,16)(0,16)
Polygon:
(0,0)(6,0)(6,6)(0,6)
Polygon:
(0,0)(5,0)(5,11)(0,11)
Polygon:
(0,0)(31,0)(31,13)(13,13)(13,19)(12,19)(12,5)(0,5)
Polygon:
(0,0)(33,0)(33,2)(16,2)(16,10)(0,10)
Polygon:
(0,0)(4,0)(4,14)(0,14)
Polygon:
(0,0)(30,0)(30,16)(16,16)(16,18)(0,18)
Polygon:
(0,0)(15,0)(15,18)(0,18)
Polygon:
(0,0)(3,0)(3,16)(0,16)
Polygon:
(0,0)(36,0)(36,9)(22,9)(22,20)(7,20)(7,9)(0,9)
Polygon:
(0,0)(15,0)(15,8)(10,8)(10,22)(6,22)(6,6)(0,6)
Polygon:
(0,0)(16,0)(16,6)(0,6)
Polygon:
(0,0)(10,0)(10,17)(2,17)(2,19)(0,19)
Polygon:
(0,0)(24,0)(24,20)(22,20)(22,24)(7,24)(7,15)(0,15)
Polygon:
(0,0)(9,0)(9,12)(0,12)
Polygon:
(0,0)(22,0)(22,9)(15,9)(15,26)(2,26)(2,17)(0,17)
Polygon:
(0,0)(6,0)(6,6)(0,6)
Polygon:
(0,0)(3,0)(3,18)(0,18)
Polygon:
(0,0)(36,0)(36,11)(24,11)(24,24)(17,24)(17,12)(0,12)
Polygon:
(0,0)(25,0)(25,10)(14,10)(14,27)(1,27)(1,14)(0,14)
Polygon:
(0,0)(12,0)(12,6)(0,6)
Polygon:
(0,0)(22,0)(22,5)(10,5)(10,11)(0,11)
Polygon:
(0,0)(14,0)(14,16)(12,16)(12,21)(0,21)
Polygon:
(0,0)(8,0)(8,5)(6,5)(6,17)(0,17)
Polygon:
(0,0)(32,0)(32,12)(16,12)(16,21)(0,21)
Polygon:
(0,0)(25,0)(25,1)(7,1)(7,15)(0,15)
Polygon:
(0,0)(24,0)(24,10)(23,10)(23,22)(6,22)(6,14)(0,14)
Polygon:
(0,0)(18,0)(18,1)(10,1)(10,2)(5,2)(5,1)(0,1)
Polygon:
(0,0)(17,0)(17,16)(0,16)
Polygon:
(0,0)(14,0)(14,7)(0,7)
Polygon:
(0,0)(19,0)(19,1)(8,1)(8,7)(0,7)
Polygon:
(0,0)(17,0)(17,17)(12,17)(12,23)(0,23)
Polygon:
(0,0)(16,0)(16,10)(8,10)(8,27)(0,27)
Polygon:
(0,0)(41,0)(41,4)(27,4)(27,16)(14,16)(14,2)(0,2)
Polygon:
(0,0)(2,0)(2,11)(0,11)
Polygon:
(0,0)(27,0)(27,2)(18,2)(18,16)(5,16)(5,15)(0,15)
Polygon:
(0,0)(17,0)(17,10)(15,10)(15,18)(0,18)
Polygon:
(0,0)(5,0)(5,6)(0,6)
Polygon:
(0,0)(20,0)(20,5)(6,5)(6,23)(0,23)
Polygon:
(0,0)(11,0)(11,15)(0,15)
Polygon:
(0,0)(17,0)(17,8)(0,8)
Polygon:
(0,0)(14,0)(14,5)(0,5)
Polygon:
(0,0)(25,0)(25,17)(21,17)(21,21)(5,21)(5,10)(0,10)
Polygon:
(0,0)(23,0)(23,12)(21,12)(21,26)(8,26)(8,11)(0,11)
Polygon:
(0,0)(30,0)(30,3)(17,3)(17,6)(0,6)
Polygon:
(0,0)(21,0)(21,17)(17,17)(17,22)(14,22)(14,17)(0,17)
Polygon:
(0,0)(21,0)(21,2)(10,2)(10,14)(0,14)
Polygon:
(0,0)(12,0)(12,17)(6,17)(6,33)(0,33)
Polygon:
(0,0)(1,0)(1,8)(0,8)
Polygon:
(0,0)(15,0)(15,11)(0,11)
Polygon:
(0,0)(14,0)(14,7)(6,7)(6,19)(1,19)(1,11)(0,11)
Polygon:
(0,0)(16,0)(16,13)(9,13)(9,16)(4,16)(4,5)(0,5)
Polygon:
(0,0)(28,0)(28,18)(19,18)(19,20)(13,20)(13,4)(0,4)
Polygon:
(0,0)(14,0)(14,7)(0,7)
Polygon:
(0,0)(7,0)(7,10)(0,10)
Polygon:
(0,0)(18,0)(18,15)(16,15)(16,22)(0,22)
Polygon:
(0,0)(14,0)(14,2)(0,2)
Polygon:
(0,0)(25,0)(25,9)(13,9)(13,24)(0,24)
Polygon:
(0,0)(25,0)(25,9)(13,9)(13,21)(0,21)
Polygon:
(0,0)(3,0)(3,2)(0,2)
Polygon:
(0,0)(29,0)(29,14)(27,14)(27,28)(18,28)(18,15)(0,15)
Polygon:
(0,0)(4,0)(4,11)(0,11)
Polygon:
(0,0)(11,0)(11,14)(4,14)(4,28)(0,28)
Polygon:
(0,0)(6,0)(6,16)(0,16)
Polygon:
(0,0)(13,0)(13,15)(0,15)
Polygon:
(0,0)(14,0)(14,18)(5,18)(5,36)(0,36)
Polygon:
(0,0)(24,0)(24,2)(13,2)(13,17)(0,17)
Polygon:
(0,0)(44,0)(44,14)(29,14)(29,30)(11,30)(11,16)(0,16)
Polygon:
(0,0)(33,0)(33,9)(23,9)(23,24)(12,24)(12,9)(0,9)
Polygon:
(0,0)(14,0)(14,17)(2,17)(2,23)(0,23)
Polygon:
(0,0)(25,0)(25,1)(17,1)(17,14)(13,14)(13,6)(0,6)
Polygon:
(0,0)(21,0)(21,12)(7,12)(7,14)(0,14)
Polygon:
(0,0)(31,0)(31,22)(15,22)(15,31)(9,31)(9,18)(0,18)
Polygon:
(0,0)(3,0)(3,3)(0,3)
Polygon:
(0,0)(6,0)(6,3)(0,3)
Polygon:
(0,0)(3,0)(3,16)(0,16)
Polygon:
(0,0)(10,0)(10,9)(0,9)
Polygon:
(0,0)(8,0)(8,8)(0,8)
Polygon:
(0,0)(21,0)(21,7)(13,7)(13,11)(0,11)
Polygon:
(0,0)(13,0)(13,18)(0,18)
Polygon:
(0,0)(14,0)(14,2)(0,2)
Polygon:
(0,0)(36,0)(36,9)(26,9)(26,18)(13,18)(13,3)(0,3)
Polygon:
(0,0)(3,0)(3,17)(0,17)
Polygon:
(0,0)(22,0)(22,1)(8,1)(8,10)(0,10)
Polygon:
(0,0)(18,0)(18,16)(14,16)(14,17)(0,17)
Polygon:
(0,0)(9,0)(9,12)(0,12)
Polygon:
(0,0)(21,0)(21,10)(15,10)(15,22)(0,22)
Polygon:
(0,0)(17,0)(17,18)(6,18)(6,21)(0,21)
Polygon:
(0,0)(3,0)(3,12)(0,12)
Polygon:
(0,0)(10,0)(10,13)(0,13)
Polygon:
(0,0)(25,0)(25,13)(14,13)(14,18)(5,18)(5,6)(0,6)
Polygon:
(0,0)(12,0)(12,11)(0,11)
Polygon:
(0,0)(47,0)(47,27)(29,27)(29,29)(13,29)(13,11)(0,11)
Polygon:
(0,0)(26,0)(26,24)(25,24)(25,25)(16,25)(16,10)(0,10)
Polygon:
(0,0)(46,0)(46,19)(28,19)(28,27)(14,27)(14,18)(0,18)
Polygon:
(0,0)(2,0)(2,10)(0,10)
Polygon:
(0,0)(10,0)(10,17)(0,17)
Polygon:
(0,0)(43,0)(43,17)(26,17)(26,20)(17,20)(17,4)(0,4)
Polygon:
(0,0)(7,0)(7,9)(0,9)
Polygon:
(0,0)(9,0)(9,12)(7,12)(7,30)(0,30)
Polygon:
(0,0)(31,0)(31,31)(18,31)(18,32)(1,32)(1,15)(0,15)
Polygon:
(0,0)(13,0)(13,5)(8,5)(8,18)(0,18)
Polygon:
(0,0)(9,0)(9,11)(0,11)
Polygon:
(0,0)(15,0)(15,2)(2,2)(2,13)(0,13)
Polygon:
(0,0)(29,0)(29,20)(25,20)(25,21)(11,21)(11,3)(0,3)
Polygon:
(0,0)(16,0)(16,8)(0,8)
Polygon:
(0,0)(18,0)(18,4)(0,4)
Polygon:
(0,0)(17,0)(17,7)(0,7)
Polygon:
(0,0)(11,0)(11,17)(0,17)
Polygon:
(0,0)(2,0)(2,17)(0,17)
Polygon:
(0,0)(26,0)(26,10)(18,10)(18,17)(10,17)(10,9)(0,9)
Polygon:
(0,0)(9,0)(9,18)(0,18)
Polygon:
(0,0)(13,0)(13,18)(0,18)
Polygon:
(0,0)(8,0)(8,13)(0,13)
Polygon:
(0,0)(8,0)(8,9)(0,9)
Polygon:
(0,0)(1,0)(1,11)(0,11)
Polygon:
(0,0)(15,0)(15,17)(14,17)(14,26)(0,26)
Polygon:
(0,0)(8,0)(8,18)(0,18)
Polygon:
(0,0)(18,0)(18,17)(0,17)
Polygon:
(0,0)(7,0)(7,3)(0,3)
Polygon:
(0,0)(18,0)(18,3)(0,3)
Polygon:
(0,0)(14,0)(14,16)(0,16)
Polygon:
(0,0)(11,0)(11,4)(0,4)
Polygon:
(0,0)(18,0)(18,13)(0,13)
Polygon:
(0,0)(29,0)(29,16)(17,16)(17,17)(3,17)(3,1)(0,1)
Polygon:
(0,0)(11,0)(11,3)(0,3)
Polygon:
(0,0)(30,0)(30,15)(20,15)(20,17)(7,17)(7,7)(0,7)
Polygon:
(0,0)(18,0)(18,10)(17,10)(17,18)(0,18)
Polygon:
(0,0)(20,0)(20,6)(13,6)(13,9)(0,9)
Polygon:
(0,0)(17,0)(17,8)(1,8)(1,13)(0,13)
Polygon:
(0,0)(26,0)(26,5)(18,5)(18,14)(0,14)
Polygon:
(0,0)(10,0)(10,10)(0,10)
Polygon:
(0,0)(36,0)(36,4)(21,4)(21,15)(18,15)(18,9)(0,9)
Polygon:
(0,0)(21,0)(21,11)(18,11)(18,23)(1,23)(1,18)(0,18)
Polygon:
(0,0)(14,0)(14,8)(0,8)
Polygon:
(0,0)(1,0)(1,10)(0,10)
Polygon:
(0,0)(13,0)(13,18)(4,18)(4,29)(0,29)
Polygon:
(0,0)(25,0)(25,3)(23,3)(23,16)(15,16)(15,2)(0,2)
Polygon:
(0,0)(31,0)(31,4)(18,4)(18,16)(0,16)
Polygon:
(0,0)(14,0)(14,9)(0,9)
Polygon:
(0,0)(27,0)(27,15)(14,15)(14,21)(12,21)(12,18)(0,18)
Polygon:
(0,0)(19,0)(19,25)(18,25)(18,26)(2,26)(2,8)(0,8)
Polygon:
(0,0)(2,0)(2,18)(0,18)
Polygon:
(0,0)(5,0)(5,15)(0,15)
Polygon:
(0,0)(34,0)(34,12)(24,12)(24,17)(12,17)(12,6)(0,6)
Polygon:
(0,0)(31,0)(31,1)(16,1)(16,14)(0,14)
Polygon:
(0,0)(17,0)(17,7)(0,7)
Polygon:
(0,0)(30,0)(30,17)(17,17)(17,24)(0,24)
Polygon:
(0,0)(29,0)(29,16)(12,16)(12,34)(0,34)
Polygon:
(0,0)(18,0)(18,4)(0,4)
Polygon:
(0,0)(15,0)(15,3)(5,3)(5,16)(0,16)
Polygon:
(0,0)(12,0)(12,18)(0,18)
Polygon:
(0,0)(2,0)(2,16)(0,16)
Polygon:
(0,0)(5,0)(5,16)(4,16)(4,21)(0,21)
Polygon:
(0,0)(38,0)(38,17)(20,17)(20,24)(13,24)(13,8)(0,8)
Polygon:
(0,0)(20,0)(20,6)(8,6)(8,16)(7,16)(7,10)(0,10)
Polygon:
(0,0)(11,0)(11,3)(10,3)(10,17)(0,17)
Polygon:
(0,0)(15,0)(15,8)(0,8)
Polygon:
(0,0)(21,0)(21,24)(5,24)(5,29)(3,29)(3,11)(0,11)
Polygon:
(0,0)(26,0)(26,10)(16,10)(16,20)(0,20)
Polygon:
(0,0)(25,0)(25,18)(19,18)(19,29)(18,29)(18,18)(0,18)
Polygon:
(0,0)(8,0)(8,9)(0,9)
Polygon:
(0,0)(10,0)(10,9)(0,9)
Polygon:
(0,0)(13,0)(13,7)(0,7)
Polygon:
(0,0)(15,0)(15,6)(0,6)
Polygon:
(0,0)(13,0)(13,7)(0,7)
Polygon:
(0,0)(11,0)(11,10)(0,10)
Polygon:
(0,0)(4,0)(4,6)(0,6)
Polygon:
(0,0)(24,0)(24,14)(23,14)(23,25)(14,25)(14,11)(0,11)
Polygon:
(0,0)(16,0)(16,13)(0,13)
Polygon:
(0,0)(12,0)(12,10)(0,10)
Polygon:
(0,0)(10,0)(10,9)(0,9)
Polygon:
(0,0)(18,0)(18,15)(0,15)
Polygon:
(0,0)(8,0)(8,7)(0,7)
Polygon:
(0,0)(8,0)(8,12)(0,12)
Polygon:
(0,0)(26,0)(26,30)(23,30)(23,33)(10,33)(10,18)(0,18)
Polygon:
(0,0)(11,0)(11,8)(0,8)
Polygon:
(0,0)(13,0)(13,12)(0,12)
Polygon:
(0,0)(23,0)(23,5)(20,5)(20,15)(8,15)(8,2)(0,2)
Polygon:
(0,0)(33,0)(33,12)(15,12)(15,24)(6,24)(6,18)(0,18)
Polygon:
(0,0)(10,0)(10,9)(0,9)
Polygon:
(0,0)(39,0)(39,6)(34,6)(34,12)(16,12)(16,8)(0,8)
Polygon:
(0,0)(14,0)(14,8)(0,8)
Polygon:
(0,0)(3,0)(3,13)(0,13)
Polygon:
(0,0)(29,0)(29,16)(18,16)(18,25)(0,25)
Polygon:
(0,0)(9,0)(9,8)(0,8)
Polygon:
(0,0)(15,0)(15,12)(14,12)(14,27)(0,27)
Polygon:
(0,0)(29,0)(29,11)(11,11)(11,19)(0,19)
Polygon:
(0,0)(5,0)(5,3)(0,3)
Polygon:
(0,0)(9,0)(9,3)(0,3)
Polygon:
(0,0)(43,0)(43,7)(25,7)(25,15)(7,15)(7,3)(0,3)
Polygon:
(0,0)(35,0)(35,5)(17,5)(17,8)(0,8)
Polygon:
(0,0)(31,0)(31,25)(15,25)(15,32)(10,32)(10,17)(0,17)
Polygon:
(0,0)(17,0)(17,5)(0,5)
Polygon:
(0,0)(19,0)(19,7)(1,7)(1,16)(0,16)
Polygon:
(0,0)(18,0)(18,1)(5,1)(5,12)(0,12)
Polygon:
(0,0)(32,0)(32,5)(16,5)(16,13)(0,13)
Polygon:
(0,0)(8,0)(8,18)(0,18)
Polygon:
(0,0)(3,0)(3,15)(0,15)
Polygon:
(0,0)(20,0)(20,14)(3,14)(3,15)(0,15)
Polygon:
(0,0)(15,0)(15,14)(1,14)(1,23)(0,23)
Polygon:
(0,0)(16,0)(16,5)(0,5)
Polygon:
(0,0)(18,0)(18,2)(0,2)
Polygon:
(0,0)(26,0)(26,14)(10,14)(10,19)(4,19)(4,13)(0,13)
Polygon:
(0,0)(44,0)(44,3)(31,3)(31,10)(16,10)(16,1)(0,1)
Polygon:
(0,0)(18,0)(18,12)(0,12)
Polygon:
(0,0)(11,0)(11,1)(0,1)
Polygon:
(0,0)(34,0)(34,13)(25,13)(25,19)(7,19)(7,1)(0,1)
Polygon:
(0,0)(7,0)(7,3)(0,3)
Polygon:
(0,0)(1,0)(1,14)(0,14)
Polygon:
(0,0)(18,0)(18,10)(4,10)(4,17)(0,17)
Polygon:
(0,0)(16,0)(16,17)(0,17)
Polygon:
(0,0)(7,0)(7,1)(4,1)(4,16)(0,16)
Polygon:
(0,0)(10,0)(10,10)(5,10)(5,20)(0,20)
Polygon:
(0,0)(16,0)(16,13)(12,13)(12,27)(0,27)
Polygon:
(0,0)(24,0)(24,23)(11,23)(11,29)(5,29)(5,11)(0,11)
Polygon:
(0,0)(24,0)(24,14)(6,14)(6,15)(3,15)(3,6)(0,6)
Polygon:
(0,0)(5,0)(5,17)(0,17)
Polygon:
(0,0)(13,0)(13,15)(0,15)
Polygon:
(0,0)(30,0)(30,23)(28,23)(28,25)(14,25)(14,15)(0,15)
Polygon:
(0,0)(15,0)(15,5)(0,5)
Polygon:
(0,0)(5,0)(5,1)(0,1)
Polygon:
(0,0)(40,0)(40,15)(24,15)(24,17)(10,17)(10,10)(0,10)
Polygon:
(0,0)(37,0)(37,15)(24,15)(24,20)(7,20)(7,3)(0,3)
Polygon:
(0,0)(24,0)(24,2)(11,2)(11,18)(3,18)(3,4)(0,4)
Polygon:
(0,0)(12,0)(12,3)(0,3)
Polygon:
(0,0)(18,0)(18,15)(0,15)
Polygon:
(0,0)(2,0)(2,13)(0,13)
Polygon:
(0,0)(4,0)(4,10)(0,10)
Polygon:
(0,0)(22,0)(22,22)(14,22)(14,30)(2,30)(2,18)(0,18)
Polygon:
(0,0)(1,0)(1,15)(0,15)
Polygon:
(0,0)(1,0)(1,18)(0,18)
Polygon:
(0,0)(45,0)(45,24)(32,24)(32,25)(16,25)(16,12)(0,12)
Polygon:
(0,0)(4,0)(4,6)(0,6)
Polygon:
(0,0)(1,0)(1,16)(0,16)
Polygon:
(0,0)(9,0)(9,12)(0,12)
Polygon:
(0,0)(18,0)(18,6)(0,6)
Polygon:
(0,0)(3,0)(3,12)(0,12)
Polygon:
(0,0)(9,0)(9,5)(3,5)(3,14)(1,14)(1,3)(0,3)
Polygon:
(0,0)(14,0)(14,11)(1,11)(1,23)(0,23)
Polygon:
(0,0)(1,0)(1,1)(0,1)
Polygon:
(0,0)(14,0)(14,18)(7,18)(7,32)(0,32)
Polygon:
(0,0)(40,0)(40,11)(22,11)(22,14)(17,14)(17,4)(0,4)
Polygon:
(0,0)(26,0)(26,9)(12,9)(12,19)(0,19)
Polygon:
(0,0)(7,0)(7,14)(0,14)
Polygon:
(0,0)(1,0)(1,9)(0,9)
Polygon:
(0,0)(11,0)(11,12)(7,12)(7,30)(0,30)
