Polygon:
(0,0)(24,0)(24,16)(20,16)(20,6)(18,6)(18,7)(0,7)
Polygon:
(0,0)(30,0)(30,6)(21,6)(21,1)(7,1)(7,7)(0,7)
Polygon:
(0,0)(15,0)(15,5)(12,5)(12,2)(3,2)(3,10)(0,10)
Polygon:
(0,0)(24,0)(24,14)(19,14)(19,7)(18,7)(18,11)(0,11)
Polygon:
(0,0)(34,0)(34,17)(16,17)(16,3)(14,3)(14,8)(0,8)
Polygon:
(0,0)(29,0)(29,22)(22,22)(22,5)(5,5)(5,9)(0,9)
Polygon:
(0,0)(21,0)(21,24)(19,24)(19,12)(16,12)(16,17)(0,17)
Polygon:
(0,0)(21,0)(21,14)(20,14)(20,2)(13,2)(13,18)(0,18)
Polygon:
(0,0)(34,0)(34,21)(31,21)(31,10)(14,10)(14,13)(0,13)
Polygon:
(0,0)(34,0)(34,28)(23,28)(23,17)(13,17)(13,18)(0,18)
Polygon:
(0,0)(19,0)(19,18)(9,18)(9,1)(6,1)(6,9)(0,9)
Polygon:
(0,0)(32,0)(32,10)(22,10)(22,1)(4,1)(4,9)(0,9)
Polygon:
(0,0)(25,0)(25,16)(19,16)(19,4)(16,4)(16,13)(0,13)
Polygon:
(0,0)(18,0)(18,8)(16,8)(16,3)(2,3)(2,4)(0,4)
Polygon:
(0,0)(20,0)(20,20)(7,20)(7,6)(1,6)(1,15)(0,15)
Polygon:
(0,0)(37,0)(37,12)(26,12)(26,1)(12,1)(12,7)(0,7)
Polygon:
(0,0)(37,0)(37,10)(30,10)(30,2)(17,2)(17,8)(0,8)
Polygon:
(0,0)(15,0)(15,6)(8,6)(8,5)(5,5)(5,17)(0,17)
Polygon:
(0,0)(31,0)(31,20)(21,20)(21,16)(12,16)(12,28)(0,28)
Polygon:
(0,0)(36,0)(36,26)(34,26)(34,16)(17,16)(17,27)(0,27)
Polygon:
(0,0)(14,0)(14,11)(11,11)(11,6)(8,6)(8,11)(0,11)
Polygon:
(0,0)(36,0)(36,8)(33,8)(33,3)(17,3)(17,16)(0,16)
Polygon:
(0,0)(40,0)(40,18)(27,18)(27,4)(15,4)(15,18)(0,18)
Polygon:
(0,0)(31,0)(31,23)(23,23)(23,16)(13,16)(13,18)(0,18)
Polygon:
(0,0)(45,0)(45,4)(34,4)(34,2)(18,2)(18,3)(0,3)
Polygon:
(0,0)(39,0)(39,20)(31,20)(31,9)(17,9)(17,10)(0,10)
Polygon:
(0,0)(21,0)(21,10)(17,10)(17,1)(9,1)(9,13)(0,13)
Polygon:
(0,0)(22,0)(22,12)(16,12)(16,9)(6,9)(6,16)(0,16)
Polygon:
(0,0)(45,0)(45,9)(32,9)(32,1)(15,1)(15,9)(0,9)
Polygon:
(0,0)(25,0)(25,23)(12,23)(12,12)(3,12)(3,18)(0,18)
Polygon:
(0,0)(14,0)(14,21)(8,21)(8,9)(2,9)(2,13)(0,13)
Polygon:
(0,0)(34,0)(34,22)(21,22)(21,4)(7,4)(7,6)(0,6)
Polygon:
(0,0)(48,0)(48,11)(30,11)(30,7)(15,7)(15,11)(0,11)
Polygon:
(0,0)(34,0)(34,20)(26,20)(26,4)(8,4)(8,6)(0,6)
Polygon:
(0,0)(34,0)(34,23)(18,23)(18,5)(8,5)(8,11)(0,11)
Polygon:
(0,0)(27,0)(27,19)(13,19)(13,1)(6,1)(6,14)(0,14)
Polygon:
(0,0)(14,0)(14,6)(8,6)(8,3)(2,3)(2,14)(0,14)
Polygon:
(0,0)(24,0)(24,7)(21,7)(21,2)(3,2)(3,17)(0,17)
Polygon:
(0,0)(25,0)(25,21)(19,21)(19,3)(13,3)(13,9)(0,9)
Polygon:
(0,0)(31,0)(31,13)(23,13)(23,5)(7,5)(7,7)(0,7)
Polygon:
(0,0)(40,0)(40,19)(26,19)(26,4)(14,4)(14,5)(0,5)
Polygon:
(0,0)(32,0)(32,8)(14,8)(14,5)(10,5)(10,12)(0,12)
Polygon:
(0,0)(36,0)(36,23)(18,23)(18,13)(9,13)(9,14)(0,14)
Polygon:
(0,0)(32,0)(32,15)(20,15)(20,6)(16,6)(16,16)(0,16)
Polygon:
(0,0)(17,0)(17,15)(6,15)(6,10)(2,10)(2,14)(0,14)
Polygon:
(0,0)(30,0)(30,14)(12,14)(12,11)(2,11)(2,14)(0,14)
Polygon:
(0,0)(20,0)(20,18)(15,18)(15,5)(10,5)(10,11)(0,11)
Polygon:
(0,0)(26,0)(26,3)(20,3)(20,2)(16,2)(16,13)(0,13)
Polygon:
(0,0)(20,0)(20,6)(16,6)(16,2)(1,2)(1,13)(0,13)
Polygon:
(0,0)(36,0)(36,21)(27,21)(27,4)(9,4)(9,9)(0,9)
Polygon:
(0,0)(31,0)(31,14)(22,14)(22,3)(8,3)(8,16)(0,16)
Polygon:
(0,0)(16,0)(16,18)(13,18)(13,4)(8,4)(8,8)(0,8)
Polygon:
(0,0)(37,0)(37,10)(22,10)(22,4)(5,4)(5,5)(0,5)
Polygon:
(0,0)(17,0)(17,16)(10,16)(10,1)(4,1)(4,9)(0,9)
Polygon:
(0,0)(36,0)(36,24)(21,24)(21,13)(16,13)(16,15)(0,15)
Polygon:
(0,0)(34,0)(34,16)(17,16)(17,5)(16,5)(16,7)(0,7)
Polygon:
(0,0)(23,0)(23,30)(20,30)(20,16)(8,16)(8,17)(0,17)
Polygon:
(0,0)(33,0)(33,21)(18,21)(18,3)(16,3)(16,6)(0,6)
Polygon:
(0,0)(45,0)(45,21)(27,21)(27,3)(13,3)(13,12)(0,12)
Polygon:
(0,0)(32,0)(32,18)(20,18)(20,2)(8,2)(8,7)(0,7)
Polygon:
(0,0)(40,0)(40,13)(22,13)(22,4)(13,4)(13,17)(0,17)
Polygon:
(0,0)(27,0)(27,15)(21,15)(21,4)(16,4)(16,16)(0,16)
Polygon:
(0,0)(49,0)(49,19)(33,19)(33,8)(17,8)(17,10)(0,10)
Polygon:
(0,0)(27,0)(27,18)(10,18)(10,1)(9,1)(9,15)(0,15)
Polygon:
(0,0)(34,0)(34,16)(23,16)(23,7)(13,7)(13,9)(0,9)
Polygon:
(0,0)(20,0)(20,7)(16,7)(16,2)(8,2)(8,10)(0,10)
Polygon:
(0,0)(38,0)(38,29)(29,29)(29,11)(17,11)(17,15)(0,15)
Polygon:
(0,0)(41,0)(41,8)(24,8)(24,4)(10,4)(10,18)(0,18)
Polygon:
(0,0)(31,0)(31,34)(29,34)(29,18)(11,18)(11,29)(0,29)
Polygon:
(0,0)(33,0)(33,11)(22,11)(22,10)(4,10)(4,17)(0,17)
Polygon:
(0,0)(33,0)(33,19)(22,19)(22,7)(15,7)(15,16)(0,16)
Polygon:
(0,0)(41,0)(41,16)(23,16)(23,1)(8,1)(8,9)(0,9)
Polygon:
(0,0)(22,0)(22,21)(19,21)(19,8)(9,8)(9,17)(0,17)
Polygon:
(0,0)(18,0)(18,14)(16,14)(16,2)(9,2)(9,18)(0,18)
Polygon:
(0,0)(34,0)(34,19)(16,19)(16,8)(1,8)(1,15)(0,15)
Polygon:
(0,0)(26,0)(26,13)(15,13)(15,10)(9,10)(9,14)(0,14)
Polygon:
(0,0)(19,0)(19,9)(15,9)(15,2)(14,2)(14,17)(0,17)
Polygon:
(0,0)(30,0)(30,31)(26,31)(26,13)(18,13)(18,14)(0,14)
Polygon:
(0,0)(25,0)(25,19)(8,19)(8,11)(2,11)(2,18)(0,18)
Polygon:
(0,0)(22,0)(22,7)(18,7)(18,5)(17,5)(17,6)(0,6)
Polygon:
(0,0)(19,0)(19,10)(10,10)(10,9)(7,9)(7,13)(0,13)
Polygon:
(0,0)(13,0)(13,9)(11,9)(11,6)(10,6)(10,18)(0,18)
Polygon:
(0,0)(38,0)(38,21)(26,21)(26,9)(14,9)(14,17)(0,17)
Polygon:
(0,0)(37,0)(37,17)(23,17)(23,10)(17,10)(17,18)(0,18)
Polygon:
(0,0)(30,0)(30,9)(18,9)(18,4)(10,4)(10,5)(0,5)
Polygon:
(0,0)(21,0)(21,8)(3,8)(3,3)(2,3)(2,7)(0,7)
Polygon:
(0,0)(34,0)(34,11)(20,11)(20,3)(11,3)(11,15)(0,15)
Polygon:
(0,0)(18,0)(18,13)(17,13)(17,11)(10,11)(10,14)(0,14)
Polygon:
(0,0)(35,0)(35,20)(28,20)(28,6)(18,6)(18,11)(0,11)
Polygon:
(0,0)(47,0)(47,8)(36,8)(36,5)(18,5)(18,6)(0,6)
Polygon:
(0,0)(45,0)(45,12)(30,12)(30,8)(12,8)(12,11)(0,11)
Polygon:
(0,0)(7,0)(7,20)(6,20)(6,2)(5,2)(5,12)(0,12)
Polygon:
(0,0)(27,0)(27,15)(20,15)(20,3)(18,3)(18,8)(0,8)
Polygon:
(0,0)(20,0)(20,14)(18,14)(18,10)(4,10)(4,17)(0,17)
Polygon:
(0,0)(15,0)(15,19)(2,19)(2,12)(1,12)(1,18)(0,18)
Polygon:
(0,0)(37,0)(37,16)(29,16)(29,1)(14,1)(14,15)(0,15)
Polygon:
(0,0)(29,0)(29,6)(20,6)(20,4)(16,4)(16,18)(0,18)
Polygon:
(0,0)(30,0)(30,12)(20,12)(20,2)(9,2)(9,17)(0,17)
Polygon:
(0,0)(21,0)(21,21)(20,21)(20,7)(4,7)(4,18)(0,18)
Polygon:
(0,0)(26,0)(26,13)(21,13)(21,12)(15,12)(15,14)(0,14)
Polygon:
(0,0)(30,0)(30,26)(20,26)(20,10)(13,10)(13,16)(0,16)
Polygon:
(0,0)(40,0)(40,13)(24,13)(24,7)(8,7)(8,11)(0,11)
Polygon:
(0,0)(38,0)(38,24)(21,24)(21,9)(11,9)(11,15)(0,15)
Polygon:
(0,0)(44,0)(44,23)(26,23)(26,9)(8,9)(8,18)(0,18)
Polygon:
(0,0)(42,0)(42,17)(25,17)(25,4)(16,4)(16,15)(0,15)
Polygon:
(0,0)(25,0)(25,9)(16,9)(16,2)(13,2)(13,16)(0,16)
Polygon:
(0,0)(35,0)(35,15)(27,15)(27,1)(9,1)(9,15)(0,15)
Polygon:
(0,0)(22,0)(22,4)(14,4)(14,2)(9,2)(9,18)(0,18)
Polygon:
(0,0)(27,0)(27,6)(13,6)(13,5)(7,5)(7,13)(0,13)
Polygon:
(0,0)(42,0)(42,3)(24,3)(24,1)(7,1)(7,10)(0,10)
Polygon:
(0,0)(21,0)(21,11)(9,11)(9,3)(3,3)(3,11)(0,11)
Polygon:
(0,0)(20,0)(20,20)(8,20)(8,5)(4,5)(4,11)(0,11)
Polygon:
(0,0)(39,0)(39,16)(28,16)(28,2)(14,2)(14,12)(0,12)
Polygon:
(0,0)(31,0)(31,26)(23,26)(23,10)(12,10)(12,11)(0,11)
Polygon:
(0,0)(34,0)(34,11)(17,11)(17,8)(1,8)(1,9)(0,9)
Polygon:
(0,0)(28,0)(28,22)(15,22)(15,13)(5,13)(5,18)(0,18)
Polygon:
(0,0)(17,0)(17,12)(15,12)(15,4)(12,4)(12,16)(0,16)
Polygon:
(0,0)(15,0)(15,18)(12,18)(12,1)(6,1)(6,9)(0,9)
Polygon:
(0,0)(17,0)(17,21)(13,21)(13,6)(11,6)(11,9)(0,9)
Polygon:
(0,0)(25,0)(25,19)(21,19)(21,12)(4,12)(4,17)(0,17)
Polygon:
(0,0)(44,0)(44,15)(31,15)(31,13)(14,13)(14,16)(0,16)
Polygon:
(0,0)(21,0)(21,15)(15,15)(15,1)(13,1)(13,2)(0,2)
Polygon:
(0,0)(37,0)(37,13)(19,13)(19,1)(11,1)(11,18)(0,18)
Polygon:
(0,0)(20,0)(20,6)(17,6)(17,1)(10,1)(10,7)(0,7)
Polygon:
(0,0)(32,0)(32,25)(20,25)(20,7)(17,7)(17,15)(0,15)
Polygon:
(0,0)(33,0)(33,17)(16,17)(16,1)(10,1)(10,7)(0,7)
Polygon:
(0,0)(35,0)(35,17)(30,17)(30,1)(15,1)(15,7)(0,7)
Polygon:
(0,0)(22,0)(22,18)(14,18)(14,4)(6,4)(6,8)(0,8)
Polygon:
(0,0)(11,0)(11,14)(10,14)(10,10)(7,10)(7,11)(0,11)
Polygon:
(0,0)(29,0)(29,10)(19,10)(19,3)(16,3)(16,9)(0,9)
Polygon:
(0,0)(17,0)(17,20)(6,20)(6,4)(4,4)(4,18)(0,18)
Polygon:
(0,0)(44,0)(44,23)(28,23)(28,7)(14,7)(14,10)(0,10)
Polygon:
(0,0)(33,0)(33,15)(19,15)(19,1)(6,1)(6,5)(0,5)
Polygon:
(0,0)(23,0)(23,9)(15,9)(15,6)(12,6)(12,10)(0,10)
Polygon:
(0,0)(39,0)(39,8)(28,8)(28,6)(17,6)(17,13)(0,13)
Polygon:
(0,0)(38,0)(38,14)(20,14)(20,1)(8,1)(8,5)(0,5)
Polygon:
(0,0)(11,0)(11,10)(6,10)(6,4)(1,4)(1,6)(0,6)
Polygon:
(0,0)(24,0)(24,24)(22,24)(22,8)(18,8)(18,9)(0,9)
Polygon:
(0,0)(35,0)(35,22)(32,22)(32,4)(18,4)(18,8)(0,8)
Polygon:
(0,0)(33,0)(33,21)(24,21)(24,9)(9,9)(9,12)(0,12)
Polygon:
(0,0)(22,0)(22,14)(19,14)(19,2)(1,2)(1,15)(0,15)
Polygon:
(0,0)(23,0)(23,20)(22,20)(22,5)(6,5)(6,8)(0,8)
Polygon:
(0,0)(46,0)(46,9)(29,9)(29,2)(11,2)(11,9)(0,9)
Polygon:
(0,0)(20,0)(20,11)(10,11)(10,1)(6,1)(6,4)(0,4)
Polygon:
(0,0)(30,0)(30,10)(28,10)(28,8)(15,8)(15,15)(0,15)
Polygon:
(0,0)(34,0)(34,12)(19,12)(19,6)(18,6)(18,16)(0,16)
Polygon:
(0,0)(12,0)(12,6)(11,6)(11,4)(2,4)(2,5)(0,5)
Polygon:
(0,0)(16,0)(16,14)(10,14)(10,5)(2,5)(2,10)(0,10)
Polygon:
(0,0)(30,0)(30,23)(26,23)(26,10)(12,10)(12,11)(0,11)
Polygon:
(0,0)(31,0)(31,8)(27,8)(27,1)(15,1)(15,15)(0,15)
Polygon:
(0,0)(36,0)(36,10)(21,10)(21,8)(18,8)(18,17)(0,17)
Polygon:
(0,0)(32,0)(32,19)(22,19)(22,1)(17,1)(17,9)(0,9)
Polygon:
(0,0)(28,0)(28,25)(18,25)(18,7)(17,7)(17,15)(0,15)
Polygon:
(0,0)(34,0)(34,17)(25,17)(25,1)(14,1)(14,4)(0,4)
Polygon:
(0,0)(27,0)(27,7)(26,7)(26,5)(18,5)(18,8)(0,8)
Polygon:
(0,0)(28,0)(28,18)(25,18)(25,11)(16,11)(16,17)(0,17)
Polygon:
(0,0)(31,0)(31,17)(18,17)(18,11)(10,11)(10,13)(0,13)
Polygon:
(0,0)(30,0)(30,8)(17,8)(17,4)(4,4)(4,6)(0,6)
Polygon:
(0,0)(27,0)(27,27)(15,27)(15,15)(6,15)(6,17)(0,17)
Polygon:
(0,0)(16,0)(16,17)(11,17)(11,10)(6,10)(6,12)(0,12)
Polygon:
(0,0)(38,0)(38,4)(21,4)(21,1)(5,1)(5,18)(0,18)
Polygon:
(0,0)(27,0)(27,29)(24,29)(24,13)(18,13)(18,14)(0,14)
Polygon:
(0,0)(39,0)(39,25)(25,25)(25,7)(10,7)(10,14)(0,14)
Polygon:
(0,0)(32,0)(32,8)(18,8)(18,2)(15,2)(15,9)(0,9)
Polygon:
(0,0)(18,0)(18,13)(14,13)(14,3)(12,3)(12,5)(0,5)
Polygon:
(0,0)(27,0)(27,9)(15,9)(15,1)(8,1)(8,13)(0,13)
Polygon:
(0,0)(23,0)(23,9)(12,9)(12,8)(6,8)(6,9)(0,9)
Polygon:
(0,0)(15,0)(15,14)(12,14)(12,4)(4,4)(4,14)(0,14)
Polygon:
(0,0)(26,0)(26,7)(13,7)(13,1)(5,1)(5,17)(0,17)
Polygon:
(0,0)(24,0)(24,18)(21,18)(21,1)(10,1)(10,8)(0,8)
Polygon:
(0,0)(27,0)(27,21)(22,21)(22,9)(12,9)(12,15)(0,15)
Polygon:
(0,0)(40,0)(40,21)(26,21)(26,5)(12,5)(12,8)(0,8)
Polygon:
(0,0)(41,0)(41,17)(25,17)(25,15)(18,15)(18,27)(0,27)
Polygon:
(0,0)(24,0)(24,24)(17,24)(17,6)(10,6)(10,13)(0,13)
Polygon:
(0,0)(26,0)(26,32)(20,32)(20,15)(10,15)(10,19)(0,19)
Polygon:
(0,0)(24,0)(24,13)(11,13)(11,8)(10,8)(10,15)(0,15)
Polygon:
(0,0)(39,0)(39,11)(26,11)(26,1)(8,1)(8,10)(0,10)
Polygon:
(0,0)(29,0)(29,3)(28,3)(28,1)(17,1)(17,11)(0,11)
Polygon:
(0,0)(23,0)(23,11)(16,11)(16,3)(6,3)(6,10)(0,10)
Polygon:
(0,0)(41,0)(41,24)(34,24)(34,13)(16,13)(16,15)(0,15)
Polygon:
(0,0)(12,0)(12,6)(11,6)(11,4)(7,4)(7,9)(0,9)
Polygon:
(0,0)(29,0)(29,14)(12,14)(12,1)(5,1)(5,10)(0,10)
Polygon:
(0,0)(44,0)(44,12)(28,12)(28,5)(11,5)(11,16)(0,16)
Polygon:
(0,0)(38,0)(38,12)(21,12)(21,1)(16,1)(16,3)(0,3)
Polygon:
(0,0)(40,0)(40,24)(27,24)(27,7)(14,7)(14,8)(0,8)
Polygon:
(0,0)(40,0)(40,15)(23,15)(23,2)(18,2)(18,8)(0,8)
Polygon:
(0,0)(26,0)(26,20)(25,20)(25,5)(15,5)(15,8)(0,8)
Polygon:
(0,0)(19,0)(19,17)(13,17)(13,2)(12,2)(12,13)(0,13)
Polygon:
(0,0)(27,0)(27,24)(19,24)(19,10)(9,10)(9,17)(0,17)
Polygon:
(0,0)(22,0)(22,22)(15,22)(15,4)(8,4)(8,18)(0,18)
Polygon:
(0,0)(37,0)(37,21)(27,21)(27,4)(17,4)(17,18)(0,18)
Polygon:
(0,0)(22,0)(22,10)(18,10)(18,9)(9,9)(9,17)(0,17)
Polygon:
(0,0)(28,0)(28,16)(13,16)(13,1)(10,1)(10,2)(0,2)
Polygon:
(0,0)(28,0)(28,21)(20,21)(20,7)(16,7)(16,10)(0,10)
Polygon:
(0,0)(12,0)(12,10)(5,10)(5,5)(1,5)(1,16)(0,16)
Polygon:
(0,0)(27,0)(27,19)(12,19)(12,18)(4,18)(4,29)(0,29)
Polygon:
(0,0)(28,0)(28,15)(16,15)(16,2)(1,2)(1,14)(0,14)
Polygon:
(0,0)(30,0)(30,22)(25,22)(25,8)(13,8)(13,14)(0,14)
Polygon:
(0,0)(16,0)(16,5)(9,5)(9,1)(2,1)(2,6)(0,6)
Polygon:
(0,0)(20,0)(20,21)(10,21)(10,10)(8,10)(8,17)(0,17)
Polygon:
(0,0)(20,0)(20,14)(13,14)(13,8)(2,8)(2,13)(0,13)
Polygon:
(0,0)(20,0)(20,15)(5,15)(5,4)(3,4)(3,5)(0,5)
Polygon:
(0,0)(22,0)(22,13)(5,13)(5,3)(1,3)(1,4)(0,4)
Polygon:
(0,0)(28,0)(28,17)(24,17)(24,2)(10,2)(10,17)(0,17)
Polygon:
(0,0)(44,0)(44,21)(31,21)(31,4)(17,4)(17,7)(0,7)
Polygon:
(0,0)(27,0)(27,8)(20,8)(20,1)(6,1)(6,4)(0,4)
Polygon:
(0,0)(31,0)(31,23)(19,23)(19,5)(16,5)(16,6)(0,6)
Polygon:
(0,0)(31,0)(31,19)(26,19)(26,3)(10,3)(10,5)(0,5)
Polygon:
(0,0)(19,0)(19,2)(17,2)(17,1)(5,1)(5,11)(0,11)
Polygon:
(0,0)(22,0)(22,16)(21,16)(21,15)(16,15)(16,16)(0,16)
Polygon:
(0,0)(39,0)(39,10)(32,10)(32,4)(17,4)(17,13)(0,13)
Polygon:
(0,0)(32,0)(32,12)(18,12)(18,9)(17,9)(17,13)(0,13)
Polygon:
(0,0)(50,0)(50,17)(32,17)(32,8)(15,8)(15,12)(0,12)
Polygon:
(0,0)(15,0)(15,15)(12,15)(12,14)(4,14)(4,17)(0,17)
Polygon:
(0,0)(16,0)(16,19)(7,19)(7,6)(3,6)(3,14)(0,14)
Polygon:
(0,0)(37,0)(37,13)(20,13)(20,8)(18,8)(18,13)(0,13)
Polygon:
(0,0)(36,0)(36,22)(31,22)(31,6)(17,6)(17,11)(0,11)
Polygon:
(0,0)(23,0)(23,13)(16,13)(16,2)(4,2)(4,18)(0,18)
Polygon:
(0,0)(30,0)(30,21)(18,21)(18,6)(2,6)(2,9)(0,9)
Polygon:
(0,0)(29,0)(29,15)(15,15)(15,7)(3,7)(3,14)(0,14)
Polygon:
(0,0)(25,0)(25,24)(19,24)(19,8)(18,8)(18,15)(0,15)
Polygon:
(0,0)(21,0)(21,26)(18,26)(18,8)(16,8)(16,9)(0,9)
Polygon:
(0,0)(38,0)(38,21)(22,21)(22,5)(4,5)(4,15)(0,15)
Polygon:
(0,0)(44,0)(44,3)(26,3)(26,2)(9,2)(9,11)(0,11)
Polygon:
(0,0)(16,0)(16,18)(9,18)(9,8)(8,8)(8,14)(0,14)
Polygon:
(0,0)(34,0)(34,9)(22,9)(22,7)(9,7)(9,10)(0,10)
Polygon:
(0,0)(32,0)(32,23)(20,23)(20,8)(2,8)(2,12)(0,12)
Polygon:
(0,0)(40,0)(40,10)(33,10)(33,1)(15,1)(15,4)(0,4)
Polygon:
(0,0)(26,0)(26,22)(22,22)(22,9)(4,9)(4,12)(0,12)
Polygon:
(0,0)(23,0)(23,26)(10,26)(10,16)(3,16)(3,31)(0,31)
Polygon:
(0,0)(24,0)(24,18)(21,18)(21,6)(13,6)(13,9)(0,9)
Polygon:
(0,0)(24,0)(24,28)(20,28)(20,11)(18,11)(18,16)(0,16)
Polygon:
(0,0)(35,0)(35,27)(19,27)(19,16)(16,16)(16,17)(0,17)
Polygon:
(0,0)(12,0)(12,14)(4,14)(4,9)(3,9)(3,13)(0,13)
Polygon:
(0,0)(21,0)(21,11)(19,11)(19,6)(3,6)(3,7)(0,7)
Polygon:
(0,0)(17,0)(17,4)(13,4)(13,2)(12,2)(12,15)(0,15)
Polygon:
(0,0)(34,0)(34,22)(17,22)(17,10)(9,10)(9,14)(0,14)
Polygon:
(0,0)(22,0)(22,5)(14,5)(14,4)(4,4)(4,5)(0,5)
Polygon:
(0,0)(20,0)(20,16)(16,16)(16,1)(2,1)(2,5)(0,5)
Polygon:
(0,0)(21,0)(21,13)(20,13)(20,3)(16,3)(16,16)(0,16)
Polygon:
(0,0)(25,0)(25,15)(12,15)(12,3)(8,3)(8,14)(0,14)
Polygon:
(0,0)(38,0)(38,19)(25,19)(25,3)(12,3)(12,14)(0,14)
Polygon:
(0,0)(17,0)(17,19)(15,19)(15,5)(13,5)(13,8)(0,8)
Polygon:
(0,0)(40,0)(40,13)(24,13)(24,5)(7,5)(7,8)(0,8)
Polygon:
(0,0)(13,0)(13,15)(9,15)(9,6)(7,6)(7,10)(0,10)
Polygon:
(0,0)(20,0)(20,15)(19,15)(19,4)(16,4)(16,12)(0,12)
Polygon:
(0,0)(33,0)(33,17)(18,17)(18,11)(9,11)(9,28)(0,28)
Polygon:
(0,0)(39,0)(39,15)(23,15)(23,1)(5,1)(5,16)(0,16)
Polygon:
(0,0)(39,0)(39,19)(29,19)(29,6)(14,6)(14,12)(0,12)
Polygon:
(0,0)(38,0)(38,20)(23,20)(23,2)(17,2)(17,5)(0,5)
Polygon:
(0,0)(12,0)(12,5)(8,5)(8,4)(4,4)(4,7)(0,7)
Polygon:
(0,0)(34,0)(34,16)(28,16)(28,8)(16,8)(16,14)(0,14)
Polygon:
(0,0)(23,0)(23,24)(17,24)(17,15)(12,15)(12,17)(0,17)
Polygon:
(0,0)(38,0)(38,21)(29,21)(29,3)(15,3)(15,5)(0,5)
Polygon:
(0,0)(28,0)(28,26)(24,26)(24,14)(8,14)(8,17)(0,17)
Polygon:
(0,0)(22,0)(22,7)(16,7)(16,2)(5,2)(5,14)(0,14)
Polygon:
(0,0)(22,0)(22,20)(4,20)(4,15)(2,15)(2,31)(0,31)
Polygon:
(0,0)(34,0)(34,21)(20,21)(20,11)(11,11)(11,12)(0,12)
Polygon:
(0,0)(17,0)(17,8)(14,8)(14,5)(9,5)(9,8)(0,8)
Polygon:
(0,0)(29,0)(29,12)(20,12)(20,7)(16,7)(16,18)(0,18)
Polygon:
(0,0)(12,0)(12,22)(9,22)(9,11)(5,11)(5,12)(0,12)
Polygon:
(0,0)(13,0)(13,15)(9,15)(9,2)(6,2)(6,12)(0,12)
Polygon:
(0,0)(25,0)(25,21)(7,21)(7,9)(2,9)(2,16)(0,16)
Polygon:
(0,0)(17,0)(17,19)(11,19)(11,1)(9,1)(9,8)(0,8)
Polygon:
(0,0)(31,0)(31,13)(21,13)(21,6)(4,6)(4,7)(0,7)
Polygon:
(0,0)(37,0)(37,2)(26,2)(26,1)(10,1)(10,8)(0,8)
Polygon:
(0,0)(33,0)(33,16)(15,16)(15,11)(8,11)(8,18)(0,18)
Polygon:
(0,0)(19,0)(19,29)(18,29)(18,11)(14,11)(14,17)(0,17)
Polygon:
(0,0)(27,0)(27,10)(16,10)(16,3)(1,3)(1,14)(0,14)
Polygon:
(0,0)(28,0)(28,19)(18,19)(18,11)(13,11)(13,18)(0,18)
Polygon:
(0,0)(30,0)(30,27)(18,27)(18,10)(12,10)(12,12)(0,12)
Polygon:
(0,0)(36,0)(36,6)(24,6)(24,2)(18,2)(18,10)(0,10)
Polygon:
(0,0)(31,0)(31,23)(18,23)(18,13)(17,13)(17,14)(0,14)
Polygon:
(0,0)(22,0)(22,10)(14,10)(14,9)(3,9)(3,16)(0,16)
Polygon:
(0,0)(27,0)(27,18)(15,18)(15,11)(9,11)(9,14)(0,14)
Polygon:
(0,0)(39,0)(39,22)(24,22)(24,11)(15,11)(15,12)(0,12)
Polygon:
(0,0)(12,0)(12,10)(11,10)(11,2)(8,2)(8,7)(0,7)
Polygon:
(0,0)(38,0)(38,16)(20,16)(20,9)(4,9)(4,15)(0,15)
Polygon:
(0,0)(15,0)(15,26)(13,26)(13,9)(7,9)(7,14)(0,14)
Polygon:
(0,0)(20,0)(20,13)(18,13)(18,9)(9,9)(9,10)(0,10)
Polygon:
(0,0)(33,0)(33,10)(18,10)(18,5)(11,5)(11,13)(0,13)
Polygon:
(0,0)(27,0)(27,20)(26,20)(26,7)(18,7)(18,22)(0,22)
Polygon:
(0,0)(29,0)(29,11)(25,11)(25,9)(8,9)(8,16)(0,16)
Polygon:
(0,0)(47,0)(47,17)(29,17)(29,5)(11,5)(11,9)(0,9)
Polygon:
(0,0)(45,0)(45,20)(33,20)(33,7)(18,7)(18,12)(0,12)
Polygon:
(0,0)(42,0)(42,10)(27,10)(27,6)(12,6)(12,15)(0,15)
Polygon:
(0,0)(23,0)(23,13)(21,13)(21,12)(17,12)(17,15)(0,15)
Polygon:
(0,0)(29,0)(29,25)(12,25)(12,8)(7,8)(7,16)(0,16)
Polygon:
(0,0)(18,0)(18,14)(3,14)(3,4)(2,4)(2,14)(0,14)
Polygon:
(0,0)(25,0)(25,24)(19,24)(19,13)(4,13)(4,14)(0,14)
Polygon:
(0,0)(25,0)(25,12)(13,12)(13,4)(10,4)(10,10)(0,10)
Polygon:
(0,0)(45,0)(45,12)(30,12)(30,5)(13,5)(13,17)(0,17)
Polygon:
(0,0)(35,0)(35,17)(20,17)(20,4)(18,4)(18,17)(0,17)
Polygon:
(0,0)(33,0)(33,17)(26,17)(26,5)(17,5)(17,15)(0,15)
Polygon:
(0,0)(33,0)(33,19)(19,19)(19,3)(18,3)(18,6)(0,6)
Polygon:
(0,0)(28,0)(28,21)(22,21)(22,13)(14,13)(14,18)(0,18)
Polygon:
(0,0)(31,0)(31,3)(18,3)(18,2)(9,2)(9,6)(0,6)
Polygon:
(0,0)(21,0)(21,18)(4,18)(4,4)(3,4)(3,6)(0,6)
Polygon:
(0,0)(41,0)(41,18)(23,18)(23,10)(8,10)(8,12)(0,12)
Polygon:
(0,0)(31,0)(31,9)(16,9)(16,1)(14,1)(14,2)(0,2)
Polygon:
(0,0)(21,0)(21,25)(20,25)(20,9)(16,9)(16,13)(0,13)
Polygon:
(0,0)(34,0)(34,29)(19,29)(19,11)(5,11)(5,18)(0,18)
Polygon:
(0,0)(34,0)(34,15)(22,15)(22,10)(7,10)(7,16)(0,16)
Polygon:
(0,0)(30,0)(30,26)(13,26)(13,12)(10,12)(10,20)(0,20)
Polygon:
(0,0)(28,0)(28,27)(16,27)(16,15)(10,15)(10,18)(0,18)
Polygon:
(0,0)(19,0)(19,26)(15,26)(15,11)(7,11)(7,15)(0,15)
Polygon:
(0,0)(14,0)(14,11)(12,11)(12,4)(10,4)(10,9)(0,9)
Polygon:
(0,0)(36,0)(36,12)(19,12)(19,8)(6,8)(6,18)(0,18)
Polygon:
(0,0)(23,0)(23,21)(21,21)(21,8)(5,8)(5,17)(0,17)
Polygon:
(0,0)(37,0)(37,19)(23,19)(23,4)(15,4)(15,13)(0,13)
Polygon:
(0,0)(34,0)(34,3)(23,3)(23,2)(11,2)(11,17)(0,17)
Polygon:
(0,0)(28,0)(28,9)(26,9)(26,7)(9,7)(9,11)(0,11)
Polygon:
(0,0)(12,0)(12,21)(8,21)(8,4)(4,4)(4,18)(0,18)
Polygon:
(0,0)(28,0)(28,27)(15,27)(15,17)(9,17)(9,18)(0,18)
Polygon:
(0,0)(39,0)(39,5)(23,5)(23,2)(14,2)(14,18)(0,18)
Polygon:
(0,0)(39,0)(39,23)(27,23)(27,11)(16,11)(16,18)(0,18)
Polygon:
(0,0)(5,0)(5,22)(2,22)(2,6)(1,6)(1,8)(0,8)
Polygon:
(0,0)(36,0)(36,28)(22,28)(22,12)(7,12)(7,16)(0,16)
Polygon:
(0,0)(24,0)(24,20)(16,20)(16,8)(1,8)(1,16)(0,16)
Polygon:
(0,0)(10,0)(10,18)(2,18)(2,15)(1,15)(1,16)(0,16)
Polygon:
(0,0)(34,0)(34,17)(24,17)(24,18)(18,18)(18,5)(0,5)
Polygon:
(0,0)(19,0)(19,2)(15,2)(15,8)(0,8)
Polygon:
(0,0)(18,0)(18,12)(0,12)
Polygon:
(0,0)(6,0)(6,17)(0,17)
Polygon:
(0,0)(31,0)(31,15)(27,15)(27,31)(18,31)(18,17)(0,17)
Polygon:
(0,0)(30,0)(30,16)(16,16)(16,32)(0,32)
Polygon:
(0,0)(8,0)(8,1)(0,1)
Polygon:
(0,0)(6,0)(6,9)(0,9)
Polygon:
(0,0)(2,0)(2,1)(0,1)
Polygon:
(0,0)(16,0)(16,14)(0,14)
Polygon:
(0,0)(13,0)(13,5)(0,5)
Polygon:
(0,0)(30,0)(30,6)(15,6)(15,19)(6,19)(6,17)(0,17)
Polygon:
(0,0)(24,0)(24,14)(13,14)(13,15)(4,15)(4,4)(0,4)
Polygon:
(0,0)(31,0)(31,7)(16,7)(16,18)(0,18)
Polygon:
(0,0)(36,0)(36,17)(28,17)(28,20)(10,20)(10,8)(0,8)
Polygon:
(0,0)(2,0)(2,7)(0,7)
Polygon:
(0,0)(15,0)(15,1)(0,1)
Polygon:
(0,0)(14,0)(14,2)(0,2)
Polygon:
(0,0)(13,0)(13,3)(0,3)
Polygon:
(0,0)(19,0)(19,8)(8,8)(8,18)(3,18)(3,8)(0,8)
Polygon:
(0,0)(6,0)(6,7)(0,7)
Polygon:
(0,0)(36,0)(36,12)(22,12)(22,16)(12,16)(12,9)(0,9)
Polygon:
(0,0)(13,0)(13,14)(0,14)
Polygon:
(0,0)(28,0)(28,4)(26,4)(26,9)(10,9)(10,2)(0,2)
Polygon:
(0,0)(16,0)(16,5)(0,5)
Polygon:
(0,0)(33,0)(33,11)(18,11)(18,20)(6,20)(6,3)(0,3)
Polygon:
(0,0)(37,0)(37,6)(24,6)(24,22)(9,22)(9,14)(0,14)
Polygon:
(0,0)(5,0)(5,12)(0,12)
Polygon:
(0,0)(14,0)(14,3)(8,3)(8,12)(0,12)
Polygon:
(0,0)(11,0)(11,7)(6,7)(6,22)(0,22)
Polygon:
(0,0)(17,0)(17,15)(0,15)
Polygon:
(0,0)(46,0)(46,16)(30,16)(30,19)(15,19)(15,11)(0,11)
Polygon:
(0,0)(39,0)(39,22)(33,22)(33,27)(17,27)(17,9)(0,9)
Polygon:
(0,0)(16,0)(16,5)(0,5)
Polygon:
(0,0)(2,0)(2,16)(0,16)
Polygon:
(0,0)(11,0)(11,18)(0,18)
Polygon:
(0,0)(15,0)(15,16)(0,16)
Polygon:
(0,0)(5,0)(5,1)(0,1)
Polygon:
(0,0)(13,0)(13,16)(9,16)(9,31)(0,31)
Polygon:
(0,0)(7,0)(7,4)(0,4)
Polygon:
(0,0)(42,0)(42,7)(29,7)(29,23)(11,23)(11,6)(0,6)
Polygon:
(0,0)(15,0)(15,5)(0,5)
Polygon:
(0,0)(5,0)(5,8)(0,8)
Polygon:
(0,0)(19,0)(19,13)(13,13)(13,19)(0,19)
Polygon:
(0,0)(8,0)(8,8)(0,8)
Polygon:
(0,0)(1,0)(1,6)(0,6)
Polygon:
(0,0)(33,0)(33,6)(27,6)(27,18)(17,18)(17,14)(0,14)
Polygon:
(0,0)(20,0)(20,31)(12,31)(12,34)(5,34)(5,17)(0,17)
Polygon:
(0,0)(6,0)(6,9)(0,9)
Polygon:
(0,0)(15,0)(15,11)(0,11)
Polygon:
(0,0)(27,0)(27,11)(17,11)(17,17)(5,17)(5,3)(0,3)
Polygon:
(0,0)(13,0)(13,9)(3,9)(3,25)(0,25)
Polygon:
(0,0)(20,0)(20,6)(3,6)(3,15)(0,15)
Polygon:
(0,0)(9,0)(9,13)(5,13)(5,28)(0,28)
Polygon:
(0,0)(8,0)(8,14)(0,14)
Polygon:
(0,0)(17,0)(17,7)(0,7)
Polygon:
(0,0)(6,0)(6,11)(0,11)
Polygon:
(0,0)(7,0)(7,5)(0,5)
Polygon:
(0,0)(19,0)(19,28)(16,28)(16,34)(8,34)(8,17)(0,17)
Polygon:
(0,0)(6,0)(6,11)(0,11)
Polygon:
(0,0)(17,0)(17,11)(0,11)
Polygon:
(0,0)(23,0)(23,14)(8,14)(8,30)(2,30)(2,18)(0,18)
Polygon:
(0,0)(12,0)(12,2)(0,2)
Polygon:
(0,0)(3,0)(3,8)(0,8)
Polygon:
(0,0)(8,0)(8,2)(0,2)
Polygon:
(0,0)(9,0)(9,17)(0,17)
Polygon:
(0,0)(14,0)(14,4)(0,4)
Polygon:
(0,0)(2,0)(2,16)(0,16)
Polygon:
(0,0)(23,0)(23,15)(21,15)(21,16)(10,16)(10,7)(0,7)
Polygon:
(0,0)(26,0)(26,13)(20,13)(20,18)(6,18)(6,17)(0,17)
Polygon:
(0,0)(8,0)(8,2)(0,2)
Polygon:
(0,0)(26,0)(26,3)(16,3)(16,17)(0,17)
Polygon:
(0,0)(23,0)(23,9)(18,9)(18,18)(7,18)(7,4)(0,4)
Polygon:
(0,0)(21,0)(21,19)(17,19)(17,28)(10,28)(10,14)(0,14)
Polygon:
(0,0)(20,0)(20,9)(16,9)(16,18)(0,18)
Polygon:
(0,0)(22,0)(22,13)(4,13)(4,19)(0,19)
Polygon:
(0,0)(18,0)(18,5)(0,5)
Polygon:
(0,0)(27,0)(27,13)(17,13)(17,22)(0,22)
Polygon:
(0,0)(26,0)(26,6)(19,6)(19,19)(1,19)(1,6)(0,6)
Polygon:
(0,0)(15,0)(15,26)(7,26)(7,28)(3,28)(3,12)(0,12)
Polygon:
(0,0)(26,0)(26,25)(23,25)(23,29)(9,29)(9,15)(0,15)
Polygon:
(0,0)(12,0)(12,6)(0,6)
Polygon:
(0,0)(34,0)(34,20)(21,20)(21,26)(15,26)(15,8)(0,8)
Polygon:
(0,0)(25,0)(25,5)(15,5)(15,9)(0,9)
Polygon:
(0,0)(40,0)(40,12)(32,12)(32,16)(18,16)(18,12)(0,12)
Polygon:
(0,0)(2,0)(2,18)(0,18)
Polygon:
(0,0)(4,0)(4,9)(0,9)
Polygon:
(0,0)(22,0)(22,10)(9,10)(9,27)(0,27)
Polygon:
(0,0)(15,0)(15,18)(0,18)
Polygon:
(0,0)(17,0)(17,13)(0,13)
Polygon:
(0,0)(30,0)(30,5)(21,5)(21,21)(3,21)(3,15)(0,15)
Polygon:
(0,0)(13,0)(13,7)(1,7)(1,13)(0,13)
Polygon:
(0,0)(11,0)(11,17)(1,17)(1,18)(0,18)
Polygon:
(0,0)(13,0)(13,2)(9,2)(9,19)(0,19)
Polygon:
(0,0)(33,0)(33,19)(17,19)(17,23)(9,23)(9,8)(0,8)
Polygon:
(0,0)(7,0)(7,18)(0,18)
Polygon:
(0,0)(4,0)(4,10)(0,10)
Polygon:
(0,0)(19,0)(19,3)(15,3)(15,21)(0,21)
Polygon:
(0,0)(8,0)(8,14)(4,14)(4,24)(0,24)
Polygon:
(0,0)(32,0)(32,11)(19,11)(19,21)(4,21)(4,16)(0,16)
Polygon:
(0,0)(11,0)(11,17)(9,17)(9,29)(2,29)(2,14)(0,14)
Polygon:
(0,0)(5,0)(5,8)(0,8)
Polygon:
(0,0)(12,0)(12,7)(0,7)
Polygon:
(0,0)(16,0)(16,5)(8,5)(8,15)(0,15)
Polygon:
(0,0)(1,0)(1,4)(0,4)
Polygon:
(0,0)(16,0)(16,14)(1,14)(1,23)(0,23)
Polygon:
(0,0)(24,0)(24,14)(23,14)(23,25)(16,25)(16,15)(0,15)
Polygon:
(0,0)(32,0)(32,22)(14,22)(14,29)(13,29)(13,11)(0,11)
Polygon:
(0,0)(6,0)(6,18)(0,18)
Polygon:
(0,0)(7,0)(7,11)(0,11)
Polygon:
(0,0)(12,0)(12,11)(0,11)
Polygon:
(0,0)(6,0)(6,12)(0,12)
Polygon:
(0,0)(28,0)(28,26)(27,26)(27,29)(12,29)(12,18)(0,18)
Polygon:
(0,0)(17,0)(17,17)(12,17)(12,35)(0,35)
Polygon:
(0,0)(14,0)(14,8)(0,8)
Polygon:
(0,0)(10,0)(10,5)(0,5)
Polygon:
(0,0)(7,0)(7,15)(0,15)
Polygon:
(0,0)(17,0)(17,4)(0,4)
Polygon:
(0,0)(12,0)(12,16)(3,16)(3,26)(0,26)
Polygon:
(0,0)(13,0)(13,8)(5,8)(5,23)(0,23)
Polygon:
(0,0)(18,0)(18,11)(15,11)(15,17)(13,17)(13,3)(0,3)
Polygon:
(0,0)(19,0)(19,16)(9,16)(9,17)(0,17)
Polygon:
(0,0)(22,0)(22,5)(14,5)(14,19)(0,19)
Polygon:
(0,0)(29,0)(29,4)(16,4)(16,17)(12,17)(12,16)(0,16)
Polygon:
(0,0)(16,0)(16,13)(0,13)
Polygon:
(0,0)(28,0)(28,5)(21,5)(21,16)(14,16)(14,4)(0,4)
Polygon:
(0,0)(28,0)(28,7)(15,7)(15,16)(0,16)
Polygon:
(0,0)(50,0)(50,8)(34,8)(34,18)(16,18)(16,12)(0,12)
Polygon:
(0,0)(18,0)(18,8)(0,8)
Polygon:
(0,0)(1,0)(1,16)(0,16)
Polygon:
(0,0)(10,0)(10,6)(0,6)
Polygon:
(0,0)(13,0)(13,13)(9,13)(9,17)(1,17)(1,6)(0,6)
Polygon:
(0,0)(1,0)(1,8)(0,8)
Polygon:
(0,0)(28,0)(28,14)(19,14)(19,22)(10,22)(10,4)(0,4)
Polygon:
(0,0)(32,0)(32,10)(23,10)(23,18)(8,18)(8,10)(0,10)
Polygon:
(0,0)(9,0)(9,12)(0,12)
Polygon:
(0,0)(17,0)(17,25)(13,25)(13,26)(4,26)(4,12)(0,12)
Polygon:
(0,0)(3,0)(3,15)(0,15)
Polygon:
(0,0)(50,0)(50,20)(34,20)(34,24)(18,24)(18,12)(0,12)
Polygon:
(0,0)(12,0)(12,17)(0,17)
Polygon:
(0,0)(20,0)(20,10)(17,10)(17,25)(0,25)
Polygon:
(0,0)(10,0)(10,2)(4,2)(4,13)(0,13)
Polygon:
(0,0)(16,0)(16,15)(11,15)(11,19)(0,19)
Polygon:
(0,0)(29,0)(29,18)(13,18)(13,31)(0,31)
Polygon:
(0,0)(16,0)(16,11)(0,11)
Polygon:
(0,0)(13,0)(13,5)(0,5)
Polygon:
(0,0)(28,0)(28,6)(10,6)(10,15)(0,15)
Polygon:
(0,0)(14,0)(14,7)(0,7)
Polygon:
(0,0)(13,0)(13,8)(0,8)
Polygon:
(0,0)(15,0)(15,1)(14,1)(14,19)(0,19)
Polygon:
(0,0)(11,0)(11,11)(0,11)
Polygon:
(0,0)(11,0)(11,3)(0,3)
Polygon:
(0,0)(8,0)(8,8)(0,8)
Polygon:
(0,0)(14,0)(14,18)(0,18)
Polygon:
(0,0)(12,0)(12,10)(0,10)
Polygon:
(0,0)(15,0)(15,6)(0,6)
Polygon:
(0,0)(2,0)(2,16)(0,16)
Polygon:
(0,0)(14,0)(14,5)(8,5)(8,13)(0,13)
Polygon:
(0,0)(10,0)(10,16)(0,16)
Polygon:
(0,0)(23,0)(23,4)(19,4)(19,6)(7,6)(7,1)(0,1)
Polygon:
(0,0)(26,0)(26,7)(19,7)(19,15)(10,15)(10,12)(0,12)
Polygon:
(0,0)(2,0)(2,9)(0,9)
Polygon:
(0,0)(5,0)(5,4)(0,4)
Polygon:
(0,0)(10,0)(10,12)(0,12)
Polygon:
(0,0)(1,0)(1,11)(0,11)
Polygon:
(0,0)(26,0)(26,18)(21,18)(21,24)(16,24)(16,12)(0,12)
Polygon:
(0,0)(21,0)(21,6)(4,6)(4,7)(0,7)
Polygon:
(0,0)(41,0)(41,15)(27,15)(27,23)(18,23)(18,17)(0,17)
Polygon:
(0,0)(14,0)(14,4)(0,4)
Polygon:
(0,0)(18,0)(18,7)(0,7)
Polygon:
(0,0)(6,0)(6,13)(0,13)
Polygon:
(0,0)(29,0)(29,14)(18,14)(18,23)(0,23)
Polygon:
(0,0)(19,0)(19,15)(5,15)(5,23)(1,23)(1,6)(0,6)
Polygon:
(0,0)(8,0)(8,11)(0,11)
Polygon:
(0,0)(8,0)(8,5)(0,5)
Polygon:
(0,0)(10,0)(10,6)(0,6)
Polygon:
(0,0)(17,0)(17,3)(5,3)(5,10)(0,10)
Polygon:
(0,0)(9,0)(9,2)(0,2)
Polygon:
(0,0)(14,0)(14,6)(0,6)
Polygon:
(0,0)(17,0)(17,13)(0,13)
Polygon:
(0,0)(15,0)(15,17)(3,17)(3,21)(0,21)
Polygon:
(0,0)(20,0)(20,9)(19,9)(19,22)(17,22)(17,11)(0,11)
Polygon:
(0,0)(34,0)(34,15)(30,15)(30,23)(17,23)(17,11)(0,11)
Polygon:
(0,0)(31,0)(31,20)(19,20)(19,23)(17,23)(17,8)(0,8)
Polygon:
(0,0)(24,0)(24,3)(16,3)(16,15)(8,15)(8,13)(0,13)
Polygon:
(0,0)(9,0)(9,13)(0,13)
Polygon:
(0,0)(46,0)(46,2)(30,2)(30,6)(12,6)(12,2)(0,2)
Polygon:
(0,0)(36,0)(36,9)(25,9)(25,20)(18,20)(18,4)(0,4)
Polygon:
(0,0)(16,0)(16,10)(0,10)
Polygon:
(0,0)(28,0)(28,10)(24,10)(24,19)(15,19)(15,4)(0,4)
Polygon:
(0,0)(14,0)(14,6)(0,6)
Polygon:
(0,0)(25,0)(25,11)(15,11)(15,18)(0,18)
Polygon:
(0,0)(18,0)(18,14)(0,14)
Polygon:
(0,0)(8,0)(8,13)(0,13)
Polygon:
(0,0)(5,0)(5,16)(0,16)
Polygon:
(0,0)(5,0)(5,16)(0,16)
Polygon:
(0,0)(38,0)(38,16)(21,16)(21,17)(8,17)(8,14)(0,14)
Polygon:
(0,0)(19,0)(19,8)(1,8)(1,26)(0,26)
Polygon:
(0,0)(30,0)(30,16)(23,16)(23,25)(13,25)(13,18)(0,18)
Polygon:
(0,0)(4,0)(4,10)(0,10)
Polygon:
(0,0)(5,0)(5,6)(4,6)(4,16)(0,16)
Polygon:
(0,0)(6,0)(6,1)(3,1)(3,18)(0,18)
Polygon:
(0,0)(9,0)(9,12)(0,12)
Polygon:
(0,0)(18,0)(18,19)(17,19)(17,20)(6,20)(6,16)(0,16)
Polygon:
(0,0)(15,0)(15,8)(5,8)(5,9)(0,9)
Polygon:
(0,0)(17,0)(17,4)(0,4)
Polygon:
(0,0)(48,0)(48,5)(35,5)(35,21)(17,21)(17,13)(0,13)
Polygon:
(0,0)(22,0)(22,10)(17,10)(17,25)(14,25)(14,7)(0,7)
Polygon:
(0,0)(5,0)(5,3)(0,3)
Polygon:
(0,0)(3,0)(3,8)(0,8)
Polygon:
(0,0)(26,0)(26,14)(13,14)(13,22)(0,22)
Polygon:
(0,0)(7,0)(7,2)(0,2)
Polygon:
(0,0)(13,0)(13,7)(3,7)(3,16)(0,16)
Polygon:
(0,0)(14,0)(14,10)(0,10)
Polygon:
(0,0)(16,0)(16,9)(0,9)
Polygon:
(0,0)(17,0)(17,8)(0,8)
Polygon:
(0,0)(18,0)(18,7)(3,7)(3,13)(2,13)(2,5)(0,5)
Polygon:
(0,0)(5,0)(5,12)(0,12)
Polygon:
(0,0)(9,0)(9,1)(0,1)
Polygon:
(0,0)(15,0)(15,3)(0,3)
Polygon:
(0,0)(15,0)(15,4)(0,4)
Polygon:
(0,0)(9,0)(9,10)(0,10)
Polygon:
(0,0)(2,0)(2,4)(0,4)
Polygon:
(0,0)(18,0)(18,7)(0,7)
Polygon:
(0,0)(1,0)(1,12)(0,12)
Polygon:
(0,0)(15,0)(15,12)(7,12)(7,30)(4,30)(4,12)(0,12)
Polygon:
(0,0)(6,0)(6,3)(0,3)
Polygon:
(0,0)(4,0)(4,9)(0,9)
Polygon:
(0,0)(13,0)(13,16)(0,16)
Polygon:
(0,0)(7,0)(7,13)(5,13)(5,28)(0,28)
Polygon:
(0,0)(17,0)(17,8)(6,8)(6,12)(0,12)
Polygon:
(0,0)(14,0)(14,11)(6,11)(6,27)(0,27)
Polygon:
(0,0)(18,0)(18,2)(14,2)(14,4)(0,4)
Polygon:
(0,0)(24,0)(24,22)(16,22)(16,29)(8,29)(8,15)(0,15)
Polygon:
(0,0)(14,0)(14,2)(0,2)
Polygon:
(0,0)(14,0)(14,9)(0,9)
Polygon:
(0,0)(25,0)(25,14)(18,14)(18,15)(0,15)
Polygon:
(0,0)(22,0)(22,2)(4,2)(4,9)(3,9)(3,4)(0,4)
Polygon:
(0,0)(6,0)(6,15)(0,15)
Polygon:
(0,0)(11,0)(11,17)(3,17)(3,19)(0,19)
Polygon:
(0,0)(30,0)(30,4)(27,4)(27,10)(9,10)(9,1)(0,1)
Polygon:
(0,0)(13,0)(13,7)(2,7)(2,22)(0,22)
Polygon:
(0,0)(10,0)(10,4)(4,4)(4,7)(0,7)
Polygon:
(0,0)(39,0)(39,26)(27,26)(27,32)(14,32)(14,18)(0,18)
Polygon:
(0,0)(1,0)(1,9)(0,9)
Polygon:
(0,0)(13,0)(13,8)(0,8)
Polygon:
(0,0)(15,0)(15,10)(0,10)
Polygon:
(0,0)(7,0)(7,9)(0,9)
Polygon:
(0,0)(9,0)(9,17)(2,17)(2,18)(0,18)
Polygon:
(0,0)(17,0)(17,7)(0,7)
Polygon:
(0,0)(14,0)(14,16)(0,16)
Polygon:
(0,0)(15,0)(15,4)(0,4)
Polygon:
(0,0)(7,0)(7,17)(0,17)
Polygon:
(0,0)(1,0)(1,6)(0,6)
Polygon:
(0,0)(5,0)(5,11)(0,11)
Polygon:
(0,0)(9,0)(9,16)(0,16)
Polygon:
(0,0)(34,0)(34,21)(16,21)(16,28)(13,28)(13,18)(0,18)
Polygon:
(0,0)(17,0)(17,17)(0,17)
Polygon:
(0,0)(13,0)(13,7)(7,7)(7,14)(0,14)
Polygon:
(0,0)(10,0)(10,8)(4,8)(4,23)(1,23)(1,8)(0,8)
Polygon:
(0,0)(6,0)(6,11)(0,11)
Polygon:
(0,0)(15,0)(15,4)(0,4)
Polygon:
(0,0)(16,0)(16,18)(0,18)
Polygon:
(0,0)(36,0)(36,18)(18,18)(18,28)(0,28)
Polygon:
(0,0)(13,0)(13,6)(0,6)
Polygon:
(0,0)(17,0)(17,10)(0,10)
Polygon:
(0,0)(7,0)(7,10)(0,10)
Polygon:
(0,0)(6,0)(6,8)(0,8)
Polygon:
(0,0)(21,0)(21,16)(20,16)(20,25)(3,25)(3,18)(0,18)
Polygon:
(0,0)(32,0)(32,9)(26,9)(26,19)(12,19)(12,17)(0,17)
Polygon:
(0,0)(3,0)(3,4)(0,4)
Polygon:
(0,0)(14,0)(14,9)(0,9)
Polygon:
(0,0)(34,0)(34,16)(30,16)(30,22)(13,22)(13,12)(0,12)
Polygon:
(0,0)(17,0)(17,11)(0,11)
Polygon:
(0,0)(32,0)(32,3)(16,3)(16,20)(12,20)(12,17)(0,17)
Polygon:
(0,0)(15,0)(15,11)(0,11)
Polygon:
(0,0)(22,0)(22,4)(10,4)(10,11)(3,11)(3,1)(0,1)
Polygon:
(0,0)(16,0)(16,5)(0,5)
Polygon:
(0,0)(8,0)(8,1)(0,1)
Polygon:
(0,0)(16,0)(16,16)(0,16)
Polygon:
(0,0)(19,0)(19,16)(12,16)(12,26)(0,26)
Polygon:
(0,0)(17,0)(17,5)(0,5)
Polygon:
(0,0)(31,0)(31,5)(13,5)(13,19)(0,19)
Polygon:
(0,0)(41,0)(41,11)(29,11)(29,20)(16,20)(16,18)(0,18)
Polygon:
(0,0)(18,0)(18,8)(9,8)(9,20)(3,20)(3,11)(0,11)
Polygon:
(0,0)(10,0)(10,18)(0,18)
Polygon:
(0,0)(15,0)(15,10)(0,10)
Polygon:
(0,0)(3,0)(3,7)(0,7)
Polygon:
(0,0)(12,0)(12,9)(8,9)(8,13)(0,13)
Polygon:
(0,0)(18,0)(18,15)(0,15)
Polygon:
(0,0)(18,0)(18,6)(0,6)
Polygon:
(0,0)(12,0)(12,2)(0,2)
Polygon:
(0,0)(13,0)(13,14)(0,14)
Polygon:
(0,0)(15,0)(15,7)(0,7)
Polygon:
(0,0)(4,0)(4,15)(0,15)
Polygon:
(0,0)(24,0)(24,2)(20,2)(20,16)(17,16)(17,13)(0,13)
Polygon:
(0,0)(4,0)(4,15)(0,15)
Polygon:
(0,0)(4,0)(4,13)(2,13)(2,26)(0,26)
Polygon:
(0,0)(9,0)(9,10)(0,10)
Polygon:
(0,0)(5,0)(5,7)(0,7)
Polygon:
(0,0)(10,0)(10,5)(0,5)
Polygon:
(0,0)(16,0)(16,18)(15,18)(15,35)(0,35)
Polygon:
(0,0)(15,0)(15,13)(0,13)
Polygon:
(0,0)(1,0)(1,11)(0,11)
Polygon:
(0,0)(7,0)(7,13)(5,13)(5,29)(0,29)
Polygon:
(0,0)(12,0)(12,11)(0,11)
Polygon:
(0,0)(28,0)(28,6)(18,6)(18,17)(3,17)(3,1)(0,1)
Polygon:
(0,0)(11,0)(11,6)(0,6)
Polygon:
(0,0)(18,0)(18,1)(13,1)(13,11)(0,11)
Polygon:
(0,0)(12,0)(12,17)(0,17)
Polygon:
(0,0)(19,0)(19,15)(2,15)(2,33)(0,33)
Polygon:
(0,0)(41,0)(41,10)(27,10)(27,27)(15,27)(15,13)(0,13)
Polygon:
(0,0)(9,0)(9,7)(6,7)(6,17)(4,17)(4,15)(0,15)
Polygon:
(0,0)(5,0)(5,15)(0,15)
Polygon:
(0,0)(25,0)(25,5)(16,5)(16,11)(0,11)
Polygon:
(0,0)(40,0)(40,7)(31,7)(31,10)(16,10)(16,6)(0,6)
Polygon:
(0,0)(11,0)(11,6)(0,6)
Polygon:
(0,0)(2,0)(2,3)(0,3)
Polygon:
(0,0)(16,0)(16,1)(0,1)
Polygon:
(0,0)(22,0)(22,1)(16,1)(16,10)(0,10)
Polygon:
(0,0)(16,0)(16,20)(12,20)(12,23)(1,23)(1,10)(0,10)
Polygon:
(0,0)(9,0)(9,3)(0,3)
Polygon:
(0,0)(2,0)(2,9)(0,9)
Polygon:
(0,0)(11,0)(11,13)(6,13)(6,17)(0,17)
Polygon:
(0,0)(18,0)(18,12)(0,12)
Polygon:
(0,0)(10,0)(10,1)(3,1)(3,2)(0,2)
Polygon:
(0,0)(39,0)(39,14)(26,14)(26,16)(12,16)(12,7)(0,7)
Polygon:
(0,0)(27,0)(27,10)(15,10)(15,19)(0,19)
Polygon:
(0,0)(41,0)(41,17)(23,17)(23,24)(11,24)(11,13)(0,13)
Polygon:
(0,0)(14,0)(14,6)(0,6)
Polygon:
(0,0)(23,0)(23,6)(18,6)(18,18)(0,18)
Polygon:
(0,0)(9,0)(9,16)(7,16)(7,19)(5,19)(5,6)(0,6)
Polygon:
(0,0)(29,0)(29,12)(18,12)(18,13)(0,13)
Polygon:
(0,0)(22,0)(22,17)(21,17)(21,21)(14,21)(14,4)(0,4)
Polygon:
(0,0)(42,0)(42,16)(24,16)(24,22)(6,22)(6,18)(0,18)
Polygon:
(0,0)(41,0)(41,6)(28,6)(28,7)(18,7)(18,2)(0,2)
Polygon:
(0,0)(29,0)(29,25)(25,25)(25,26)(16,26)(16,8)(0,8)
Polygon:
(0,0)(22,0)(22,4)(20,4)(20,18)(11,18)(11,7)(0,7)
Polygon:
(0,0)(10,0)(10,7)(0,7)
Polygon:
(0,0)(38,0)(38,23)(25,23)(25,35)(15,35)(15,17)(0,17)
Polygon:
(0,0)(33,0)(33,8)(18,8)(18,9)(0,9)
Polygon:
(0,0)(16,0)(16,6)(0,6)
Polygon:
(0,0)(26,0)(26,7)(10,7)(10,14)(0,14)
Polygon:
(0,0)(18,0)(18,19)(16,19)(16,23)(6,23)(6,12)(0,12)
Polygon:
(0,0)(33,0)(33,13)(17,13)(17,23)(14,23)(14,5)(0,5)
Polygon:
(0,0)(21,0)(21,2)(11,2)(11,4)(0,4)
Polygon:
(0,0)(3,0)(3,6)(2,6)(2,14)(0,14)
Polygon:
(0,0)(9,0)(9,4)(4,4)(4,15)(0,15)
Polygon:
(0,0)(7,0)(7,18)(0,18)
Polygon:
(0,0)(7,0)(7,14)(0,14)
Polygon:
(0,0)(18,0)(18,8)(0,8)
Polygon:
(0,0)(11,0)(11,5)(0,5)
Polygon:
(0,0)(30,0)(30,3)(12,3)(12,15)(7,15)(7,7)(0,7)
Polygon:
(0,0)(26,0)(26,17)(11,17)(11,22)(0,22)
Polygon:
(0,0)(7,0)(7,14)(0,14)
Polygon:
(0,0)(33,0)(33,2)(18,2)(18,12)(3,12)(3,1)(0,1)
Polygon:
(0,0)(17,0)(17,18)(8,18)(8,22)(0,22)
Polygon:
(0,0)(15,0)(15,9)(0,9)
Polygon:
(0,0)(20,0)(20,13)(12,13)(12,15)(0,15)
Polygon:
(0,0)(5,0)(5,5)(0,5)
Polygon:
(0,0)(16,0)(16,16)(4,16)(4,23)(0,23)
Polygon:
(0,0)(15,0)(15,10)(0,10)
Polygon:
(0,0)(6,0)(6,8)(0,8)
Polygon:
(0,0)(17,0)(17,18)(14,18)(14,27)(2,27)(2,12)(0,12)
Polygon:
(0,0)(18,0)(18,2)(0,2)
Polygon:
(0,0)(1,0)(1,17)(0,17)
Polygon:
(0,0)(20,0)(20,6)(8,6)(8,7)(0,7)
Polygon:
(0,0)(16,0)(16,10)(15,10)(15,16)(2,16)(2,15)(0,15)
Polygon:
(0,0)(13,0)(13,15)(0,15)
Polygon:
(0,0)(10,0)(10,17)(0,17)
Polygon:
(0,0)(18,0)(18,12)(10,12)(10,29)(8,29)(8,14)(0,14)
Polygon:
(0,0)(8,0)(8,9)(4,9)(4,20)(0,20)
Polygon:
(0,0)(33,0)(33,10)(15,10)(15,27)(0,27)
Polygon:
(0,0)(17,0)(17,9)(0,9)
Polygon:
(0,0)(9,0)(9,5)(0,5)
Polygon:
(0,0)(26,0)(26,9)(10,9)(10,10)(0,10)
Polygon:
(0,0)(11,0)(11,16)(5,16)(5,17)(0,17)
Polygon:
(0,0)(13,0)(13,2)(0,2)
Polygon:
(0,0)(4,0)(4,3)(0,3)
Polygon:
(0,0)(22,0)(22,1)(5,1)(5,2)(0,2)
Polygon:
(0,0)(7,0)(7,1)(0,1)
Polygon:
(0,0)(27,0)(27,2)(14,2)(14,19)(0,19)
Polygon:
(0,0)(9,0)(9,10)(0,10)
Polygon:
(0,0)(11,0)(11,13)(5,13)(5,15)(0,15)
Polygon:
(0,0)(30,0)(30,18)(15,18)(15,35)(0,35)
Polygon:
(0,0)(2,0)(2,5)(0,5)
Polygon:
(0,0)(45,0)(45,6)(27,6)(27,20)(14,20)(14,12)(0,12)
Polygon:
(0,0)(2,0)(2,17)(0,17)
Polygon:
(0,0)(23,0)(23,11)(16,11)(16,23)(0,23)
Polygon:
(0,0)(34,0)(34,23)(21,23)(21,31)(6,31)(6,16)(0,16)
Polygon:
(0,0)(10,0)(10,7)(8,7)(8,17)(0,17)
Polygon:
(0,0)(12,0)(12,1)(0,1)
Polygon:
(0,0)(8,0)(8,7)(0,7)
Polygon:
(0,0)(9,0)(9,12)(0,12)
Polygon:
(0,0)(3,0)(3,9)(0,9)
Polygon:
(0,0)(14,0)(14,5)(0,5)
Polygon:
(0,0)(13,0)(13,3)(0,3)
Polygon:
(0,0)(17,0)(17,1)(15,1)(15,19)(12,19)(12,9)(0,9)
Polygon:
(0,0)(16,0)(16,3)(5,3)(5,20)(2,20)(2,18)(0,18)
Polygon:
(0,0)(26,0)(26,12)(12,12)(12,13)(0,13)
Polygon:
(0,0)(32,0)(32,2)(25,2)(25,20)(8,20)(8,9)(0,9)
Polygon:
(0,0)(27,0)(27,22)(20,22)(20,24)(2,24)(2,6)(0,6)
Polygon:
(0,0)(11,0)(11,13)(0,13)
Polygon:
(0,0)(18,0)(18,3)(0,3)
Polygon:
(0,0)(17,0)(17,13)(0,13)
Polygon:
(0,0)(3,0)(3,9)(0,9)
Polygon:
(0,0)(3,0)(3,1)(0,1)
Polygon:
(0,0)(18,0)(18,16)(7,16)(7,18)(2,18)(2,4)(0,4)
Polygon:
(0,0)(23,0)(23,6)(13,6)(13,11)(0,11)
Polygon:
(0,0)(15,0)(15,13)(0,13)
Polygon:
(0,0)(39,0)(39,9)(30,9)(30,20)(16,20)(16,14)(0,14)
Polygon:
(0,0)(13,0)(13,6)(0,6)
Polygon:
(0,0)(10,0)(10,7)(0,7)
Polygon:
(0,0)(8,0)(8,18)(6,18)(6,19)(0,19)
Polygon:
(0,0)(33,0)(33,22)(26,22)(26,24)(18,24)(18,6)(0,6)
Polygon:
(0,0)(43,0)(43,3)(26,3)(26,15)(13,15)(13,4)(0,4)
Polygon:
(0,0)(10,0)(10,3)(0,3)
Polygon:
(0,0)(15,0)(15,10)(0,10)
Polygon:
(0,0)(27,0)(27,8)(16,8)(16,18)(8,18)(8,4)(0,4)
Polygon:
(0,0)(44,0)(44,22)(26,22)(26,26)(14,26)(14,8)(0,8)
Polygon:
(0,0)(24,0)(24,9)(13,9)(13,12)(11,12)(11,9)(0,9)
Polygon:
(0,0)(28,0)(28,10)(16,10)(16,25)(0,25)
Polygon:
(0,0)(15,0)(15,10)(0,10)
Polygon:
(0,0)(8,0)(8,4)(7,4)(7,18)(0,18)
Polygon:
(0,0)(12,0)(12,8)(5,8)(5,26)(0,26)
Polygon:
(0,0)(1,0)(1,5)(0,5)
Polygon:
(0,0)(41,0)(41,28)(28,28)(28,30)(12,30)(12,13)(0,13)
Polygon:
(0,0)(19,0)(19,5)(5,5)(5,11)(0,11)
Polygon:
(0,0)(27,0)(27,11)(26,11)(26,19)(10,19)(10,3)(0,3)
Polygon:
(0,0)(9,0)(9,18)(0,18)
Polygon:
(0,0)(15,0)(15,12)(0,12)
Polygon:
(0,0)(7,0)(7,4)(0,4)
Polygon:
(0,0)(15,0)(15,12)(3,12)(3,29)(0,29)
Polygon:
(0,0)(11,0)(11,14)(4,14)(4,31)(0,31)
Polygon:
(0,0)(12,0)(12,16)(0,16)
Polygon:
(0,0)(35,0)(35,10)(24,10)(24,15)(12,15)(12,1)(0,1)
Polygon:
(0,0)(16,0)(16,16)(5,16)(5,34)(0,34)
Polygon:
(0,0)(31,0)(31,15)(24,15)(24,27)(12,27)(12,17)(0,17)
Polygon:
(0,0)(9,0)(9,14)(8,14)(8,20)(7,20)(7,6)(0,6)
Polygon:
(0,0)(17,0)(17,12)(0,12)
Polygon:
(0,0)(7,0)(7,12)(0,12)
Polygon:
(0,0)(33,0)(33,9)(19,9)(19,16)(3,16)(3,6)(0,6)
Polygon:
(0,0)(7,0)(7,2)(0,2)
Polygon:
(0,0)(16,0)(16,9)(0,9)
Polygon:
(0,0)(15,0)(15,7)(0,7)
Polygon:
(0,0)(32,0)(32,5)(29,5)(29,11)(18,11)(18,1)(0,1)
Polygon:
(0,0)(7,0)(7,18)(0,18)
Polygon:
(0,0)(19,0)(19,9)(7,9)(7,13)(4,13)(4,7)(0,7)
Polygon:
(0,0)(34,0)(34,18)(29,18)(29,19)(15,19)(15,15)(0,15)
Polygon:
(0,0)(6,0)(6,15)(1,15)(1,19)(0,19)
Polygon:
(0,0)(15,0)(15,3)(0,3)
Polygon:
(0,0)(45,0)(45,13)(32,13)(32,20)(15,20)(15,2)(0,2)
Polygon:
(0,0)(21,0)(21,12)(11,12)(11,27)(0,27)
Polygon:
(0,0)(18,0)(18,6)(3,6)(3,12)(0,12)
Polygon:
(0,0)(3,0)(3,8)(0,8)
Polygon:
(0,0)(14,0)(14,14)(6,14)(6,29)(0,29)
Polygon:
(0,0)(6,0)(6,10)(0,10)
Polygon:
(0,0)(29,0)(29,4)(27,4)(27,16)(10,16)(10,7)(0,7)
Polygon:
(0,0)(38,0)(38,15)(21,15)(21,18)(15,18)(15,3)(0,3)
Polygon:
(0,0)(30,0)(30,13)(17,13)(17,18)(0,18)
Polygon:
(0,0)(17,0)(17,1)(0,1)
Polygon:
(0,0)(5,0)(5,2)(0,2)
Polygon:
(0,0)(19,0)(19,6)(9,6)(9,24)(0,24)
Polygon:
(0,0)(35,0)(35,10)(21,10)(21,19)(13,19)(13,15)(0,15)
Polygon:
(0,0)(16,0)(16,14)(0,14)
Polygon:
(0,0)(5,0)(5,6)(0,6)
Polygon:
(0,0)(33,0)(33,11)(17,11)(17,17)(0,17)
Polygon:
(0,0)(15,0)(15,8)(0,8)
Polygon:
(0,0)(7,0)(7,4)(0,4)
Polygon:
(0,0)(31,0)(31,16)(25,16)(25,28)(10,28)(10,13)(0,13)
Polygon:
(0,0)(18,0)(18,1)(2,1)(2,9)(0,9)
Polygon:
(0,0)(18,0)(18,13)(0,13)
Polygon:
(0,0)(7,0)(7,13)(0,13)
Polygon:
(0,0)(12,0)(12,11)(0,11)
Polygon:
(0,0)(25,0)(25,14)(16,14)(16,25)(0,25)
Polygon:
(0,0)(17,0)(17,7)(0,7)
Polygon:
(0,0)(5,0)(5,9)(0,9)
Polygon:
(0,0)(31,0)(31,8)(22,8)(22,21)(15,21)(15,16)(0,16)
Polygon:
(0,0)(37,0)(37,14)(31,14)(31,21)(13,21)(13,9)(0,9)
Polygon:
(0,0)(12,0)(12,12)(0,12)
