In Polygon:
(171,341)(187,341)(187,340)(175,340)(175,332)(171,332)
Out Polygon:
(0,0)(0,16)(1,16)(1,4)(9,4)(9,0)
In Polygon:
(27,355)(19,355)(19,368)(37,368)(37,362)(27,362)
Out Polygon:
(9,0)(9,18)(15,18)(15,8)(22,8)(22,0)
In Polygon:
(216,346)(209,346)(209,332)(225,332)(225,339)(216,339)
Out Polygon:
(22,0)(22,14)(29,14)(29,7)(38,7)(38,0)
In Polygon:
(117,392)(117,378)(110,378)(110,389)(95,389)(95,392)
Out Polygon:
(52,0)(38,0)(38,7)(49,7)(49,22)(52,22)
In Polygon:
(18,334)(18,340)(0,340)(0,334)(6,334)(6,332)(10,332)(10,334)
Out Polygon:
(52,0)(52,6)(60,6)(60,8)(64,8)(64,6)(70,6)(70,0)
In Polygon:
(154,160)(154,148)(147,148)(147,158)(133,158)(133,160)
Out Polygon:
(70,0)(70,12)(77,12)(77,2)(91,2)(91,0)
In Polygon:
(113,314)(113,309)(95,309)(95,320)(98,320)(98,314)
Out Polygon:
(91,0)(91,11)(94,11)(94,5)(109,5)(109,0)
In Polygon:
(178,309)(184,309)(184,321)(171,321)(171,318)(178,318)
Out Polygon:
(109,0)(109,12)(115,12)(115,3)(122,3)(122,0)
In Polygon:
(45,378)(45,386)(38,386)(38,378)
Out Polygon:
(122,0)(122,7)(130,7)(130,0)
In Polygon:
(178,217)(176,217)(176,218)(171,218)(171,225)(184,225)(184,218)(178,218)
Out Polygon:
(77,2)(77,9)(83,9)(83,10)(85,10)(85,9)(90,9)(90,2)
In Polygon:
(76,356)(76,355)(89,355)(89,356)
Out Polygon:
(90,2)(90,15)(91,15)(91,2)
In Polygon:
(95,154)(95,148)(107,148)(107,160)(104,160)(104,154)
Out Polygon:
(121,15)(121,3)(115,3)(115,12)(109,12)(109,15)
In Polygon:
(38,364)(53,364)(53,363)(41,363)(41,355)(38,355)
Out Polygon:
(122,18)(122,3)(121,3)(121,15)(113,15)(113,18)
In Polygon:
(38,312)(38,309)(52,309)(52,312)
Out Polygon:
(6,4)(6,18)(9,18)(9,4)
In Polygon:
(38,222)(50,222)(50,217)(38,217)
Out Polygon:
(1,4)(1,16)(6,16)(6,4)
In Polygon:
(171,357)(171,355)(184,355)(184,367)(178,367)(178,357)
Out Polygon:
(94,5)(94,18)(96,18)(96,11)(106,11)(106,5)
In Polygon:
(60,309)(60,319)(57,319)(57,309)
Out Polygon:
(106,5)(106,15)(109,15)(109,5)
In Polygon:
(122,223)(114,223)(114,217)(122,217)
Out Polygon:
(52,6)(52,12)(60,12)(60,6)
In Polygon:
(120,355)(114,355)(114,368)(120,368)(120,363)(122,363)(122,361)(120,361)
Out Polygon:
(64,19)(70,19)(70,14)(72,14)(72,12)(70,12)(70,6)(64,6)
In Polygon:
(191,367)(198,367)(198,355)(191,355)(191,359)(190,359)(190,361)(191,361)
Out Polygon:
(29,7)(29,14)(33,14)(33,15)(35,15)(35,14)(41,14)(41,7)
In Polygon:
(19,309)(26,309)(26,315)(19,315)
Out Polygon:
(41,7)(41,14)(47,14)(47,7)
In Polygon:
(152,178)(154,178)(154,171)(152,171)
Out Polygon:
(47,7)(47,14)(49,14)(49,7)
In Polygon:
(8,286)(12,286)(12,300)(0,300)(0,297)(8,297)
Out Polygon:
(126,21)(126,7)(122,7)(122,18)(114,18)(114,21)
In Polygon:
(210,240)(210,251)(204,251)(204,241)(190,241)(190,240)
Out Polygon:
(127,27)(127,7)(126,7)(126,21)(116,21)(116,27)
In Polygon:
(193,309)(190,309)(190,311)(193,311)
Out Polygon:
(127,7)(127,9)(130,9)(130,7)
In Polygon:
(29,413)(31,413)(31,401)(19,401)(19,404)(29,404)
Out Polygon:
(18,20)(18,8)(15,8)(15,18)(6,18)(6,20)
In Polygon:
(144,140)(144,125)(142,125)(142,137)(133,137)(133,140)
Out Polygon:
(20,23)(20,8)(18,8)(18,20)(9,20)(9,23)
In Polygon:
(209,125)(209,127)(215,127)(215,125)
Out Polygon:
(20,8)(20,14)(22,14)(22,8)
In Polygon:
(61,240)(57,240)(57,253)(61,253)(61,249)(65,249)(65,248)(61,248)
Out Polygon:
(64,8)(60,8)(60,12)(56,12)(56,13)(60,13)(60,21)(64,21)
In Polygon:
(57,378)(57,381)(63,381)(63,378)
Out Polygon:
(77,9)(77,12)(83,12)(83,9)
In Polygon:
(233,361)(233,362)(232,362)(232,367)(228,367)(228,355)(232,355)(232,361)
Out Polygon:
(86,21)(90,21)(90,16)(91,16)(91,15)(90,15)(90,9)(86,9)
In Polygon:
(76,125)(77,125)(77,137)(76,137)
Out Polygon:
(85,9)(85,21)(86,21)(86,9)
In Polygon:
(57,148)(57,160)(60,160)(60,148)
Out Polygon:
(127,9)(127,21)(130,21)(130,9)
In Polygon:
(209,171)(211,171)(211,173)(209,173)
Out Polygon:
(83,10)(83,12)(85,12)(85,10)
In Polygon:
(236,148)(238,148)(238,149)(243,149)(243,152)(228,152)(228,149)(236,149)
Out Polygon:
(94,11)(91,11)(91,16)(90,16)(90,18)(91,18)(91,26)(94,26)
In Polygon:
(212,263)(219,263)(219,273)(212,273)(212,269)(209,269)(209,268)(212,268)
Out Polygon:
(96,11)(96,18)(101,18)(101,21)(102,21)(102,18)(106,18)(106,11)
In Polygon:
(115,290)(115,286)(114,286)(114,290)
Out Polygon:
(52,12)(52,13)(56,13)(56,12)
In Polygon:
(155,263)(152,263)(152,276)(164,276)(164,272)(155,272)
Out Polygon:
(72,12)(72,24)(76,24)(76,15)(85,15)(85,12)
In Polygon:
(152,134)(152,125)(159,125)(159,134)
Out Polygon:
(52,13)(52,22)(59,22)(59,13)
In Polygon:
(106,263)(106,273)(104,273)(104,264)(95,264)(95,263)
Out Polygon:
(60,24)(60,13)(59,13)(59,22)(50,22)(50,24)
In Polygon:
(183,295)(183,298)(171,298)(171,286)(175,286)(175,295)
Out Polygon:
(20,14)(20,26)(23,26)(23,18)(32,18)(32,14)
In Polygon:
(210,286)(209,286)(209,290)(210,290)
Out Polygon:
(32,14)(32,18)(33,18)(33,14)
In Polygon:
(14,263)(14,269)(0,269)(0,263)(5,263)(5,265)(7,265)(7,263)
Out Polygon:
(35,14)(35,20)(42,20)(42,18)(44,18)(44,20)(49,20)(49,14)
In Polygon:
(133,240)(133,242)(143,242)(143,240)
Out Polygon:
(70,14)(70,24)(72,24)(72,14)
In Polygon:
(62,263)(62,265)(57,265)(57,263)
Out Polygon:
(33,15)(33,20)(35,20)(35,15)
In Polygon:
(38,240)(38,249)(32,249)(32,241)(19,241)(19,240)
Out Polygon:
(76,15)(76,34)(77,34)(77,21)(85,21)(85,15)
In Polygon:
(153,355)(160,355)(160,365)(153,365)(153,362)(152,362)(152,361)(153,361)
Out Polygon:
(106,25)(113,25)(113,19)(114,19)(114,18)(113,18)(113,15)(106,15)
In Polygon:
(19,223)(19,224)(20,224)(20,228)(26,228)(26,217)(20,217)(20,223)
Out Polygon:
(0,27)(6,27)(6,21)(7,21)(7,20)(6,20)(6,16)(0,16)
In Polygon:
(94,181)(94,171)(89,171)(89,180)(76,180)(76,181)
Out Polygon:
(33,18)(23,18)(23,23)(32,23)(32,36)(33,36)
In Polygon:
(76,311)(78,311)(78,309)(76,309)
Out Polygon:
(42,18)(42,20)(44,20)(44,18)
In Polygon:
(1,240)(1,243)(0,243)(0,240)
Out Polygon:
(90,18)(90,21)(91,21)(91,18)
In Polygon:
(190,386)(190,389)(191,389)(191,393)(192,393)(192,378)(191,378)(191,386)
Out Polygon:
(95,18)(94,18)(94,26)(93,26)(93,29)(94,29)(94,33)(95,33)
In Polygon:
(95,200)(98,200)(98,194)(95,194)
Out Polygon:
(95,18)(95,21)(101,21)(101,18)
In Polygon:
(136,290)(136,286)(133,286)(133,290)
Out Polygon:
(102,18)(102,21)(106,21)(106,18)
In Polygon:
(6,359)(4,359)(4,358)(0,358)(0,355)(11,355)(11,358)(6,358)
Out Polygon:
(67,30)(70,30)(70,26)(71,26)(71,24)(70,24)(70,19)(67,19)
In Polygon:
(57,136)(60,136)(60,125)(57,125)
Out Polygon:
(64,19)(64,30)(67,30)(67,19)
In Polygon:
(153,194)(153,200)(152,200)(152,194)
Out Polygon:
(113,19)(113,25)(114,25)(114,19)
In Polygon:
(38,404)(38,401)(40,401)(40,404)
Out Polygon:
(7,20)(7,23)(9,23)(9,20)
In Polygon:
(228,197)(228,202)(242,202)(242,197)(237,197)(237,194)(235,194)(235,197)
Out Polygon:
(33,20)(33,25)(38,25)(38,28)(40,28)(40,25)(47,25)(47,20)
In Polygon:
(192,263)(192,268)(190,268)(190,263)
Out Polygon:
(47,20)(47,25)(49,25)(49,20)
In Polygon:
(228,310)(228,309)(230,309)(230,310)
Out Polygon:
(6,21)(6,23)(7,23)(7,21)
In Polygon:
(38,171)(47,171)(47,175)(38,175)
Out Polygon:
(60,21)(60,30)(64,30)(64,21)
In Polygon:
(214,378)(209,378)(209,391)(214,391)(214,386)(216,386)(216,385)(214,385)
Out Polygon:
(78,21)(78,26)(83,26)(83,28)(84,28)(84,26)(91,26)(91,21)
In Polygon:
(95,221)(95,217)(96,217)(96,221)
Out Polygon:
(77,21)(77,25)(78,25)(78,21)
In Polygon:
(152,148)(152,158)(153,158)(153,149)(163,149)(163,148)
Out Polygon:
(95,21)(95,31)(96,31)(96,22)(106,22)(106,21)
In Polygon:
(57,357)(57,355)(61,355)(61,357)
Out Polygon:
(114,21)(114,25)(116,25)(116,21)
In Polygon:
(44,335)(38,335)(38,332)(44,332)
Out Polygon:
(127,21)(127,27)(130,27)(130,21)
In Polygon:
(229,240)(228,240)(228,243)(229,243)
Out Polygon:
(49,22)(49,25)(50,25)(50,22)
In Polygon:
(133,208)(143,208)(143,205)(134,205)(134,194)(133,194)
Out Polygon:
(106,22)(96,22)(96,25)(105,25)(105,36)(106,36)
In Polygon:
(10,378)(12,378)(12,391)(0,391)(0,389)(10,389)
Out Polygon:
(6,23)(6,36)(8,36)(8,25)(18,25)(18,23)
In Polygon:
(190,172)(190,171)(193,171)(193,172)
Out Polygon:
(19,23)(19,26)(20,26)(20,23)
In Polygon:
(180,138)(171,138)(171,135)(179,135)(179,125)(180,125)
Out Polygon:
(23,23)(23,36)(24,36)(24,26)(32,26)(32,23)
In Polygon:
(19,194)(29,194)(29,197)(20,197)(20,207)(19,207)
Out Polygon:
(50,24)(50,37)(51,37)(51,27)(60,27)(60,24)
In Polygon:
(152,222)(162,222)(162,217)(152,217)
Out Polygon:
(71,24)(71,34)(76,34)(76,24)
In Polygon:
(0,125)(0,136)(3,136)(3,126)(14,126)(14,125)
Out Polygon:
(19,25)(8,25)(8,28)(18,28)(18,39)(19,39)
In Polygon:
(157,337)(158,337)(158,335)(161,335)(161,332)(152,332)(152,335)(157,335)
Out Polygon:
(35,34)(38,34)(38,29)(40,29)(40,28)(38,28)(38,25)(35,25)
In Polygon:
(228,390)(228,378)(229,378)(229,388)(238,388)(238,390)
Out Polygon:
(50,25)(40,25)(40,27)(49,27)(49,37)(50,37)
In Polygon:
(209,249)(220,249)(220,248)(211,248)(211,240)(209,240)
Out Polygon:
(96,25)(96,36)(97,36)(97,27)(105,27)(105,25)
In Polygon:
(201,227)(201,217)(199,217)(199,226)(190,226)(190,227)
Out Polygon:
(116,25)(106,25)(106,27)(115,27)(115,36)(116,36)
In Polygon:
(80,343)(76,343)(76,332)(80,332)
Out Polygon:
(19,26)(19,37)(23,37)(23,26)
In Polygon:
(19,286)(24,286)(24,296)(19,296)
Out Polygon:
(24,26)(24,36)(29,36)(29,26)
In Polygon:
(41,148)(38,148)(38,157)(41,157)
Out Polygon:
(29,26)(29,35)(32,35)(32,26)
In Polygon:
(8,407)(8,401)(0,401)(0,407)
Out Polygon:
(77,26)(77,34)(83,34)(83,26)
In Polygon:
(85,263)(76,263)(76,265)(84,265)(84,274)(85,274)
Out Polygon:
(93,26)(84,26)(84,28)(92,28)(92,37)(93,37)
In Polygon:
(95,125)(104,125)(104,131)(95,131)
Out Polygon:
(0,27)(0,36)(6,36)(6,27)
In Polygon:
(133,378)(133,387)(135,387)(135,379)(144,379)(144,378)
Out Polygon:
(49,27)(40,27)(40,29)(48,29)(48,38)(49,38)
In Polygon:
(47,194)(47,204)(46,204)(46,195)(38,195)(38,194)
Out Polygon:
(60,27)(51,27)(51,28)(59,28)(59,37)(60,37)
In Polygon:
(114,157)(121,157)(121,148)(114,148)
Out Polygon:
(97,27)(97,36)(104,36)(104,27)
In Polygon:
(31,343)(19,343)(19,341)(29,341)(29,332)(31,332)
Out Polygon:
(108,38)(108,27)(106,27)(106,36)(96,36)(96,38)
In Polygon:
(133,228)(133,217)(140,217)(140,228)
Out Polygon:
(108,27)(108,38)(115,38)(115,27)
In Polygon:
(31,159)(31,148)(29,148)(29,158)(19,158)(19,159)
Out Polygon:
(116,27)(116,38)(118,38)(118,28)(128,28)(128,27)
In Polygon:
(29,274)(29,263)(28,263)(28,272)(19,272)(19,274)
Out Polygon:
(8,28)(8,39)(9,39)(9,30)(18,30)(18,28)
In Polygon:
(38,240)(47,240)(47,247)(38,247)
Out Polygon:
(51,28)(51,37)(58,37)(58,28)
In Polygon:
(104,342)(104,332)(103,332)(103,341)(95,341)(95,342)
Out Polygon:
(59,38)(59,28)(58,28)(58,37)(50,37)(50,38)
In Polygon:
(19,381)(28,381)(28,378)(19,378)
Out Polygon:
(89,28)(89,37)(92,37)(92,28)
In Polygon:
(57,332)(63,332)(63,338)(57,338)
Out Polygon:
(83,28)(83,34)(89,34)(89,28)
In Polygon:
(171,194)(182,194)(182,195)(172,195)(172,205)(171,205)
Out Polygon:
(118,28)(118,39)(119,39)(119,29)(129,29)(129,28)
In Polygon:
(125,273)(114,273)(114,272)(124,272)(124,263)(125,263)
Out Polygon:
(48,29)(38,29)(38,30)(47,30)(47,40)(48,40)
In Polygon:
(209,194)(220,194)(220,197)(211,197)(211,207)(209,207)
Out Polygon:
(119,29)(119,42)(121,42)(121,32)(130,32)(130,29)
In Polygon:
(190,125)(193,125)(193,134)(190,134)
Out Polygon:
(9,30)(9,39)(12,39)(12,30)
In Polygon:
(139,309)(133,309)(133,317)(139,317)
Out Polygon:
(12,30)(12,38)(18,38)(18,30)
In Polygon:
(171,148)(171,152)(179,152)(179,148)
Out Polygon:
(38,30)(38,34)(46,34)(46,30)
In Polygon:
(86,158)(86,148)(85,148)(85,157)(76,157)(76,158)
Out Polygon:
(60,30)(60,40)(61,40)(61,31)(70,31)(70,30)
In Polygon:
(86,255)(76,255)(76,240)(86,240)
Out Polygon:
(61,31)(61,46)(71,46)(71,31)
In Polygon:
(214,309)(209,309)(209,320)(214,320)
Out Polygon:
(125,32)(125,43)(130,43)(130,32)
In Polygon:
(114,336)(125,336)(125,332)(114,332)
Out Polygon:
(121,32)(121,43)(125,43)(125,32)
In Polygon:
(60,286)(60,291)(57,291)(57,286)
Out Polygon:
(93,33)(93,38)(96,38)(96,33)
In Polygon:
(174,378)(171,378)(171,392)(183,392)(183,388)(174,388)
Out Polygon:
(33,34)(33,46)(37,46)(37,37)(47,37)(47,34)
In Polygon:
(243,263)(228,263)(228,275)(243,275)
Out Polygon:
(71,34)(71,46)(86,46)(86,34)
In Polygon:
(152,286)(152,289)(158,289)(158,286)
Out Polygon:
(86,34)(86,40)(89,40)(89,34)
In Polygon:
(209,148)(209,151)(215,151)(215,148)
Out Polygon:
(29,35)(29,41)(32,41)(32,35)
In Polygon:
(95,246)(95,240)(103,240)(103,246)
Out Polygon:
(0,36)(0,42)(8,42)(8,36)
In Polygon:
(233,131)(228,131)(228,125)(233,125)
Out Polygon:
(23,36)(23,41)(29,41)(29,36)
In Polygon:
(57,217)(61,217)(61,225)(57,225)
Out Polygon:
(19,37)(19,45)(23,45)(23,37)
In Polygon:
(19,125)(19,135)(33,135)(33,125)
Out Polygon:
(37,37)(37,51)(47,51)(47,37)
In Polygon:
(114,240)(117,240)(117,244)(114,244)
Out Polygon:
(89,37)(89,40)(93,40)(93,37)
In Polygon:
(190,293)(190,286)(196,286)(196,293)
Out Polygon:
(12,38)(12,45)(18,45)(18,38)
In Polygon:
(76,286)(91,286)(91,298)(76,298)
Out Polygon:
(48,38)(48,53)(60,53)(60,38)
In Polygon:
(52,278)(38,278)(38,263)(52,263)
Out Polygon:
(93,38)(93,53)(107,53)(107,38)
In Polygon:
(38,286)(53,286)(53,297)(38,297)
Out Polygon:
(107,38)(107,53)(118,53)(118,38)
In Polygon:
(23,177)(23,171)(19,171)(19,177)
Out Polygon:
(8,39)(8,45)(12,45)(12,39)
In Polygon:
(159,309)(152,309)(152,315)(159,315)
Out Polygon:
(86,40)(86,46)(93,46)(93,40)
In Polygon:
(114,125)(128,125)(128,135)(114,135)
Out Polygon:
(23,41)(23,55)(33,55)(33,41)
In Polygon:
(76,217)(81,217)(81,220)(76,220)
Out Polygon:
(3,42)(3,45)(8,45)(8,42)
In Polygon:
(133,367)(133,355)(143,355)(143,367)
Out Polygon:
(118,43)(118,53)(130,53)(130,43)
In Polygon:
(203,342)(203,332)(190,332)(190,342)
Out Polygon:
(10,45)(10,55)(23,55)(23,45)
In Polygon:
(143,332)(133,332)(133,342)(143,342)
Out Polygon:
(0,45)(0,55)(10,55)(10,45)
In Polygon:
(133,263)(137,263)(137,269)(133,269)
Out Polygon:
(33,46)(33,52)(37,52)(37,46)
In Polygon:
(159,384)(159,378)(152,378)(152,384)
Out Polygon:
(60,46)(60,53)(66,53)(66,46)
In Polygon:
(171,247)(177,247)(177,240)(171,240)
Out Polygon:
(66,46)(66,53)(72,53)(72,46)
In Polygon:
(38,125)(38,131)(45,131)(45,125)
Out Polygon:
(72,46)(72,53)(78,53)(78,46)
In Polygon:
(15,205)(0,205)(0,194)(15,194)
Out Polygon:
(78,46)(78,57)(93,57)(93,46)
In Polygon:
(228,348)(239,348)(239,332)(228,332)
Out Polygon:
(37,51)(37,67)(48,67)(48,51)
In Polygon:
(209,355)(222,355)(222,369)(209,369)
Out Polygon:
(48,53)(48,67)(61,67)(61,53)
In Polygon:
(228,231)(228,217)(239,217)(239,231)
Out Polygon:
(61,53)(61,67)(72,67)(72,53)
In Polygon:
(0,177)(0,171)(7,171)(7,177)
Out Polygon:
(72,53)(72,60)(78,60)(78,53)
In Polygon:
(127,325)(114,325)(114,309)(127,309)
Out Polygon:
(117,53)(117,69)(130,69)(130,53)
In Polygon:
(125,378)(125,394)(114,394)(114,378)
Out Polygon:
(106,53)(106,69)(117,69)(117,53)
In Polygon:
(11,164)(0,164)(0,148)(11,148)
Out Polygon:
(95,53)(95,69)(106,69)(106,53)
In Polygon:
(0,230)(0,217)(12,217)(12,230)
Out Polygon:
(24,55)(24,67)(37,67)(37,55)
In Polygon:
(183,263)(183,275)(171,275)(171,263)
Out Polygon:
(12,55)(12,67)(24,67)(24,55)
In Polygon:
(0,309)(0,320)(12,320)(12,309)
Out Polygon:
(1,55)(1,67)(12,67)(12,55)
In Polygon:
(222,230)(222,217)(209,217)(209,230)
Out Polygon:
(82,57)(82,70)(95,70)(95,57)
In Polygon:
(143,171)(133,171)(133,182)(143,182)
Out Polygon:
(72,60)(72,71)(82,71)(82,60)
In Polygon:
(190,209)(190,194)(201,194)(201,209)
Out Polygon:
(0,67)(0,78)(15,78)(15,67)
In Polygon:
(184,171)(171,171)(171,182)(184,182)
Out Polygon:
(15,67)(15,78)(28,78)(28,67)
In Polygon:
(125,205)(114,205)(114,194)(125,194)
Out Polygon:
(28,67)(28,78)(39,78)(39,67)
In Polygon:
(106,355)(95,355)(95,366)(106,366)
Out Polygon:
(39,67)(39,78)(50,78)(50,67)
In Polygon:
(76,194)(76,204)(87,204)(87,194)
Out Polygon:
(50,67)(50,78)(60,78)(60,67)
In Polygon:
(125,181)(125,171)(114,171)(114,181)
Out Polygon:
(60,67)(60,78)(70,78)(70,67)
In Polygon:
(63,171)(63,178)(57,178)(57,171)
Out Polygon:
(123,69)(123,75)(130,75)(130,69)
In Polygon:
(102,171)(102,177)(95,177)(95,171)
Out Polygon:
(116,69)(116,75)(123,75)(123,69)
In Polygon:
(95,286)(95,292)(101,292)(101,286)
Out Polygon:
(110,69)(110,75)(116,75)(116,69)
In Polygon:
(190,154)(196,154)(196,148)(190,148)
Out Polygon:
(104,69)(104,75)(110,75)(110,69)
In Polygon:
(234,292)(228,292)(228,286)(234,286)
Out Polygon:
(98,69)(98,75)(104,75)(104,69)
In Polygon:
(228,178)(233,178)(233,171)(228,171)
Out Polygon:
(91,70)(91,75)(98,75)(98,70)
In Polygon:
(76,378)(81,378)(81,385)(76,385)
Out Polygon:
(84,70)(84,75)(91,75)(91,70)
In Polygon:
(158,240)(158,245)(152,245)(152,240)
Out Polygon:
(70,71)(70,77)(75,77)(75,71)
In Polygon:
(57,194)(62,194)(62,200)(57,200)
Out Polygon:
(75,71)(75,77)(80,77)(80,71)
