In Polygon:
(94,112)(97,112)(97,130)(90,130)(90,127)(94,127)
Out Polygon:
(0,0)(0,18)(3,18)(3,3)(7,3)(7,0)
In Polygon:
(90,95)(90,93)(108,93)(108,105)(105,105)(105,95)
Out Polygon:
(7,0)(7,18)(9,18)(9,3)(19,3)(19,0)
In Polygon:
(90,131)(90,139)(96,139)(96,133)(106,133)(106,131)
Out Polygon:
(19,0)(19,8)(25,8)(25,2)(35,2)(35,0)
In Polygon:
(0,131)(0,145)(5,145)(5,135)(16,135)(16,131)
Out Polygon:
(49,0)(35,0)(35,5)(45,5)(45,16)(49,16)
In Polygon:
(91,114)(91,112)(75,112)(75,120)(80,120)(80,114)
Out Polygon:
(33,2)(25,2)(25,7)(31,7)(31,18)(33,18)
In Polygon:
(0,95)(0,93)(3,93)(3,95)
Out Polygon:
(33,2)(33,5)(35,5)(35,2)
In Polygon:
(64,120)(60,120)(60,112)(64,112)
Out Polygon:
(3,3)(3,11)(7,11)(7,3)
In Polygon:
(30,74)(30,83)(23,83)(23,77)(15,77)(15,74)
Out Polygon:
(9,3)(9,18)(12,18)(12,10)(18,10)(18,3)
In Polygon:
(30,62)(30,64)(43,64)(43,55)(41,55)(41,62)
Out Polygon:
(42,5)(33,5)(33,7)(40,7)(40,18)(42,18)
In Polygon:
(32,150)(30,150)(30,163)(37,163)(37,161)(32,161)
Out Polygon:
(43,18)(50,18)(50,16)(45,16)(45,5)(43,5)
In Polygon:
(15,150)(15,155)(26,155)(26,150)
Out Polygon:
(26,7)(26,18)(31,18)(31,7)
In Polygon:
(13,156)(13,161)(0,161)(0,150)(2,150)(2,156)
Out Polygon:
(38,20)(38,7)(33,7)(33,18)(27,18)(27,20)
In Polygon:
(94,55)(94,57)(90,57)(90,55)
Out Polygon:
(38,7)(38,11)(40,11)(40,7)
In Polygon:
(60,63)(60,55)(72,55)(72,63)
Out Polygon:
(18,8)(18,20)(26,20)(26,8)
In Polygon:
(30,131)(35,131)(35,141)(30,141)
Out Polygon:
(13,10)(13,20)(18,20)(18,10)
In Polygon:
(30,116)(37,116)(37,112)(30,112)
Out Polygon:
(3,11)(3,18)(7,18)(7,11)
In Polygon:
(45,55)(45,57)(50,57)(50,55)
Out Polygon:
(38,11)(38,16)(40,16)(40,11)
In Polygon:
(58,136)(58,143)(45,143)(45,137)(48,137)(48,131)(53,131)(53,136)
Out Polygon:
(0,18)(0,25)(5,25)(5,30)(10,30)(10,24)(13,24)(13,18)
In Polygon:
(86,79)(86,74)(75,74)(75,79)(79,79)(79,82)(82,82)(82,79)
Out Polygon:
(38,18)(38,23)(42,23)(42,26)(45,26)(45,23)(49,23)(49,18)
In Polygon:
(20,131)(15,131)(15,146)(19,146)(19,142)(26,142)(26,137)(20,137)
Out Polygon:
(13,20)(13,24)(17,24)(17,31)(22,31)(22,25)(28,25)(28,20)
In Polygon:
(60,78)(60,80)(66,80)(66,83)(73,83)(73,74)(70,74)(70,78)
Out Polygon:
(28,20)(28,23)(32,23)(32,33)(34,33)(34,27)(37,27)(37,20)
In Polygon:
(0,59)(0,55)(13,55)(13,59)
Out Polygon:
(28,23)(28,36)(32,36)(32,23)
In Polygon:
(75,55)(75,58)(80,58)(80,55)
Out Polygon:
(37,23)(37,26)(42,26)(42,23)
In Polygon:
(45,98)(45,93)(55,93)(55,98)
Out Polygon:
(45,23)(45,33)(50,33)(50,23)
In Polygon:
(81,100)(81,93)(75,93)(75,100)
Out Polygon:
(10,24)(10,30)(17,30)(17,24)
In Polygon:
(60,101)(65,101)(65,93)(60,93)
Out Polygon:
(0,25)(0,33)(5,33)(5,25)
In Polygon:
(51,80)(45,80)(45,74)(51,74)
Out Polygon:
(22,25)(22,31)(28,31)(28,25)
In Polygon:
(38,101)(30,101)(30,93)(38,93)
Out Polygon:
(37,26)(37,34)(45,34)(45,26)
In Polygon:
(45,115)(45,112)(51,112)(51,115)
Out Polygon:
(34,27)(34,33)(37,33)(37,27)
In Polygon:
(19,123)(21,123)(21,120)(24,120)(24,112)(15,112)(15,116)(19,116)
Out Polygon:
(5,30)(5,34)(9,34)(9,41)(11,41)(11,38)(14,38)(14,30)
In Polygon:
(68,131)(68,134)(60,134)(60,131)
Out Polygon:
(14,30)(14,38)(17,38)(17,30)
In Polygon:
(5,129)(8,129)(8,124)(11,124)(11,112)(0,112)(0,117)(5,117)
Out Polygon:
(17,31)(17,36)(22,36)(22,48)(25,48)(25,43)(28,43)(28,31)
In Polygon:
(15,68)(24,68)(24,55)(15,55)
Out Polygon:
(0,34)(0,47)(9,47)(9,34)
In Polygon:
(77,131)(75,131)(75,144)(86,144)(86,142)(77,142)
Out Polygon:
(43,34)(32,34)(32,36)(41,36)(41,47)(43,47)
In Polygon:
(0,87)(7,87)(7,74)(0,74)
Out Polygon:
(43,34)(43,47)(50,47)(50,34)
In Polygon:
(15,104)(15,93)(27,93)(27,104)
Out Polygon:
(29,36)(29,47)(41,47)(41,36)
In Polygon:
(30,84)(37,84)(37,74)(30,74)
Out Polygon:
(15,38)(15,48)(22,48)(22,38)
In Polygon:
(96,74)(96,80)(90,80)(90,74)
Out Polygon:
(9,41)(9,47)(15,47)(15,41)
