In Polygon:
(62,97)(62,101)(60,101)(60,106)(54,106)(54,90)(60,90)(60,97)
Out Polygon:
(0,0)(0,6)(5,6)(5,8)(9,8)(9,6)(16,6)(16,0)
In Polygon:
(72,112)(72,105)(84,105)(84,118)(81,118)(81,112)
Out Polygon:
(16,0)(16,12)(23,12)(23,3)(29,3)(29,0)
In Polygon:
(42,189)(36,189)(36,180)(51,180)(51,185)(42,185)
Out Polygon:
(29,0)(29,9)(35,9)(35,5)(44,5)(44,0)
In Polygon:
(64,189)(64,180)(54,180)(54,189)(57,189)(57,194)(58,194)(58,189)
Out Polygon:
(44,0)(44,9)(47,9)(47,14)(48,14)(48,9)(54,9)(54,0)
In Polygon:
(96,135)(96,145)(90,145)(90,135)
Out Polygon:
(54,0)(54,10)(60,10)(60,0)
In Polygon:
(112,85)(117,85)(117,75)(112,75)(112,78)(108,78)(108,79)(112,79)
Out Polygon:
(24,13)(29,13)(29,10)(33,10)(33,9)(29,9)(29,3)(24,3)
In Polygon:
(127,170)(127,165)(126,165)(126,170)
Out Polygon:
(23,3)(23,8)(24,8)(24,3)
In Polygon:
(56,150)(62,150)(62,161)(56,161)(56,157)(54,157)(54,156)(56,156)
Out Polygon:
(38,16)(44,16)(44,10)(46,10)(46,9)(44,9)(44,5)(38,5)
In Polygon:
(4,93)(4,90)(0,90)(0,93)
Out Polygon:
(35,5)(35,9)(38,9)(38,5)
In Polygon:
(23,190)(23,180)(18,180)(18,190)
Out Polygon:
(0,6)(0,16)(5,16)(5,6)
In Polygon:
(78,172)(72,172)(72,165)(78,165)
Out Polygon:
(9,6)(9,12)(16,12)(16,6)
In Polygon:
(62,169)(62,165)(54,165)(54,169)
Out Polygon:
(5,8)(5,16)(9,16)(9,8)
In Polygon:
(18,109)(18,105)(19,105)(19,109)
Out Polygon:
(23,8)(23,12)(24,12)(24,8)
In Polygon:
(48,139)(48,135)(36,135)(36,139)(40,139)(40,140)(41,140)(41,139)
Out Polygon:
(34,21)(38,21)(38,17)(39,17)(39,16)(38,16)(38,9)(34,9)
In Polygon:
(144,138)(144,135)(145,135)(145,138)
Out Polygon:
(33,9)(33,12)(34,12)(34,9)
In Polygon:
(98,75)(102,75)(102,76)(107,76)(107,77)(90,77)(90,76)(98,76)
Out Polygon:
(49,9)(48,9)(48,14)(47,14)(47,18)(48,18)(48,26)(49,26)
In Polygon:
(5,180)(5,188)(0,188)(0,180)
Out Polygon:
(49,9)(49,17)(54,17)(54,9)
In Polygon:
(18,90)(18,94)(20,94)(20,90)
Out Polygon:
(29,10)(29,12)(33,12)(33,10)
In Polygon:
(135,108)(135,105)(126,105)(126,108)
Out Polygon:
(44,10)(44,19)(47,19)(47,10)
In Polygon:
(78,97)(72,97)(72,90)(78,90)
Out Polygon:
(54,10)(54,17)(60,17)(60,10)
In Polygon:
(121,109)(121,105)(108,105)(108,116)(114,116)(114,109)
Out Polygon:
(9,12)(9,23)(15,23)(15,16)(22,16)(22,12)
In Polygon:
(43,167)(43,165)(36,165)(36,167)
Out Polygon:
(22,12)(22,19)(24,19)(24,12)
In Polygon:
(72,84)(72,75)(77,75)(77,84)
Out Polygon:
(29,12)(29,21)(34,21)(34,12)
In Polygon:
(108,129)(108,131)(122,131)(122,120)(116,120)(116,129)
Out Polygon:
(27,27)(38,27)(38,21)(29,21)(29,13)(27,13)
In Polygon:
(0,153)(5,153)(5,150)(0,150)
Out Polygon:
(24,13)(24,18)(27,18)(27,13)
In Polygon:
(153,94)(153,90)(144,90)(144,101)(146,101)(146,94)
Out Polygon:
(0,16)(0,27)(2,27)(2,20)(9,20)(9,16)
In Polygon:
(96,115)(90,115)(90,105)(96,105)(96,108)(98,108)(98,109)(96,109)
Out Polygon:
(16,26)(22,26)(22,20)(24,20)(24,19)(22,19)(22,16)(16,16)
In Polygon:
(72,125)(72,120)(79,120)(79,125)
Out Polygon:
(39,16)(39,23)(44,23)(44,16)
In Polygon:
(154,175)(154,180)(144,180)(144,165)(148,165)(148,175)
Out Polygon:
(59,17)(49,17)(49,22)(55,22)(55,32)(59,32)
In Polygon:
(0,130)(10,130)(10,129)(2,129)(2,120)(0,120)
Out Polygon:
(25,28)(35,28)(35,27)(27,27)(27,18)(25,18)
In Polygon:
(61,139)(61,135)(54,135)(54,139)
Out Polygon:
(44,19)(44,26)(48,26)(48,19)
In Polygon:
(0,75)(3,75)(3,78)(0,78)
Out Polygon:
(6,20)(6,23)(9,23)(9,20)
In Polygon:
(18,169)(26,169)(26,165)(18,165)
Out Polygon:
(2,20)(2,28)(6,28)(6,20)
In Polygon:
(108,150)(108,161)(109,161)(109,152)(117,152)(117,150)
Out Polygon:
(23,29)(34,29)(34,28)(25,28)(25,20)(23,20)
In Polygon:
(65,114)(65,105)(63,105)(63,113)(54,113)(54,114)
Out Polygon:
(22,31)(31,31)(31,29)(23,29)(23,20)(22,20)
In Polygon:
(144,120)(144,126)(148,126)(148,120)
Out Polygon:
(49,22)(49,26)(55,26)(55,22)
In Polygon:
(157,150)(159,150)(159,160)(144,160)(144,157)(157,157)
Out Polygon:
(16,23)(6,23)(6,25)(13,25)(13,38)(16,38)
In Polygon:
(18,139)(24,139)(24,135)(18,135)
Out Polygon:
(38,23)(38,27)(44,27)(44,23)
In Polygon:
(6,105)(0,105)(0,113)(6,113)
Out Polygon:
(7,25)(7,33)(13,33)(13,25)
In Polygon:
(36,105)(41,105)(41,111)(36,111)
Out Polygon:
(16,26)(16,31)(22,31)(22,26)
In Polygon:
(23,89)(18,89)(18,75)(29,75)(29,77)(23,77)
Out Polygon:
(44,26)(44,40)(49,40)(49,28)(55,28)(55,26)
In Polygon:
(108,100)(117,100)(117,98)(109,98)(109,90)(108,90)
Out Polygon:
(44,27)(35,27)(35,29)(43,29)(43,37)(44,37)
In Polygon:
(41,125)(41,120)(36,120)(36,125)
Out Polygon:
(2,28)(2,33)(7,33)(7,28)
In Polygon:
(96,165)(96,169)(90,169)(90,165)
Out Polygon:
(49,28)(49,32)(55,32)(55,28)
In Polygon:
(40,75)(36,75)(36,86)(51,86)(51,84)(40,84)
Out Polygon:
(31,29)(31,44)(33,44)(33,33)(42,33)(42,29)
In Polygon:
(80,135)(72,135)(72,145)(80,145)(80,142)(85,142)(85,141)(80,141)
Out Polygon:
(16,31)(16,39)(19,39)(19,44)(20,44)(20,39)(26,39)(26,31)
In Polygon:
(0,169)(0,165)(6,165)(6,169)
Out Polygon:
(27,31)(27,37)(31,37)(31,31)
In Polygon:
(44,101)(36,101)(36,99)(43,99)(43,90)(44,90)
Out Polygon:
(60,32)(49,32)(49,33)(58,33)(58,40)(60,40)
In Polygon:
(121,176)(121,178)(108,178)(108,165)(112,165)(112,176)
Out Polygon:
(0,33)(0,46)(2,46)(2,37)(13,37)(13,33)
In Polygon:
(126,129)(126,120)(127,120)(127,128)(135,128)(135,129)
Out Polygon:
(33,33)(33,42)(34,42)(34,34)(42,34)(42,33)
In Polygon:
(99,129)(90,129)(90,128)(98,128)(98,120)(99,120)
Out Polygon:
(49,33)(49,42)(50,42)(50,34)(58,34)(58,33)
In Polygon:
(9,144)(0,144)(0,143)(8,143)(8,135)(9,135)
Out Polygon:
(34,34)(34,43)(35,43)(35,35)(43,35)(43,34)
In Polygon:
(126,150)(126,158)(127,158)(127,151)(134,151)(134,150)
Out Polygon:
(50,34)(50,42)(51,42)(51,35)(58,35)(58,34)
In Polygon:
(26,128)(26,120)(18,120)(18,128)
Out Polygon:
(35,35)(35,43)(43,43)(43,35)
In Polygon:
(54,75)(54,81)(60,81)(60,75)
Out Polygon:
(51,35)(51,41)(57,41)(57,35)
In Polygon:
(99,90)(90,90)(90,91)(98,91)(98,99)(99,99)
Out Polygon:
(2,37)(2,46)(3,46)(3,38)(11,38)(11,37)
In Polygon:
(30,150)(18,150)(18,152)(27,152)(27,162)(30,162)
Out Polygon:
(3,38)(3,50)(5,50)(5,41)(15,41)(15,38)
In Polygon:
(72,180)(72,195)(83,195)(83,180)
Out Polygon:
(20,39)(20,54)(31,54)(31,39)
In Polygon:
(126,100)(140,100)(140,90)(126,90)
Out Polygon:
(5,41)(5,51)(19,51)(19,41)
In Polygon:
(72,150)(81,150)(81,163)(72,163)
Out Polygon:
(51,41)(51,54)(60,54)(60,41)
In Polygon:
(99,161)(99,150)(90,150)(90,161)
Out Polygon:
(42,43)(42,54)(51,54)(51,43)
In Polygon:
(126,144)(137,144)(137,135)(126,135)
Out Polygon:
(33,43)(33,54)(42,54)(42,43)
In Polygon:
(36,150)(36,160)(48,160)(48,150)
Out Polygon:
(0,51)(0,63)(10,63)(10,51)
In Polygon:
(118,147)(108,147)(108,135)(118,135)
Out Polygon:
(10,51)(10,63)(20,63)(20,51)
In Polygon:
(54,130)(54,120)(63,120)(63,130)
Out Polygon:
(20,54)(20,63)(30,63)(30,54)
In Polygon:
(153,115)(153,105)(144,105)(144,115)
Out Polygon:
(30,54)(30,63)(40,63)(40,54)
In Polygon:
(153,84)(153,75)(144,75)(144,84)
Out Polygon:
(40,54)(40,63)(49,63)(49,54)
In Polygon:
(135,84)(126,84)(126,75)(135,75)
Out Polygon:
(49,54)(49,63)(58,63)(58,54)
