In Polygon:
(0,188)(0,182)(18,182)(18,193)(12,193)(12,188)
Out Polygon:
(0,0)(0,18)(6,18)(6,6)(11,6)(11,0)
In Polygon:
(255,170)(260,170)(260,168)(265,168)(265,163)(247,163)(247,168)(255,168)
Out Polygon:
(11,0)(11,5)(19,5)(19,7)(24,7)(24,5)(29,5)(29,0)
In Polygon:
(76,296)(76,314)(78,314)(78,303)(85,303)(85,296)
Out Polygon:
(29,0)(29,18)(31,18)(31,7)(38,7)(38,0)
In Polygon:
(18,224)(18,220)(0,220)(0,224)(5,224)(5,227)(10,227)(10,224)
Out Polygon:
(38,0)(38,4)(43,4)(43,7)(48,7)(48,4)(56,4)(56,0)
In Polygon:
(6,174)(0,174)(0,163)(17,163)(17,167)(6,167)
Out Polygon:
(56,0)(56,11)(62,11)(62,4)(73,4)(73,0)
In Polygon:
(230,174)(233,174)(233,163)(230,163)(230,167)(228,167)(228,169)(230,169)
Out Polygon:
(76,0)(73,0)(73,4)(71,4)(71,6)(73,6)(73,11)(76,11)
In Polygon:
(133,229)(133,220)(135,220)(135,229)
Out Polygon:
(76,0)(76,9)(78,9)(78,0)
In Polygon:
(82,169)(82,170)(80,170)(80,173)(76,173)(76,163)(80,163)(80,169)
Out Polygon:
(42,4)(38,4)(38,7)(36,7)(36,8)(38,8)(38,14)(42,14)
In Polygon:
(212,202)(209,202)(209,201)(212,201)
Out Polygon:
(42,4)(42,7)(43,7)(43,4)
In Polygon:
(29,189)(29,192)(26,192)(26,196)(19,196)(19,182)(26,182)(26,189)
Out Polygon:
(49,18)(56,18)(56,14)(59,14)(59,11)(56,11)(56,4)(49,4)
In Polygon:
(1,261)(0,261)(0,258)(1,258)
Out Polygon:
(48,4)(48,7)(49,7)(49,4)
In Polygon:
(72,220)(72,229)(67,229)(67,222)(57,222)(57,220)
Out Polygon:
(62,4)(62,19)(64,19)(64,9)(71,9)(71,4)
In Polygon:
(247,277)(255,277)(255,280)(248,280)(248,288)(247,288)
Out Polygon:
(11,5)(11,16)(12,16)(12,8)(19,8)(19,5)
In Polygon:
(57,301)(59,301)(59,296)(57,296)
Out Polygon:
(24,5)(24,7)(29,7)(29,5)
In Polygon:
(25,239)(29,239)(29,255)(19,255)(19,251)(25,251)
Out Polygon:
(10,22)(10,6)(6,6)(6,18)(0,18)(0,22)
In Polygon:
(83,145)(83,144)(76,144)(76,145)
Out Polygon:
(10,6)(10,13)(11,13)(11,6)
In Polygon:
(60,338)(60,339)(59,339)(59,342)(57,342)(57,334)(59,334)(59,338)
Out Polygon:
(73,6)(71,6)(71,9)(70,9)(70,10)(71,10)(71,14)(73,14)
In Polygon:
(63,315)(67,315)(67,331)(57,331)(57,328)(63,328)
Out Polygon:
(19,7)(19,23)(23,23)(23,10)(29,10)(29,7)
In Polygon:
(220,163)(220,168)(209,168)(209,163)
Out Polygon:
(31,7)(31,18)(36,18)(36,7)
In Polygon:
(232,225)(232,223)(231,223)(231,220)(228,220)(228,232)(231,232)(231,225)
Out Polygon:
(45,7)(42,7)(42,14)(41,14)(41,16)(42,16)(42,19)(45,19)
In Polygon:
(38,258)(38,267)(42,267)(42,258)
Out Polygon:
(45,7)(45,16)(49,16)(49,7)
In Polygon:
(28,315)(19,315)(19,316)(26,316)(26,322)(28,322)
Out Polygon:
(12,8)(12,17)(13,17)(13,10)(19,10)(19,8)
In Polygon:
(190,203)(190,201)(196,201)(196,203)
Out Polygon:
(36,8)(36,14)(38,14)(38,8)
In Polygon:
(190,353)(190,354)(196,354)(196,353)
Out Polygon:
(64,9)(64,10)(70,10)(70,9)
In Polygon:
(171,355)(171,353)(173,353)(173,355)
Out Polygon:
(76,9)(76,11)(78,11)(78,9)
In Polygon:
(76,277)(76,283)(83,283)(83,277)
Out Polygon:
(13,10)(13,17)(19,17)(19,10)
In Polygon:
(38,130)(38,134)(49,134)(49,125)(46,125)(46,130)
Out Polygon:
(25,21)(34,21)(34,18)(29,18)(29,10)(25,10)
In Polygon:
(190,315)(192,315)(192,323)(190,323)
Out Polygon:
(23,10)(23,18)(25,18)(25,10)
In Polygon:
(122,258)(118,258)(118,260)(114,260)(114,267)(128,267)(128,260)(122,260)
Out Polygon:
(64,24)(71,24)(71,18)(73,18)(73,14)(71,14)(71,10)(64,10)
In Polygon:
(38,182)(38,185)(41,185)(41,182)
Out Polygon:
(59,11)(59,14)(62,14)(62,11)
In Polygon:
(209,353)(214,353)(214,360)(209,360)
Out Polygon:
(73,11)(73,18)(78,18)(78,11)
In Polygon:
(247,144)(247,145)(250,145)(250,144)
Out Polygon:
(10,13)(10,16)(11,16)(11,13)
In Polygon:
(141,145)(141,148)(133,148)(133,145)(136,145)(136,144)(137,144)(137,145)
Out Polygon:
(39,14)(36,14)(36,18)(35,18)(35,19)(36,19)(36,22)(39,22)
In Polygon:
(133,266)(133,258)(135,258)(135,266)
Out Polygon:
(39,14)(39,22)(41,22)(41,14)
In Polygon:
(152,264)(152,267)(154,267)(154,272)(159,272)(159,258)(154,258)(154,264)
Out Polygon:
(57,28)(62,28)(62,22)(64,22)(64,19)(62,19)(62,14)(57,14)
In Polygon:
(191,277)(191,281)(190,281)(190,277)
Out Polygon:
(56,14)(56,18)(57,18)(57,14)
In Polygon:
(215,153)(219,153)(219,144)(209,144)(209,146)(215,146)
Out Polygon:
(12,26)(12,16)(10,16)(10,22)(3,22)(3,26)
In Polygon:
(174,182)(174,183)(171,183)(171,182)
Out Polygon:
(41,16)(41,19)(42,19)(42,16)
In Polygon:
(137,334)(137,337)(133,337)(133,334)
Out Polygon:
(45,16)(45,19)(49,19)(49,16)
In Polygon:
(247,324)(247,329)(258,329)(258,315)(256,315)(256,324)
Out Polygon:
(14,31)(14,17)(12,17)(12,26)(3,26)(3,31)
In Polygon:
(52,224)(52,220)(38,220)(38,224)(43,224)(43,226)(46,226)(46,224)
Out Polygon:
(15,31)(19,31)(19,26)(21,26)(21,23)(19,23)(19,17)(15,17)
In Polygon:
(195,145)(190,145)(190,144)(195,144)
Out Polygon:
(14,17)(14,22)(15,22)(15,17)
In Polygon:
(78,128)(76,128)(76,125)(78,125)
Out Polygon:
(23,18)(23,21)(25,21)(25,18)
In Polygon:
(57,144)(57,145)(60,145)(60,144)
Out Polygon:
(34,18)(34,21)(35,21)(35,18)
In Polygon:
(234,201)(228,201)(228,213)(239,213)(239,211)(234,211)
Out Polygon:
(51,30)(62,30)(62,28)(57,28)(57,18)(51,18)
In Polygon:
(95,182)(96,182)(96,184)(95,184)
Out Polygon:
(49,18)(49,19)(51,19)(51,18)
In Polygon:
(57,129)(57,125)(69,125)(69,129)(65,129)(65,131)(63,131)(63,129)
Out Polygon:
(75,18)(71,18)(71,24)(69,24)(69,26)(71,26)(71,30)(75,30)
In Polygon:
(254,337)(247,337)(247,334)(254,334)
Out Polygon:
(75,18)(75,25)(78,25)(78,18)
In Polygon:
(40,354)(38,354)(38,353)(40,353)
Out Polygon:
(35,19)(35,21)(36,21)(36,19)
In Polygon:
(162,334)(166,334)(166,344)(152,344)(152,341)(162,341)
Out Polygon:
(51,19)(41,19)(41,23)(48,23)(48,33)(51,33)
In Polygon:
(247,296)(257,296)(257,300)(249,300)(249,310)(247,310)
Out Polygon:
(23,21)(23,35)(25,35)(25,25)(33,25)(33,21)
In Polygon:
(99,223)(99,220)(95,220)(95,223)
Out Polygon:
(33,21)(33,25)(36,25)(36,21)
In Polygon:
(66,182)(57,182)(57,185)(64,185)(64,194)(66,194)
Out Polygon:
(1,34)(10,34)(10,31)(3,31)(3,22)(1,22)
In Polygon:
(20,282)(20,277)(19,277)(19,282)
Out Polygon:
(0,22)(0,27)(1,27)(1,22)
In Polygon:
(0,144)(1,144)(1,149)(0,149)
Out Polygon:
(14,22)(14,27)(15,27)(15,22)
In Polygon:
(219,301)(219,296)(209,296)(209,301)(212,301)(212,304)(214,304)(214,301)
Out Polygon:
(41,22)(36,22)(36,25)(33,25)(33,27)(36,27)(36,32)(41,32)
In Polygon:
(211,269)(209,269)(209,258)(218,258)(218,261)(211,261)
Out Polygon:
(64,33)(64,22)(62,22)(62,30)(55,30)(55,33)
In Polygon:
(114,241)(117,241)(117,239)(114,239)
Out Polygon:
(21,23)(21,26)(23,26)(23,23)
In Polygon:
(28,220)(19,220)(19,221)(27,221)(27,227)(28,227)
Out Polygon:
(41,23)(41,32)(42,32)(42,24)(48,24)(48,23)
In Polygon:
(156,136)(152,136)(152,125)(161,125)(161,128)(156,128)
Out Polygon:
(46,35)(46,24)(42,24)(42,32)(37,32)(37,35)
In Polygon:
(171,317)(175,317)(175,315)(171,315)
Out Polygon:
(46,24)(46,28)(48,28)(48,24)
In Polygon:
(107,277)(107,287)(104,287)(104,279)(95,279)(95,277)
Out Polygon:
(66,36)(66,24)(64,24)(64,33)(56,33)(56,36)
In Polygon:
(120,353)(120,356)(114,356)(114,353)
Out Polygon:
(66,24)(66,30)(69,30)(69,24)
In Polygon:
(200,228)(190,228)(190,227)(198,227)(198,220)(200,220)
Out Polygon:
(33,25)(25,25)(25,27)(32,27)(32,35)(33,35)
In Polygon:
(117,130)(114,130)(114,125)(117,125)
Out Polygon:
(75,25)(75,30)(78,30)(78,25)
In Polygon:
(61,239)(57,239)(57,244)(61,244)
Out Polygon:
(19,26)(19,31)(23,31)(23,26)
In Polygon:
(173,258)(173,262)(171,262)(171,258)
Out Polygon:
(69,26)(69,30)(71,30)(71,26)
In Polygon:
(161,239)(161,247)(160,247)(160,240)(152,240)(152,239)
Out Polygon:
(0,35)(9,35)(9,34)(1,34)(1,27)(0,27)
In Polygon:
(251,239)(250,239)(250,243)(247,243)(247,249)(256,249)(256,243)(251,243)
Out Polygon:
(20,37)(20,31)(15,31)(15,27)(14,27)(14,31)(11,31)(11,37)
In Polygon:
(216,229)(216,220)(215,220)(215,228)(209,228)(209,229)
Out Polygon:
(25,27)(25,36)(26,36)(26,28)(32,28)(32,27)
In Polygon:
(196,182)(190,182)(190,185)(196,185)
Out Polygon:
(33,27)(33,33)(36,33)(36,27)
In Polygon:
(0,125)(7,125)(7,131)(0,131)
Out Polygon:
(26,28)(26,35)(32,35)(32,28)
In Polygon:
(27,144)(27,154)(26,154)(26,146)(19,146)(19,144)
Out Polygon:
(48,36)(48,28)(46,28)(46,35)(38,35)(38,36)
In Polygon:
(114,337)(114,334)(118,334)(118,337)
Out Polygon:
(51,30)(51,33)(55,33)(55,30)
In Polygon:
(152,188)(152,192)(156,192)(156,196)(164,196)(164,182)(156,182)(156,188)
Out Polygon:
(74,30)(66,30)(66,36)(62,36)(62,40)(66,40)(66,44)(74,44)
In Polygon:
(76,353)(84,353)(84,357)(76,357)
Out Polygon:
(74,30)(74,38)(78,38)(78,30)
In Polygon:
(152,296)(153,296)(153,300)(152,300)
Out Polygon:
(10,31)(10,35)(11,35)(11,31)
In Polygon:
(99,125)(95,125)(95,135)(105,135)(105,133)(99,133)
Out Polygon:
(22,41)(22,31)(20,31)(20,37)(12,37)(12,41)
In Polygon:
(65,357)(57,357)(57,353)(65,353)
Out Polygon:
(33,33)(33,41)(37,41)(37,33)
In Polygon:
(228,149)(228,147)(233,147)(233,144)(239,144)(239,155)(233,155)(233,149)
Out Polygon:
(54,33)(48,33)(48,36)(43,36)(43,38)(48,38)(48,44)(54,44)
In Polygon:
(228,317)(235,317)(235,315)(228,315)
Out Polygon:
(54,33)(54,40)(56,40)(56,33)
In Polygon:
(6,363)(0,363)(0,353)(13,353)(13,355)(6,355)
Out Polygon:
(10,35)(0,35)(0,41)(8,41)(8,48)(10,48)
In Polygon:
(38,277)(46,277)(46,278)(39,278)(39,284)(38,284)
Out Polygon:
(23,42)(23,35)(22,35)(22,41)(15,41)(15,42)
In Polygon:
(247,220)(256,220)(256,221)(248,221)(248,228)(247,228)
Out Polygon:
(24,43)(24,35)(23,35)(23,42)(15,42)(15,43)
In Polygon:
(209,191)(209,182)(211,182)(211,190)(219,190)(219,191)
Out Polygon:
(25,45)(25,35)(24,35)(24,43)(16,43)(16,45)
In Polygon:
(101,239)(104,239)(104,240)(108,240)(108,246)(95,246)(95,240)(101,240)
Out Polygon:
(27,48)(33,48)(33,44)(34,44)(34,41)(33,41)(33,35)(27,35)
In Polygon:
(19,334)(29,334)(29,336)(21,336)(21,345)(19,345)
Out Polygon:
(27,47)(27,36)(25,36)(25,45)(17,45)(17,47)
In Polygon:
(38,334)(43,334)(43,340)(38,340)
Out Polygon:
(37,36)(37,41)(43,41)(43,36)
In Polygon:
(122,150)(122,148)(120,148)(120,144)(114,144)(114,156)(120,156)(120,150)
Out Polygon:
(56,48)(62,48)(62,42)(64,42)(64,40)(62,40)(62,36)(56,36)
In Polygon:
(209,246)(211,246)(211,239)(209,239)
Out Polygon:
(10,37)(10,44)(12,44)(12,37)
In Polygon:
(24,131)(19,131)(19,125)(24,125)
Out Polygon:
(43,38)(43,44)(48,44)(48,38)
In Polygon:
(139,353)(143,353)(143,364)(133,364)(133,359)(139,359)
Out Polygon:
(78,49)(78,38)(74,38)(74,44)(68,44)(68,49)
In Polygon:
(6,298)(0,298)(0,296)(6,296)
Out Polygon:
(54,40)(54,46)(56,46)(56,40)
In Polygon:
(97,165)(95,165)(95,163)(97,163)
Out Polygon:
(64,40)(64,42)(66,42)(66,40)
In Polygon:
(152,315)(160,315)(160,317)(153,317)(153,325)(152,325)
Out Polygon:
(0,41)(0,51)(1,51)(1,43)(8,43)(8,41)
In Polygon:
(114,182)(116,182)(116,184)(114,184)
Out Polygon:
(13,41)(13,43)(15,43)(15,41)
In Polygon:
(231,334)(228,334)(228,345)(237,345)(237,339)(231,339)
Out Polygon:
(43,41)(34,41)(34,47)(40,47)(40,52)(43,52)
In Polygon:
(137,191)(133,191)(133,182)(142,182)(142,185)(137,185)
Out Polygon:
(66,51)(66,42)(62,42)(62,48)(57,48)(57,51)
In Polygon:
(158,163)(152,163)(152,170)(158,170)(158,168)(159,168)(159,167)(158,167)
Out Polygon:
(1,43)(1,49)(3,49)(3,50)(4,50)(4,49)(8,49)(8,43)
In Polygon:
(171,163)(178,163)(178,167)(171,167)
Out Polygon:
(12,43)(12,50)(16,50)(16,43)
In Polygon:
(40,296)(38,296)(38,302)(40,302)
Out Polygon:
(10,44)(10,50)(12,50)(12,44)
In Polygon:
(107,299)(107,296)(95,296)(95,307)(101,307)(101,299)
Out Polygon:
(54,44)(43,44)(43,50)(51,50)(51,56)(54,56)
In Polygon:
(114,211)(114,201)(116,201)(116,209)(123,209)(123,211)
Out Polygon:
(68,53)(68,44)(66,44)(66,51)(58,51)(58,53)
In Polygon:
(190,303)(190,306)(201,306)(201,296)(199,296)(199,303)
Out Polygon:
(16,47)(16,57)(18,57)(18,50)(27,50)(27,47)
In Polygon:
(19,201)(19,208)(24,208)(24,201)
Out Polygon:
(33,47)(33,52)(40,52)(40,47)
In Polygon:
(133,205)(133,204)(136,204)(136,201)(142,201)(142,209)(136,209)(136,205)
Out Polygon:
(27,56)(33,56)(33,53)(36,53)(36,52)(33,52)(33,48)(27,48)
In Polygon:
(76,341)(76,334)(82,334)(82,341)
Out Polygon:
(4,49)(4,56)(10,56)(10,49)
In Polygon:
(95,206)(95,201)(105,201)(105,212)(102,212)(102,206)
Out Polygon:
(78,49)(68,49)(68,54)(75,54)(75,60)(78,60)
In Polygon:
(114,170)(120,170)(120,163)(114,163)
Out Polygon:
(10,50)(10,57)(16,57)(16,50)
In Polygon:
(232,288)(238,288)(238,277)(232,277)(232,280)(228,280)(228,282)(232,282)
Out Polygon:
(21,61)(27,61)(27,58)(31,58)(31,56)(27,56)(27,50)(21,50)
In Polygon:
(193,248)(190,248)(190,239)(200,239)(200,241)(193,241)
Out Polygon:
(21,59)(21,50)(18,50)(18,57)(11,57)(11,59)
In Polygon:
(101,315)(103,315)(103,317)(106,317)(106,324)(95,324)(95,317)(101,317)
Out Polygon:
(44,61)(51,61)(51,58)(53,58)(53,56)(51,56)(51,50)(44,50)
In Polygon:
(190,130)(190,134)(200,134)(200,125)(195,125)(195,130)
Out Polygon:
(0,61)(9,61)(9,56)(4,56)(4,51)(0,51)
In Polygon:
(57,163)(61,163)(61,168)(57,168)
Out Polygon:
(54,51)(54,56)(58,56)(58,51)
In Polygon:
(88,243)(88,242)(85,242)(85,239)(76,239)(76,247)(85,247)(85,243)
Out Polygon:
(36,52)(36,61)(40,61)(40,64)(41,64)(41,61)(44,61)(44,52)
In Polygon:
(76,201)(76,212)(78,212)(78,203)(86,203)(86,201)
Out Polygon:
(58,53)(58,64)(60,64)(60,55)(68,55)(68,53)
In Polygon:
(235,353)(228,353)(228,359)(235,359)
Out Polygon:
(68,54)(68,60)(75,60)(75,54)
In Polygon:
(0,239)(0,248)(1,248)(1,240)(8,240)(8,239)
Out Polygon:
(60,55)(60,64)(61,64)(61,56)(68,56)(68,55)
In Polygon:
(157,358)(152,358)(152,353)(157,353)
Out Polygon:
(31,56)(31,61)(36,61)(36,56)
In Polygon:
(57,277)(65,277)(65,282)(57,282)
Out Polygon:
(53,56)(53,64)(58,64)(58,56)
In Polygon:
(180,144)(171,144)(171,146)(179,146)(179,154)(180,154)
Out Polygon:
(63,65)(63,56)(61,56)(61,64)(53,64)(53,65)
In Polygon:
(66,258)(57,258)(57,263)(66,263)
Out Polygon:
(63,56)(63,65)(68,65)(68,56)
In Polygon:
(99,258)(95,258)(95,265)(99,265)
Out Polygon:
(27,58)(27,65)(31,65)(31,58)
In Polygon:
(123,324)(123,315)(121,315)(121,322)(114,322)(114,324)
Out Polygon:
(51,67)(60,67)(60,65)(53,65)(53,58)(51,58)
In Polygon:
(217,136)(209,136)(209,125)(217,125)(217,129)(219,129)(219,131)(217,131)
Out Polygon:
(9,59)(9,67)(14,67)(14,69)(16,69)(16,67)(20,67)(20,59)
In Polygon:
(176,211)(181,211)(181,201)(171,201)(171,203)(176,203)
Out Polygon:
(70,70)(70,60)(68,60)(68,65)(60,65)(60,70)
In Polygon:
(205,266)(205,258)(190,258)(190,266)
Out Polygon:
(70,60)(70,75)(78,75)(78,60)
In Polygon:
(19,163)(28,163)(28,165)(20,165)(20,173)(19,173)
Out Polygon:
(0,61)(0,71)(1,71)(1,63)(9,63)(9,61)
In Polygon:
(232,303)(232,296)(228,296)(228,303)
Out Polygon:
(20,61)(20,65)(27,65)(27,61)
In Polygon:
(254,362)(257,362)(257,353)(247,353)(247,356)(254,356)
Out Polygon:
(31,61)(31,71)(34,71)(34,64)(40,64)(40,61)
In Polygon:
(247,190)(247,182)(257,182)(257,189)(253,189)(253,195)(252,195)(252,190)
Out Polygon:
(41,61)(41,69)(46,69)(46,74)(47,74)(47,68)(51,68)(51,61)
In Polygon:
(95,361)(95,353)(105,353)(105,361)(101,361)(101,364)(100,364)(100,361)
Out Polygon:
(1,73)(9,73)(9,68)(12,68)(12,67)(9,67)(9,63)(1,63)
In Polygon:
(133,315)(133,320)(140,320)(140,315)
Out Polygon:
(34,64)(34,69)(41,69)(41,64)
In Polygon:
(261,127)(261,125)(247,125)(247,135)(251,135)(251,127)
Out Polygon:
(30,65)(20,65)(20,69)(28,69)(28,79)(30,79)
In Polygon:
(76,189)(80,189)(80,182)(76,182)
Out Polygon:
(16,67)(16,74)(20,74)(20,67)
In Polygon:
(140,135)(142,135)(142,125)(133,125)(133,127)(140,127)
Out Polygon:
(60,67)(51,67)(51,69)(58,69)(58,77)(60,77)
In Polygon:
(171,339)(176,339)(176,334)(171,334)
Out Polygon:
(9,68)(9,73)(14,73)(14,68)
In Polygon:
(42,150)(38,150)(38,144)(42,144)
Out Polygon:
(47,68)(47,74)(51,74)(51,68)
In Polygon:
(214,285)(209,285)(209,277)(214,277)
Out Polygon:
(20,69)(20,74)(28,74)(28,69)
In Polygon:
(171,277)(171,287)(183,287)(183,277)
Out Polygon:
(34,69)(34,79)(46,79)(46,69)
In Polygon:
(0,322)(8,322)(8,315)(0,315)
Out Polygon:
(51,69)(51,77)(58,77)(58,69)
In Polygon:
(152,211)(152,201)(165,201)(165,211)
Out Polygon:
(60,70)(60,83)(70,83)(70,70)
In Polygon:
(118,283)(114,283)(114,277)(118,277)
Out Polygon:
(30,71)(30,77)(34,77)(34,71)
In Polygon:
(12,277)(16,277)(16,294)(0,294)(0,290)(12,290)
Out Polygon:
(0,73)(0,90)(4,90)(4,77)(16,77)(16,73)
In Polygon:
(29,353)(29,365)(19,365)(19,353)
Out Polygon:
(16,74)(16,84)(28,84)(28,74)
In Polygon:
(24,301)(19,301)(19,296)(24,296)
Out Polygon:
(46,74)(46,79)(51,79)(51,74)
In Polygon:
(76,324)(76,315)(84,315)(84,324)
Out Polygon:
(70,75)(70,84)(78,84)(78,75)
In Polygon:
(190,343)(190,334)(203,334)(203,343)
Out Polygon:
(4,77)(4,90)(13,90)(13,77)
In Polygon:
(240,258)(228,258)(228,267)(240,267)
Out Polygon:
(51,77)(51,89)(60,89)(60,77)
In Polygon:
(159,161)(152,161)(152,144)(169,144)(169,148)(159,148)
Out Polygon:
(28,79)(28,96)(35,96)(35,83)(45,83)(45,79)
In Polygon:
(158,283)(158,277)(152,277)(152,283)
Out Polygon:
(45,79)(45,85)(51,85)(51,79)
In Polygon:
(114,230)(126,230)(126,220)(114,220)
Out Polygon:
(35,83)(35,95)(45,95)(45,83)
In Polygon:
(86,220)(76,220)(76,231)(86,231)
Out Polygon:
(60,83)(60,94)(70,94)(70,83)
In Polygon:
(50,201)(38,201)(38,213)(50,213)
Out Polygon:
(16,84)(16,96)(28,96)(28,84)
In Polygon:
(133,248)(133,239)(141,239)(141,248)
Out Polygon:
(70,84)(70,93)(78,93)(78,84)
In Polygon:
(139,302)(133,302)(133,296)(139,296)
Out Polygon:
(45,85)(45,91)(51,91)(51,85)
In Polygon:
(38,168)(38,163)(47,163)(47,168)
Out Polygon:
(51,89)(51,94)(60,94)(60,89)
In Polygon:
(44,315)(38,315)(38,321)(44,321)
Out Polygon:
(10,90)(10,96)(16,96)(16,90)
In Polygon:
(171,239)(181,239)(181,250)(171,250)
Out Polygon:
(0,90)(0,101)(10,101)(10,90)
In Polygon:
(209,334)(209,339)(215,339)(215,334)
Out Polygon:
(45,91)(45,96)(51,96)(51,91)
In Polygon:
(38,247)(43,247)(43,239)(38,239)
Out Polygon:
(70,93)(70,98)(78,98)(78,93)
In Polygon:
(152,233)(165,233)(165,220)(152,220)
Out Polygon:
(57,94)(57,107)(70,107)(70,94)
In Polygon:
(106,149)(106,144)(95,144)(95,149)
Out Polygon:
(52,94)(52,105)(57,105)(57,94)
In Polygon:
(0,334)(11,334)(11,344)(0,344)
Out Polygon:
(35,95)(35,106)(45,106)(45,95)
In Polygon:
(143,277)(133,277)(133,287)(143,287)
Out Polygon:
(25,96)(25,106)(35,106)(35,96)
In Polygon:
(104,334)(104,344)(95,344)(95,334)
Out Polygon:
(16,96)(16,106)(25,106)(25,96)
In Polygon:
(233,239)(233,244)(228,244)(228,239)
Out Polygon:
(10,96)(10,101)(15,101)(15,96)
In Polygon:
(254,206)(254,201)(247,201)(247,206)
Out Polygon:
(45,96)(45,101)(52,101)(52,96)
In Polygon:
(122,296)(114,296)(114,301)(122,301)
Out Polygon:
(70,98)(70,103)(78,103)(78,98)
In Polygon:
(76,263)(81,263)(81,258)(76,258)
Out Polygon:
(11,101)(11,106)(16,106)(16,101)
In Polygon:
(19,258)(24,258)(24,263)(19,263)
Out Polygon:
(6,101)(6,106)(11,106)(11,101)
In Polygon:
(57,206)(57,201)(62,201)(62,206)
Out Polygon:
(1,101)(1,106)(6,106)(6,101)
In Polygon:
(233,125)(233,130)(228,130)(228,125)
Out Polygon:
(45,101)(45,106)(50,106)(50,101)
In Polygon:
(228,187)(233,187)(233,182)(228,182)
Out Polygon:
(73,103)(73,108)(78,108)(78,103)
In Polygon:
(209,325)(218,325)(218,315)(209,315)
Out Polygon:
(0,106)(0,116)(9,116)(9,106)
In Polygon:
(180,230)(180,220)(171,220)(171,230)
Out Polygon:
(9,106)(9,116)(18,116)(18,106)
In Polygon:
(143,163)(143,172)(133,172)(133,163)
Out Polygon:
(18,106)(18,116)(27,116)(27,106)
In Polygon:
(181,296)(171,296)(171,305)(181,305)
Out Polygon:
(27,106)(27,116)(36,116)(36,106)
In Polygon:
(171,125)(181,125)(181,134)(171,134)
Out Polygon:
(36,106)(36,116)(45,116)(45,106)
In Polygon:
(199,172)(199,163)(190,163)(190,172)
Out Polygon:
(45,106)(45,115)(54,115)(54,106)
In Polygon:
(256,267)(256,258)(247,258)(247,267)
Out Polygon:
(54,107)(54,116)(63,116)(63,107)
In Polygon:
(0,201)(0,210)(9,210)(9,201)
Out Polygon:
(63,107)(63,116)(72,116)(72,107)
