In Polygon:
(191,141)(191,153)(176,153)(176,143)(180,143)(180,133)(184,133)(184,141)
Out Polygon:
(0,0)(0,12)(7,12)(7,20)(11,20)(11,10)(15,10)(15,0)
In Polygon:
(186,149)(181,149)(181,158)(176,158)(176,162)(192,162)(192,153)(186,153)
Out Polygon:
(15,0)(15,9)(21,9)(21,13)(26,13)(26,4)(31,4)(31,0)
In Polygon:
(110,95)(110,89)(115,89)(115,85)(119,85)(119,104)(113,104)(113,95)
Out Polygon:
(35,0)(31,0)(31,4)(26,4)(26,10)(29,10)(29,19)(35,19)
In Polygon:
(73,97)(66,97)(66,85)(74,85)(74,88)(80,88)(80,92)(73,92)
Out Polygon:
(35,0)(35,7)(40,7)(40,14)(44,14)(44,8)(47,8)(47,0)
In Polygon:
(208,196)(208,181)(204,181)(204,188)(198,188)(198,196)
Out Polygon:
(47,0)(47,15)(51,15)(51,8)(57,8)(57,0)
In Polygon:
(22,146)(34,146)(34,141)(27,141)(27,133)(22,133)
Out Polygon:
(57,0)(57,12)(62,12)(62,5)(70,5)(70,0)
In Polygon:
(159,156)(159,163)(157,163)(157,168)(154,168)(154,149)(157,149)(157,156)
Out Polygon:
(73,0)(70,0)(70,5)(68,5)(68,12)(70,12)(70,19)(73,19)
In Polygon:
(43,155)(22,155)(22,154)(32,154)(32,149)(43,149)
Out Polygon:
(68,5)(62,5)(62,16)(67,16)(67,26)(68,26)
In Polygon:
(52,108)(47,108)(47,105)(44,105)(44,101)(59,101)(59,105)(52,105)
Out Polygon:
(36,22)(40,22)(40,19)(43,19)(43,14)(40,14)(40,7)(36,7)
In Polygon:
(51,133)(44,133)(44,134)(51,134)
Out Polygon:
(35,7)(35,14)(36,14)(36,7)
In Polygon:
(3,188)(3,181)(0,181)(0,188)
Out Polygon:
(44,8)(44,15)(47,15)(47,8)
In Polygon:
(198,101)(198,114)(199,114)(199,107)(204,107)(204,101)
Out Polygon:
(51,8)(51,21)(52,21)(52,14)(57,14)(57,8)
In Polygon:
(138,181)(138,193)(137,193)(137,185)(132,185)(132,181)
Out Polygon:
(21,9)(15,9)(15,13)(20,13)(20,21)(21,21)
In Polygon:
(110,143)(110,133)(114,133)(114,143)
Out Polygon:
(11,10)(11,20)(15,20)(15,10)
In Polygon:
(88,180)(88,165)(89,165)(89,174)(95,174)(95,180)
Out Polygon:
(28,25)(35,25)(35,19)(29,19)(29,10)(28,10)
In Polygon:
(66,133)(72,133)(72,135)(66,135)
Out Polygon:
(26,10)(26,16)(28,16)(28,10)
In Polygon:
(110,108)(110,101)(117,101)(117,118)(114,118)(114,108)
Out Polygon:
(7,12)(0,12)(0,19)(4,19)(4,29)(7,29)
In Polygon:
(44,186)(44,181)(48,181)(48,186)
Out Polygon:
(57,12)(57,16)(62,16)(62,12)
In Polygon:
(2,85)(2,90)(0,90)(0,85)
Out Polygon:
(68,12)(68,17)(70,17)(70,12)
In Polygon:
(165,192)(165,181)(162,181)(162,188)(154,188)(154,192)
Out Polygon:
(18,24)(18,13)(15,13)(15,20)(7,20)(7,24)
In Polygon:
(69,165)(66,165)(66,172)(80,172)(80,170)(69,170)
Out Polygon:
(20,27)(20,13)(18,13)(18,24)(13,24)(13,27)
In Polygon:
(140,117)(132,117)(132,122)(140,122)
Out Polygon:
(21,13)(21,21)(26,21)(26,13)
In Polygon:
(179,198)(176,198)(176,197)(179,197)
Out Polygon:
(35,14)(35,17)(36,17)(36,14)
In Polygon:
(8,138)(8,145)(0,145)(0,140)(2,140)(2,133)(4,133)(4,138)
Out Polygon:
(52,22)(59,22)(59,18)(64,18)(64,16)(57,16)(57,14)(52,14)
In Polygon:
(30,88)(30,85)(22,85)(22,101)(26,101)(26,88)
Out Polygon:
(43,15)(43,31)(47,31)(47,18)(51,18)(51,15)
In Polygon:
(44,165)(54,165)(54,168)(44,168)
Out Polygon:
(64,16)(64,26)(67,26)(67,16)
In Polygon:
(66,181)(66,194)(67,194)(67,186)(73,186)(73,181)
Out Polygon:
(36,30)(36,17)(35,17)(35,25)(29,25)(29,30)
In Polygon:
(176,194)(176,181)(180,181)(180,194)
Out Polygon:
(47,18)(47,31)(51,31)(51,18)
In Polygon:
(132,85)(132,90)(140,90)(140,85)
Out Polygon:
(59,18)(59,26)(64,26)(64,18)
In Polygon:
(208,121)(198,121)(198,117)(208,117)
Out Polygon:
(0,19)(0,29)(4,29)(4,19)
In Polygon:
(25,218)(22,218)(22,213)(25,213)
Out Polygon:
(40,19)(40,24)(43,24)(43,19)
In Polygon:
(71,204)(71,197)(66,197)(66,204)
Out Polygon:
(68,19)(68,26)(73,26)(73,19)
In Polygon:
(30,106)(30,113)(22,113)(22,104)(24,104)(24,101)(26,101)(26,106)
Out Polygon:
(20,21)(20,28)(24,28)(24,33)(26,33)(26,30)(28,30)(28,21)
In Polygon:
(8,203)(8,197)(0,197)(0,211)(3,211)(3,203)
Out Polygon:
(39,36)(39,22)(36,22)(36,30)(31,30)(31,36)
In Polygon:
(33,180)(33,165)(30,165)(30,174)(22,174)(22,180)
Out Polygon:
(54,37)(54,22)(51,22)(51,31)(43,31)(43,37)
In Polygon:
(132,201)(137,201)(137,197)(132,197)
Out Polygon:
(54,22)(54,26)(59,26)(59,22)
In Polygon:
(138,172)(132,172)(132,165)(144,165)(144,167)(138,167)
Out Polygon:
(13,31)(13,24)(7,24)(7,29)(1,29)(1,31)
In Polygon:
(4,117)(0,117)(0,124)(16,124)(16,120)(4,120)
Out Polygon:
(43,40)(43,24)(39,24)(39,36)(36,36)(36,40)
In Polygon:
(54,154)(54,149)(44,149)(44,164)(48,164)(48,154)
Out Polygon:
(54,26)(54,41)(58,41)(58,31)(64,31)(64,26)
In Polygon:
(98,188)(104,188)(104,181)(88,181)(88,183)(98,183)
Out Polygon:
(64,26)(64,42)(66,42)(66,32)(71,32)(71,26)
In Polygon:
(44,95)(44,98)(51,98)(51,85)(49,85)(49,95)
Out Polygon:
(13,27)(13,40)(15,40)(15,30)(20,30)(20,27)
In Polygon:
(198,139)(198,143)(199,143)(199,148)(203,148)(203,133)(199,133)(199,139)
Out Polygon:
(20,43)(24,43)(24,37)(25,37)(25,33)(24,33)(24,28)(20,28)
In Polygon:
(164,105)(154,105)(154,101)(164,101)
Out Polygon:
(15,30)(15,40)(19,40)(19,30)
In Polygon:
(3,101)(3,106)(0,106)(0,101)
Out Polygon:
(26,30)(26,33)(31,33)(31,30)
In Polygon:
(145,114)(132,114)(132,111)(140,111)(140,101)(145,101)
Out Polygon:
(0,31)(0,44)(5,44)(5,34)(13,34)(13,31)
In Polygon:
(202,171)(202,165)(198,165)(198,171)
Out Polygon:
(58,31)(58,35)(64,35)(64,31)
In Polygon:
(183,109)(183,114)(176,114)(176,101)(178,101)(178,109)
Out Polygon:
(73,32)(66,32)(66,37)(71,37)(71,45)(73,45)
In Polygon:
(26,123)(26,117)(22,117)(22,123)
Out Polygon:
(25,33)(25,37)(31,37)(31,33)
In Polygon:
(110,201)(110,197)(118,197)(118,212)(116,212)(116,201)
Out Polygon:
(13,34)(5,34)(5,38)(11,38)(11,49)(13,49)
In Polygon:
(74,155)(66,155)(66,149)(74,149)
Out Polygon:
(58,35)(58,43)(64,43)(64,35)
In Polygon:
(203,85)(198,85)(198,89)(203,89)
Out Polygon:
(31,36)(31,40)(36,40)(36,36)
In Polygon:
(76,220)(66,220)(66,219)(73,219)(73,213)(76,213)
Out Polygon:
(31,37)(24,37)(24,40)(30,40)(30,47)(31,47)
In Polygon:
(200,197)(198,197)(198,212)(209,212)(209,207)(200,207)
Out Polygon:
(54,37)(43,37)(43,42)(52,42)(52,52)(54,52)
In Polygon:
(22,181)(22,186)(27,186)(27,181)
Out Polygon:
(66,37)(66,42)(71,42)(71,37)
In Polygon:
(88,206)(88,197)(93,197)(93,206)
Out Polygon:
(6,38)(6,47)(11,47)(11,38)
In Polygon:
(110,149)(110,158)(117,158)(117,149)
Out Polygon:
(13,40)(13,49)(20,49)(20,40)
In Polygon:
(88,92)(88,85)(93,85)(93,92)
Out Polygon:
(25,40)(25,47)(30,47)(30,40)
In Polygon:
(70,111)(66,111)(66,101)(80,101)(80,103)(70,103)
Out Polygon:
(41,40)(31,40)(31,44)(39,44)(39,54)(41,54)
In Polygon:
(154,169)(163,169)(163,165)(154,165)
Out Polygon:
(54,41)(54,50)(58,50)(58,41)
In Polygon:
(121,125)(110,125)(110,123)(116,123)(116,117)(121,117)
Out Polygon:
(41,42)(41,50)(46,50)(46,44)(52,44)(52,42)
In Polygon:
(47,204)(47,197)(44,197)(44,204)
Out Polygon:
(64,42)(64,45)(71,45)(71,42)
In Polygon:
(136,138)(136,133)(132,133)(132,138)
Out Polygon:
(20,43)(20,47)(25,47)(25,43)
In Polygon:
(93,124)(93,117)(88,117)(88,124)
Out Polygon:
(58,43)(58,50)(63,50)(63,43)
In Polygon:
(176,85)(181,85)(181,88)(176,88)
Out Polygon:
(1,44)(1,47)(6,47)(6,44)
In Polygon:
(8,152)(8,149)(0,149)(0,162)(3,162)(3,152)
Out Polygon:
(31,44)(31,57)(34,57)(34,47)(39,47)(39,44)
In Polygon:
(154,85)(162,85)(162,88)(154,88)
Out Polygon:
(49,44)(49,52)(52,52)(52,44)
In Polygon:
(97,101)(88,101)(88,104)(97,104)
Out Polygon:
(46,44)(46,53)(49,53)(49,44)
In Polygon:
(0,222)(0,224)(10,224)(10,213)(7,213)(7,222)
Out Polygon:
(63,45)(63,56)(66,56)(66,47)(73,47)(73,45)
In Polygon:
(44,224)(60,224)(60,221)(47,221)(47,213)(44,213)
Out Polygon:
(0,47)(0,63)(3,63)(3,50)(11,50)(11,47)
In Polygon:
(22,197)(32,197)(32,208)(22,208)
Out Polygon:
(20,47)(20,57)(31,57)(31,47)
In Polygon:
(198,153)(198,149)(202,149)(202,153)
Out Polygon:
(34,47)(34,51)(38,51)(38,47)
In Polygon:
(66,117)(75,117)(75,124)(66,124)
Out Polygon:
(66,47)(66,56)(73,56)(73,47)
In Polygon:
(176,174)(176,165)(184,165)(184,174)
Out Polygon:
(11,49)(11,57)(20,57)(20,49)
In Polygon:
(167,139)(167,133)(154,133)(154,149)(160,149)(160,139)
Out Polygon:
(5,63)(21,63)(21,57)(11,57)(11,50)(5,50)
In Polygon:
(188,126)(176,126)(176,117)(188,117)
Out Polygon:
(54,50)(54,62)(63,62)(63,50)
In Polygon:
(9,165)(0,165)(0,177)(9,177)
Out Polygon:
(42,53)(42,62)(54,62)(54,53)
In Polygon:
(52,125)(44,125)(44,117)(52,117)
Out Polygon:
(34,54)(34,62)(42,62)(42,54)
In Polygon:
(88,149)(98,149)(98,156)(88,156)
Out Polygon:
(63,56)(63,63)(73,63)(73,56)
In Polygon:
(154,208)(168,208)(168,197)(154,197)
Out Polygon:
(21,57)(21,71)(32,71)(32,57)
In Polygon:
(110,165)(110,176)(119,176)(119,165)
Out Polygon:
(32,62)(32,71)(43,71)(43,62)
In Polygon:
(132,158)(141,158)(141,149)(132,149)
Out Polygon:
(43,62)(43,71)(52,71)(52,62)
In Polygon:
(97,142)(88,142)(88,133)(97,133)
Out Polygon:
(52,62)(52,71)(61,71)(61,62)
In Polygon:
(162,126)(162,117)(154,117)(154,126)
Out Polygon:
(12,63)(12,71)(21,71)(21,63)
In Polygon:
(97,213)(97,221)(88,221)(88,213)
Out Polygon:
(3,63)(3,71)(12,71)(12,63)
In Polygon:
(121,188)(110,188)(110,181)(121,181)
Out Polygon:
(62,63)(62,70)(73,70)(73,63)
