In Polygon:
(320,365)(320,399)(326,399)(326,378)(340,378)(340,365)
Out Polygon:
(0,0)(0,34)(6,34)(6,13)(20,13)(20,0)
In Polygon:
(172,290)(160,290)(160,275)(195,275)(195,282)(172,282)
Out Polygon:
(20,0)(20,15)(32,15)(32,7)(55,7)(55,0)
In Polygon:
(80,469)(80,455)(95,455)(95,493)(90,493)(90,469)
Out Polygon:
(55,0)(55,15)(69,15)(69,5)(93,5)(93,0)
In Polygon:
(301,405)(301,395)(280,395)(280,422)(287,422)(287,405)
Out Polygon:
(93,0)(93,27)(100,27)(100,10)(114,10)(114,0)
In Polygon:
(400,515)(400,540)(407,540)(407,524)(424,524)(424,515)
Out Polygon:
(114,0)(114,25)(121,25)(121,9)(138,9)(138,0)
In Polygon:
(400,191)(400,185)(429,185)(429,205)(419,205)(419,191)
Out Polygon:
(138,0)(138,29)(144,29)(144,10)(158,10)(158,0)
In Polygon:
(485,478)(498,478)(498,455)(485,455)(485,462)(480,462)(480,467)(485,467)
Out Polygon:
(69,5)(69,18)(76,18)(76,23)(81,23)(81,18)(92,18)(92,5)
In Polygon:
(132,386)(137,386)(137,377)(143,377)(143,365)(120,365)(120,377)(132,377)
Out Polygon:
(32,7)(32,19)(44,19)(44,28)(49,28)(49,19)(55,19)(55,7)
In Polygon:
(120,253)(120,245)(137,245)(137,284)(133,284)(133,253)
Out Polygon:
(138,9)(121,9)(121,17)(134,17)(134,48)(138,48)
In Polygon:
(0,387)(0,376)(3,376)(3,365)(9,365)(9,402)(3,402)(3,387)
Out Polygon:
(108,47)(114,47)(114,36)(117,36)(117,25)(114,25)(114,10)(108,10)
In Polygon:
(120,305)(120,322)(128,322)(128,305)
Out Polygon:
(100,10)(100,27)(108,27)(108,10)
In Polygon:
(14,308)(14,275)(11,275)(11,295)(0,295)(0,308)
Out Polygon:
(144,10)(144,43)(147,43)(147,23)(158,23)(158,10)
In Polygon:
(200,425)(200,458)(202,458)(202,439)(214,439)(214,425)
Out Polygon:
(6,13)(6,46)(8,46)(8,27)(20,27)(20,13)
In Polygon:
(90,362)(80,362)(80,335)(90,335)(90,343)(97,343)(97,350)(90,350)
Out Polygon:
(30,15)(20,15)(20,27)(13,27)(13,34)(20,34)(20,42)(30,42)
In Polygon:
(49,277)(40,277)(40,275)(49,275)
Out Polygon:
(30,15)(30,24)(32,24)(32,15)
In Polygon:
(474,245)(440,245)(440,247)(463,247)(463,259)(474,259)
Out Polygon:
(55,15)(55,49)(57,49)(57,26)(69,26)(69,15)
In Polygon:
(400,215)(435,215)(435,216)(414,216)(414,225)(400,225)
Out Polygon:
(131,17)(121,17)(121,31)(130,31)(130,52)(131,52)
In Polygon:
(288,308)(280,308)(280,305)(288,305)
Out Polygon:
(131,17)(131,25)(134,25)(134,17)
In Polygon:
(440,493)(440,485)(447,485)(447,493)
Out Polygon:
(69,18)(69,26)(76,26)(76,18)
In Polygon:
(455,350)(463,350)(463,335)(440,335)(440,341)(455,341)
Out Polygon:
(85,33)(108,33)(108,27)(93,27)(93,18)(85,18)
In Polygon:
(169,441)(160,441)(160,425)(184,425)(184,429)(169,429)
Out Polygon:
(81,42)(97,42)(97,33)(85,33)(85,18)(81,18)
In Polygon:
(480,369)(480,375)(497,375)(497,369)(492,369)(492,365)(489,365)(489,369)
Out Polygon:
(38,36)(44,36)(44,31)(48,31)(48,28)(44,28)(44,19)(38,19)
In Polygon:
(485,335)(485,341)(480,341)(480,335)
Out Polygon:
(32,19)(32,24)(38,24)(38,19)
In Polygon:
(440,209)(446,209)(446,185)(440,185)
Out Polygon:
(49,19)(49,43)(55,43)(55,19)
In Polygon:
(16,363)(20,363)(20,335)(0,335)(0,344)(16,344)
Out Polygon:
(77,51)(97,51)(97,42)(81,42)(81,23)(77,23)
In Polygon:
(240,545)(240,565)(242,565)(242,550)(252,550)(252,545)
Out Polygon:
(147,23)(147,43)(149,43)(149,28)(159,28)(159,23)
In Polygon:
(328,305)(328,317)(320,317)(320,305)
Out Polygon:
(30,24)(30,36)(38,36)(38,24)
In Polygon:
(484,406)(480,406)(480,395)(484,395)
Out Polygon:
(117,25)(117,36)(121,36)(121,25)
In Polygon:
(0,185)(0,193)(3,193)(3,185)
Out Polygon:
(131,25)(131,33)(134,33)(134,25)
In Polygon:
(265,275)(240,275)(240,281)(256,281)(256,295)(265,295)
Out Polygon:
(57,26)(57,51)(63,51)(63,35)(77,35)(77,26)
In Polygon:
(127,527)(127,522)(125,522)(125,515)(120,515)(120,537)(125,537)(125,527)
Out Polygon:
(8,49)(13,49)(13,39)(15,39)(15,34)(13,34)(13,27)(8,27)
In Polygon:
(320,504)(320,485)(321,485)(321,499)(330,499)(330,504)
Out Polygon:
(159,28)(149,28)(149,33)(158,33)(158,47)(159,47)
In Polygon:
(80,245)(80,259)(86,259)(86,245)
Out Polygon:
(138,29)(138,43)(144,43)(144,29)
In Polygon:
(43,380)(48,380)(48,365)(43,365)(43,370)(40,370)(40,372)(43,372)
Out Polygon:
(49,31)(44,31)(44,36)(41,36)(41,38)(44,38)(44,46)(49,46)
In Polygon:
(0,308)(0,315)(14,315)(14,308)(9,308)(9,305)(8,305)(8,308)
Out Polygon:
(128,31)(121,31)(121,36)(118,36)(118,37)(121,37)(121,45)(128,45)
In Polygon:
(360,342)(360,335)(362,335)(362,342)
Out Polygon:
(128,31)(128,38)(130,38)(130,31)
In Polygon:
(66,485)(40,485)(40,490)(58,490)(58,504)(66,504)
Out Polygon:
(102,59)(102,33)(97,33)(97,51)(83,51)(83,59)
In Polygon:
(80,215)(80,221)(92,221)(92,215)
Out Polygon:
(102,33)(102,45)(108,45)(108,33)
In Polygon:
(280,221)(280,215)(283,215)(283,221)
Out Polygon:
(131,33)(131,39)(134,39)(134,33)
In Polygon:
(63,519)(63,525)(40,525)(40,519)(47,519)(47,515)(53,515)(53,519)
Out Polygon:
(155,33)(149,33)(149,43)(145,43)(145,49)(149,49)(149,56)(155,56)
In Polygon:
(480,245)(480,251)(483,251)(483,245)
Out Polygon:
(155,33)(155,39)(158,39)(158,33)
In Polygon:
(80,527)(85,527)(85,515)(80,515)
Out Polygon:
(1,34)(1,46)(6,46)(6,34)
In Polygon:
(160,335)(160,340)(165,340)(165,335)
Out Polygon:
(15,34)(15,39)(20,39)(20,34)
In Polygon:
(494,287)(494,295)(480,295)(480,275)(487,275)(487,287)
Out Polygon:
(77,35)(63,35)(63,43)(70,43)(70,55)(77,55)
In Polygon:
(420,344)(420,335)(400,335)(400,344)(406,344)(406,351)(410,351)(410,344)
Out Polygon:
(39,36)(30,36)(30,42)(23,42)(23,46)(30,46)(30,56)(39,56)
In Polygon:
(7,215)(0,215)(0,217)(7,217)
Out Polygon:
(39,36)(39,43)(41,43)(41,36)
In Polygon:
(324,515)(324,528)(320,528)(320,515)
Out Polygon:
(114,36)(114,49)(118,49)(118,36)
In Polygon:
(40,215)(40,221)(43,221)(43,215)
Out Polygon:
(118,37)(118,43)(121,43)(121,37)
In Polygon:
(120,189)(120,185)(123,185)(123,189)
Out Polygon:
(41,38)(41,42)(44,42)(44,38)
In Polygon:
(447,305)(447,315)(440,315)(440,305)
Out Polygon:
(13,39)(13,49)(20,49)(20,39)
In Polygon:
(80,315)(80,311)(81,311)(81,305)(84,305)(84,324)(81,324)(81,315)
Out Polygon:
(131,58)(134,58)(134,52)(135,52)(135,48)(134,48)(134,39)(131,39)
In Polygon:
(93,485)(80,485)(80,489)(93,489)
Out Polygon:
(39,43)(39,56)(43,56)(43,43)
In Polygon:
(246,335)(246,341)(240,341)(240,335)
Out Polygon:
(49,43)(49,49)(55,49)(55,43)
In Polygon:
(167,515)(167,527)(160,527)(160,515)
Out Polygon:
(63,43)(63,55)(70,55)(70,43)
In Polygon:
(89,185)(86,185)(86,189)(80,189)(80,194)(98,194)(98,189)(89,189)
Out Polygon:
(140,61)(145,61)(145,52)(149,52)(149,49)(145,49)(145,43)(140,43)
In Polygon:
(360,520)(360,515)(379,515)(379,535)(374,535)(374,520)
Out Polygon:
(107,64)(107,45)(102,45)(102,59)(87,59)(87,64)
In Polygon:
(40,263)(40,245)(41,245)(41,259)(51,259)(51,263)
Out Polygon:
(129,45)(118,45)(118,49)(128,49)(128,63)(129,63)
In Polygon:
(440,433)(455,433)(455,425)(440,425)
Out Polygon:
(0,46)(0,61)(8,61)(8,46)
In Polygon:
(377,493)(377,485)(360,485)(360,506)(367,506)(367,493)
Out Polygon:
(22,63)(43,63)(43,56)(30,56)(30,46)(22,46)
In Polygon:
(204,215)(200,215)(200,232)(221,232)(221,229)(204,229)
Out Polygon:
(46,67)(46,46)(43,46)(43,63)(29,63)(29,67)
In Polygon:
(105,365)(105,387)(97,387)(97,372)(80,372)(80,365)
Out Polygon:
(114,72)(114,47)(107,47)(107,64)(92,64)(92,72)
In Polygon:
(490,309)(490,305)(480,305)(480,309)
Out Polygon:
(155,47)(155,57)(159,57)(159,47)
In Polygon:
(200,515)(205,515)(205,525)(200,525)
Out Polygon:
(135,48)(135,58)(140,58)(140,48)
In Polygon:
(480,193)(480,185)(494,185)(494,209)(489,209)(489,193)
Out Polygon:
(22,49)(8,49)(8,57)(17,57)(17,73)(22,73)
In Polygon:
(297,425)(300,425)(300,449)(280,449)(280,443)(297,443)
Out Polygon:
(49,73)(49,49)(46,49)(46,67)(29,67)(29,73)
In Polygon:
(0,440)(0,425)(8,425)(8,440)
Out Polygon:
(49,49)(49,64)(57,64)(57,49)
In Polygon:
(240,234)(254,234)(254,229)(243,229)(243,215)(240,215)
Out Polygon:
(128,49)(114,49)(114,54)(125,54)(125,68)(128,68)
In Polygon:
(366,459)(366,455)(360,455)(360,459)
Out Polygon:
(57,51)(57,55)(63,55)(63,51)
In Polygon:
(160,191)(160,185)(168,185)(168,191)
Out Polygon:
(77,51)(77,59)(83,59)(83,51)
In Polygon:
(400,293)(400,295)(426,295)(426,275)(422,275)(422,293)
Out Polygon:
(118,74)(118,54)(114,54)(114,72)(92,72)(92,74)
In Polygon:
(327,289)(320,289)(320,275)(327,275)
Out Polygon:
(118,54)(118,68)(125,68)(125,54)
In Polygon:
(211,275)(206,275)(206,285)(200,285)(200,295)(220,295)(220,283)(211,283)
Out Polygon:
(69,55)(57,55)(57,64)(49,64)(49,69)(59,69)(59,75)(69,75)
In Polygon:
(413,253)(400,253)(400,245)(413,245)
Out Polygon:
(69,55)(69,68)(77,68)(77,55)
In Polygon:
(80,399)(80,409)(95,409)(95,399)(90,399)(90,395)(87,395)(87,399)
Out Polygon:
(155,56)(145,56)(145,61)(141,61)(141,64)(145,64)(145,71)(155,71)
In Polygon:
(409,455)(409,480)(400,480)(400,455)
Out Polygon:
(8,57)(8,82)(17,82)(17,57)
In Polygon:
(215,335)(200,335)(200,336)(212,336)(212,345)(215,345)
Out Polygon:
(130,58)(130,73)(131,73)(131,61)(140,61)(140,58)
In Polygon:
(86,275)(95,275)(95,291)(86,291)(86,286)(80,286)(80,284)(86,284)
Out Polygon:
(86,59)(77,59)(77,68)(71,68)(71,70)(77,70)(77,75)(86,75)
In Polygon:
(172,545)(160,545)(160,553)(172,553)
Out Polygon:
(0,61)(0,73)(8,73)(8,61)
In Polygon:
(450,383)(440,383)(440,365)(450,365)
Out Polygon:
(131,61)(131,79)(141,79)(141,61)
In Polygon:
(120,556)(133,556)(133,555)(122,555)(122,545)(120,545)
Out Polygon:
(27,74)(40,74)(40,73)(29,73)(29,63)(27,63)
In Polygon:
(280,379)(280,365)(283,365)(283,376)(295,376)(295,379)
Out Polygon:
(24,77)(39,77)(39,74)(27,74)(27,63)(24,63)
In Polygon:
(200,466)(213,466)(213,465)(202,465)(202,455)(200,455)
Out Polygon:
(90,75)(103,75)(103,74)(92,74)(92,64)(90,64)
In Polygon:
(453,529)(440,529)(440,527)(451,527)(451,515)(453,515)
Out Polygon:
(88,77)(102,77)(102,75)(90,75)(90,64)(88,64)
In Polygon:
(120,411)(120,395)(122,395)(122,408)(134,408)(134,411)
Out Polygon:
(86,80)(100,80)(100,77)(88,77)(88,64)(86,64)
In Polygon:
(372,286)(360,286)(360,275)(372,275)
Out Polygon:
(118,68)(118,79)(130,79)(130,68)
In Polygon:
(80,435)(80,425)(89,425)(89,435)
Out Polygon:
(49,69)(49,78)(59,78)(59,69)
In Polygon:
(368,260)(360,260)(360,245)(368,245)(368,250)(375,250)(375,252)(368,252)
Out Polygon:
(69,85)(77,85)(77,77)(84,77)(84,75)(77,75)(77,70)(69,70)
In Polygon:
(258,449)(258,461)(240,461)(240,425)(242,425)(242,449)
Out Polygon:
(159,71)(141,71)(141,83)(157,83)(157,107)(159,107)
In Polygon:
(120,223)(120,215)(129,215)(129,223)
Out Polygon:
(0,73)(0,82)(8,82)(8,73)
In Polygon:
(120,282)(136,282)(136,275)(120,275)
Out Polygon:
(17,73)(17,89)(24,89)(24,73)
In Polygon:
(451,284)(440,284)(440,275)(451,275)
Out Polygon:
(40,73)(40,84)(49,84)(49,73)
In Polygon:
(320,254)(320,245)(335,245)(335,269)(328,269)(328,254)
Out Polygon:
(118,74)(103,74)(103,83)(111,83)(111,98)(118,98)
In Polygon:
(170,215)(170,225)(160,225)(160,215)
Out Polygon:
(59,75)(59,85)(69,85)(69,75)
In Polygon:
(440,403)(440,395)(456,395)(456,419)(449,419)(449,403)
Out Polygon:
(40,77)(24,77)(24,85)(33,85)(33,101)(40,101)
In Polygon:
(440,215)(440,223)(449,223)(449,215)
Out Polygon:
(77,77)(77,85)(86,85)(86,77)
In Polygon:
(367,185)(360,185)(360,195)(367,195)
Out Polygon:
(49,78)(49,85)(59,85)(59,78)
In Polygon:
(240,496)(240,500)(245,500)(245,506)(258,506)(258,485)(245,485)(245,496)
Out Polygon:
(118,79)(118,92)(129,92)(129,97)(133,97)(133,92)(139,92)(139,79)
In Polygon:
(44,305)(40,305)(40,322)(60,322)(60,313)(44,313)
Out Polygon:
(86,80)(86,100)(95,100)(95,84)(103,84)(103,80)
In Polygon:
(453,470)(461,470)(461,455)(440,455)(440,462)(453,462)
Out Polygon:
(0,82)(0,103)(7,103)(7,90)(15,90)(15,82)
In Polygon:
(240,365)(240,376)(248,376)(248,365)
Out Polygon:
(103,83)(103,94)(111,94)(111,83)
In Polygon:
(12,533)(20,533)(20,515)(0,515)(0,521)(12,521)
Out Polygon:
(139,83)(139,103)(145,103)(145,91)(157,91)(157,83)
In Polygon:
(400,485)(400,499)(409,499)(409,485)
Out Polygon:
(40,84)(40,98)(49,98)(49,84)
In Polygon:
(160,256)(168,256)(168,245)(160,245)
Out Polygon:
(95,84)(95,95)(103,95)(103,84)
In Polygon:
(212,254)(200,254)(200,245)(212,245)
Out Polygon:
(24,85)(24,97)(33,97)(33,85)
In Polygon:
(265,403)(265,395)(240,395)(240,416)(246,416)(246,403)
Out Polygon:
(49,85)(49,106)(55,106)(55,93)(74,93)(74,85)
In Polygon:
(400,365)(400,377)(412,377)(412,365)
Out Polygon:
(74,85)(74,97)(86,97)(86,85)
In Polygon:
(40,545)(40,556)(49,556)(49,545)
Out Polygon:
(15,89)(15,100)(24,100)(24,89)
In Polygon:
(327,438)(327,425)(320,425)(320,438)
Out Polygon:
(7,90)(7,103)(14,103)(14,90)
In Polygon:
(400,437)(411,437)(411,425)(400,425)
Out Polygon:
(145,91)(145,103)(156,103)(156,91)
In Polygon:
(331,341)(331,335)(320,335)(320,341)
Out Polygon:
(118,92)(118,98)(129,98)(129,92)
In Polygon:
(218,305)(200,305)(200,307)(213,307)(213,318)(218,318)
Out Polygon:
(134,105)(152,105)(152,103)(139,103)(139,92)(134,92)
In Polygon:
(206,204)(200,204)(200,185)(226,185)(226,192)(206,192)
Out Polygon:
(74,93)(55,93)(55,99)(67,99)(67,119)(74,119)
In Polygon:
(320,185)(328,185)(328,196)(320,196)
Out Polygon:
(103,94)(103,105)(111,105)(111,94)
In Polygon:
(287,545)(280,545)(280,555)(287,555)
Out Polygon:
(96,95)(96,105)(103,105)(103,95)
In Polygon:
(11,395)(11,404)(0,404)(0,395)
Out Polygon:
(24,97)(24,108)(33,108)(33,97)
In Polygon:
(371,395)(360,395)(360,413)(371,413)
Out Polygon:
(74,97)(74,115)(85,115)(85,97)
In Polygon:
(170,455)(160,455)(160,464)(170,464)
Out Polygon:
(40,98)(40,108)(49,108)(49,98)
In Polygon:
(51,455)(56,455)(56,459)(63,459)(63,470)(40,470)(40,459)(51,459)
Out Polygon:
(111,98)(111,109)(118,109)(118,113)(123,113)(123,109)(134,109)(134,98)
In Polygon:
(40,185)(40,196)(47,196)(47,185)
Out Polygon:
(55,99)(55,106)(66,106)(66,99)
In Polygon:
(200,485)(200,499)(210,499)(210,485)
Out Polygon:
(14,100)(14,114)(24,114)(24,100)
In Polygon:
(124,425)(120,425)(120,440)(139,440)(139,434)(124,434)
Out Polygon:
(91,119)(91,100)(85,100)(85,115)(76,115)(76,119)
In Polygon:
(88,545)(80,545)(80,552)(88,552)
Out Polygon:
(33,101)(33,109)(40,109)(40,101)
In Polygon:
(160,365)(160,385)(162,385)(162,370)(174,370)(174,365)
Out Polygon:
(0,103)(0,123)(2,123)(2,108)(14,108)(14,103)
In Polygon:
(240,245)(261,245)(261,250)(246,250)(246,264)(240,264)
Out Polygon:
(97,124)(97,105)(91,105)(91,119)(76,119)(76,124)
In Polygon:
(480,485)(499,485)(499,499)(480,499)
Out Polygon:
(97,105)(97,124)(111,124)(111,105)
In Polygon:
(303,503)(303,485)(296,485)(296,498)(280,498)(280,503)
Out Polygon:
(134,105)(134,123)(141,123)(141,110)(157,110)(157,105)
In Polygon:
(16,567)(16,545)(12,545)(12,561)(0,561)(0,567)
Out Polygon:
(49,106)(49,128)(53,128)(53,112)(65,112)(65,106)
In Polygon:
(200,551)(200,545)(211,545)(211,551)
Out Polygon:
(3,108)(3,114)(14,114)(14,108)
In Polygon:
(280,524)(289,524)(289,515)(280,515)
Out Polygon:
(24,108)(24,117)(33,117)(33,108)
In Polygon:
(280,245)(288,245)(288,253)(280,253)
Out Polygon:
(41,108)(41,116)(49,116)(49,108)
In Polygon:
(400,395)(407,395)(407,401)(400,401)
Out Polygon:
(35,109)(35,116)(41,116)(41,109)
In Polygon:
(40,395)(51,395)(51,409)(40,409)
Out Polygon:
(123,109)(123,123)(134,123)(134,109)
In Polygon:
(160,305)(181,305)(181,309)(166,309)(166,321)(160,321)
Out Polygon:
(157,110)(141,110)(141,116)(153,116)(153,131)(157,131)
In Polygon:
(56,425)(40,425)(40,439)(56,439)
Out Polygon:
(53,112)(53,128)(67,128)(67,112)
In Polygon:
(283,473)(280,473)(280,455)(300,455)(300,462)(283,462)
Out Polygon:
(114,131)(114,113)(111,113)(111,124)(94,124)(94,131)
In Polygon:
(338,232)(340,232)(340,215)(320,215)(320,220)(338,220)
Out Polygon:
(119,133)(119,113)(114,113)(114,131)(102,131)(102,133)
In Polygon:
(377,431)(377,425)(360,425)(360,445)(362,445)(362,431)
Out Polygon:
(2,114)(2,134)(4,134)(4,120)(19,120)(19,114)
In Polygon:
(336,551)(336,545)(320,545)(320,565)(322,565)(322,551)
Out Polygon:
(33,116)(33,136)(35,136)(35,122)(49,122)(49,116)
In Polygon:
(360,226)(370,226)(370,215)(360,215)
Out Polygon:
(143,116)(143,127)(153,127)(153,116)
In Polygon:
(379,379)(360,379)(360,365)(379,365)
Out Polygon:
(19,117)(19,136)(33,136)(33,117)
In Polygon:
(400,305)(400,321)(415,321)(415,305)
Out Polygon:
(4,120)(4,136)(19,136)(19,120)
In Polygon:
(502,439)(480,439)(480,425)(502,425)
Out Polygon:
(35,122)(35,144)(49,144)(49,122)
In Polygon:
(360,305)(379,305)(379,308)(365,308)(365,321)(360,321)
Out Polygon:
(119,123)(119,139)(124,139)(124,126)(138,126)(138,123)
In Polygon:
(307,205)(280,205)(280,185)(307,185)
Out Polygon:
(67,124)(67,144)(94,144)(94,124)
In Polygon:
(200,365)(200,388)(219,388)(219,365)
Out Polygon:
(124,126)(124,149)(143,149)(143,126)
In Polygon:
(480,533)(480,515)(502,515)(502,533)
Out Polygon:
(49,128)(49,150)(67,150)(67,128)
In Polygon:
(296,275)(296,301)(280,301)(280,275)
Out Polygon:
(143,131)(143,157)(159,157)(159,131)
In Polygon:
(120,455)(120,480)(133,480)(133,455)
Out Polygon:
(94,133)(94,146)(119,146)(119,133)
In Polygon:
(20,245)(0,245)(0,267)(20,267)
Out Polygon:
(0,136)(0,158)(20,158)(20,136)
In Polygon:
(240,320)(263,320)(263,305)(240,305)
Out Polygon:
(20,136)(20,159)(35,159)(35,136)
In Polygon:
(480,232)(480,215)(494,215)(494,232)
Out Polygon:
(35,144)(35,161)(49,161)(49,144)
In Polygon:
(120,335)(120,355)(140,355)(140,335)
Out Polygon:
(67,144)(67,164)(87,164)(87,144)
In Polygon:
(200,395)(200,413)(219,413)(219,395)
Out Polygon:
(87,146)(87,164)(106,164)(106,146)
In Polygon:
(298,335)(298,352)(280,352)(280,335)
Out Polygon:
(106,146)(106,164)(123,164)(123,146)
In Polygon:
(17,505)(17,485)(0,485)(0,505)
Out Polygon:
(123,149)(123,166)(143,166)(143,149)
In Polygon:
(58,350)(58,335)(40,335)(40,350)
Out Polygon:
(49,150)(49,165)(67,165)(67,150)
In Polygon:
(320,395)(336,395)(336,416)(320,416)
Out Polygon:
(143,157)(143,178)(159,178)(159,157)
In Polygon:
(337,477)(337,455)(320,455)(320,477)
Out Polygon:
(0,158)(0,180)(17,180)(17,158)
In Polygon:
(240,185)(261,185)(261,198)(240,198)
Out Polygon:
(17,159)(17,180)(30,180)(30,159)
In Polygon:
(136,504)(120,504)(120,485)(136,485)
Out Polygon:
(30,161)(30,180)(46,180)(46,161)
In Polygon:
(160,410)(184,410)(184,395)(160,395)
Out Polygon:
(99,164)(99,179)(123,179)(123,164)
In Polygon:
(259,455)(240,455)(240,470)(259,470)
Out Polygon:
(80,164)(80,179)(99,179)(99,164)
In Polygon:
(0,472)(0,455)(13,455)(13,472)
Out Polygon:
(67,164)(67,181)(80,181)(80,164)
In Polygon:
(160,485)(160,501)(176,501)(176,485)
Out Polygon:
(51,165)(51,181)(67,181)(67,165)
In Polygon:
(240,515)(253,515)(253,531)(240,531)
Out Polygon:
(123,166)(123,179)(139,179)(139,166)
