In Polygon:
(5,255)(19,255)(19,230)(5,230)(5,238)(0,238)(0,244)(5,244)
Out Polygon:
(0,0)(0,14)(8,14)(8,19)(14,19)(14,14)(25,14)(25,0)
In Polygon:
(119,188)(119,191)(100,191)(100,176)(104,176)(104,188)
Out Polygon:
(25,0)(25,19)(28,19)(28,4)(40,4)(40,0)
In Polygon:
(80,234)(80,230)(101,230)(101,248)(92,248)(92,234)
Out Polygon:
(61,0)(40,0)(40,4)(52,4)(52,18)(61,18)
In Polygon:
(100,95)(100,112)(106,112)(106,99)(121,99)(121,95)
Out Polygon:
(61,0)(61,17)(67,17)(67,4)(82,4)(82,0)
In Polygon:
(120,187)(120,176)(126,176)(126,186)(141,186)(141,187)
Out Polygon:
(82,0)(82,21)(83,21)(83,6)(93,6)(93,0)
In Polygon:
(168,203)(173,203)(173,229)(160,229)(160,220)(168,220)
Out Polygon:
(28,4)(28,30)(33,30)(33,13)(41,13)(41,4)
In Polygon:
(10,158)(10,155)(6,155)(6,149)(0,149)(0,167)(6,167)(6,158)
Out Polygon:
(47,4)(41,4)(41,13)(37,13)(37,16)(41,16)(41,22)(47,22)
In Polygon:
(114,149)(114,153)(100,153)(100,149)
Out Polygon:
(48,4)(48,18)(52,18)(52,4)
In Polygon:
(120,261)(120,257)(121,257)(121,261)
Out Polygon:
(47,4)(47,8)(48,8)(48,4)
In Polygon:
(77,238)(77,245)(60,245)(60,230)(65,230)(65,238)
Out Polygon:
(67,4)(67,21)(74,21)(74,9)(82,9)(82,4)
In Polygon:
(20,176)(20,186)(25,186)(25,177)(40,177)(40,176)
Out Polygon:
(93,6)(83,6)(83,11)(92,11)(92,26)(93,26)
In Polygon:
(172,241)(172,230)(170,230)(170,240)(160,240)(160,241)
Out Polygon:
(47,20)(58,20)(58,18)(48,18)(48,8)(47,8)
In Polygon:
(68,188)(60,188)(60,176)(68,176)
Out Polygon:
(74,9)(74,21)(82,21)(82,9)
In Polygon:
(130,114)(136,114)(136,95)(120,95)(120,103)(130,103)
Out Polygon:
(91,27)(91,11)(83,11)(83,21)(72,21)(72,27)
In Polygon:
(164,176)(160,176)(160,183)(164,183)
Out Polygon:
(33,13)(33,20)(37,20)(37,13)
In Polygon:
(40,237)(40,239)(45,239)(45,244)(52,244)(52,230)(45,230)(45,237)
Out Polygon:
(1,28)(8,28)(8,21)(13,21)(13,19)(8,19)(8,14)(1,14)
In Polygon:
(71,219)(71,203)(70,203)(70,216)(60,216)(60,219)
Out Polygon:
(14,14)(14,30)(15,30)(15,17)(25,17)(25,14)
In Polygon:
(0,182)(0,176)(4,176)(4,182)
Out Polygon:
(37,16)(37,22)(41,22)(41,16)
In Polygon:
(20,230)(30,230)(30,232)(21,232)(21,242)(20,242)
Out Polygon:
(15,17)(15,29)(16,29)(16,19)(25,19)(25,17)
In Polygon:
(20,214)(26,214)(26,203)(20,203)
Out Polygon:
(61,17)(61,28)(67,28)(67,17)
In Polygon:
(23,106)(23,95)(20,95)(20,106)
Out Polygon:
(58,18)(58,29)(61,29)(61,18)
In Polygon:
(111,122)(100,122)(100,123)(110,123)(110,133)(111,133)
Out Polygon:
(28,19)(17,19)(17,20)(27,20)(27,30)(28,30)
In Polygon:
(31,122)(20,122)(20,123)(30,123)(30,132)(31,132)
Out Polygon:
(27,20)(16,20)(16,21)(26,21)(26,30)(27,30)
In Polygon:
(60,257)(64,257)(64,267)(60,267)
Out Polygon:
(33,20)(33,30)(37,30)(37,20)
In Polygon:
(92,131)(92,135)(89,135)(89,141)(80,141)(80,122)(89,122)(89,131)
Out Polygon:
(49,39)(58,39)(58,33)(61,33)(61,29)(58,29)(58,20)(49,20)
In Polygon:
(162,149)(160,149)(160,155)(162,155)
Out Polygon:
(47,20)(47,26)(49,26)(49,20)
In Polygon:
(20,149)(20,155)(27,155)(27,149)
Out Polygon:
(8,21)(8,28)(14,28)(14,21)
In Polygon:
(58,177)(58,182)(40,182)(40,177)(46,177)(46,176)(50,176)(50,177)
Out Polygon:
(21,21)(16,21)(16,29)(15,29)(15,33)(16,33)(16,39)(21,39)
In Polygon:
(54,151)(54,149)(40,149)(40,162)(45,162)(45,151)
Out Polygon:
(24,35)(37,35)(37,30)(26,30)(26,21)(24,21)
In Polygon:
(120,272)(120,257)(114,257)(114,269)(100,269)(100,272)
Out Polygon:
(21,41)(36,41)(36,35)(24,35)(24,21)(21,21)
In Polygon:
(6,100)(0,100)(0,95)(6,95)
Out Polygon:
(67,21)(67,27)(72,27)(72,21)
In Polygon:
(40,294)(40,284)(20,284)(20,294)
Out Polygon:
(37,22)(37,42)(47,42)(47,22)
In Polygon:
(5,259)(5,257)(0,257)(0,259)
Out Polygon:
(47,26)(47,31)(49,31)(49,26)
In Polygon:
(160,99)(160,95)(162,95)(162,99)
Out Polygon:
(91,26)(91,30)(93,30)(93,26)
In Polygon:
(160,279)(176,279)(176,273)(163,273)(163,257)(160,257)
Out Polygon:
(69,27)(69,43)(75,43)(75,30)(91,30)(91,27)
In Polygon:
(153,113)(140,113)(140,108)(151,108)(151,95)(153,95)
Out Polygon:
(0,28)(0,46)(2,46)(2,33)(13,33)(13,28)
In Polygon:
(123,218)(129,218)(129,203)(123,203)(123,208)(120,208)(120,210)(123,210)
Out Polygon:
(67,28)(61,28)(61,33)(58,33)(58,35)(61,35)(61,43)(67,43)
In Polygon:
(60,95)(75,95)(75,99)(63,99)(63,112)(60,112)
Out Polygon:
(78,47)(78,30)(75,30)(75,43)(63,43)(63,47)
In Polygon:
(96,189)(96,176)(92,176)(92,187)(80,187)(80,189)
Out Polygon:
(91,30)(78,30)(78,34)(89,34)(89,46)(91,46)
In Polygon:
(140,230)(140,244)(143,244)(143,232)(154,232)(154,230)
Out Polygon:
(2,33)(2,47)(5,47)(5,35)(16,35)(16,33)
In Polygon:
(40,122)(40,133)(59,133)(59,122)
Out Polygon:
(78,34)(78,53)(89,53)(89,34)
In Polygon:
(155,214)(155,203)(140,203)(140,214)
Out Polygon:
(5,35)(5,50)(16,50)(16,35)
In Polygon:
(140,122)(153,122)(153,125)(142,125)(142,136)(140,136)
Out Polygon:
(18,53)(18,39)(16,39)(16,50)(5,50)(5,53)
In Polygon:
(79,122)(79,136)(60,136)(60,122)
Out Polygon:
(47,39)(47,58)(61,58)(61,39)
In Polygon:
(12,221)(12,203)(0,203)(0,221)
Out Polygon:
(18,41)(18,53)(36,53)(36,41)
In Polygon:
(55,203)(55,214)(40,214)(40,203)
Out Polygon:
(36,42)(36,57)(47,57)(47,42)
In Polygon:
(0,127)(4,127)(4,122)(0,122)
Out Polygon:
(89,46)(89,51)(93,51)(93,46)
In Polygon:
(97,149)(80,149)(80,167)(97,167)
Out Polygon:
(61,47)(61,65)(78,65)(78,47)
In Polygon:
(40,257)(40,272)(58,272)(58,257)
Out Polygon:
(0,53)(0,71)(15,71)(15,53)
In Polygon:
(118,217)(118,203)(100,203)(100,217)
Out Polygon:
(15,53)(15,71)(29,71)(29,53)
In Polygon:
(12,284)(0,284)(0,291)(12,291)
Out Polygon:
(29,53)(29,65)(36,65)(36,53)
In Polygon:
(40,95)(55,95)(55,107)(40,107)
Out Polygon:
(78,53)(78,65)(93,65)(93,53)
In Polygon:
(108,230)(100,230)(100,240)(108,240)
Out Polygon:
(36,57)(36,65)(46,65)(46,57)
In Polygon:
(156,272)(156,257)(140,257)(140,272)
Out Polygon:
(46,58)(46,74)(61,74)(61,58)
In Polygon:
(140,149)(140,158)(148,158)(148,149)
Out Polygon:
(38,65)(38,74)(46,74)(46,65)
In Polygon:
(80,203)(80,209)(93,209)(93,203)
Out Polygon:
(32,65)(32,78)(38,78)(38,65)
In Polygon:
(60,165)(60,149)(76,149)(76,165)
Out Polygon:
(77,65)(77,81)(93,81)(93,65)
In Polygon:
(120,122)(132,122)(132,143)(120,143)
Out Polygon:
(65,65)(65,86)(77,86)(77,65)
In Polygon:
(20,257)(20,272)(34,272)(34,257)
Out Polygon:
(0,71)(0,85)(15,85)(15,71)
In Polygon:
(93,272)(93,257)(80,257)(80,272)
Out Polygon:
(15,71)(15,84)(30,84)(30,71)
In Polygon:
(160,122)(160,128)(172,128)(172,122)
Out Polygon:
(59,74)(59,86)(65,86)(65,74)
In Polygon:
(140,176)(152,176)(152,182)(140,182)
Out Polygon:
(53,74)(53,86)(59,86)(59,74)
In Polygon:
(92,101)(80,101)(80,95)(92,95)
Out Polygon:
(47,74)(47,86)(53,86)(53,74)
In Polygon:
(126,242)(120,242)(120,230)(126,230)
Out Polygon:
(41,74)(41,86)(47,86)(47,74)
In Polygon:
(128,157)(120,157)(120,149)(128,149)
Out Polygon:
(33,78)(33,86)(41,86)(41,78)
