In Polygon:
(28,440)(18,440)(18,455)(28,455)(28,450)(33,450)(33,446)(28,446)
Out Polygon:
(0,0)(0,10)(5,10)(5,15)(9,15)(9,10)(15,10)(15,0)
In Polygon:
(204,344)(206,344)(206,339)(210,339)(210,326)(198,326)(198,336)(204,336)
Out Polygon:
(15,0)(15,10)(21,10)(21,18)(23,18)(23,13)(27,13)(27,0)
In Polygon:
(288,268)(302,268)(302,261)(292,261)(292,250)(288,250)
Out Polygon:
(27,0)(27,14)(34,14)(34,4)(45,4)(45,0)
In Polygon:
(180,358)(180,362)(162,362)(162,345)(167,345)(167,358)
Out Polygon:
(63,0)(45,0)(45,4)(58,4)(58,17)(63,17)
In Polygon:
(288,217)(288,222)(270,222)(270,212)(278,212)(278,217)
Out Polygon:
(63,0)(63,18)(68,18)(68,8)(73,8)(73,0)
In Polygon:
(168,174)(162,174)(162,183)(168,183)(168,179)(171,179)(171,178)(168,178)
Out Polygon:
(73,0)(73,6)(77,6)(77,9)(78,9)(78,6)(82,6)(82,0)
In Polygon:
(198,427)(198,433)(214,433)(214,421)(209,421)(209,427)
Out Polygon:
(82,0)(82,12)(87,12)(87,6)(98,6)(98,0)
In Polygon:
(90,388)(90,393)(72,393)(72,383)(79,383)(79,388)
Out Polygon:
(98,0)(98,18)(103,18)(103,7)(108,7)(108,0)
In Polygon:
(108,278)(121,278)(121,277)(112,277)(112,269)(108,269)
Out Polygon:
(108,0)(108,13)(109,13)(109,4)(117,4)(117,0)
In Polygon:
(282,273)(282,269)(270,269)(270,273)(274,273)(274,277)(276,277)(276,273)
Out Polygon:
(121,0)(117,0)(117,4)(113,4)(113,6)(117,6)(117,12)(121,12)
In Polygon:
(288,346)(288,345)(295,345)(295,346)
Out Polygon:
(121,0)(121,7)(122,7)(122,0)
In Polygon:
(298,207)(302,207)(302,193)(288,193)(288,199)(298,199)
Out Polygon:
(34,4)(34,18)(40,18)(40,8)(48,8)(48,4)
In Polygon:
(144,332)(144,330)(151,330)(151,326)(161,326)(161,337)(153,337)(153,332)
Out Polygon:
(58,4)(48,4)(48,8)(41,8)(41,10)(50,10)(50,15)(58,15)
In Polygon:
(22,329)(23,329)(23,328)(25,328)(25,326)(18,326)(18,328)(22,328)
Out Polygon:
(111,11)(113,11)(113,7)(114,7)(114,6)(113,6)(113,4)(111,4)
In Polygon:
(110,307)(108,307)(108,323)(110,323)(110,318)(112,318)(112,314)(110,314)
Out Polygon:
(109,20)(111,20)(111,15)(113,15)(113,11)(111,11)(111,4)(109,4)
In Polygon:
(234,217)(234,219)(235,219)(235,222)(237,222)(237,212)(235,212)(235,217)
Out Polygon:
(75,16)(77,16)(77,11)(78,11)(78,9)(77,9)(77,6)(75,6)
In Polygon:
(54,366)(54,364)(56,364)(56,366)
Out Polygon:
(73,6)(73,8)(75,8)(75,6)
In Polygon:
(258,402)(260,402)(260,404)(263,404)(263,408)(252,408)(252,404)(258,404)
Out Polygon:
(78,17)(82,17)(82,14)(84,14)(84,12)(82,12)(82,6)(78,6)
In Polygon:
(60,173)(65,173)(65,155)(54,155)(54,159)(60,159)
Out Polygon:
(98,6)(87,6)(87,10)(93,10)(93,24)(98,24)
In Polygon:
(222,329)(216,329)(216,326)(222,326)
Out Polygon:
(114,6)(114,12)(117,12)(117,6)
In Polygon:
(42,421)(44,421)(44,422)(47,422)(47,426)(36,426)(36,422)(42,422)
Out Polygon:
(104,18)(108,18)(108,15)(109,15)(109,13)(108,13)(108,7)(104,7)
In Polygon:
(306,402)(306,403)(313,403)(313,402)
Out Polygon:
(103,7)(103,14)(104,14)(104,7)
In Polygon:
(101,327)(101,326)(90,326)(90,327)(94,327)(94,328)(96,328)(96,327)
Out Polygon:
(113,18)(114,18)(114,14)(115,14)(115,12)(114,12)(114,7)(113,7)
In Polygon:
(37,181)(36,181)(36,174)(37,174)
Out Polygon:
(121,7)(121,14)(122,14)(122,7)
In Polygon:
(126,212)(126,214)(127,214)(127,212)
Out Polygon:
(40,8)(40,10)(41,10)(41,8)
In Polygon:
(25,174)(18,174)(18,179)(24,179)(24,189)(25,189)
Out Polygon:
(75,8)(68,8)(68,13)(74,13)(74,23)(75,23)
In Polygon:
(239,276)(237,276)(237,274)(234,274)(234,269)(244,269)(244,274)(239,274)
Out Polygon:
(0,20)(5,20)(5,17)(7,17)(7,15)(5,15)(5,10)(0,10)
In Polygon:
(0,212)(12,212)(12,219)(3,219)(3,229)(0,229)
Out Polygon:
(9,10)(9,27)(12,27)(12,17)(21,17)(21,10)
In Polygon:
(5,305)(0,305)(0,288)(6,288)(6,293)(11,293)(11,297)(5,297)
Out Polygon:
(45,10)(40,10)(40,18)(34,18)(34,22)(39,22)(39,27)(45,27)
In Polygon:
(113,345)(118,345)(118,355)(108,355)(108,351)(113,351)
Out Polygon:
(46,20)(56,20)(56,15)(50,15)(50,10)(46,10)
In Polygon:
(81,155)(72,155)(72,161)(80,161)(80,171)(81,171)
Out Polygon:
(45,26)(54,26)(54,20)(46,20)(46,10)(45,10)
In Polygon:
(54,237)(54,231)(56,231)(56,237)
Out Polygon:
(87,10)(87,12)(93,12)(93,10)
In Polygon:
(18,345)(19,345)(19,351)(18,351)
Out Polygon:
(77,11)(77,17)(78,17)(78,11)
In Polygon:
(54,291)(54,288)(70,288)(70,297)(63,297)(63,291)
Out Polygon:
(84,12)(84,28)(87,28)(87,19)(93,19)(93,12)
In Polygon:
(92,161)(90,161)(90,155)(92,155)
Out Polygon:
(115,12)(115,14)(121,14)(121,12)
In Polygon:
(42,307)(40,307)(40,309)(36,309)(36,313)(47,313)(47,309)(42,309)
Out Polygon:
(27,13)(23,13)(23,18)(21,18)(21,20)(23,20)(23,24)(27,24)
In Polygon:
(270,426)(270,431)(279,431)(279,421)(275,421)(275,426)
Out Polygon:
(72,23)(72,13)(68,13)(68,18)(63,18)(63,23)
In Polygon:
(0,335)(15,335)(15,334)(5,334)(5,326)(0,326)
Out Polygon:
(73,28)(73,13)(72,13)(72,23)(64,23)(64,28)
In Polygon:
(37,212)(36,212)(36,216)(37,216)
Out Polygon:
(73,13)(73,17)(74,17)(74,13)
In Polygon:
(252,207)(252,193)(253,193)(253,203)(259,203)(259,207)
Out Polygon:
(34,14)(27,14)(27,18)(33,18)(33,28)(34,28)
In Polygon:
(129,383)(129,385)(126,385)(126,383)
Out Polygon:
(82,14)(82,17)(84,17)(84,14)
In Polygon:
(256,376)(255,376)(255,372)(252,372)(252,364)(260,364)(260,372)(256,372)
Out Polygon:
(107,26)(107,18)(104,18)(104,14)(103,14)(103,18)(99,18)(99,26)
In Polygon:
(16,273)(16,274)(10,274)(10,277)(0,277)(0,269)(10,269)(10,273)
Out Polygon:
(114,14)(114,24)(117,24)(117,30)(118,30)(118,24)(122,24)(122,14)
In Polygon:
(126,252)(126,250)(128,250)(128,252)
Out Polygon:
(7,15)(7,17)(9,17)(9,15)
In Polygon:
(236,364)(236,369)(234,369)(234,364)
Out Polygon:
(56,15)(56,20)(58,20)(58,15)
In Polygon:
(288,367)(289,367)(289,364)(288,364)
Out Polygon:
(108,15)(108,18)(109,18)(109,15)
In Polygon:
(288,174)(288,177)(290,177)(290,174)
Out Polygon:
(111,15)(111,18)(113,18)(113,15)
In Polygon:
(162,421)(163,421)(163,423)(162,423)
Out Polygon:
(75,16)(75,17)(77,17)(77,16)
In Polygon:
(180,158)(180,155)(184,155)(184,158)
Out Polygon:
(5,17)(5,20)(9,20)(9,17)
In Polygon:
(288,392)(288,383)(294,383)(294,390)(306,390)(306,392)
Out Polygon:
(12,17)(12,35)(14,35)(14,23)(21,23)(21,17)
In Polygon:
(132,408)(132,409)(131,409)(131,413)(126,413)(126,402)(131,402)(131,408)
Out Polygon:
(58,28)(63,28)(63,24)(64,24)(64,23)(63,23)(63,17)(58,17)
In Polygon:
(197,440)(197,449)(191,449)(191,441)(180,441)(180,440)
Out Polygon:
(74,34)(74,17)(73,17)(73,28)(65,28)(65,34)
In Polygon:
(234,313)(234,307)(243,307)(243,320)(240,320)(240,313)
Out Polygon:
(84,17)(75,17)(75,23)(81,23)(81,30)(84,30)
In Polygon:
(258,295)(260,295)(260,293)(263,293)(263,288)(252,288)(252,293)(258,293)
Out Polygon:
(32,18)(27,18)(27,24)(25,24)(25,26)(27,26)(27,29)(32,29)
In Polygon:
(216,422)(219,422)(219,421)(216,421)
Out Polygon:
(32,18)(32,21)(33,21)(33,18)
In Polygon:
(18,204)(26,204)(26,201)(19,201)(19,193)(18,193)
Out Polygon:
(98,29)(106,29)(106,26)(99,26)(99,18)(98,18)
In Polygon:
(0,258)(0,250)(2,250)(2,258)
Out Polygon:
(107,18)(107,26)(109,26)(109,18)
In Polygon:
(183,199)(180,199)(180,193)(183,193)
Out Polygon:
(111,18)(111,24)(114,24)(114,18)
In Polygon:
(270,365)(270,371)(280,371)(280,365)(276,365)(276,364)(275,364)(275,365)
Out Polygon:
(87,29)(93,29)(93,25)(94,25)(94,24)(93,24)(93,19)(87,19)
In Polygon:
(270,329)(270,326)(283,326)(283,335)(278,335)(278,329)
Out Polygon:
(0,20)(0,33)(3,33)(3,25)(9,25)(9,20)
In Polygon:
(126,178)(128,178)(128,174)(126,174)
Out Polygon:
(21,20)(21,24)(23,24)(23,20)
In Polygon:
(152,193)(156,193)(156,204)(144,204)(144,199)(152,199)
Out Polygon:
(58,31)(58,20)(54,20)(54,26)(46,26)(46,31)
In Polygon:
(144,307)(144,309)(150,309)(150,307)
Out Polygon:
(109,20)(109,26)(111,26)(111,20)
In Polygon:
(37,443)(36,443)(36,440)(37,440)
Out Polygon:
(32,21)(32,24)(33,24)(33,21)
In Polygon:
(219,440)(216,440)(216,449)(225,449)(225,445)(219,445)
Out Polygon:
(36,31)(45,31)(45,27)(39,27)(39,22)(36,22)
In Polygon:
(288,421)(301,421)(301,423)(292,423)(292,430)(288,430)
Out Polygon:
(34,35)(43,35)(43,31)(36,31)(36,22)(34,22)
In Polygon:
(72,231)(81,231)(81,232)(73,232)(73,238)(72,238)
Out Polygon:
(21,23)(14,23)(14,24)(20,24)(20,32)(21,32)
In Polygon:
(270,299)(286,299)(286,297)(275,297)(275,288)(270,288)
Out Polygon:
(76,39)(76,23)(74,23)(74,34)(65,34)(65,39)
In Polygon:
(306,257)(311,257)(311,250)(306,250)
Out Polygon:
(76,23)(76,30)(81,30)(81,23)
In Polygon:
(258,391)(258,383)(252,383)(252,391)
Out Polygon:
(14,24)(14,32)(20,32)(20,24)
In Polygon:
(114,288)(117,288)(117,300)(108,300)(108,296)(114,296)
Out Polygon:
(24,36)(24,24)(21,24)(21,32)(15,32)(15,36)
In Polygon:
(164,213)(164,212)(162,212)(162,213)
Out Polygon:
(24,24)(24,26)(25,26)(25,24)
In Polygon:
(57,250)(54,250)(54,251)(57,251)
Out Polygon:
(32,24)(32,27)(33,27)(33,24)
In Polygon:
(216,271)(216,269)(217,269)(217,271)
Out Polygon:
(63,24)(63,26)(64,26)(64,24)
In Polygon:
(236,412)(240,412)(240,402)(236,402)(236,406)(234,406)(234,407)(236,407)
Out Polygon:
(94,34)(98,34)(98,30)(100,30)(100,29)(98,29)(98,24)(94,24)
In Polygon:
(204,176)(198,176)(198,174)(204,174)
Out Polygon:
(111,24)(111,26)(117,26)(117,24)
In Polygon:
(181,250)(184,250)(184,262)(181,262)(181,258)(180,258)(180,256)(181,256)
Out Polygon:
(121,24)(118,24)(118,30)(117,30)(117,32)(118,32)(118,36)(121,36)
In Polygon:
(36,269)(36,270)(37,270)(37,269)
Out Polygon:
(121,24)(121,25)(122,25)(122,24)
In Polygon:
(78,372)(72,372)(72,364)(78,364)
Out Polygon:
(3,25)(3,33)(9,33)(9,25)
In Polygon:
(108,383)(109,383)(109,384)(108,384)
Out Polygon:
(93,25)(93,26)(94,26)(94,25)
In Polygon:
(181,402)(181,403)(180,403)(180,402)
Out Polygon:
(121,25)(121,26)(122,26)(122,25)
In Polygon:
(216,288)(216,301)(218,301)(218,291)(227,291)(227,288)
Out Polygon:
(26,39)(26,26)(24,26)(24,36)(15,36)(15,39)
In Polygon:
(46,337)(46,341)(36,341)(36,326)(41,326)(41,337)
Out Polygon:
(116,26)(106,26)(106,30)(111,30)(111,41)(116,41)
In Polygon:
(44,250)(47,250)(47,261)(36,261)(36,256)(44,256)
Out Polygon:
(12,38)(12,27)(9,27)(9,33)(1,33)(1,38)
In Polygon:
(153,276)(153,279)(144,279)(144,269)(146,269)(146,276)
Out Polygon:
(32,38)(41,38)(41,35)(34,35)(34,28)(32,28)
In Polygon:
(141,369)(141,364)(126,364)(126,376)(130,376)(130,369)
Out Polygon:
(60,43)(72,43)(72,39)(65,39)(65,28)(60,28)
In Polygon:
(36,288)(36,291)(38,291)(38,288)
Out Polygon:
(58,28)(58,31)(60,31)(60,28)
In Polygon:
(144,385)(147,385)(147,383)(144,383)
Out Polygon:
(84,28)(84,30)(87,30)(87,28)
In Polygon:
(144,216)(144,212)(158,212)(158,225)(152,225)(152,216)
Out Polygon:
(26,42)(40,42)(40,38)(32,38)(32,29)(26,29)
In Polygon:
(315,212)(306,212)(306,213)(314,213)(314,219)(315,219)
Out Polygon:
(87,29)(87,38)(88,38)(88,30)(94,30)(94,29)
In Polygon:
(306,421)(316,421)(316,427)(306,427)
Out Polygon:
(100,29)(100,39)(106,39)(106,29)
In Polygon:
(261,337)(265,337)(265,326)(252,326)(252,331)(261,331)
Out Polygon:
(76,30)(76,43)(81,43)(81,34)(87,34)(87,30)
In Polygon:
(310,383)(316,383)(316,396)(310,396)(310,392)(306,392)(306,390)(310,390)
Out Polygon:
(88,43)(94,43)(94,36)(98,36)(98,34)(94,34)(94,30)(88,30)
In Polygon:
(0,421)(2,421)(2,427)(0,427)
Out Polygon:
(98,30)(98,36)(100,36)(100,30)
In Polygon:
(148,453)(144,453)(144,440)(154,440)(154,444)(148,444)
Out Polygon:
(110,43)(110,30)(106,30)(106,39)(100,39)(100,43)
In Polygon:
(49,161)(49,164)(43,164)(43,169)(36,169)(36,155)(43,155)(43,161)
Out Polygon:
(43,31)(43,38)(48,38)(48,44)(51,44)(51,38)(57,38)(57,31)
In Polygon:
(111,245)(108,245)(108,231)(123,231)(123,234)(111,234)
Out Polygon:
(57,46)(71,46)(71,43)(60,43)(60,31)(57,31)
In Polygon:
(27,288)(18,288)(18,290)(26,290)(26,297)(27,297)
Out Polygon:
(14,41)(23,41)(23,39)(15,39)(15,32)(14,32)
In Polygon:
(306,345)(306,349)(308,349)(308,345)
Out Polygon:
(116,32)(116,36)(118,36)(118,32)
In Polygon:
(258,278)(258,269)(252,269)(252,278)
Out Polygon:
(81,34)(81,43)(87,43)(87,34)
In Polygon:
(162,234)(162,231)(171,231)(171,240)(169,240)(169,234)
Out Polygon:
(12,44)(21,44)(21,41)(14,41)(14,35)(12,35)
In Polygon:
(56,201)(56,193)(54,193)(54,201)
Out Polygon:
(41,35)(41,43)(43,43)(43,35)
In Polygon:
(97,174)(101,174)(101,188)(90,188)(90,184)(97,184)
Out Polygon:
(96,47)(110,47)(110,43)(100,43)(100,36)(96,36)
In Polygon:
(234,257)(234,259)(247,259)(247,250)(245,250)(245,257)
Out Polygon:
(94,49)(103,49)(103,47)(96,47)(96,36)(94,36)
In Polygon:
(236,288)(242,288)(242,298)(236,298)(236,294)(234,294)(234,293)(236,293)
Out Polygon:
(122,36)(116,36)(116,41)(114,41)(114,42)(116,42)(116,46)(122,46)
In Polygon:
(288,408)(288,414)(303,414)(303,402)(301,402)(301,408)
Out Polygon:
(12,38)(0,38)(0,40)(6,40)(6,53)(12,53)
In Polygon:
(23,236)(25,236)(25,234)(28,234)(28,231)(18,231)(18,234)(23,234)
Out Polygon:
(46,38)(43,38)(43,43)(41,43)(41,45)(43,45)(43,48)(46,48)
In Polygon:
(276,155)(270,155)(270,157)(276,157)
Out Polygon:
(46,38)(46,44)(48,44)(48,38)
In Polygon:
(144,259)(144,250)(150,250)(150,258)(161,258)(161,259)
Out Polygon:
(51,47)(68,47)(68,46)(57,46)(57,38)(51,38)
In Polygon:
(293,307)(291,307)(291,309)(288,309)(288,312)(299,312)(299,309)(293,309)
Out Polygon:
(23,50)(26,50)(26,44)(28,44)(28,42)(26,42)(26,39)(23,39)
In Polygon:
(204,371)(206,371)(206,368)(210,368)(210,364)(198,364)(198,368)(204,368)
Out Polygon:
(72,51)(76,51)(76,45)(79,45)(79,43)(76,43)(76,39)(72,39)
In Polygon:
(222,231)(222,240)(216,240)(216,231)
Out Polygon:
(0,40)(0,49)(6,49)(6,40)
In Polygon:
(164,326)(164,330)(162,330)(162,326)
Out Polygon:
(21,41)(21,45)(23,45)(23,41)
In Polygon:
(205,250)(207,250)(207,260)(198,260)(198,256)(205,256)
Out Polygon:
(112,51)(112,41)(110,41)(110,47)(103,47)(103,51)
In Polygon:
(252,212)(252,227)(253,227)(253,217)(260,217)(260,212)
Out Polygon:
(113,56)(113,41)(112,41)(112,51)(105,51)(105,56)
In Polygon:
(63,436)(67,436)(67,421)(54,421)(54,425)(63,425)
Out Polygon:
(41,42)(28,42)(28,46)(37,46)(37,57)(41,57)
In Polygon:
(93,231)(90,231)(90,239)(93,239)
Out Polygon:
(113,42)(113,50)(116,50)(116,42)
In Polygon:
(126,421)(140,421)(140,425)(130,425)(130,436)(126,436)
Out Polygon:
(94,43)(79,43)(79,47)(90,47)(90,57)(94,57)
In Polygon:
(21,164)(18,164)(18,155)(31,155)(31,159)(21,159)
Out Polygon:
(21,44)(12,44)(12,47)(17,47)(17,57)(21,57)
In Polygon:
(274,307)(270,307)(270,309)(274,309)
Out Polygon:
(26,44)(26,48)(28,48)(28,44)
In Polygon:
(22,256)(24,256)(24,255)(27,255)(27,250)(18,250)(18,255)(22,255)
Out Polygon:
(46,53)(51,53)(51,49)(52,49)(52,47)(51,47)(51,44)(46,44)
In Polygon:
(54,271)(58,271)(58,269)(54,269)
Out Polygon:
(21,45)(21,49)(23,49)(23,45)
In Polygon:
(204,383)(198,383)(198,386)(204,386)
Out Polygon:
(76,45)(76,51)(79,51)(79,45)
In Polygon:
(216,272)(216,269)(198,269)(198,278)(200,278)(200,272)
Out Polygon:
(37,46)(28,46)(28,48)(34,48)(34,64)(37,64)
In Polygon:
(148,293)(144,293)(144,288)(148,288)
Out Polygon:
(68,46)(68,51)(72,51)(72,46)
In Polygon:
(18,367)(18,373)(31,373)(31,367)(27,367)(27,364)(24,364)(24,367)
Out Polygon:
(122,46)(116,46)(116,50)(113,50)(113,53)(116,53)(116,59)(122,59)
In Polygon:
(234,386)(234,383)(243,383)(243,392)(240,392)(240,386)
Out Polygon:
(15,56)(15,47)(12,47)(12,53)(6,53)(6,56)
In Polygon:
(242,421)(244,421)(244,434)(234,434)(234,430)(242,430)
Out Polygon:
(17,60)(17,47)(15,47)(15,56)(7,56)(7,60)
In Polygon:
(43,193)(36,193)(36,205)(43,205)(43,201)(46,201)(46,199)(43,199)
Out Polygon:
(52,47)(52,54)(56,54)(56,57)(58,57)(58,54)(64,54)(64,47)
In Polygon:
(216,369)(216,364)(225,364)(225,373)(223,373)(223,369)
Out Polygon:
(66,56)(75,56)(75,51)(68,51)(68,47)(66,47)
In Polygon:
(144,471)(153,471)(153,468)(146,468)(146,459)(144,459)
Out Polygon:
(64,59)(73,59)(73,56)(66,56)(66,47)(64,47)
In Polygon:
(82,223)(82,227)(72,227)(72,212)(76,212)(76,223)
Out Polygon:
(89,47)(79,47)(79,51)(85,51)(85,62)(89,62)
In Polygon:
(242,330)(242,334)(234,334)(234,330)(237,330)(237,326)(238,326)(238,330)
Out Polygon:
(26,48)(26,52)(30,52)(30,56)(31,56)(31,52)(34,52)(34,48)
In Polygon:
(216,202)(221,202)(221,193)(216,193)
Out Polygon:
(41,48)(41,57)(46,57)(46,48)
In Polygon:
(306,326)(306,333)(312,333)(312,326)
Out Polygon:
(0,49)(0,56)(6,56)(6,49)
In Polygon:
(113,167)(117,167)(117,155)(108,155)(108,157)(113,157)
Out Polygon:
(103,49)(94,49)(94,51)(99,51)(99,61)(103,61)
In Polygon:
(23,212)(23,219)(18,219)(18,212)
Out Polygon:
(21,50)(21,57)(26,57)(26,50)
In Polygon:
(154,181)(154,187)(144,187)(144,174)(147,174)(147,181)
Out Polygon:
(85,51)(75,51)(75,57)(82,57)(82,64)(85,64)
In Polygon:
(208,459)(208,464)(198,464)(198,459)
Out Polygon:
(94,51)(94,61)(99,61)(99,51)
In Polygon:
(119,445)(119,440)(108,440)(108,450)(110,450)(110,445)
Out Polygon:
(28,62)(28,52)(26,52)(26,57)(17,57)(17,62)
In Polygon:
(170,272)(170,269)(162,269)(162,272)
Out Polygon:
(31,52)(31,60)(34,60)(34,52)
In Polygon:
(90,196)(90,200)(99,200)(99,196)(95,196)(95,193)(94,193)(94,196)
Out Polygon:
(50,53)(46,53)(46,57)(43,57)(43,58)(46,58)(46,62)(50,62)
In Polygon:
(90,345)(90,348)(96,348)(96,345)
Out Polygon:
(113,53)(113,59)(116,59)(116,53)
In Polygon:
(180,459)(180,464)(188,464)(188,459)
Out Polygon:
(50,54)(50,62)(55,62)(55,54)
In Polygon:
(298,212)(288,212)(288,213)(296,213)(296,221)(298,221)
Out Polygon:
(56,64)(56,54)(55,54)(55,62)(47,62)(47,64)
In Polygon:
(185,383)(180,383)(180,389)(185,389)
Out Polygon:
(58,54)(58,59)(64,59)(64,54)
In Polygon:
(222,358)(216,358)(216,345)(222,345)(222,349)(224,349)(224,351)(222,351)
Out Polygon:
(1,69)(7,69)(7,62)(9,62)(9,60)(7,60)(7,56)(1,56)
In Polygon:
(57,212)(54,212)(54,224)(63,224)(63,221)(57,221)
Out Polygon:
(31,65)(31,56)(28,56)(28,62)(19,62)(19,65)
In Polygon:
(90,307)(90,317)(95,317)(95,309)(105,309)(105,307)
Out Polygon:
(113,56)(103,56)(103,61)(111,61)(111,71)(113,71)
In Polygon:
(258,155)(252,155)(252,162)(258,162)
Out Polygon:
(37,57)(37,64)(43,64)(43,57)
In Polygon:
(8,193)(10,193)(10,202)(0,202)(0,200)(8,200)
Out Polygon:
(58,66)(58,57)(56,57)(56,64)(48,64)(48,66)
In Polygon:
(241,358)(243,358)(243,345)(234,345)(234,348)(241,348)
Out Polygon:
(82,57)(73,57)(73,60)(80,60)(80,70)(82,70)
In Polygon:
(90,444)(90,440)(100,440)(100,444)(97,444)(97,447)(95,447)(95,444)
Out Polygon:
(93,57)(89,57)(89,62)(86,62)(86,64)(89,64)(89,67)(93,67)
In Polygon:
(36,370)(36,373)(45,373)(45,364)(43,364)(43,370)
Out Polygon:
(45,67)(45,58)(43,58)(43,64)(36,64)(36,67)
In Polygon:
(180,373)(180,364)(184,364)(184,372)(193,372)(193,373)
Out Polygon:
(46,71)(46,58)(45,58)(45,67)(37,67)(37,71)
In Polygon:
(58,189)(54,189)(54,174)(67,174)(67,177)(58,177)
Out Polygon:
(73,59)(58,59)(58,63)(70,63)(70,72)(73,72)
In Polygon:
(162,193)(162,204)(164,204)(164,196)(171,196)(171,193)
Out Polygon:
(113,59)(113,70)(115,70)(115,62)(122,62)(122,59)
In Polygon:
(72,262)(72,250)(73,250)(73,259)(80,259)(80,262)
Out Polygon:
(17,60)(9,60)(9,63)(16,63)(16,72)(17,72)
In Polygon:
(116,212)(108,212)(108,215)(116,215)
Out Polygon:
(31,60)(31,68)(34,68)(34,60)
In Polygon:
(170,155)(170,162)(169,162)(169,156)(162,156)(162,155)
Out Polygon:
(73,60)(73,68)(74,68)(74,61)(80,61)(80,60)
In Polygon:
(72,421)(79,421)(79,427)(72,427)
Out Polygon:
(74,61)(74,68)(80,68)(80,61)
In Polygon:
(224,224)(229,224)(229,212)(216,212)(216,215)(224,215)
Out Polygon:
(93,61)(93,74)(96,74)(96,66)(105,66)(105,61)
In Polygon:
(54,402)(59,402)(59,408)(54,408)
Out Polygon:
(105,61)(105,66)(111,66)(111,61)
In Polygon:
(0,353)(9,353)(9,352)(2,352)(2,345)(0,345)
Out Polygon:
(8,71)(8,62)(7,62)(7,69)(0,69)(0,71)
In Polygon:
(188,318)(188,307)(187,307)(187,316)(180,316)(180,318)
Out Polygon:
(9,73)(9,62)(8,62)(8,71)(1,71)(1,73)
In Polygon:
(90,468)(101,468)(101,467)(92,467)(92,459)(90,459)
Out Polygon:
(47,73)(47,62)(46,62)(46,71)(38,71)(38,73)
In Polygon:
(144,421)(152,421)(152,428)(144,428)
Out Polygon:
(115,62)(115,70)(122,70)(122,62)
In Polygon:
(115,259)(115,250)(108,250)(108,259)
Out Polygon:
(9,63)(9,72)(16,72)(16,63)
In Polygon:
(187,185)(192,185)(192,174)(180,174)(180,178)(187,178)
Out Polygon:
(70,63)(58,63)(58,67)(65,67)(65,74)(70,74)
In Polygon:
(72,199)(72,193)(79,193)(79,199)
Out Polygon:
(82,64)(82,70)(89,70)(89,64)
In Polygon:
(198,453)(198,440)(202,440)(202,450)(211,450)(211,453)
Out Polygon:
(17,65)(17,78)(20,78)(20,69)(30,69)(30,65)
In Polygon:
(100,288)(104,288)(104,299)(90,299)(90,296)(100,296)
Out Polygon:
(58,66)(47,66)(47,70)(55,70)(55,80)(58,80)
In Polygon:
(306,193)(318,193)(318,197)(309,197)(309,207)(306,207)
Out Polygon:
(96,66)(96,80)(99,80)(99,70)(108,70)(108,66)
In Polygon:
(219,155)(216,155)(216,163)(219,163)
Out Polygon:
(108,66)(108,74)(111,74)(111,66)
In Polygon:
(21,466)(18,466)(18,459)(21,459)
Out Polygon:
(34,67)(34,74)(37,74)(37,67)
In Polygon:
(61,390)(54,390)(54,383)(61,383)
Out Polygon:
(58,67)(58,74)(65,74)(65,67)
In Polygon:
(76,269)(72,269)(72,276)(76,276)
Out Polygon:
(89,67)(89,74)(93,74)(93,67)
In Polygon:
(18,406)(24,406)(24,402)(18,402)
Out Polygon:
(30,68)(30,74)(34,74)(34,68)
In Polygon:
(313,155)(313,159)(306,159)(306,155)
Out Polygon:
(73,68)(73,72)(80,72)(80,68)
In Polygon:
(317,374)(317,364)(315,364)(315,372)(306,372)(306,374)
Out Polygon:
(30,69)(20,69)(20,71)(28,71)(28,80)(30,80)
In Polygon:
(242,203)(234,203)(234,201)(241,201)(241,193)(242,193)
Out Polygon:
(47,70)(47,80)(48,80)(48,72)(55,72)(55,70)
In Polygon:
(119,366)(119,364)(108,364)(108,373)(110,373)(110,366)
Out Polygon:
(89,70)(80,70)(80,72)(87,72)(87,81)(89,81)
In Polygon:
(72,174)(72,184)(74,184)(74,176)(81,176)(81,174)
Out Polygon:
(99,70)(99,80)(101,80)(101,72)(108,72)(108,70)
In Polygon:
(180,231)(180,240)(182,240)(182,232)(190,232)(190,231)
Out Polygon:
(122,70)(113,70)(113,72)(121,72)(121,80)(122,80)
In Polygon:
(297,288)(297,296)(295,296)(295,289)(288,289)(288,288)
Out Polygon:
(20,71)(20,80)(21,80)(21,73)(28,73)(28,71)
In Polygon:
(225,307)(225,315)(224,315)(224,308)(216,308)(216,307)
Out Polygon:
(9,72)(9,81)(10,81)(10,73)(17,73)(17,72)
In Polygon:
(170,440)(170,447)(162,447)(162,440)
Out Polygon:
(48,72)(48,80)(55,80)(55,72)
In Polygon:
(216,462)(216,459)(234,459)(234,476)(232,476)(232,462)
Out Polygon:
(70,72)(70,90)(73,90)(73,74)(87,74)(87,72)
In Polygon:
(144,239)(144,231)(151,231)(151,239)
Out Polygon:
(101,72)(101,80)(108,80)(108,72)
In Polygon:
(146,166)(144,166)(144,155)(154,155)(154,157)(146,157)
Out Polygon:
(111,72)(111,83)(113,83)(113,74)(121,74)(121,72)
In Polygon:
(90,374)(99,374)(99,372)(91,372)(91,364)(90,364)
Out Polygon:
(9,73)(0,73)(0,75)(8,75)(8,83)(9,83)
In Polygon:
(126,307)(134,307)(134,314)(126,314)
Out Polygon:
(10,73)(10,81)(17,81)(17,73)
In Polygon:
(108,326)(115,326)(115,333)(108,333)
Out Polygon:
(21,73)(21,80)(28,80)(28,73)
In Polygon:
(252,425)(252,421)(264,421)(264,432)(261,432)(261,425)
Out Polygon:
(44,84)(56,84)(56,80)(47,80)(47,73)(44,73)
In Polygon:
(72,345)(72,352)(78,352)(78,345)
Out Polygon:
(37,73)(37,79)(44,79)(44,73)
In Polygon:
(252,255)(252,250)(259,250)(259,255)
Out Polygon:
(30,74)(30,79)(37,79)(37,74)
In Polygon:
(9,402)(13,402)(13,414)(0,414)(0,411)(9,411)
Out Polygon:
(70,74)(58,74)(58,78)(67,78)(67,87)(70,87)
In Polygon:
(18,383)(18,394)(22,394)(22,386)(32,386)(32,383)
Out Polygon:
(73,74)(73,85)(77,85)(77,77)(87,77)(87,74)
In Polygon:
(306,181)(306,174)(311,174)(311,181)
Out Polygon:
(89,74)(89,81)(94,81)(94,74)
In Polygon:
(126,277)(126,269)(127,269)(127,276)(134,276)(134,277)
Out Polygon:
(95,82)(95,74)(94,74)(94,81)(87,81)(87,82)
In Polygon:
(207,307)(198,307)(198,308)(206,308)(206,315)(207,315)
Out Polygon:
(96,83)(96,74)(95,74)(95,82)(88,82)(88,83)
In Polygon:
(43,348)(43,345)(36,345)(36,348)
Out Polygon:
(108,74)(108,81)(111,81)(111,74)
In Polygon:
(0,364)(0,372)(1,372)(1,365)(9,365)(9,364)
Out Polygon:
(121,74)(113,74)(113,75)(120,75)(120,83)(121,83)
In Polygon:
(247,182)(247,174)(234,174)(234,182)
Out Polygon:
(0,75)(0,88)(8,88)(8,75)
In Polygon:
(18,307)(23,307)(23,315)(18,315)
Out Polygon:
(113,75)(113,83)(118,83)(118,75)
In Polygon:
(207,193)(207,202)(205,202)(205,194)(198,194)(198,193)
Out Polygon:
(77,77)(77,86)(78,86)(78,79)(86,79)(86,77)
In Polygon:
(144,345)(147,345)(147,348)(144,348)
Out Polygon:
(17,78)(17,81)(20,81)(20,78)
In Polygon:
(81,297)(72,297)(72,296)(80,296)(80,288)(81,288)
Out Polygon:
(67,78)(58,78)(58,79)(66,79)(66,87)(67,87)
In Polygon:
(13,177)(13,174)(0,174)(0,185)(4,185)(4,177)
Out Polygon:
(30,79)(30,90)(34,90)(34,82)(43,82)(43,79)
In Polygon:
(116,402)(108,402)(108,415)(116,415)
Out Polygon:
(58,79)(58,92)(66,92)(66,79)
In Polygon:
(180,435)(189,435)(189,421)(180,421)
Out Polygon:
(78,79)(78,93)(87,93)(87,79)
In Polygon:
(208,222)(208,212)(198,212)(198,222)
Out Polygon:
(20,80)(20,90)(30,90)(30,80)
In Polygon:
(12,167)(0,167)(0,164)(9,164)(9,155)(12,155)
Out Polygon:
(108,80)(96,80)(96,83)(105,83)(105,92)(108,92)
In Polygon:
(137,242)(126,242)(126,240)(134,240)(134,231)(137,231)
Out Polygon:
(9,81)(9,92)(12,92)(12,83)(20,83)(20,81)
In Polygon:
(54,329)(54,326)(61,326)(61,329)
Out Polygon:
(108,81)(108,88)(111,88)(111,81)
In Polygon:
(16,312)(16,307)(0,307)(0,320)(6,320)(6,312)
Out Polygon:
(40,95)(40,82)(34,82)(34,90)(24,90)(24,95)
In Polygon:
(94,250)(94,254)(90,254)(90,250)
Out Polygon:
(40,82)(40,86)(44,86)(44,82)
In Polygon:
(134,335)(134,326)(126,326)(126,335)
Out Polygon:
(12,83)(12,92)(20,92)(20,83)
In Polygon:
(105,269)(90,269)(90,279)(105,279)
Out Polygon:
(87,83)(87,93)(102,93)(102,83)
In Polygon:
(288,234)(288,231)(291,231)(291,234)
Out Polygon:
(102,83)(102,86)(105,86)(105,83)
In Polygon:
(47,398)(36,398)(36,383)(47,383)
Out Polygon:
(111,83)(111,98)(122,98)(122,83)
In Polygon:
(270,451)(284,451)(284,440)(270,440)
Out Polygon:
(44,84)(44,95)(58,95)(58,84)
In Polygon:
(90,421)(94,421)(94,426)(90,426)
Out Polygon:
(73,85)(73,90)(77,90)(77,85)
In Polygon:
(288,440)(292,440)(292,448)(288,448)
Out Polygon:
(40,86)(40,94)(44,94)(44,86)
In Polygon:
(293,155)(288,155)(288,159)(293,159)
Out Polygon:
(66,87)(66,92)(70,92)(70,87)
In Polygon:
(63,358)(54,358)(54,345)(63,345)
Out Polygon:
(0,88)(0,101)(9,101)(9,88)
In Polygon:
(180,212)(184,212)(184,219)(180,219)
Out Polygon:
(20,90)(20,97)(24,97)(24,90)
In Polygon:
(101,391)(101,383)(90,383)(90,391)
Out Polygon:
(70,90)(70,101)(78,101)(78,90)
In Polygon:
(162,307)(162,316)(173,316)(173,307)
Out Polygon:
(9,92)(9,101)(20,101)(20,92)
In Polygon:
(84,459)(72,459)(72,468)(84,468)
Out Polygon:
(58,92)(58,101)(70,101)(70,92)
In Polygon:
(126,206)(135,206)(135,193)(126,193)
Out Polygon:
(102,92)(102,105)(111,105)(111,92)
In Polygon:
(173,288)(173,300)(162,300)(162,288)
Out Polygon:
(91,93)(91,105)(102,105)(102,93)
In Polygon:
(229,383)(229,396)(216,396)(216,383)
Out Polygon:
(78,93)(78,106)(91,106)(91,93)
In Polygon:
(270,390)(274,390)(274,383)(270,383)
Out Polygon:
(40,94)(40,101)(44,101)(44,94)
In Polygon:
(252,236)(258,236)(258,231)(252,231)
Out Polygon:
(35,95)(35,101)(40,101)(40,95)
In Polygon:
(155,416)(144,416)(144,402)(155,402)
Out Polygon:
(24,95)(24,109)(35,109)(35,95)
In Polygon:
(113,465)(113,459)(108,459)(108,465)
Out Polygon:
(44,95)(44,101)(49,101)(49,95)
In Polygon:
(234,164)(234,155)(247,155)(247,164)
Out Polygon:
(49,95)(49,108)(58,108)(58,95)
In Polygon:
(126,292)(130,292)(130,288)(126,288)
Out Polygon:
(20,97)(20,101)(24,101)(24,97)
In Polygon:
(306,231)(306,242)(319,242)(319,231)
Out Polygon:
(111,98)(111,111)(122,111)(122,98)
In Polygon:
(82,334)(82,326)(72,326)(72,334)
Out Polygon:
(14,101)(14,109)(24,109)(24,101)
In Polygon:
(278,354)(270,354)(270,345)(278,345)
Out Polygon:
(5,101)(5,109)(14,109)(14,101)
In Polygon:
(185,277)(185,269)(180,269)(180,277)
Out Polygon:
(0,101)(0,109)(5,109)(5,101)
In Polygon:
(257,448)(257,440)(252,440)(252,448)
Out Polygon:
(35,101)(35,109)(40,109)(40,101)
In Polygon:
(162,392)(162,383)(174,383)(174,392)
Out Polygon:
(40,101)(40,113)(49,113)(49,101)
In Polygon:
(203,295)(198,295)(198,288)(203,288)
Out Polygon:
(58,101)(58,108)(63,108)(63,101)
In Polygon:
(169,364)(162,364)(162,369)(169,369)
Out Polygon:
(63,101)(63,108)(68,108)(68,101)
In Polygon:
(270,250)(280,250)(280,263)(270,263)
Out Polygon:
(68,101)(68,114)(78,114)(78,101)
In Polygon:
(113,427)(113,421)(108,421)(108,427)
Out Polygon:
(106,105)(106,111)(111,111)(111,105)
In Polygon:
(0,236)(6,236)(6,231)(0,231)
Out Polygon:
(101,105)(101,111)(106,111)(106,105)
In Polygon:
(298,269)(298,281)(288,281)(288,269)
Out Polygon:
(91,105)(91,117)(101,117)(101,105)
In Polygon:
(306,288)(306,299)(319,299)(319,288)
Out Polygon:
(78,106)(78,117)(91,117)(91,106)
In Polygon:
(78,407)(78,402)(72,402)(72,407)
Out Polygon:
(63,108)(63,114)(68,114)(68,108)
In Polygon:
(216,406)(222,406)(222,402)(216,402)
Out Polygon:
(59,108)(59,114)(63,114)(63,108)
In Polygon:
(198,165)(198,155)(210,155)(210,165)
Out Polygon:
(49,108)(49,120)(59,120)(59,108)
In Polygon:
(184,332)(180,332)(180,326)(184,326)
Out Polygon:
(34,109)(34,113)(40,113)(40,109)
In Polygon:
(310,313)(310,307)(306,307)(306,313)
Out Polygon:
(28,109)(28,113)(34,113)(34,109)
In Polygon:
(47,471)(36,471)(36,459)(47,459)
Out Polygon:
(0,109)(0,121)(11,121)(11,109)
In Polygon:
(120,204)(108,204)(108,193)(120,193)
Out Polygon:
(11,109)(11,121)(22,121)(22,109)
In Polygon:
(90,212)(90,217)(102,217)(102,212)
Out Polygon:
(22,109)(22,121)(27,121)(27,109)
In Polygon:
(317,451)(306,451)(306,440)(317,440)
Out Polygon:
(111,111)(111,122)(122,122)(122,111)
In Polygon:
(64,451)(64,440)(54,440)(54,451)
Out Polygon:
(101,111)(101,122)(111,122)(111,111)
In Polygon:
(288,326)(293,326)(293,334)(288,334)
Out Polygon:
(27,113)(27,121)(32,121)(32,113)
In Polygon:
(206,231)(206,236)(198,236)(198,231)
Out Polygon:
(32,113)(32,121)(37,121)(37,113)
In Polygon:
(126,459)(126,469)(138,469)(138,459)
Out Polygon:
(37,113)(37,123)(49,123)(49,113)
In Polygon:
(47,231)(36,231)(36,242)(47,242)
Out Polygon:
(59,114)(59,125)(70,125)(70,114)
In Polygon:
(162,402)(167,402)(167,410)(162,410)
Out Polygon:
(70,114)(70,119)(78,119)(78,114)
In Polygon:
(80,312)(80,307)(72,307)(72,312)
Out Polygon:
(93,117)(93,122)(101,122)(101,117)
In Polygon:
(54,307)(54,312)(62,312)(62,307)
Out Polygon:
(85,117)(85,122)(93,122)(93,117)
In Polygon:
(216,257)(221,257)(221,250)(216,250)
Out Polygon:
(78,117)(78,122)(85,122)(85,117)
In Polygon:
(18,274)(23,274)(23,269)(18,269)
Out Polygon:
(70,119)(70,124)(75,124)(75,119)
In Polygon:
(162,459)(162,470)(172,470)(172,459)
Out Polygon:
(49,120)(49,131)(59,131)(59,120)
In Polygon:
(0,383)(11,383)(11,394)(0,394)
Out Polygon:
(0,121)(0,132)(11,132)(11,121)
In Polygon:
(281,242)(270,242)(270,231)(281,231)
Out Polygon:
(11,121)(11,132)(22,132)(22,121)
In Polygon:
(82,451)(72,451)(72,440)(82,440)
Out Polygon:
(22,121)(22,132)(32,132)(32,121)
In Polygon:
(185,345)(180,345)(180,350)(185,350)
Out Polygon:
(32,121)(32,126)(37,126)(37,121)
In Polygon:
(173,260)(173,250)(162,250)(162,260)
Out Polygon:
(112,122)(112,133)(122,133)(122,122)
In Polygon:
(18,421)(18,431)(29,431)(29,421)
Out Polygon:
(102,122)(102,133)(112,133)(112,122)
In Polygon:
(54,468)(54,459)(65,459)(65,468)
Out Polygon:
(93,122)(93,133)(102,133)(102,122)
In Polygon:
(126,440)(137,440)(137,449)(126,449)
Out Polygon:
(84,122)(84,133)(93,133)(93,122)
In Polygon:
(153,364)(144,364)(144,375)(153,375)
Out Polygon:
(75,122)(75,133)(84,133)(84,122)
In Polygon:
(234,449)(246,449)(246,440)(234,440)
Out Polygon:
(37,123)(37,132)(49,132)(49,123)
In Polygon:
(126,155)(131,155)(131,160)(126,160)
Out Polygon:
(70,124)(70,129)(75,129)(75,124)
In Polygon:
(198,413)(198,402)(209,402)(209,413)
Out Polygon:
(59,125)(59,136)(70,136)(70,125)
In Polygon:
(36,407)(36,402)(41,402)(41,407)
Out Polygon:
(32,126)(32,131)(37,131)(37,126)
In Polygon:
(198,350)(198,345)(203,345)(203,350)
Out Polygon:
(70,129)(70,134)(75,134)(75,129)
In Polygon:
(252,307)(257,307)(257,312)(252,312)
Out Polygon:
(32,131)(32,136)(37,136)(37,131)
In Polygon:
(126,345)(126,355)(136,355)(136,345)
Out Polygon:
(49,131)(49,141)(59,141)(59,131)
In Polygon:
(270,174)(282,174)(282,183)(270,183)
Out Polygon:
(0,132)(0,141)(12,141)(12,132)
In Polygon:
(252,174)(252,184)(261,184)(261,174)
Out Polygon:
(12,132)(12,141)(22,141)(22,132)
In Polygon:
(190,297)(190,288)(180,288)(180,297)
Out Polygon:
(22,132)(22,141)(32,141)(32,132)
In Polygon:
(108,183)(108,174)(117,174)(117,183)
Out Polygon:
(40,132)(40,141)(49,141)(49,132)
In Polygon:
(270,402)(270,411)(279,411)(279,402)
Out Polygon:
(113,133)(113,142)(122,142)(122,133)
In Polygon:
(234,231)(234,240)(243,240)(243,231)
Out Polygon:
(104,133)(104,142)(113,142)(113,133)
In Polygon:
(9,459)(9,468)(0,468)(0,459)
Out Polygon:
(95,133)(95,142)(104,142)(104,133)
In Polygon:
(315,269)(315,278)(306,278)(306,269)
Out Polygon:
(86,133)(86,142)(95,142)(95,133)
In Polygon:
(90,411)(90,402)(99,402)(99,411)
Out Polygon:
(77,133)(77,142)(86,142)(86,133)
In Polygon:
(275,198)(270,198)(270,193)(275,193)
Out Polygon:
(72,134)(72,139)(77,139)(77,134)
In Polygon:
(252,345)(252,350)(257,350)(257,345)
Out Polygon:
(32,136)(32,141)(37,141)(37,136)
In Polygon:
(0,445)(0,440)(5,440)(5,445)
Out Polygon:
(59,136)(59,141)(64,141)(64,136)
In Polygon:
(221,174)(221,179)(216,179)(216,174)
Out Polygon:
(64,136)(64,141)(69,141)(69,136)
