In Polygon:
(28,150)(20,150)(20,140)(39,140)(39,145)(28,145)
Out Polygon:
(0,0)(0,10)(8,10)(8,5)(19,5)(19,0)
In Polygon:
(68,116)(68,111)(66,111)(66,106)(60,106)(60,123)(65,123)(65,116)
Out Polygon:
(19,0)(19,5)(26,5)(26,8)(31,8)(31,6)(36,6)(36,0)
In Polygon:
(0,63)(0,58)(4,58)(4,55)(9,55)(9,71)(6,71)(6,63)
Out Polygon:
(36,0)(36,5)(39,5)(39,9)(44,9)(44,3)(52,3)(52,0)
In Polygon:
(105,100)(103,100)(103,95)(100,95)(100,89)(109,89)(109,95)(105,95)
Out Polygon:
(58,0)(52,0)(52,3)(47,3)(47,5)(52,5)(52,9)(58,9)
In Polygon:
(90,107)(80,107)(80,106)(90,106)
Out Polygon:
(58,0)(58,10)(59,10)(59,0)
In Polygon:
(3,140)(3,146)(0,146)(0,140)
Out Polygon:
(44,3)(44,9)(47,9)(47,3)
In Polygon:
(86,156)(89,156)(89,140)(80,140)(80,146)(86,146)
Out Polygon:
(10,5)(10,14)(16,14)(16,8)(26,8)(26,5)
In Polygon:
(80,128)(82,128)(82,123)(80,123)
Out Polygon:
(8,5)(8,10)(10,10)(10,5)
In Polygon:
(0,111)(0,106)(3,106)(3,111)
Out Polygon:
(36,5)(36,10)(39,10)(39,5)
In Polygon:
(30,128)(20,128)(20,123)(30,123)
Out Polygon:
(47,5)(47,15)(52,15)(52,5)
In Polygon:
(5,131)(5,123)(0,123)(0,131)
Out Polygon:
(31,6)(31,14)(36,14)(36,6)
In Polygon:
(60,131)(77,131)(77,129)(68,129)(68,123)(60,123)
Out Polygon:
(16,8)(16,25)(18,25)(18,16)(24,16)(24,8)
In Polygon:
(20,79)(20,72)(29,72)(29,77)(36,77)(36,79)
Out Polygon:
(24,8)(24,24)(26,24)(26,17)(31,17)(31,8)
In Polygon:
(108,129)(108,123)(100,123)(100,129)(102,129)(102,139)(104,139)(104,129)
Out Polygon:
(39,9)(39,15)(41,15)(41,25)(43,25)(43,15)(47,15)(47,9)
In Polygon:
(20,64)(20,55)(23,55)(23,61)(29,61)(29,64)
Out Polygon:
(55,18)(55,9)(52,9)(52,15)(46,15)(46,18)
In Polygon:
(108,86)(100,86)(100,81)(106,81)(106,72)(108,72)
Out Polygon:
(57,23)(57,9)(55,9)(55,18)(49,18)(49,23)
In Polygon:
(55,72)(55,81)(50,81)(50,75)(40,75)(40,72)
Out Polygon:
(0,10)(0,25)(3,25)(3,15)(9,15)(9,10)
In Polygon:
(60,58)(65,58)(65,55)(60,55)
Out Polygon:
(36,10)(36,15)(39,15)(39,10)
In Polygon:
(80,72)(82,72)(82,79)(80,79)
Out Polygon:
(57,10)(57,17)(59,17)(59,10)
In Polygon:
(40,55)(47,55)(47,67)(40,67)
Out Polygon:
(9,14)(9,26)(16,26)(16,14)
In Polygon:
(65,140)(60,140)(60,148)(65,148)
Out Polygon:
(31,14)(31,22)(36,22)(36,14)
In Polygon:
(29,95)(20,95)(20,89)(29,89)
Out Polygon:
(3,15)(3,24)(9,24)(9,15)
In Polygon:
(7,72)(0,72)(0,77)(7,77)
Out Polygon:
(36,15)(36,22)(41,22)(41,15)
In Polygon:
(86,63)(80,63)(80,55)(86,55)
Out Polygon:
(18,16)(18,24)(24,24)(24,16)
In Polygon:
(47,99)(49,99)(49,89)(40,89)(40,91)(47,91)
Out Polygon:
(28,26)(28,17)(26,17)(26,24)(18,24)(18,26)
In Polygon:
(68,89)(68,97)(66,97)(66,91)(60,91)(60,89)
Out Polygon:
(59,25)(59,17)(57,17)(57,23)(51,23)(51,25)
In Polygon:
(85,95)(80,95)(80,89)(85,89)
Out Polygon:
(43,18)(43,23)(49,23)(49,18)
In Polygon:
(104,119)(106,119)(106,113)(109,113)(109,106)(100,106)(100,113)(104,113)
Out Polygon:
(35,22)(28,22)(28,26)(22,26)(22,28)(28,28)(28,31)(35,31)
In Polygon:
(40,111)(45,111)(45,106)(40,106)
Out Polygon:
(35,22)(35,27)(40,27)(40,22)
In Polygon:
(12,89)(12,97)(0,97)(0,89)
Out Polygon:
(43,23)(43,35)(51,35)(51,23)
In Polygon:
(27,115)(29,115)(29,106)(20,106)(20,109)(27,109)
Out Polygon:
(0,25)(0,34)(3,34)(3,27)(9,27)(9,25)
In Polygon:
(48,131)(40,131)(40,123)(48,123)
Out Polygon:
(51,25)(51,33)(59,33)(59,25)
In Polygon:
(60,72)(60,84)(69,84)(69,72)
Out Polygon:
(10,26)(10,35)(22,35)(22,26)
In Polygon:
(40,148)(47,148)(47,140)(40,140)
Out Polygon:
(3,27)(3,35)(10,35)(10,27)
In Polygon:
(108,63)(100,63)(100,55)(108,55)
Out Polygon:
(35,27)(35,35)(43,35)(43,27)
