In Polygon:
(72,171)(72,161)(57,161)(57,170)(62,170)(62,176)(66,176)(66,171)
Out Polygon:
(0,0)(0,9)(5,9)(5,15)(9,15)(9,10)(15,10)(15,0)
In Polygon:
(164,206)(164,199)(152,199)(152,217)(156,217)(156,206)
Out Polygon:
(15,0)(15,18)(19,18)(19,7)(27,7)(27,0)
In Polygon:
(25,161)(19,161)(19,176)(37,176)(37,173)(25,173)
Out Polygon:
(27,0)(27,18)(30,18)(30,6)(42,6)(42,0)
In Polygon:
(56,90)(56,95)(38,95)(38,85)(45,85)(45,90)
Out Polygon:
(42,0)(42,18)(47,18)(47,7)(52,7)(52,0)
In Polygon:
(76,203)(76,199)(85,199)(85,217)(81,217)(81,203)
Out Polygon:
(61,0)(52,0)(52,4)(57,4)(57,18)(61,18)
In Polygon:
(19,85)(19,86)(27,86)(27,85)
Out Polygon:
(61,0)(61,8)(62,8)(62,0)
In Polygon:
(76,108)(76,113)(85,113)(85,108)(82,108)(82,104)(81,104)(81,108)
Out Polygon:
(57,4)(52,4)(52,7)(48,7)(48,8)(52,8)(52,13)(57,13)
In Polygon:
(127,199)(132,199)(132,210)(114,210)(114,205)(127,205)
Out Polygon:
(41,6)(30,6)(30,11)(36,11)(36,24)(41,24)
In Polygon:
(96,161)(95,161)(95,169)(96,169)
Out Polygon:
(41,6)(41,14)(42,14)(42,6)
In Polygon:
(27,142)(19,142)(19,150)(26,150)(26,160)(27,160)
Out Polygon:
(27,7)(19,7)(19,15)(26,15)(26,25)(27,25)
In Polygon:
(114,143)(114,142)(120,142)(120,143)
Out Polygon:
(47,7)(47,13)(48,13)(48,7)
In Polygon:
(100,185)(102,185)(102,184)(105,184)(105,180)(95,180)(95,184)(100,184)
Out Polygon:
(52,8)(48,8)(48,13)(47,13)(47,15)(48,15)(48,18)(52,18)
In Polygon:
(24,238)(24,237)(19,237)(19,238)
Out Polygon:
(61,8)(61,13)(62,13)(62,8)
In Polygon:
(81,218)(76,218)(76,224)(81,224)
Out Polygon:
(0,9)(0,15)(5,15)(5,9)
In Polygon:
(24,199)(19,199)(19,215)(24,215)(24,210)(27,210)(27,206)(24,206)
Out Polygon:
(14,10)(9,10)(9,15)(6,15)(6,19)(9,19)(9,26)(14,26)
In Polygon:
(4,181)(0,181)(0,180)(4,180)
Out Polygon:
(14,10)(14,14)(15,14)(15,10)
In Polygon:
(121,167)(121,161)(114,161)(114,167)
Out Polygon:
(30,11)(30,18)(36,18)(36,11)
In Polygon:
(135,199)(140,199)(140,217)(135,217)(135,212)(133,212)(133,207)(135,207)
Out Polygon:
(52,31)(57,31)(57,23)(59,23)(59,18)(57,18)(57,13)(52,13)
In Polygon:
(137,143)(137,142)(133,142)(133,143)
Out Polygon:
(61,13)(61,17)(62,17)(62,13)
In Polygon:
(96,107)(95,107)(95,104)(96,104)
Out Polygon:
(14,14)(14,17)(15,17)(15,14)
In Polygon:
(138,94)(139,94)(139,91)(143,91)(143,85)(133,85)(133,91)(138,91)
Out Polygon:
(0,25)(6,25)(6,20)(9,20)(9,19)(6,19)(6,15)(0,15)
In Polygon:
(5,142)(6,142)(6,144)(9,144)(9,148)(0,148)(0,144)(5,144)
Out Polygon:
(23,15)(19,15)(19,18)(17,18)(17,19)(19,19)(19,24)(23,24)
In Polygon:
(98,199)(95,199)(95,208)(98,208)
Out Polygon:
(23,15)(23,24)(26,24)(26,15)
In Polygon:
(61,123)(61,126)(57,126)(57,123)
Out Polygon:
(14,18)(14,22)(17,22)(17,18)
In Polygon:
(47,148)(47,152)(38,152)(38,142)(42,142)(42,148)
Out Polygon:
(32,28)(41,28)(41,24)(36,24)(36,18)(32,18)
In Polygon:
(42,218)(38,218)(38,232)(49,232)(49,228)(42,228)
Out Polygon:
(28,32)(39,32)(39,28)(32,28)(32,18)(28,18)
In Polygon:
(8,141)(11,141)(11,123)(0,123)(0,130)(8,130)
Out Polygon:
(52,18)(41,18)(41,25)(49,25)(49,36)(52,36)
In Polygon:
(57,220)(57,223)(73,223)(73,220)(68,220)(68,218)(64,218)(64,220)
Out Polygon:
(62,18)(59,18)(59,23)(57,23)(57,27)(59,27)(59,34)(62,34)
In Polygon:
(76,239)(76,237)(81,237)(81,239)
Out Polygon:
(17,19)(17,24)(19,24)(19,19)
In Polygon:
(152,161)(154,161)(154,167)(152,167)
Out Polygon:
(7,20)(7,26)(9,26)(9,20)
In Polygon:
(38,161)(38,163)(42,163)(42,161)
Out Polygon:
(14,22)(14,26)(16,26)(16,22)
In Polygon:
(42,199)(38,199)(38,209)(50,209)(50,204)(42,204)
Out Polygon:
(16,24)(16,36)(21,36)(21,28)(26,28)(26,24)
In Polygon:
(7,161)(7,170)(6,170)(6,162)(0,162)(0,161)
Out Polygon:
(7,25)(0,25)(0,26)(6,26)(6,34)(7,34)
In Polygon:
(142,168)(142,171)(133,171)(133,161)(135,161)(135,168)
Out Polygon:
(26,35)(35,35)(35,32)(28,32)(28,25)(26,25)
In Polygon:
(8,85)(0,85)(0,88)(7,88)(7,97)(8,97)
Out Polygon:
(49,25)(41,25)(41,28)(48,28)(48,37)(49,37)
In Polygon:
(152,129)(152,123)(160,123)(160,129)
Out Polygon:
(0,26)(0,34)(6,34)(6,26)
In Polygon:
(61,189)(57,189)(57,180)(66,180)(66,183)(61,183)
Out Polygon:
(7,26)(7,35)(11,35)(11,29)(16,29)(16,26)
In Polygon:
(19,189)(19,185)(21,185)(21,180)(26,180)(26,196)(21,196)(21,189)
Out Polygon:
(21,44)(26,44)(26,39)(28,39)(28,35)(26,35)(26,28)(21,28)
In Polygon:
(95,142)(95,151)(99,151)(99,143)(108,143)(108,142)
Out Polygon:
(48,28)(39,28)(39,32)(47,32)(47,41)(48,41)
In Polygon:
(82,123)(80,123)(80,126)(76,126)(76,130)(88,130)(88,126)(82,126)
Out Polygon:
(15,29)(11,29)(11,35)(8,35)(8,37)(11,37)(11,41)(15,41)
In Polygon:
(0,104)(9,104)(9,105)(1,105)(1,111)(0,111)
Out Polygon:
(59,31)(52,31)(52,32)(58,32)(58,40)(59,40)
In Polygon:
(5,218)(0,218)(0,233)(11,233)(11,230)(5,230)
Out Polygon:
(46,32)(35,32)(35,35)(41,35)(41,47)(46,47)
In Polygon:
(84,161)(76,161)(76,167)(84,167)
Out Polygon:
(52,32)(52,40)(58,40)(58,32)
In Polygon:
(7,208)(7,199)(0,199)(0,208)
Out Polygon:
(0,34)(0,43)(7,43)(7,34)
In Polygon:
(57,211)(57,199)(62,199)(62,208)(72,208)(72,211)
Out Polygon:
(28,35)(28,50)(31,50)(31,40)(40,40)(40,35)
In Polygon:
(152,85)(158,85)(158,90)(152,90)
Out Polygon:
(15,36)(15,41)(21,41)(21,36)
In Polygon:
(152,184)(158,184)(158,180)(152,180)
Out Polygon:
(7,37)(7,43)(11,43)(11,37)
In Polygon:
(95,222)(95,218)(99,218)(99,222)
Out Polygon:
(48,37)(48,41)(52,41)(52,37)
In Polygon:
(148,218)(148,228)(144,228)(144,220)(133,220)(133,218)
Out Polygon:
(31,40)(31,55)(33,55)(33,44)(41,44)(41,40)
In Polygon:
(141,115)(141,104)(140,104)(140,112)(133,112)(133,115)
Out Polygon:
(52,40)(52,51)(53,51)(53,43)(60,43)(60,40)
In Polygon:
(72,241)(72,240)(65,240)(65,237)(57,237)(57,246)(66,246)(66,241)
Out Polygon:
(13,50)(22,50)(22,45)(28,45)(28,44)(21,44)(21,41)(13,41)
In Polygon:
(44,123)(38,123)(38,129)(44,129)
Out Polygon:
(46,41)(46,47)(52,47)(52,41)
In Polygon:
(114,112)(124,112)(124,111)(116,111)(116,104)(114,104)
Out Polygon:
(11,51)(21,51)(21,50)(13,50)(13,43)(11,43)
In Polygon:
(34,229)(34,218)(19,218)(19,229)
Out Polygon:
(0,43)(0,58)(11,58)(11,43)
In Polygon:
(66,93)(57,93)(57,85)(66,85)
Out Polygon:
(53,43)(53,51)(62,51)(62,43)
In Polygon:
(163,218)(152,218)(152,223)(163,223)
Out Polygon:
(33,44)(33,55)(38,55)(38,44)
In Polygon:
(102,129)(95,129)(95,123)(102,123)
Out Polygon:
(22,45)(22,52)(28,52)(28,45)
In Polygon:
(114,194)(128,194)(128,180)(114,180)
Out Polygon:
(38,47)(38,61)(52,61)(52,47)
In Polygon:
(69,142)(69,153)(57,153)(57,142)
Out Polygon:
(11,51)(11,63)(22,63)(22,51)
In Polygon:
(163,142)(163,152)(152,152)(152,142)
Out Polygon:
(52,51)(52,62)(62,62)(62,51)
In Polygon:
(9,248)(0,248)(0,237)(9,237)
Out Polygon:
(22,52)(22,63)(31,63)(31,52)
In Polygon:
(19,129)(23,129)(23,123)(19,123)
Out Polygon:
(34,55)(34,61)(38,61)(38,55)
In Polygon:
(114,218)(114,229)(125,229)(125,218)
Out Polygon:
(0,58)(0,69)(11,69)(11,58)
In Polygon:
(166,104)(168,104)(168,122)(152,122)(152,116)(166,116)
Out Polygon:
(49,61)(31,61)(31,63)(43,63)(43,77)(49,77)
In Polygon:
(49,180)(49,189)(38,189)(38,180)
Out Polygon:
(53,62)(53,73)(62,73)(62,62)
In Polygon:
(28,108)(19,108)(19,104)(28,104)
Out Polygon:
(49,62)(49,71)(53,71)(53,62)
In Polygon:
(66,115)(66,104)(57,104)(57,115)
Out Polygon:
(32,63)(32,72)(43,72)(43,63)
In Polygon:
(38,114)(38,104)(47,104)(47,114)
Out Polygon:
(22,63)(22,72)(32,72)(32,63)
In Polygon:
(86,180)(86,191)(76,191)(76,180)
Out Polygon:
(11,63)(11,73)(22,73)(22,63)
In Polygon:
(76,85)(76,90)(83,90)(83,85)
Out Polygon:
(0,69)(0,76)(5,76)(5,69)
In Polygon:
(95,92)(95,85)(100,85)(100,92)
Out Polygon:
(5,69)(5,76)(10,76)(10,69)
In Polygon:
(86,142)(76,142)(76,147)(86,147)
Out Polygon:
(33,72)(33,77)(43,77)(43,72)
In Polygon:
(114,128)(123,128)(123,123)(114,123)
Out Polygon:
(24,72)(24,77)(33,77)(33,72)
In Polygon:
(142,180)(133,180)(133,185)(142,185)
Out Polygon:
(15,73)(15,78)(24,78)(24,73)
In Polygon:
(38,237)(38,242)(43,242)(43,237)
Out Polygon:
(10,73)(10,78)(15,78)(15,73)
In Polygon:
(133,123)(133,128)(138,128)(138,123)
Out Polygon:
(57,73)(57,78)(62,78)(62,73)
In Polygon:
(119,85)(114,85)(114,90)(119,90)
Out Polygon:
(52,73)(52,78)(57,78)(57,73)
